24.115000009536743
28.653000116348267
14.889999866485596
18.94099998474121
11.0
13.49399995803833
11.343999862670898
13.733999967575073
12.138999938964844
13.24399995803833
18.6560001373291
14.405999898910522
15.658999919891357
15.187999963760376
7.710999965667725
14.54800009727478
12.734999895095825
11.678999900817871
12.021999835968018
13.319000005722046
9.183000087738037
12.057999849319458
12.308000087738037
11.696000099182129
19.261000156402588
15.136000156402588
16.518999814987183
20.848000049591064
22.16600012779236
9.48199987411499
11.984999895095825
16.54100012779236
20.936999797821045
16.009000062942505
11.565999984741211
20.435999870300293
16.003999948501587
19.27300000190735
11.434999942779541
20.971999883651733
16.723000049591064
10.451000213623047
8.958000183105469
10.76200008392334
23.849000215530396
10.633000135421753
17.971999883651733
16.082000017166138
21.862000226974487
17.77500009536743
