"x"
7.18832759966971
12.2193577807964
14.7309916584267
4.17883765267755
-0.635996506686022
-1.35343544947845
-3.27869403938743
-3.39930489655465
-4.06256828865847
-8.25375838238651
-9.23505043026582
-6.13308250344726
1.3485586157972
2.6964363927725
4.82307767517455
0.364480963466764
4.79377962771245
-3.24605295876365
0.911078107696748
-5.92902224952274
1.18622177952018
1.57242955060111
-3.51776728501996
-8.93532020772823
-6.63588065453075
-4.09389470526604
5.07709527459116
8.61570196919594
10.9864550812628
8.54369683934031
4.39690043392913
4.02061983340188
6.34325953547922
2.11782256450669
1.99725488199329
-2.99247902092134
-8.71240396425124
-15.2041700198466
-14.3381801850673
-10.858431341224
-5.5879931250949
-6.45081859174932
-2.06373437818209
-2.21575155428489
4.35524220539467
2.17678228839011
8.36823096698465
12.3544869994783
8.80209560704727
1.28091016931144
1.64677578285282
0.0171853470471421
-4.17167248755989
-3.69794829226938
-1.55416659169705
-2.67888431620864
-2.33034784389898
-3.76235627851319
0.159559316809186
-0.530649392094364
-0.0391225078703994
-0.981656964221854
4.95904760688926
-2.58339098455565
-0.618666745042467
-6.35639334863224
-11.1366448760991
-9.56744161319574
-8.52524408471346
-3.68474928894998
-2.98522868528166
-0.246147437093545
-3.99093002850195
-3.97406798584894
-2.28630364635516
-4.57270796713969
1.23535802227996
-2.89266854588243
-7.50362920704492
-4.05290668986014
1.45921403631248
-2.62578406761197
-6.26261025430118
-6.68077617404097
2.82974234201311
3.72076834454161
-1.16629176016536
5.25551192009874
9.19299653492672
0.80404034718618
2.8810232400508
3.55698303543991
1.78708792838428
0.427879609555525
1.22527488524033
3.90308116893513
-0.687051746073644
2.00372474004576
2.67271186167177
-2.09995355285442
1.65516888311931
-0.692785341352348
-7.36201008990773
-10.436299150643
-5.80392194707386
-3.06565927570688
-6.08309884881281
-3.02642840055728
-0.457155861180798
0.974565816980026
-0.754617487327988
-2.12619325763581
-3.83553923353805
-2.66974175332444
-1.16266925644046
-0.473088443616482
0.435911517234667
2.86734456909817
-1.7418746884865
3.61185051653148
0.907344804203909
3.85677626627846
3.05553008854043
3.07054360738611
5.20268461801814
-3.24734171508857
1.88399511887102
3.21531525611934
-0.521352217630519
-2.21946800712576
0.129235460395333
-2.26301110239452
-4.51055108507316
-2.58499161222033
-2.1743347511978
-2.93820776300961
-3.6919681737724
-4.74489416248638
-4.36461056493041
-3.82288175570483
0.515025909635771
-3.85199143814509
-3.67628485625984
-7.08285771333778
-0.630618754152669
-0.385584227449066
4.52859543484364
-3.58180447203689
5.24215005506919
9.72810063441642
0.758561725271741
5.34637361658476
6.85427963492858
8.09500589332221
8.30655176084559
3.71730652592831
-2.66864996826001
-0.827022843922085
0.186492505347262
0.148666458500146
2.34586490060383
-3.63832789947142
-3.20750760155169
1.1811810551271
-2.77741113298226
-1.06393747932245
-9.1499944178666
-3.67459691853097
1.22079059637112
-2.02769692752784
-5.42319487155327
-4.31316036230127
-7.32824977330178
5.16023703178794
0.808650238296721
-3.12037499364623
-0.702107047011868
3.10697443605299
5.68545376637492
5.12938465174495
11.7955237784963
5.7685274068514
5.64091123513831
0.0507951969663365
4.98798741919161
2.40012092425951
0.5339929628224
3.13216576913769
-2.39757275739626
-5.13051557715631
-1.178817148752
-5.76698189036066
-8.29274191533309
-7.09507539530846
2.19863998911672
-3.40079134745563
-3.46231503957765
-2.99837204694308
1.0158064782911
-0.100448832710478
-1.5485695864101
-9.82186951279296
1.04789342143996
-3.60563474003749
-1.09450473114124
-0.876919769479724
-1.21289148055834
1.20967334365971
4.69750597909076
4.55963692484188
1.69216673508954
3.87210137569379
3.47996867268882
5.0203473936125
4.16438047764106
7.09800472647554
3.28714550113716
-2.20385058031494
-0.927105515003406
-5.23893754103637
0.681866827957553
1.35362412724517
-0.369848337457611
-6.77288361110387
-6.67288873430363
-4.52822426270055
-3.07158605136826
-8.15349181899449
-9.64014544420622
-2.8807096572629
-2.7159666219213
-5.19003703433157
-1.60039922074671
-2.56174188010063
4.0508952681038
0.468546833061479
0.403914861661148
1.01931264622624
4.55161779562679
8.42764883779679
7.6047905385675
8.47786720789072
9.46375233962884
6.23451305602794
7.10451083809572
-1.60633853207396
2.74285013127289
1.30999894793208
9.19397626208765
0.261283263569979
-4.79124302409929
-3.14506365675905
-0.0837966139336177
-4.5672049624835
-1.69172675983917
-6.10630123551623
-4.3497888470781
-7.27189291946025
-7.8984750737179
-3.16945921608169
0.856680267461283
-6.74194230719521
3.89333849659734
0.427012409773538
0.244305241066772
-1.75420512659369
2.33677397747941
9.29309292644085
0.685269584864643
5.59323390143249
3.5913354253804
1.86438554824222
8.24612946723827
-1.61912722914452
-6.6873927506386
4.78739054995233
0.410470928461744
3.41151196206415
0.291943341166173
0.979152108369911
-3.6399694208946
0.343444647662897
-0.569826582607628
-2.9176987921638
-3.06066666979649
-8.14519897202512
-1.67635553223319
-2.1370407397484
-3.98816258425132
-11.0371431716158
-8.94527160386969
-3.40406380935632
3.82934116715502
5.26377067655803
1.07658682548298
0.623498957629213
3.53327175623043
2.59857242761863
3.5196693863415
1.56604319605693
6.37895232784984
4.41511773305732
6.91121674735851
9.37348022508487
8.21404567240317
0.870527430516522
5.09434740253324
0.629151627140802
-1.89961867996215
-1.65321560937996
-2.43395680002226
-5.33586133525449
-3.45863918698049
-0.712676897264116
-7.03950509553429
-8.19411259821089
-6.6502479924435
-4.46323609821062
-4.41976106447192
-1.6695699643811
-5.07725785781759
-1.66074357280154
-2.45864113804308
-1.24204376048073
1.90734396272241
-1.98825137778518
-1.04098811656687
7.24659337163601
1.7636313146069
9.681113272592
3.40881375809092
4.38622006990443
9.40245599150968
1.98925565680197
0.875336355371886
3.27446297502368
4.17483561643843
0.584566483018037
2.54986112537347
-3.58440796865795
0.626790572533314
-1.01795665776603
-2.78876790288167
-2.79304230846941
-2.11924793143272
-4.579662588452
-5.482464269951
-2.60931801621848
4.47439635306773
-8.61610016425165
-2.91024523621127
-4.04047610640466
2.40602113831938
-3.8565842991643
1.09021176685664
0.178185017001126
1.36924130875511
2.1874749303044
6.74410326833651
4.88823279387296
9.43937819789533
7.0348173582867
-3.10702452980007
4.30948515258058
2.38851462998057
4.30321406127559
4.12627011242487
0.617654537423469
3.36839909705355
0.52549913209923
-2.55507860832014
-0.926579069056754
-0.951442971941338
-5.27915148948372
-6.71397989335585
-3.9746148345955
-3.26468281571333
0.314322906832795
-7.83382476868148
-3.14501651466549
-6.36594034321058
-1.63461917918243
-5.25374383039434
-1.17690815001159
3.18338194315737
0.758590851025597
4.52137986054138
0.674010915770754
4.9538990620344
5.85274792594347
0.565598254012161
5.71709119874857
-2.69857203384418
7.08527593267764
3.12846081684297
-2.69889580380521
3.59698405263974
6.49169877893433
10.9421805773101
0.833744972573431
-5.82842202201449
-2.69608199348042
-2.22089278386583
-4.82383717050313
-2.96006343953217
-1.76095835176949
-1.56317264179977
7.2871617282249
1.19343040378143
7.98130091047454
8.06571429912303
1.77861971296219
0.752262651946023
-6.11308246887347
-6.5154520167426
-9.16366795711189
0.199639762593935
-7.42544147579055
-0.532487484394602
-0.530825470564277
2.83557244305153
5.80478783447579
2.10682808215297
1.13431190632563
1.60551369471659
-1.10424391865331
-4.12214323720727
-6.54383943367166
-3.98376160804122
-6.59220147542464
1.23548080065967
2.53418939895759
2.49062339743567
5.71376204871994
8.31314207789923
5.55851620814663
-5.44325067979961
2.89494765386278
-8.85294652706175
-8.93136559794051
-1.99808309443666
-2.54834138141933
-0.902527886317579
-0.476762384145312
3.20909705795557
3.06201979960715
4.45430845632489
1.9929337667967
-5.49132475729872
-1.64225135847977
-4.17658256618493
-11.5513164722392
-10.2394761254528
-6.17555959272888
1.46473823623119
4.3382587094073
7.23417549645727
7.6846142775151
-0.583172177984009
3.06197740680312
0.779627257768825
-4.85189248415014
-5.45481108498039
-4.99810144308207
4.01852020795551
-1.74830718312228
-3.88460562986293
6.55957167140839
12.1748062069593
4.66037061621408
4.83878941104474
3.36870349342275
1.44352478766917
-1.921696896803
-3.71743783441556
-13.0557396167206
-8.91046501442917
-3.95909162068951
2.43200064684358
7.36707758904199
4.6862567695485
1.01843029004264
3.01632160095492
6.88907281652513
-1.799332773139
-7.61411903867597
-6.9914485192947
-5.0762587687939
0.44748070782371
-0.670406060108649
2.24539159456834
9.79149787986388
5.95439944214369
1.32644657686551
5.29064073948873
-0.784655909686976
-1.58395680122158
-1.06681987575104
2.17453329943507
-2.06506106981973
