"x"
8.99234478503154
9.27210218668434
9.02364808654254
3.47402513272516
6.0686503797344
0.154998970825981
0.260596443323587
-3.0693614328878
-10.4958342088686
-6.61497332954029
-8.52762426983391
-8.76383957906391
-2.65136494040879
1.97961978746607
5.58232068126298
4.42412388143785
1.25054646439451
4.50021685473574
0.930781326382403
0.221831922219576
-2.33042596557167
-2.87248273736373
-0.830599707734432
-3.0922532910069
-2.13985206692804
-2.78949118519434
0.046645715595131
6.40260761767131
4.05511007706887
5.32973756130797
3.69495430952333
7.98046214098847
5.80307117852967
3.89043415977392
-1.94019583645898
-8.5347659468758
-7.72127189482221
-10.0552402427699
-11.0295874247122
-7.4770632378822
-9.63648710384024
-8.90647049291018
1.51041079875159
-0.348043175001904
3.52167326979929
1.91959252352461
8.10708133104251
10.1428374049402
11.7428873542718
9.06634002643538
-1.09361035035145
-2.95395646677885
-1.5282866530961
-3.08901088405857
-4.63681911335181
1.59784502495195
-2.6980467176305
0.381393553890455
1.17984173163606
1.41225759123328
-4.01779318172042
13.501793870251
0.409249973630735
4.35281745531566
0.189484977852511
-10.9193862660223
-5.38110161911633
-10.5965777585704
-8.74230081218943
-1.42633272070921
0.292129310050504
4.56077583366286
6.07674215201307
0.355306244524882
7.93746130305091
4.26213936328212
-1.67573557544629
-4.5866527196842
-2.90824903369134
-5.83994021285666
-3.47759497084987
-2.58107362278268
3.81366163048114
4.99485991127156
2.89646866035433
6.65071560940188
3.14732182352692
5.00438359175565
2.73963839350582
-4.71915984417815
-1.17240829523854
-2.79203160255005
0.268635335084933
-3.64750383285785
3.4087893697679
3.80470351771286
2.97061655496227
3.72462786866936
4.04448504635672
8.59654647847236
1.39171717870123
-10.0025754448563
-7.60870737582353
-11.7298008044878
-3.62019330010252
0.90333824216614
0.19877834303549
4.22753792134671
5.41880489158982
10.318641774948
3.97816467998437
0.194219188170244
2.52575077636158
-2.10475316779743
-7.51794936534239
-5.83805903252947
-1.78100566118453
-4.34950569631053
-2.37063724022159
8.35449757029639
8.3406689558605
8.47761876315654
5.3561246473412
0.747533232705206
2.28171911790442
0.734001803796814
-1.41121933055687
-0.595816922244714
-2.14214185090362
-5.50968585702311
-0.0454986412136202
-4.0929042830726
-1.28989724890238
-4.79313049726687
0.292430093559648
-5.46519828435302
-4.35814075368035
5.33481299209476
5.97299789040063
2.05971843196783
7.80947882108348
4.0776290791751
6.63708005069526
10.2976015755956
2.48495178037464
4.49680455140706
7.05761130083474
1.08447692741174
-1.45032780911339
-2.97632406843634
-2.10278468521133
-2.45173080658391
-3.90861124145872
-4.3396808064287
-2.95350858398662
-6.96578261343531
-2.8845260547971
-4.00750490242375
1.54367524105653
-0.616507657257045
6.73007931259833
-0.143601204300412
-0.379750088874068
-0.756946345812992
2.88175372513202
-1.12451839748568
-2.27141546316854
2.28465656599025
-4.0930948209534
-0.752308682877234
-4.61068085870598
-0.763432742080991
-4.36147162693859
-6.02195065194009
1.21269343527993
2.84700090098344
1.73182675142815
1.13646029778854
3.75032745222753
3.91525074768853
3.16580813000623
5.90946830959176
4.50593928113489
7.83282530986472
6.97867005535353
2.37295187252597
-1.15991933114975
-4.97251743575601
-3.22104621690889
-7.79748139121252
-3.44011576761476
-2.18028778996485
-5.77063976833088
-12.5303880496606
-4.40736817101652
-6.75958558626721
0.56474353456557
-1.54486905011933
-6.89893887819473
-3.31745322613817
-1.89459628480281
4.13991584586636
6.98009034982647
6.64633377092149
1.10510588837432
0.304741546702737
7.46439933934849
-1.39130373085257
-1.97988168166223
-5.12695874625952
0.47238472273945
-1.07969337161987
-0.766506624942138
-4.59745562046157
1.49320457253102
4.29574959084884
2.34454582443463
4.13299200584524
3.16218152401069
4.58297622360915
6.54439306806997
-2.31686667360614
0.698759746323366
6.79898267627978
0.967049016444456
4.94510675385112
3.746139082625
-3.43519308018075
-8.46730521533479
-7.27369408881157
-11.1965022838282
0.471702719345346
-5.07325962302129
-10.7888956946182
-6.51582881261927
-4.19237281074822
-2.02019204587434
-0.958413099935677
-1.36201236107638
2.62704953416935
-0.487496409646864
1.83512786194759
4.4897819194164
4.47799960262793
2.63381495638265
-1.99049759839603
2.78986897429024
-3.85010725713765
2.52563334942486
1.32284312072846
-5.03430511916321
-6.48896750818666
-3.39463089553794
0.509419361860815
-7.1909971899213
0.828576081855951
-0.0748528662634151
2.74366932620659
4.70777617441784
1.80039011679988
1.45084079449191
2.53025921940239
3.25194427806713
2.67416205244628
7.57374813220236
-0.25067747949015
-2.91275274501145
-6.17458527333258
-4.72321980789743
-4.14220183484467
-3.68952016174111
-2.13622670050048
-3.88938001023518
-5.8272219653489
0.55020207307259
-4.08086814226902
-1.70392838672738
6.5239061092061
0.300674067156052
4.93916326783188
9.98360936818888
12.9965584667218
3.33763756460164
9.19468086630216
5.26474414101583
1.22732603076528
2.45945813520567
2.69930734610244
-1.12208913560893
0.972383044134971
-5.14667392097769
-9.08274109081875
-0.490752153019724
-1.09222518269829
-2.42688195096752
3.85089305159561
3.05798758208812
4.78250126990033
1.44851315247794
-1.3494103436599
-1.7780016342311
2.08460907938557
-3.09888127106497
4.16414868795536
-1.63849211871177
1.74713302249758
-2.85815719299637
-5.44229065736082
-7.38159229121324
-5.38461783811567
-1.68811075509791
-3.7544237279132
0.28762053904074
0.225726752986739
-3.25189407745269
4.07966213537591
0.888907217194652
6.58704730442353
3.11823671592302
4.80787267181215
6.30937054036406
8.69260409557534
3.84979372660409
2.27618440725501
10.4057343333642
5.98262718401413
5.6003729147741
-4.88041333261989
-2.76194329329915
-3.36910531462513
-7.57515645256213
-4.21921279620036
-6.43514489565136
-5.42869160212033
-7.45682300433821
-7.00983939986106
-2.81972668122318
2.54834418698326
1.13173780284752
8.9606519824177
1.14846575710556
3.56541115628992
4.0195283372496
7.26498591540766
3.40453700684126
7.1483250897839
-1.82047025231415
2.40123782395674
3.38714847243077
-1.27131162934589
-4.86731080070906
1.42215532167025
-0.85193238582876
1.94593374702092
1.04899722892535
2.9539477635692
1.43781891454075
0.885613884940631
1.86290675477396
8.09959540996153
1.79584038094097
4.43021389173489
5.07591137380224
2.94028911250534
-4.82625612438291
0.0185040466284448
-3.06596430837499
1.17216327537462
-7.57356962444061
-8.73943893766535
-4.16802829657636
-3.09446555141174
-6.19126605308109
-7.34185292739057
-9.17542652071136
-1.31902993602027
-8.21145600620147
-3.88789287585429
3.56731180234276
4.21421991950204
2.38967698455845
6.08653234046267
7.5456412850771
5.03872833806102
6.542784088356
3.16144019514231
1.54600808401621
6.62908089440265
5.5221905412822
4.58004700795757
-2.16262939745602
-2.22364444672258
-6.34531245518972
3.66086553249425
-0.154383279722146
0.809725077706156
-3.23510722782211
0.381296098305488
-3.69061872793091
-1.15764716311272
1.65493066711448
6.8928868828858
-0.137058986382092
1.50738443371849
5.73904398246698
-1.43944976975967
-5.63704639014285
-5.39750512374523
-7.13923780215048
4.56722684139267
0.549079527280757
-1.98651284363439
-4.6438738811795
-1.81892617762013
1.06583927573251
-2.07783534027631
-0.939476259877877
4.9255526681642
3.25797096438987
4.48513480201216
6.94225224254961
5.51256090519062
6.06257785863451
6.50363781347269
2.10391102473439
7.00670507976583
0.147051926095991
0.484424988916163
1.93243178969453
-4.47990884151772
-0.790212257022268
-6.4874150725696
-3.87663845778282
-3.8318983592421
-7.4228966528775
-2.17205510759154
3.03580677395683
0.833768114421052
-3.86183996786369
-2.50841237453076
-1.34870401567127
0.911252029402117
2.42828600490464
-5.11076727793128
7.63834790408532
-5.91729865554802
-7.85136276575363
-4.23399982694193
-4.69787159763756
0.0476721791113457
-1.63510772225822
2.4148735996124
-7.00873582232403
-1.77459448417954
0.927779707516804
-0.514779952691203
4.97548730382845
3.3404507885649
3.08101442158385
6.24607011237345
8.80790212344134
10.9253522319412
4.59177296536982
8.34851693601495
6.45612350406623
-1.04427618511279
1.26806163163206
-4.58898365461175
-5.91400689193332
-5.7280861288392
-9.86924097898548
-7.92990684416123
-7.44809318971961
-6.25280756250777
-7.3061899755229
-4.93165292263142
-3.13671071846677
-4.45568790515233
5.04579210744567
1.70427851205281
1.79233259602495
6.04827791073058
5.32235543534613
4.65861659737348
2.46245201311948
1.16790586987024
0.80728099060308
-0.233991820916125
0.840402128266565
0.726199559580147
0.40694937245416
-1.56040296778938
0.803172429265263
-2.01630287539239
4.44564816410732
2.60819748277212
-3.79365824322694
0.0206776580498813
0.685901448927963
4.4947105380641
