"x"
11.1952634844647
7.43243886419365
4.46558473297151
2.37862286507157
6.58058008518925
0.547423080143754
-3.07886733822227
-7.70215094918363
-6.34787934745206
-8.91717667840307
-5.68337045746645
-6.66808561099578
1.02845715751723
4.52878651583672
6.12203589825809
2.46668890977732
-0.824698363885137
5.22320769912442
1.8141819232377
1.48366950279766
4.87443646042037
1.32070529093403
-3.44607410381424
-4.04551042947726
-5.39238190721803
-1.9434536649188
-4.02049984149621
9.51029855527237
12.0702585486758
8.02661272275659
12.594357557203
7.80931902200796
4.59639491000645
0.612695575350506
3.48544033796493
4.05112091246795
-7.46482478052503
-11.2212772548283
-11.0613646325308
-17.7397443678297
-8.91818240489633
-4.51025038428595
-2.9980130294084
-2.63432341192478
5.16503819387516
4.33203755943421
-2.08700856294794
7.76997649617375
5.95034157684535
7.80814291071541
0.179833768763475
-6.69708201725278
-5.67292039947262
-5.44413472022268
0.00268598447678681
-3.93952239465395
-1.03609391998751
2.14987190081443
5.32195984499177
0.841718181529889
0.653707213694472
3.26927481759106
3.52753197845878
-5.10880824557924
0.246793138934044
-3.96638658724507
-7.66358521614259
-5.30818912971821
-1.90895892592089
-0.737319039034099
-4.22543674525534
-2.74495353554628
-4.10730194174381
-6.02479759012987
-3.60666386070414
-3.49987822835982
-2.39421637038999
-1.77988690321372
5.14555120437068
7.55061112476043
2.29344727356381
9.81521780994598
13.2373690776506
9.27223586800762
3.05989613863771
-2.24987120993735
-3.27656495775769
0.903886694907439
1.59731018205161
4.2878794964644
3.4108109954281
-2.45088171031795
-4.61127804783653
-2.42133632967241
-1.16323346523502
0.343479653432512
-0.479500598402996
1.06245253239613
4.51613196619274
0.236395068176843
6.27892065110383
5.10441644771958
2.03514962354187
0.163098683384633
-5.27759053788567
-2.72750584917922
-6.590727745894
-3.90572852864691
-3.3250850152704
-6.56054166608357
-10.297978651557
-6.79403888511113
-2.53845351010528
-4.79000706137554
-6.2097364382096
-4.40426955806066
-6.67800836797704
2.44842911114834
3.93353738641689
8.49013224558583
3.19073279116113
8.91484252809968
7.1212494295829
8.5185075362695
4.35616399714228
-5.53653170323024
2.34001372368138
1.78478319361527
4.12328008986231
-1.69934870086086
-1.19588792132702
-2.03424724939077
-3.54041833450559
-5.65021546103417
0.307778661250529
-0.359806497847857
-4.28565582484565
-0.270685316273991
-0.0448010437912658
3.01829177894755
2.96681607696717
4.14583837425996
1.0764826022031
2.50979318120096
-1.31537738461179
-2.84089283327782
-6.95728116024706
-2.22440435378454
-7.01355401165361
-6.98132713288586
-4.62844410416665
-4.35824963767318
-5.0155239625965
-5.04520869739558
-3.07297735034384
-3.3776278641425
-8.77445987730087
3.91122017520604
-0.00517201914935495
10.1218991459178
11.5873474242763
5.21773346760203
12.9887808710829
7.74501102233389
6.32780217011207
-0.246172359135509
-3.26437776242722
8.57588919213163
1.27839482013888
1.2473347589729
-0.0736053610034481
4.6112440106518
4.46720082772876
1.99870632586948
0.305128833994023
1.29168992739702
3.72618135939316
-2.63473475833196
2.30219824836931
1.18724394917299
3.76924073424569
3.75357265264366
1.30941625673125
-5.44906182255448
-3.01372954581519
-6.74845172539102
-1.44770639584479
-7.83805029703055
-1.75679008469475
-2.26896898471393
-3.19735106494448
-9.0367935519295
-1.36371964078713
-5.40103631241837
-1.58383212315306
-1.45793231082838
-1.19926083513439
2.82138866018791
-2.42673228643986
9.92181184204982
4.02072477518434
8.53651970422268
8.98399759285441
7.38678622849561
5.14208998236442
8.76650975791487
2.27277519428546
-0.499773046264065
7.68889910752676
3.67443782950513
5.71691798649438
7.47358791391558
5.60777912527752
0.0247355615637179
7.96882689944854
2.28609459948862
0.846848995828914
1.16241368628761
-0.890949061489619
4.7830779352579
-1.15824522619084
-2.12556298078944
-0.769329347136805
-5.98823324606705
-5.26011768930004
-1.67111436700475
-8.54779046648227
-4.03604304757853
-3.19240953237121
1.52538137482422
-1.00388027708684
-6.20342247304608
-5.10790069985803
4.02182299592192
-1.32653630271792
-2.86647364913798
-0.10378331535705
4.59138911001135
-1.52155533044113
1.73538211717947
-0.21379103800777
-1.89067822666527
4.83795043704656
-1.33029106217945
1.04894704291198
1.02217484204165
1.52859064888388
-0.282432212069916
-1.2117080795864
6.51608736277166
-1.27009551539941
-0.0897057477658074
-2.78130303635229
-2.16103878842857
-2.18090497557845
-1.06272838658536
-9.13956431832942
-1.09112982895897
1.48581638231509
-1.21821030726456
2.85699895317179
-3.85879254905847
-1.28679647096759
3.10465393781254
7.50321842765368
1.77433508890832
2.42073218425524
-3.15018157579515
4.37358737901594
2.58667734474371
4.51217339655756
4.09550387774048
-0.498630197332161
1.72412887260555
1.59686245089043
2.67890680586427
1.6162418320582
4.62211403729128
-1.27283571584214
1.69918280599261
-1.98009234138366
0.493657189481921
0.806594679328962
-1.73870914962002
-3.51269911861117
-1.43476457570741
-1.33932946732966
-6.42272831977987
-8.431237871005
-4.4880353725485
-0.0465844488481935
-0.0746594065555901
3.44172915784405
-2.89374792962328
-2.41563926397531
-4.54702443835381
3.06384348780249
-1.75941034244745
2.52888434625018
0.548557928571622
-2.54910586106498
3.13409188654192
2.01600365074584
-4.45410840427492
0.979134955680268
3.07928337671988
3.81321812464504
1.54806399990792
-0.669108209328198
-2.41589552637946
-1.68788497630808
-3.35924291707233
-4.55287931423092
-4.23507285337898
-0.054621635103377
-5.44902611588717
-3.52696056019502
-8.19835582701982
-6.34662824899223
-4.69986031277832
-3.77105924324717
-3.00646155843534
-2.79812285557372
-8.19451718864737
5.04162612756537
-3.45033644873148
10.1378930601985
4.68257777478211
9.65282095420127
0.836246169371427
8.0808695835784
3.87550781441317
10.5495981880436
1.17632709098093
1.12254503505144
7.24528431954911
6.69725779307313
-7.68373116159771
0.485011320147952
-2.03624265867988
-5.5894403785497
1.09868614279232
1.78314829027819
-5.20487564767162
-3.68995465705634
-9.19285072398724
-1.87454255373549
-3.58614153620887
-6.86436362132096
-5.0178538650928
-11.1683253393603
-3.31242090463534
-2.65724976861714
-3.53327051623282
0.0897023272449086
3.24356493573741
0.943887172616942
-0.098023836502839
1.79730530920594
4.67768735752512
6.869543709124
3.31807628148768
2.31631323387866
4.90014422069712
2.45602053597526
5.65251727691453
3.07721426812517
-2.19691608194431
-0.568887320179057
-1.64154166889093
3.44228742487026
-6.83074468848738
-4.09941984524771
-4.52178055410747
-5.0672897812933
0.192566611541697
1.37887848169724
2.62568332564172
-7.44209473945356
-4.22805217017564
-1.87071627411943
-3.20447953282887
-1.36772540204066
-2.34462239952339
4.5496167628579
0.0253804378745354
-2.63746372189422
4.73389754360959
5.5815631878873
6.80301667476785
1.45458811683652
8.79989716107031
2.9271435505019
9.38308789061312
5.08955128532046
1.12508010498832
1.34928598413362
-0.618553414572283
5.04875640097716
-0.56061944357353
-2.1106383280013
-0.989698083758156
-1.17930440005706
-8.14121342852972
-1.85072905943442
-3.90285375622322
-5.34798133449705
-1.74487649930893
-0.926269245372205
-6.96617593669815
-2.09417436444476
-0.438056286691523
-2.82794806998688
-0.188234256205944
3.831711469919
1.26530712398694
-1.00190728586438
1.82629035339064
0.808231103762392
4.993973794156
8.11534933694021
1.46850788545656
7.40948126547508
0.322462176824591
-1.49425848211422
0.932863525693968
0.0832177936120506
2.60375318345784
1.83654947514575
2.13842625192106
3.88091151412836
-0.990615182086204
-5.72235993734596
-4.54975556650853
-3.74719165088123
-1.79877141787033
-6.71479884659975
-5.56641429203978
-0.825566037833513
-1.85866189392405
-7.26027108923576
-0.604843131237384
-3.93982048015312
0.989040508325858
3.60970843812188
0.5841256197687
-2.35648485853358
0.148165540632389
-0.144129873228205
6.80579480376541
1.08445805234291
6.69659645583815
3.86359368137913
-1.26855818595359
6.07329643797098
7.92852478176616
3.14327502074799
2.49410692173981
1.70790777318794
3.21622776542123
-2.38836015788025
-3.12131804755681
-6.78735499959463
-4.22153992954528
-0.952975731020189
0.52749036358023
-5.37875983631901
0.385076994585239
-2.70866430407402
1.04812477276078
-1.17883364069533
-2.24102357105038
-1.85821964814677
-2.9507713776693
-0.42229228717619
1.03786629775603
2.48456265241732
6.09225322081042
6.27341143694719
-2.93226165225604
8.94729345270766
4.91391413694811
0.228415829554477
-0.178654983466257
5.24807412373363
0.604815691971119
1.79165918403202
-3.89519795680532
-1.87507256724797
4.82119769817668
-4.73179938949829
-6.26343220474977
-2.63784077343333
-5.87185259553815
3.92543367962781
-0.155267727961973
-10.1968732222829
-2.28570656190237
-6.49859090264377
-3.10447301055464
