"x"
14.0193674706652
14.2956029867091
6.94346051003541
3.23224317381791
3.56503717474301
0.53925874797266
-2.98158798084981
-3.3375555696111
-6.89191224317137
-8.64775415065514
-5.74500327043419
-7.21547610583644
0.391950816534007
2.90600897210146
6.14748163378851
8.27998398613565
6.69485189098994
3.25125694844362
1.98623604854014
3.76629049314698
2.83521109535413
-3.21868971868808
-5.58377411693151
-9.19464215476445
-4.47003673514784
-3.21665250866558
-1.24365913251765
2.56139584286266
2.2526339685539
3.83799777078
2.80992343369777
5.66034775006135
3.85002832510105
2.5395275105856
2.26853588178269
-4.74241145392537
-14.2959558645161
-13.4918115779217
-8.16373366544747
-9.93077048927461
-13.2796787563028
-2.62112996927208
2.74090163987835
0.41901730544298
2.39621109809605
1.39543483709379
10.1247533636341
4.63662770673947
8.34160435533849
5.65639474326868
1.88285484354674
-4.90999377302232
-5.84624208244053
-4.48290287209789
-0.303419185537268
1.48542975765161
-0.769170339218463
-2.98206324895226
-2.76336527483042
-2.23107124136832
5.84951486333654
7.25490923345894
5.33207393814937
1.60356152068204
-3.16604431908203
-5.33935337527832
-7.18208968578064
-4.19895657828735
-10.2665381783921
-3.04114476141134
0.8736503281805
2.44527957234334
6.31967341199099
5.71318921078786
6.11618448931354
9.47324606069786
6.62396102079734
5.37228860232999
3.13950632327649
-1.48928566728382
-3.08923096126124
-5.02583774692614
-9.74691237589905
-8.9247150619612
-6.94280731714258
-14.3855502210311
-9.48558520787117
-3.50595849750161
2.08427864602984
5.30754160778092
2.27695560673928
13.604561193154
6.39870516041976
5.11323446292072
-1.24460271123883
2.5564805797509
-5.74420621599031
3.68142751909357
-3.60367208771768
0.33416904352756
-4.5649247472229
-2.16040482061843
-0.556510613030644
-3.36206759890088
5.63630225794618
7.50532725711596
6.15799090838025
-2.06947429164924
-3.44957579186285
-5.83932434106501
-4.53819071292296
-6.15284086851737
-3.48127612513396
-5.60793143916881
-15.0519469938544
-6.86864405829783
-7.46379374097172
2.0826187157402
11.6096184109177
7.63032829086208
9.73425098151262
10.4215185780699
6.29628135676659
5.88766376906856
5.7511638813249
6.10237490300971
-4.28893564491032
-4.01770768356833
-8.5374595200988
-11.2968587399134
-6.06166383562448
-6.30597574318297
-2.43004607915079
-0.509161758642128
1.09461417158007
2.2631281332732
5.9833750113165
4.62471480141957
4.22218094435123
7.41253095201137
1.50352425852757
-4.2822949406799
-5.61563172640363
-0.235373866620723
-2.33642068644763
-3.7006898435222
5.32584802703932
6.24673830167506
11.9818532571364
6.2292229460413
9.19508631080196
4.16283399223074
4.35948648218014
2.92955616563994
-1.22408482379018
-4.29330504057472
-10.5682146600311
-14.031363908187
-12.9677512428069
-10.0571882904796
0.972772413221361
-0.618763131777655
-1.72571394073128
-2.9246483784253
2.25745491075004
1.28822079285908
9.03419173637965
10.5798982271173
7.52949744150489
-0.076524709223821
5.29775960411873
-4.92688922930733
-0.967767563648145
-6.59624121133733
0.61087183308603
2.20253816899915
-5.09900144623256
-0.522961053803305
-2.24260488787592
4.89592313600379
4.70994947790414
2.74727228812292
5.56758105012387
5.28305331558229
-2.84367396848921
-10.0079944844879
-5.2211944190477
-6.63275673391638
-2.7821675576541
-2.80451042616286
1.88837156375179
-0.849332610122055
-1.607742502732
-0.427829745495826
5.38182504888705
2.91648712893213
13.1185010591163
12.6986754028384
-2.58016914010197
0.486222662774481
-3.94422446339502
-3.95002637047194
-13.9799888422651
-4.53712852009348
-7.82320693907706
-8.963216482339
-7.45563737163602
-5.5608135584516
4.42073759132219
7.02879707498454
8.39839068727111
6.24313159587236
3.09151180449435
4.8286615163714
-0.534721944753307
-0.17365065768761
2.95086764523285
4.62541541054642
-4.66391695528959
-8.22821772281329
-7.21307650048552
-2.10682137557963
1.24788659128027
3.9300619182534
6.82242137048094
8.33279784890411
1.42018047454702
-1.66347967732068
3.39740025064621
-6.31616915041221
-0.742655774471148
-4.98816681949916
-7.63060679960561
-10.0003725703197
-8.61602263242994
-9.65531748024542
-5.08114965217063
1.67189597119916
7.3136788668788
12.5400596979921
4.95704327699539
11.6158483831611
6.77082809006084
6.92176849203845
8.46607518228132
2.36104411610706
-8.06650128603832
-5.3066574723047
-9.82549344649178
-9.14655437780341
-9.8907514081157
-1.43695966634534
0.0163719211339579
-6.23990342861633
1.28767213271481
-4.9318709549321
2.1131074551264
10.0611494632838
7.52608454953634
3.20471186172894
2.63871752930758
-5.92159106943926
-2.92586611308605
-3.54881473100627
-2.45533748875628
0.570395776809816
4.42058959416529
4.07337103382303
5.81592579834618
7.11845224170317
3.68994761824835
6.41211311607146
4.09864949726424
3.11476301521733
2.53803201904459
-9.48613289292629
-21.1450311522687
-12.5814540810961
-7.88661117528859
-5.32755982840895
2.12677679040259
-6.71607615568039
-8.21913350619782
5.1715008225752
4.09034443840008
7.03376230584655
12.5883268219659
17.3992976201553
3.39876792754143
5.27006066840102
-0.377415655161374
-1.52515392370059
0.78227114111915
-5.10357659646332
-3.73177646578741
-1.91324095250688
-4.74139896372183
-4.08600352126999
-2.05513177696586
7.45123399872759
3.13578976538114
7.89396439839369
1.36002471834811
-5.05276919472214
-8.04079446009449
-1.28566997674813
-3.86884473968185
1.61602498459615
-0.409252900583336
-2.90390363885756
-5.42845104391574
-3.0250620321396
-5.21689502634185
-11.3921479186187
-2.08695788189354
-7.55974221479117
-0.862042159840387
2.06851604080946
4.38896994960992
11.2709962584778
6.57403722857101
6.92475456021613
1.98294833253075
5.43681563152832
0.592886192428733
4.4254989636606
3.10525430589092
-3.90456372421124
-1.33001744996536
2.63678332675101
-0.760337435104338
-2.67471542475703
2.19610610991482
-1.22250187429797
-6.04021490764055
1.70589472675123
-0.209188289870708
3.22322229100841
4.58057539552232
10.1884701968685
7.2613185007592
6.22251250184722
-3.01461454523938
-0.405626253673211
-1.94319378620477
-3.86219292621784
-4.57963870423751
-7.52071088436492
-4.98422260996803
-7.8871140583877
-5.64095653528959
-5.2805543707098
-4.39427642179563
-9.18920964183292
-3.98976498035139
-6.19505658805894
-0.322618124149647
-1.30781369785419
4.88986559836636
3.51828191664136
11.3103646363991
3.16627896895679
10.0688303910164
2.62215302790758
6.30936916738406
-1.02772236499691
-6.48250120623813
4.13176102521059
5.01624232636304
-3.89619524262897
2.32992978825172
-2.43121336972441
-4.52990326878949
-1.04481407837684
-5.89161088905951
-2.57813892675619
-3.58190042177862
2.76071175617192
2.86475037366188
-1.34673525932844
0.6248552996989
4.96081831214098
6.25007550619932
-4.72258601891896
-2.76826437453575
-3.9818999532938
-6.31580688762804
-4.52251941248372
-2.61761531974668
-1.97559579223246
-4.92153505101877
-5.28866875699828
-7.29613921993266
-13.9891796811034
-7.36969002041858
-3.46313464116954
-8.22903808345165
0.00774395487322055
1.05150748208018
8.0488294177085
5.94906179131188
4.31379208625827
3.81689628259462
2.28423365468743
3.95885778359474
5.84607232776132
0.701938261719826
5.21008491046526
3.03553126967445
-3.19772049260623
3.95305173916431
-2.88189217446448
-3.24759100688443
-2.24518473758192
-5.28050252176486
1.72919018786141
-0.239534973612818
3.73631550078762
8.73135128291942
8.17695308181298
5.79185749271781
12.5064769221223
7.65074165224708
9.15483241076177
2.82754058894879
6.29267777603878
0.146768173514612
-2.99185940362405
-6.88388191015375
-5.82513460954076
-9.88696098647802
-2.30212779281922
-8.02317744813554
-3.25673731840052
0.843414743739719
2.69308271210636
3.10466856580326
2.75029510719549
8.49942919297775
5.22800949074309e-05
0.354703684895807
-0.280389611590008
-1.03549725923829
-2.5935490462471
-0.191810620502298
-3.25967182982741
-5.19571721554218
-1.67850500715964
-4.80905755696858
-0.129092549917873
1.20267943951916
3.72234633105558
0.627792661350519
-3.57886485299524
-2.51295866211875
-5.30522162458242
-0.37621195697838
0.527083110808603
-4.91063587571922
-4.9007217803436
-0.0495763904086113
6.64842960896615
3.73960287193141
2.63977888373321
1.19331247426093
9.42344305306082
4.86482114719095
8.70399623455319
4.37228112237192
0.702444950194917
-2.2839574376068
-6.73013728341301
-6.72431010307124
-8.36258911248213
-14.0595095547074
-10.1967151657616
-11.7888967626976
-1.10903799611206
-3.54759164866623
3.45746825164398
-0.217560643712069
4.17191372514071
5.73015359795127
8.34542312316778
3.4918890102375
5.17315824481646
0.0649496948548403
5.2258912896777
0.295559312462427
-0.432314960762796
-0.330467130538226
-6.82936475534695
-4.19397962310057
-2.61621181498978
-2.71056066615578
0.322868624438983
-8.96293036820824
2.00154607826029
-2.82919634606757
0.541203132004507
