"x"
4.45010749978935
6.01205654601892
9.80855096814488
0.858790749768274
0.540002476390482
-4.64888013523916
-0.544507666737155
-8.26254296032653
-3.02293766659673
2.34536732119295
-6.4903848548387
1.40963208324082
11.2247193822028
5.11874045025533
6.34519097969733
2.33952064422206
2.76661989319101
-1.17984995194273
-5.98288640153867
-5.54646978699766
-4.22200297999426
-5.60753107215247
0.263775068338854
1.01913463330883
3.09688322308502
7.99965631940342
7.08299781628862
5.21062982123049
0.321866817464935
-1.94866842770691
-3.05293650795748
-9.45672839220592
-6.13548817056564
2.95524935915928
-1.94809802767842
-0.338064043578996
8.96220442645988
3.45731986534038
5.64076014024367
-0.363109854590796
0.733723918972532
-7.99085127149856
-9.38642175189323
-6.51601731437393
-0.775631199326875
-0.315225179488029
2.34285484402514
4.55891349353658
2.7294768884375
2.3619692592097
2.20397662325576
-0.433562174279592
6.75015700674359
-2.98772515571018
4.15892244335358
-1.79155498246595
-4.06049084763076
-4.85206735196979
-0.623478810770904
1.51724225104429
0.386382862127006
8.16054448210276
8.0456019977227
-2.50050894501164
2.2903149807862
-6.44781596267881
-5.99362010163898
-8.33923535875628
-4.86821384383375
-4.27524673094088
1.88557676758555
2.29852134238339
8.21158124772213
1.76655687360641
2.2806388869604
0.606367244281315
-1.42120122415794
-3.33116371585979
-1.46980940793118
-7.65148923164686
-3.17765472832098
1.34200784972266
-2.60228710808403
7.46692256717142
3.08118175716817
5.24954780539982
4.01232673387052
4.50197127483323
0.283122959375848
-3.05898623586964
-1.13247109066396
-7.61613120384672
0.862249482936926
1.24257929726131
-1.17617460111029
3.10111387788431
10.0886817979503
1.49683221678054
2.52485305302837
0.106393349548705
-1.15299459603284
-3.06413495923895
-3.40021441595993
-7.14599663884387
-3.95814854531258
-3.77628962372446
2.96088304494233
-3.72872507696734
4.20823203047268
1.36501582371952
4.85713125637206
3.48648236394083
-2.66107742179508
-6.34237704213694
-8.54982607858966
-7.41757870313188
-5.23631725545357
2.47978295663931
2.80488933243506
4.71941086073231
2.12960140977974
4.71376484649185
3.41547927234544
-1.5932046327419
-0.151147461329278
-3.58554148074493
-8.92242433578849
-1.90207122087822
-4.52460652487623
-4.04209640237287
4.42144015868164
2.83288302747714
6.89780887435552
3.67451806689867
3.22668180291204
3.17925808713138
2.49926289306631
-2.88213515776206
0.878158181307016
-4.48897061209536
-7.30393563802438
0.674708889385502
-2.19055009431766
3.38325147132021
0.224370845976846
9.94102901082863
3.64208144691589
6.02930469763569
-1.59760321316065
-4.43501529707489
0.516995066762575
-5.98748659430268
-1.03058601742528
-3.48745281169467
-0.859779991668247
1.3601268496605
3.25360026249139
1.30769501478562
5.92987325640776
-1.03774946946236
-0.145866628739156
1.07677152749352
-6.40099343674486
-5.79702191258046
-3.27509352985126
1.5489107868013
0.465685423525716
-4.90715625657877
0.639942147457893
-7.50193213505534
-2.40955715379138
-0.196203464349093
2.10222492289154
-4.71785520806665
1.15280631244962
-1.59800092004836
4.73723437919735
3.15700853256519
10.8627515977444
5.51454439781953
3.37837606243234
5.98769215253146
6.97535963188597
4.23976869861612
2.63218175673822
-1.91880421754719
-9.07022941516375
-8.48072567347431
-7.00042858556647
-10.4901620768809
-11.7015069384955
-11.3213866358051
-3.35537004766748
-5.94431171546612
0.697212364939658
3.14358776404932
8.05843145073948
9.14287793414413
8.77412735224864
7.07251254034947
0.0243818184184672
4.0365515520413
-1.93864740395373
1.63978569190126
-5.21040926272583
-1.35079196936909
0.412753935433287
-5.91663824864036
1.8296358174643
-2.8647387476066
1.56126591064073
-0.472239370468063
-1.49817188264795
1.21561453567289
3.19578235809192
4.207084872988
-4.23580520977565
-2.93235504898007
-3.92281516377197
-0.953738049331634
5.82307678268686
0.121608365986862
3.62777735768095
4.61975170136275
0.402204385411964
3.99333442278261
2.68651115249955
2.52780264525551
6.75348940458793
0.556562759800707
-6.07328491934098
-3.88101897489235
-6.31701603136417
-5.29844306451878
-10.9596645532061
-4.40466511257298
-3.63798050878152
0.0579484643164911
2.02001902793117
4.83203516812495
5.05490272711564
11.519088537634
13.4866779255094
10.2605026373852
8.33893124113436
3.28430387158286
2.24040436153791
0.765123451055805
-2.01382914485513
-6.16088610075196
-5.33109261391631
-5.27138568208141
-5.23971242823447
-7.19855848423379
0.919502324939625
1.87824368982195
0.909274504262818
2.22306973321556
-1.95567737646102
1.86437877103398
3.9986547083302
5.68186443335699
3.08062076361437
-0.821542254236481
0.756200037695121
-2.75947379584009
5.59556537056196
-2.49821522998781
7.60137073307994
8.19914753951157
3.77239385319345
-0.0150257495651731
7.20663912338314
2.93932775298088
-7.87682060548702
-8.51975897865607
-7.2130653127637
-9.2324066943989
-7.98491261715615
-5.37354994576464
-2.10473181456233
-3.78557714539839
3.09154893863911
4.16008685351271
7.92817831116872
3.38847437282109
9.6683193378542
6.36005457214391
5.09898853763639
4.09271624654787
0.180496923124087
6.62393174970405
3.36297344706839
-7.53223020054503
-5.00158962240486
2.02850552098841
-12.6167698234625
-9.36315761754866
-4.59646280291866
-1.85885451401121
0.947642071635048
-0.869778806819485
0.0222262039154106
-0.16499278243785
-2.57968679868348
6.66554040262585
-2.41557752893223
-7.07380604220026
2.33814401499418
4.41311590026406
-2.8742488210321
1.34988375717178
-1.00291769019884
4.80137416784526
6.42640351037589
1.09301702349709
-0.24283024271752
2.84493388922736
1.41568611062447
-1.09920926495055
-4.4491385096042
-4.94887841087884
-4.24836594528397
-9.42067039331192
-4.04359147205361
-2.62109543357897
-2.6988523056703
2.64698480539522
0.338342943995454
6.67695459432745
11.4174881522274
11.2814513593141
15.1409737272963
8.61091494694994
4.23790198450404
2.59087471037438
4.75445962212401
6.00231252507124
-0.751860514369835
-0.620891923520017
3.02744190819542
-1.96473661119151
-6.19861990793382
-2.38391166472276
-8.19766478134035
1.75905761252657
4.03116212231021
2.04823573931328
5.99473200702946
4.43234851100787
7.3919504504814
1.55682766458966
-1.27842514701743
-6.16762534122945
-3.41837469405053
-3.68057827634547
1.8857636400246
-0.931019955978695
-0.58951104201185
1.97144377835255
4.03144288217778
-4.16605654980994
3.63688871374787
-0.853489771974082
2.6375961593637
-7.86515538380139
-4.9991238973176
-7.02134312507593
-8.79002744231119
-1.68876378728464
0.665055338968345
2.10479419876664
8.74796544184469
10.8135816129998
6.47566219100975
1.72052082370253
-1.65122626076257
-4.28838917210937
-7.19602628919265
-6.63156495992946
-2.56399393386737
-4.79020659941339
-1.66383983619881
5.42650694611164
4.41337187035638
4.63766946715836
4.95011081776806
7.20923835346087
1.86341472684631
-6.5970496134452
-6.95576100493076
-6.34489898701826
0.340681983090188
-4.03751440385386
5.57947513412355
6.32566891710416
3.8575053285337
-2.00921361075986
4.19032860693282
0.83639163226446
-0.763786456426613
6.28917635627691
-6.7405463580083
-7.61202950450146
-2.37789603990248
-6.18861395692801
0.852950260419929
1.17861034148635
7.18737485155014
6.54580908066747
7.57166498193617
3.75218562965018
-0.826548434082786
-2.99208980576424
-7.09620082641754
-4.12247449246977
-3.275855405337
-1.45541411375109
-0.00753767397333271
0.562161221439923
10.7090656317727
7.03162290023386
5.48743217168933
2.66805380560632
-2.63870721451923
-4.75444786271329
-7.27334960009895
-6.15829870104709
4.32734561349208
-6.82015119004127
-3.64907786604199
3.15726307455187
7.34464726903124
1.51668716284146
3.68116392755473
-2.25288991942691
-2.55728387673399
-4.23220047006772
-3.87670409784443
-1.87345226587424
-5.82562602287342
-3.34797680621917
-0.733150231228564
0.933072338187077
7.41111674812622
7.47058290717596
-3.25161599858444
-5.0192152592901
3.87798058185253
1.1301226742722
2.92364197540849
-1.29413525314499
1.63056231004645
-3.99554804478938
5.3514165286161
4.74349444819827
6.81480834890794
6.5552732514415
1.2833816174098
2.6427216955191
-1.99202650792416
-0.969201851364283
-6.39229711011626
-7.41987538074605
-1.5118290151033
-5.75181366469268
5.86341027119309
0.446872309255689
5.22347493266663
6.57231338408923
1.87379619079584
0.949084165935788
-1.4214261159253
-3.22502849369478
-10.9501319298309
-3.99473715696048
1.54498272334941
-3.72091741428426
-0.405267649712909
3.7993835804673
4.04688344730584
7.4285131114613
6.01292750317888
0.153501413796503
-4.57465794242231
-1.22767918676339
-6.97795019354551
-3.97441372996008
-6.09461320290213
-2.95652101138562
3.54447005436654
0.60831814070303
2.18612871105323
6.91789471295543
6.95944790409015
-0.0940515243637927
1.42023902202565
-6.0380251803887
-4.45271517731925
-0.556852133818324
