"x"
6.25712812580712
6.71154406983738
1.05808274220818
-0.597543759051836
0.260254975144997
5.37265306389571
-0.515932102443402
0.340911558689152
5.15250577957223
-4.15468790317886
2.25116203293042
1.30945059479488
-2.22863075302806
-1.73270073286151
-2.52155119341585
-1.66498128509346
-3.78258532720962
-4.23579813998203
-5.42914730788827
-7.75219478661226
-5.14973547392612
-1.57979895728209
-3.91928553761875
3.92677984158341
-6.5632664565706
-0.0471845576426662
0.243645739893835
1.54711231640703
2.59603651036954
-3.01305305437459
7.00193072771325
2.27583266030419
1.99733424183828
4.13680665289911
3.99202684991391
0.980299793115634
0.402536125725927
1.13750388882648
-2.47470997366052
-2.9103809490036
2.83641797735729
2.33030704219408
-1.71210550330449
-1.91317519153606
-5.68065575284563
-7.15798619704148
-5.74889344564314
-1.80125265079995
-7.75989096947473
-3.19766876300173
-0.089204236381744
-4.01211099817604
-5.00925580239018
-0.79703772368762
0.480787008799494
0.590400106341767
-4.63110818042519
3.53792123777646
2.04232638186689
6.75723724865325
-0.563832847441603
5.00240827513512
4.68756570785649
0.624382823984825
2.38136762748595
3.88896206085591
6.24401368679278
1.28152853516772
-1.52261578692549
0.0769941004308461
-4.2055135592815
-4.3618031760429
-6.00777832118078
-2.4227141522645
-1.38916509676189
1.74758246990145
0.64655419952128
-3.11147497548841
-1.68685222563564
-6.87156511368962
-4.4538415594804
-7.10794135538593
-6.95929203761784
2.34287835966659
1.75737754020587
-3.8898306646585
0.96892014268573
-1.08017320223218
7.25891234621885
-1.27084360633194
6.25087053910717
8.73279024186559
3.24426496252471
3.16254823946742
4.75976085631015
4.81626239094451
-5.08805287887778
2.90833174306519
3.013523039555
-2.29242640069272
-3.13239408187281
2.21802267989044
-1.94933885374199
-2.9987349687676
0.921655188313286
-5.40729273822062
-0.735418481123864
-3.57075450774498
-4.7757844716481
-5.90654849832516
-3.47699430953572
-5.87063361115694
0.504977324410927
-5.08231652858209
-5.0482382966178
0.965470488906057
-2.8068200139193
2.35055764222936
2.80239279962538
0.336784213004836
0.956209331203102
-5.14153472280945
-1.42946393351049
8.15975852214138
0.637929120623434
2.53680945809943
1.90539682456781
2.00008547973049
7.19783204385984
3.52196543418632
-3.79578706468891
0.0189496493025065
0.0434256722550428
-7.93589303144711
2.45286240742844
-4.49741983289329
-3.52664895146749
-5.73358101190624
-2.14782387022109
0.44818742959063
-0.836081018223915
-1.95109889964124
-5.90735802125244
-2.01640742271808
7.93434198586732
-2.66956792211299
2.57784409292245
3.09111731030481
-2.21231829874196
-1.25365998293186
4.0071396227684
3.80871404039465
2.65770844723764
4.24452955304097
-2.4625766083126
4.11793956146671
5.78464315566635
2.48325115450373
-0.253636608330959
0.624011166838563
-1.21016288764635
-4.10374397385983
-1.64800216982001
-3.4229309938028
-3.73385790479479
-3.12618474187049
-5.0650863474179
-3.77678701849048
-2.01636769145721
0.914825035700809
-2.56955492634531
-0.324760784748523
-1.22540571845675
-1.48766177003099
3.81829702281003
2.57588360214778
0.968077304210895
-4.43665157599783
-4.70006888185237
3.74539592733229
1.69174187841883
8.63833634611696
2.54359210917463
-2.4122525740172
-4.73507824994422
-8.98959514134926
-6.01307463342445
-5.00554072629475
-0.663650553240721
-5.47688196936068
-5.09331131003204
-0.882036324767631
7.10576706912756
1.4122547091624
9.65754794035488
8.15960824436139
11.0229867919803
6.91960970191265
2.7260176063306
-1.02214653106631
-2.39026097409799
-3.34825609687691
-3.32185414683333
-6.01251640677321
-7.48754144171222
-5.76432964891425
-10.1200031892056
-2.91828914689315
-0.824786111198125
1.92594428438157
6.94128222227424
1.60512212751016
0.323429053214761
0.507000450720282
4.86975132328934
3.35943119273987
-0.967672496404325
-2.1604167851311
-1.08672803125451
-2.95436976695274
-2.61729784476618
-1.0789670419129
5.40193421518337
9.56835750462708
4.60054817263409
3.60880742013778
0.942667025833215
-0.873718108944638
-7.28779785668572
2.13889936799311
0.300656898519907
-3.09907963329477
-8.33642077693624
-11.298648809402
-8.04148738779779
-4.97156914449984
-3.30036296246103
7.32134221858707
8.94810279214127
13.1326779602246
3.83656158290924
3.45308919306244
8.55246723078273
5.74210536080215
8.93619724190778
0.350202142668126
-2.37334418770513
-3.2584326301256
-11.473363101077
-10.1407370100684
-4.29020759449969
-3.49414164066261
-1.70336010161006
1.02084044631654
-1.79744336276478
1.65391910156048
3.03709867153659
7.45121893323197
6.03831881872544
1.63383521901866
3.08030045729793
-2.50395473982034
-3.02993156108628
-4.01511666837029
1.26302904666495
7.18976372583282
1.75903519783678
5.97549258039773
0.606644774741809
7.50539526856329
8.96099510823638
8.76974401338495
10.3313051729682
2.50503790527571
-1.42652314675473
-4.82725694373452
-10.6696912560762
-14.0312827116412
-4.95815801754696
-12.9682294063871
-3.80633586865441
-2.93108724457256
-3.38565659497376
1.71517876906195
3.5187338603153
5.00438394343159
10.897010378141
8.36524918260409
8.52281716220634
3.6627262845663
-4.20033809375277
-1.28614525280668
-4.00969042244678
-1.56984337915637
-7.19878637266195
-2.30072906267562
-2.34068763496338
-8.36535961014943
-1.06278789775231
3.32323559253763
8.95654913747213
1.56781499413545
3.89998124724328
-3.63571194965707
-2.22092212691613
-2.900674206128
-1.13378271569919
-3.01088671790639
-10.4137498932014
-3.46068521809646
-5.1629958857595
0.0924834049005971
-0.280991705983013
9.0372304346116
10.4215069384199
9.75551672515205
13.840309142832
9.55811830499468
-4.38044393011599
4.36728986508018
-4.19725966320854
-3.93028862842428
1.54445542766282
-8.10842204752599
-4.95921881924057
-15.8654820707756
-4.6920428441391
-2.56731988303312
7.53322185206812
11.7551228314312
8.11365980358725
5.31409856498478
4.73054515004906
0.473967656681025
6.36058002885201
2.8093913583402
4.30923442637305
0.621824563215469
-7.73441224265885
-5.77928246317708
-5.40086588904066
-0.728395006979104
-0.387238855033293
8.42927546235534
7.6154349836858
6.96127531203067
-2.46522516228424
3.63865781496741
3.42255144028466
-7.16087514443275
-0.870473654308578
-9.17939517697408
-11.9244565866869
-10.5931036304488
-10.6390408745608
-1.50288148497831
2.08319209866186
3.48493220428686
8.07385033526126
9.29387982960408
13.5766456455887
5.68228049743205
7.05031333864508
9.98175692867812
4.79802828647307
3.93726300695351
2.19696781598609
-0.0283573004962763
-0.185956231052505
-3.44212148125574
1.20968476839322
-0.245224226735096
-2.75940834845096
4.20916018576208
-1.48433817162417
-3.37607675883225
-0.816597035004069
0.566366828290694
0.880657625431502
-0.0616257488136251
2.58705109382273
2.45829854118709
6.47865749308186
-6.198275707488
-2.37771884628381
-0.667232784019135
-1.92883608903872
-7.49712819600404
-2.30508687101088
-12.0875211473667
-3.19294306253503
-3.37602162838823
-6.37705616737133
-6.42094331390291
-5.95189076660187
1.25923855583426
-1.52911849515481
0.333377680956669
4.88696691121953
6.62883100849061
9.29695450632169
8.27151714413512
5.92609108553109
0.188531867433037
2.06902275722529
-0.121319143759284
2.9948876823724
-3.2836613614796
2.04000952824153
-7.30077650070554
-6.04452355619175
-0.447459090924034
-4.87714041683733
-0.135458756681137
-3.38431597612663
-0.861783736723168
4.36608133195161
-1.52411099526792
2.72891475874071
-1.39210119684843
5.39911416873722
5.79537799016041
2.0951792712116
-4.07595117133027
0.747856280923977
0.629310040215792
-5.71454413998997
-7.28200887576809
-9.62717893036199
-0.737540037346983
-7.1280562403019
-4.86269847087043
-6.06699580947499
-6.1070675735889
-8.23281744552339
-6.52115875863688
1.68656586579473
3.04939026957902
2.25158622002534
8.51937324609698
1.74624014541459
3.11752988681661
6.94506797953932
8.50929154621862
4.3406380061331
5.49846250212697
0.8641621646163
0.978255070785183
-1.32557884755456
1.60580920988774
-4.38758872570757
1.65590070831975
-0.33117327338161
1.19132019995755
-5.70427545698209
1.36902598517527
-5.45995262899005
0.292116535507259
3.79703576100036
1.91798914889567
4.02815330351702
0.68679655096178
-0.0554059322728007
-4.62238232325198
-7.41990037958561
-8.58248935442549
-4.99661005159326
-3.5949164528641
-4.49560802113904
0.20954221442412
-0.608765245416991
-5.00303625727536
-4.03173346076164
-1.40188639844664
-6.74269776598362
2.2666571005646
3.81134249436442
-0.729660894907061
8.46009240507486
12.6516480297286
3.93171911429425
10.3726232091552
3.60435311324443
5.23970655290253
5.38425681780883
1.29491675517568
2.64755555853816
6.20105809161459
-0.602347142591465
-4.32222492799137
0.532468234804089
2.8419255825683
0.865374063207324
-7.73322241120508
0.534337413107054
0.296568271042441
-1.03018284375823
-4.56145415737559
-1.74200253585231
-0.877783179268473
