"x"
6.1792867230502
12.2932058196338
11.7799626489293
6.09010839567099
7.0375605956278
-2.56705171283234
-3.122799783146
-4.70884601577387
-8.91033185858818
-4.16146287861612
-10.8299864546363
-10.3738852863824
-10.3993586066492
-3.12381818792111
-2.11221168439277
-1.89065436609539
-0.390908600150631
6.16476891311067
3.2611424261974
2.21333390263057
1.19098400531741
6.68589872215488
9.57995684379355
-0.464213635498206
-1.5327645900961
3.24541565821789
-0.258271111791663
-0.877035626952405
3.05984146293342
2.86498745349853
1.01761774835764
-1.09097459504265
2.81343154381732
-4.64910680948634
-2.93332338879069
-3.49388492020699
-8.28873555747543
-2.37662898482472
-9.23668180539049
-4.85280869953584
0.193453761664408
-0.440863281968565
-2.1392076504601
4.5422350545287
4.41266001623135
5.94085561784104
12.2827689079876
7.56998607626257
9.22869533602869
1.11528032718114
0.585818856357986
-6.30222898956382
-7.90079219731032
-8.14008773362354
-12.4022833757728
-6.3518851695463
-11.0516806007688
-8.63455701304757
-3.71683046085697
2.58950261017803
7.08217397840488
8.01351726184854
11.1941116624677
0.571402066098196
6.87156216517108
4.33397550156287
5.85361000017375
-2.54284762543327
1.72321472330577
-4.80317795477245
0.802993489151972
-2.80898898847478
-3.19345245729786
4.31124102625084
4.29986466435401
-3.88856990854206
-3.1779677674983
-2.03570205543234
5.70375268724159
-3.97385700662801
-5.40756137491057
-4.15250287846539
-4.15195389489621
-9.26683321263402
-2.76531871314402
1.82266332105475
1.83754969197883
0.0656258365722886
5.09924163140015
8.06510495139291
10.4160114392938
7.69314147653143
4.60421680694527
10.9354643061328
7.80355234498827
0.502931558561012
-1.37444133243457
-1.97473661043142
-8.61218874480094
-6.83284517672451
-5.90321638893847
-8.0292622350381
-7.42593228948746
-0.350396077922536
0.564642325417462
3.02992495491411
5.44629018236186
5.81557376626902
10.0174137000579
4.81380117077445
6.86280138969532
0.0997641650894883
0.103146919665668
-1.51870220824632
-1.68242882435039
-0.668968635371399
-2.78273165754362
2.79694795397406
3.7227800552542
3.31696446184119
3.76789468873899
3.25920488824854
1.03008047374922
2.92301470052309
-1.44071950890129
-5.92860849559855
0.138090623194436
-6.10614863108031
-4.7946909221113
-4.9549528871623
-4.61979489256317
-1.45590999179606
-6.57677042102223
-1.33176067809776
-4.3984120380806
0.823097753285246
1.55662777386237
-1.76669252069429
3.39975648469983
6.71820120703242
7.54667133295755
9.78427153209564
7.41838584849811
4.06588787071639
5.205592755814
3.67722606815988
4.86854664420747
-1.51405796647338
1.42449753897735
-10.5877502770337
0.850505962897038
-1.4916018540129
-5.90257591817845
-3.14926841695141
-1.81359933178551
1.04072259820243
-5.23401307191396
-1.11577682747229
-2.80663888143169
2.7200821332554
3.00884485243093
4.87446992444656
-6.57388044947053
4.60508533446904
-1.96456042444242
1.18773284472198
-0.947187233472169
-0.89962820788794
-0.712019846891745
1.73781528505561
-2.46615127575231
-1.65440523172589
-0.852628428030583
0.521952634755088
3.26813258514968
-2.00778623838236
0.1319257583385
2.28010764115618
6.9783472658616
11.8552489087931
6.62488161665529
0.373661129805037
10.1438980031138
6.27885418416991
0.170486020645893
0.360964323503467
0.520503771015494
0.716025690485579
-2.42122115252185
0.321498455929076
-5.32418257995402
-6.35273217877639
-4.37906842116217
-2.51776866134521
0.90367157594017
-4.74694868326331
2.99683662037572
-4.47847641236287
-0.54099714407897
-3.34501686465407
4.35630521484278
6.98512314075812
-4.16750130936575
3.47597913837016
3.36152815017113
-0.428689355794568
-0.963778803398539
-1.67780370899126
2.18269830827
0.656121970062543
2.48197117926381
-6.28506669630662
-4.80539539889507
0.0833291042737672
-6.84648357807644
-0.314640547045005
-2.71444998425057
1.61394137495736
2.10808954881568
2.09174781219831
1.15243512358144
5.08590525697792
3.73493042631791
4.27925523139745
-0.422674671625848
-2.7528156656291
-3.74367006995663
-3.67864417727111
-4.04911537791435
-6.03913564459621
-5.40225133992228
-5.91691140190383
-4.95174784738188
-5.34137088753254
-4.50734582852687
1.98817048761142
-1.04029911080384
-1.66986202232256
-2.34686719487005
-1.64946609439437
3.26888679533215
3.50940728978748
4.64043373440009
5.22201373702472
5.08110536323927
5.1247730372673
2.31733878376418
3.98035924022833
-1.98465580752231
2.16936678425689
2.70172508906705
-5.84044356236479
1.7513264246993
-3.17805363862077
1.75379447338316
-3.47787549427662
1.59941786465377
-2.21797279840392
-0.190896537447562
-2.62610487861319
4.33273036324254
3.05606088745736
1.0062215032215
2.3398356457586
1.92815728488317
-3.52391681395316
-3.35464583023481
-2.25070644070615
-7.75453855195088
-2.0712093601629
-2.50232273239607
-6.57205623541955
-2.74600522594057
-6.84306235656699
2.54306578764854
6.04987672504267
0.278017015837427
3.84596034923184
-1.86656099184278
2.99658552547825
9.16254769823705
-0.224685978656632
-0.642207827615314
8.8138722355947
5.20709980680948
1.64079078708874
-2.07914204071977
-1.1781959663509
-3.72804971335477
1.18910947744293
-3.28880687497679
-9.05412516898958
-3.70289163690478
-5.23723140204941
-8.33984608360992
-6.15159408406369
0.669220909723499
4.68881451874737
-0.0153376156510341
0.462497977414597
0.823150735134052
1.62486762402365
6.54131056466638
-1.09648755173688
-0.87876525665662
0.850200705129586
3.95341588035811
-2.67107279207254
1.56636014112903
-2.08561850757952
-3.785060226274
-2.62239959635015
-3.25537360541533
-4.47540010177592
-4.77240583862524
-3.07935791337417
-0.167298357959221
5.82702154905926
3.00356448377217
0.684124222826768
6.54385224889527
11.7291335264019
6.82890905029747
7.00451824367226
3.02856787626062
-4.49484494256615
-4.69055382631387
-4.4501175416722
-0.623821698098173
-1.2851968024505
-10.3701201120825
-10.367794426435
-11.61660371986
-7.06340817508649
-1.92203240854825
-1.42119691597319
0.0904202617696952
-2.54433302782291
-4.33478295496387
0.272270392754684
-2.38129052684653
1.26008511880049
3.28534056222199
3.09838943814349
5.72344037643462
0.284763559457355
0.968573732077448
-2.26001751654258
3.47516408678203
-3.15426483057928
-1.19890422170256
-6.36906116547078
-7.26903858076187
-0.454427135883038
5.65554737711143
-4.33845239078272
2.00059185780899
9.27581511776444
8.31258187109555
-0.000244089910861334
4.15108340988507
3.91069705349855
5.48256511069457
-2.88621516650533
8.08879164332757
-7.75819102702054
-2.61764658587513
-3.92592997094746
-5.63239551512336
-3.89164896570739
-1.94528851686692
-4.85367804743136
-7.9617941582596
-3.388904957297
-5.93097763352688
-1.05626331472825
-3.86978155551031
4.87056868273105
3.86632766419368
1.2201301456541
-0.0987233577020747
7.41968085869285
6.45143872094839
9.31716028485469
3.21776203173347
3.44768386729089
3.72765938238762
-3.77801607950087
0.984927352449404
1.23591388655805
-2.08791169039405
2.77886310759854
-1.93288113319129
-3.4532042387778
7.41923475823
1.02858133960416
1.19050511364352
-7.06501523661004
-0.613202483134274
-2.34250740898824
4.065411859299
-2.95583411089357
1.39537654263479
3.02606762063707
-1.21807425281093
0.933806778853767
-1.80554324401388
-0.459524546364253
-9.28466574254665
-4.78401997641603
1.33280297038929
-4.93465300806919
-3.96607377049897
-7.05809219307987
-0.862254057043245
-5.32286142458951
-1.24818539809659
4.86110444066431
2.98929933909947
7.18453794409523
9.03748965654557
2.5737435289573
6.14984036110616
5.99958699427705
5.98657189356879
-1.08216798045251
-3.28545894682599
-5.19280472860293
-2.96471062937169
-10.9497619796778
-5.38818629545078
-4.1921608381328
9.23972698514631
6.39924228080824
16.8315855677633
11.53210152259
8.35168856069072
5.43719128822168
4.02343917946611
-0.685801112968214
-2.06187563050474
-1.84143421875496
-8.46677522736424
-8.63203593684054
-12.6328778336865
-11.7559354020898
-8.66265249140578
-1.75106098075747
-1.48336642956996
4.71313726676248
0.533315891157339
1.2581773062235
3.18685739075399
10.0489746594098
8.720320330131
6.07487014149718
-1.16703064488749
-8.44926415290409
-8.25323212075729
4.69660695405435
1.92106004897044
1.9592999698992
2.42680827792201
6.10455448751887
0.0234423409234816
1.5878541124577
-2.22380092212307
7.51816894086758
0.942557476855526
-2.80111219892587
-1.34186084106279
-11.6625692471101
-6.12660381856794
-11.5237251028004
-1.72111499038773
-4.58986171129669
-0.055627580939964
0.600366527786688
1.44311130077587
7.5348836263944
7.78472340722097
6.62269141483052
12.5471734686205
10.2704750789147
0.578144182679083
5.77951288647687
-8.71736815293192
-9.98977197527662
-9.79707689667711
-6.72467488826956
-5.72464159147395
-7.89943267069334
-5.1112506091767
-5.90040290632761
-2.08519468797437
8.59042763784467
8.86703655426992
6.14111458910976
0.642552483050607
-1.51255315969916
