"x"
11.1460805376937
5.60671990077021
5.76632663968903
4.10553362542337
3.03481746375088
1.37003271291166
-5.75741081685223
-1.39215801907033
-5.08638383256904
-11.996198467353
-13.3069939794281
-7.63451261426845
-4.23964355657383
6.07306742887277
4.83417088232011
1.44021848245313
0.807092193900949
-0.0454878726946035
-0.682002464971214
-0.678899958758331
-5.03920767291272
0.644544944867815
-7.90948039637331
0.0153305604360296
-2.9209064586874
-3.68110749238899
2.60425149997292
9.46901160049183
9.26617760467399
8.37678436068555
11.1795751074847
1.65162723410512
5.73952259663601
2.3216772979757
1.18637273903552
-1.18570358837564
-10.4658778609744
-10.0169652100938
-16.6441041109099
-12.277394962115
-7.84432203464616
-3.78567813758655
2.0649222051552
8.43230958051633
-1.18412185677243
12.5395344034301
4.66439762638169
10.6081462306236
11.5302741412998
9.38970131846819
-2.03862326158782
-3.85143256684541
-6.75468056309308
-5.80991257618989
-0.994867293754412
3.71608855920249
-0.6939890686145
0.393199302910439
-0.250419427391876
-1.37048897631257
1.81017332824075
5.70164895169565
-0.675857122058797
5.13091466561432
-2.54653877317261
-3.3406267445025
-9.56006356309476
-10.9322647833043
-2.10069315376359
-4.71901989902861
-1.56231646467824
0.632369251189949
-4.8452247774814
5.17740041905127
9.66206092475839
6.47276677407014
9.53146232186724
9.85704475266046
4.29425940161011
2.79298161173082
-5.80518660229341
-13.6529757795321
-11.5339045881555
-5.46854040549816
-7.78256610566901
-6.59827691711423
-5.06994222477553
-2.92222158320912
-1.33683175234255
2.79432739210359
1.11425113260221
12.7983161349081
9.91504107933869
6.54541869847467
1.03326231284629
6.42501938688271
2.93886757541169
4.12370520192462
2.34179074914654
-0.00848425361372085
-5.58271641256704
-5.86902016751066
-1.95590359085317
6.74746544225839
10.7988015802662
5.71472478028345
1.76946457091527
-1.02803434122233
0.681767221630742
-5.18464979276681
2.87801904904338
-6.45418437547903
-2.12131858444914
-9.3458158618187
-12.3181801704667
-8.12943385794189
-5.96809017702297
-0.494449334909949
10.3725518936548
17.2214319114967
13.4345324137953
5.09816438398405
6.73842587119142
7.23567106628965
2.13470941497117
4.56315408490855
-4.28569855064904
1.71738152203032
-3.98572828013481
-13.9268921279
-9.66514718618883
-4.46119307764658
-0.545940650978563
3.32826778774559
-1.56333706280051
1.30884749710397
3.57856762090048
2.10476199290183
4.96146504147877
2.60516870286097
-1.55993245831016
-4.04617866734372
-4.040797947078
-5.47413388378263
-1.52169850567419
-1.89900233573377
7.30976313965512
7.09348600876843
9.14702336803619
2.61753527333971
4.90218391015869
6.58544968457974
4.27880041956469
-0.676789099682046
-2.1611106074623
-2.32562185293981
-7.62223041503295
-4.87801277691542
-11.2677139415251
-9.77278195295788
-0.768176798000002
-3.43164882649608
0.734217833217647
0.350140592117372
7.44138489630777
7.69658177174913
5.99800798563643
9.58369302983192
14.6253707462203
4.8080151075796
-2.32793401314466
-4.10875529194986
-1.16307577632051
-5.4478980407948
-2.72102816045792
-6.89839913412769
-3.3636163694354
-5.69346758029978
-4.91820617187946
1.75179159022197
5.4406247752796
9.55920203624104
2.3037094394199
-1.2852208597619
-3.33509389715631
-6.3415201258455
-8.73303530430689
-4.10319767300539
1.00481570097123
-1.52996921124864
-3.78974149885495
1.14569784399198
-3.1743394019534
5.65166292762433
10.1197428294836
10.6612490917417
14.9374353730331
8.60873683749937
-1.30966765555327
-8.21281160714775
-5.25368686052554
-8.69572373690126
-5.97218314805362
-8.24069353121171
-8.27171598614326
-9.43449361979368
-9.74426447734644
-0.219051341932762
3.15701934074927
10.2632690126744
8.40874096558615
-3.11289668765078
-1.45953275427722
-8.7894800860117
-2.58371846292435
0.329853195560891
-2.36658674382491
-0.996174102858766
7.41219976256809
-0.372267887667087
5.20416651195208
2.61961521465941
5.52579718442219
0.190524624800319
-6.62424573231503
-8.33620210525399
-3.82833441362583
-6.74352776857886
-6.82101989675444
-0.658305278241277
-11.6809060296407
1.84084509953955
-11.6536730944158
-5.78026413921855
-1.78375927314507
-4.3295886168419
0.673424193928572
-0.472005179890824
8.94408621349601
9.27407865143969
12.3574292525313
7.84609483644579
5.39504139639797
6.09525530349498
6.59997742007548
4.27628103853115
1.32707022279484
4.54916038192041
4.24757613761085
3.88537431404896
2.24595767960977
-6.98601584096731
0.197410821424735
-1.67317143528893
-1.0346865112733
-0.720881855401803
-2.1930616743572
1.54601818001156
4.21246933813443
2.82114657776425
6.12978163882906
7.95939900294576
-2.95208064789794
1.2479769413593
-0.334688312633456
-6.94035306826379
-2.85210382545207
-8.35447344783585
-3.99929968046438
-1.68108727567645
-6.49840219414391
-1.98829882939368
-8.05939658594644
-0.605567761539914
-3.44502263847934
-3.3110563564793
1.98754185609799
4.44955783239778
7.45631301666501
7.19744945303916
12.0413713109528
8.78577959691545
13.7374818667576
2.40257950343702
8.85327571929005
0.227657540331352
-2.68405821926286
7.76343500836196
3.52444033950965
-4.96698417571669
0.731365673037022
-1.00069315806586
-3.80990414005512
-4.16934814692916
-4.2298777729999
-4.50859283764954
-4.38414002133828
1.49329609401037
0.87771537583228
7.11280280731268
3.05319110866639
5.14675124794383
-4.12391300737213
1.67439464377008
-4.60662574997892
-5.89857544019818
-7.21602622933823
-6.21642598140417
-5.39838912389516
-5.38431148612697
-8.3129880547777
-7.37460163259998
-3.68985532208904
-9.93393285300617
-3.50740624697045
-9.59872732091289
-0.352174807927501
6.48977508927736
6.25787552400634
10.5283553470875
4.39971607203022
9.99341657505789
5.59655917183686
6.55676839155891
-2.30947210805
6.30184764192276
7.87091163097824
5.04023126746547
1.41931014582592
2.60395589692131
-0.0190911444058509
-0.340253603675174
-5.14175008566139
0.156784272277295
-7.24928305772231
-0.00328110586956187
-3.05663898699537
6.09557902993967
0.494414479335743
7.53151272595277
1.55319350999437
0.799379865808423
0.216325433378966
3.50383207516135
0.355678179174354
-8.93834268029208
-6.11084010441426
-3.88188328992205
-4.87549160189601
-2.41494210452336
-3.11069375712851
-3.74030110276787
-12.0830874421873
0.414155288806347
-7.0080430628865
5.131204732708
-0.783051827902132
4.12465313863897
5.36202987102228
8.51634112712861
11.7444770095106
8.14503733893014
7.16371397200435
12.0702635212873
5.20605903149277
4.37006998922708
-0.488041751951517
-1.95072164063219
-1.91354226124334
4.17201684451733
-2.01981959105723
-1.40546140669817
-2.241421569362
-1.97953290383946
-3.48192601688002
-1.87210580675196
0.15104927840487
-2.8672565174147
-5.59701968572494
-2.59022545405435
-4.72906732708032
-1.12812546663286
-6.46830891981493
0.20267642745593
-5.05108621115909
-6.20310187322895
0.827411461448275
2.50371317439594
1.4048446793923
10.1126538060447
4.34055769280227
2.84561372899629
6.65363386263576
2.97173525285573
2.51141617759548
8.06160404997769
2.17522635910461
3.67690321087086
-2.90105767931059
-3.58051870076664
-1.74331602746612
2.03580975735522
-3.13181410466229
2.57824134198516
-6.10019653282384
0.0868097799430436
-3.78539556817079
-5.87184053201426
-1.96881357843469
-0.771906610213814
-0.249037332359232
-8.4623549683539
-6.08428377946322
1.75132151877522
-4.65219673055235
1.16392914982261
-3.05859113125384
-0.424056530918792
7.03505258072641
3.62455906823764
5.21798924261595
0.940201475220539
5.19410412778922
-2.35621518087303
6.11061396930392
-0.472659259320932
1.17552069845326
-1.94091714411001
-1.8806109493158
1.49834298909375
-0.0428564519787824
-1.63005097070772
-4.98528461763542
-4.38038592665646
-11.0702561887693
-1.36082524749402
-7.44561090522947
1.07400400861952
-8.51315468989277
-3.87780608371582
-5.45251135229104
0.205678676402841
1.79406491577751
0.238930021164169
2.5965800293726
0.811792808243612
2.43999726662398
6.01392649165256
-0.920181241902813
4.57282816207956
4.9261049392411
1.79771822452001
2.49238635119192
6.23391111805096
3.07279135566819
6.97873051249612
4.41948314508208
-2.0510458068941
1.81411468282385
-2.34621358818224
-1.18956442383584
-4.36293843068143
-5.63865540341853
-4.28416284649584
-1.16030984387677
-11.8245034498093
-0.246980362398093
-6.48846660506378
-1.96812385061148
-2.13086883254872
-3.5067426912989
-2.97591620995492
3.45026522909659
-3.52642054135231
-1.65781046488388
2.67674484036247
1.04531606118403
-1.97886081296032
1.87224553584638
-1.15500691825057
6.24167441129703
6.79655808076887
2.00132001088173
4.83960883499158
3.29756922621688
3.26932511143818
0.124665709130336
4.7668572785267
0.352080154370714
-4.89775702699836
0.0965870560290212
2.20739997461623
2.14846934996384
-1.8542960630955
-5.06963489475846
-6.15355102004002
-4.13497612352974
-3.45870642929631
-2.46157783062613
-2.48645904475137
