"x"
9.08309876382754
6.90078886697146
9.04098898622573
9.85375311291229
4.70580394715275
3.56440861395488
-1.27951954352144
-3.59195179907306
-4.41276174573502
-7.66815598399438
-10.221206392229
-5.04551847103245
-6.58241490498225
-3.12638747282306
1.57750953097356
-0.916582078544049
4.86301335791381
1.02206129072784
9.83819496199053
4.47160631030358
3.27941830832073
3.74810333991337
4.03990910251075
-0.405892812927172
-0.471367754056838
-0.186477603896227
-3.23453350613536
-1.82513208669077
1.3454090743268
-0.552559637060686
8.39487267434494
1.23528509084762
2.10429201672211
0.851301985856593
3.27596117383192
-4.56649933593226
-5.96762319155666
-1.83753944269797
-7.9662686716148
-5.34353121177071
-7.19589085707772
2.06882652089597
-1.58840776117751
-3.2529418891019
3.71267794934814
12.2771908079314
6.52045407007493
5.1402194763038
2.15016364304141
1.21843813266528
1.53816929904205
-7.75048563970341
-3.73452827085836
-6.89363580208975
-5.21689532564263
-8.61261386941868
-5.68199753342546
-8.09801109310877
-5.15417722481133
1.22671824483491
1.51608765209671
2.1309372291129
-1.26396770356337
6.52627794215038
8.32861925586167
7.9117753090246
4.10775576519866
2.16266609834996
1.53199923498276
0.593282990583566
1.11328369207639
0.860867293615968
4.61605261523404
-0.638723104043627
0.0752454347558964
-1.20257920592452
-1.42469355584143
1.87725638679009
-6.46665266025497
-4.74813432856603
-5.65326030657707
0.537133339792433
3.47213553480723
-8.4690561826576
-6.38614184713892
-4.01903577667106
-5.399829111906
5.06294181382331
3.62204092271806
5.16819665129838
5.23542729719006
15.2627111640262
5.44307945572644
-0.52713990578016
0.094617810613312
3.19236381679164
-4.96512978186182
-0.253708684191322
-5.06898300425342
-7.15412788906862
-0.395674349671673
-8.30852793075423
-5.52288246885222
-8.89569856865475
-1.13317798474426
-2.48749942056431
-1.30906463817066
3.10061498464861
10.2321443739493
8.94174542982329
3.92670353206681
1.479947989322
1.44598054453323
-4.6001372878574
-5.0698666275689
1.59940653553328
-4.99017951067654
1.9982624667674
2.30467017401905
-1.32122104650997
-4.98416580759995
-4.07190456504757
4.23863580683493
-2.75334932029832
-0.0307345521936835
-0.147987906912239
-4.08755987883115
-4.76953719304648
0.741313289160959
0.919082766429898
-0.64229709030126
-2.67473584628145
1.8048247486366
11.5426928978431
5.47531342976747
7.06562189580978
13.0369470896328
4.38603256294925
5.18032405748176
2.22450084600901
0.155539726171863
-5.14877971677277
-6.36852058672795
-6.32677203635758
-9.18040919087402
-11.4890319158144
-14.030107114769
-5.95817943240634
-5.7560171123647
4.05905183185661
4.26481033550799
9.79689825682135
11.4352334922266
10.1035445052847
5.94616691495179
4.81011877037774
3.01573383803893
-3.7637419425809
4.74355356627897
-0.958962311796766
0.457184338168141
-3.27302338264852
-3.11044523829957
-2.018594005524
-2.0822057058348
4.19377611362544
-0.281558415249669
-0.88405873182975
3.56554487462598
4.74405667131423
-7.77629959114114
-4.82881502383799
1.56570736299632
-6.80872181025777
-4.17786501931401
0.58180743787327
-1.82134774652065
8.07869817617133
4.17166705166261
8.29981973582284
7.9558983924924
6.39094204226499
6.67270777180547
5.29818895205994
1.95197981414556
-10.0290755051517
-3.77993229658703
-12.1338976205884
-7.58436694335935
-13.2165490987282
-8.64152149786543
-11.3166567209205
-3.7888908395734
4.23510764430048
6.54920450197306
11.3970377950226
9.87974744849678
5.36932589975294
11.7411444446101
6.59183571820356
5.35715123737004
6.63085863388778
0.949283445911746
-8.92349708045133
-2.29752875712517
-4.34488956782243
-6.13230789666752
-3.2070161958311
0.316004648207416
-3.03341007502689
-7.23762835311222
4.02291122384136
3.71372328974966
4.6683736693276
2.52074153069416
2.02368051422782
-4.96801077880558
-0.468403363443805
-0.563734351475302
2.75918043511183
2.50919637250033
0.358548112020427
9.68840487809511
1.44890001474003
3.2202179556735
5.74056073441123
4.56070159578366
-1.26588172786235
-2.79982031044128
1.20827020021979
-5.97356760143521
-4.22479465634135
-6.71859243584539
-6.5016392125309
-7.99000630918863
-7.42537149554253
-9.15444138189861
-3.32699170937777
-2.21197760124419
5.55587178951228
8.68561683053491
10.0704060032845
10.8985933311831
9.87801458505476
9.37522384442218
4.35740509986945
2.63688357986258
-0.137835287940004
-9.92208503404258
-7.2624772175564
-5.78740390539203
-4.02150952454469
-6.29476996622054
-2.7029999774483
-4.75990383729822
-3.78246518740603
4.15611131260315
-0.808914840344313
1.87032224376515
-3.15380571150006
3.86692556801647
2.6060869776849
0.127220148104787
-1.30269983957855
-1.86810806940582
-1.57831608514927
-2.09018888530753
-6.51663892185401
1.92295577662627
1.77964907789386
5.08811690556863
8.10386072384994
4.25656545744461
1.90445300829714
-3.41409986886529
-1.97684622356226
-6.37084046050215
-5.79983213257056
-7.07904360239964
-10.9342215729915
-1.91005948906133
-5.99446044804304
-5.00739062789786
0.0135640610525829
4.79705390666144
13.144052232286
9.4664885031099
7.27427331397441
8.56853601858282
6.47881167209326
-2.29119719765834
-1.73668020218959
-3.31747050248447
-3.21955811101833
-3.01340059737475
-2.93971066959874
-8.60668895691792
-0.851670853201274
0.84914374961025
0.129874664775131
5.86625732466339
-1.83042127527037
-0.430738617767514
0.593965340068567
-4.38757502839156
-3.24723934461886
-6.07687073159919
0.999127828719435
-3.25812037716426
-4.18279893359734
-2.18224168019621
2.00908464382205
-0.387473194146292
8.98635974845765
13.2131570733015
12.4178808912971
17.7580566285708
4.22463669485411
2.20858611862742
1.15616834827029
-2.31175163072547
-6.09437815824812
-2.40993743748736
-10.562231080231
-15.6957863002219
-8.92180869676663
-8.57102784359807
1.50801971238068
-0.410858262972778
5.542995418089
8.48455332634402
1.0066572186613
5.50707757285078
2.37243246310428
3.34128939385706
4.14693138319977
-3.22779145730846
1.13998223291258
-2.50219752022312
-5.57730997505266
-0.276287146783599
1.80975065543347
0.394660676715364
2.28318367977654
4.50658983157469
8.32393258828841
-1.14552498864076
1.65820374476466
-2.4365146246826
2.59236577168854
-4.94667271048701
-6.57755687826503
-12.5798910809898
-12.4527554794315
-4.86090843604192
-6.20339376939017
2.5193907796046
0.101717517705584
3.5323262707501
7.90031261993513
4.91874818669556
4.42788418965544
7.53882114876728
10.9029026241757
9.30661961488623
-2.38577933350148
-7.27971521137866
-3.77257235546964
-5.25340750986107
-6.28314177695591
-7.22883005055033
-0.997332235038887
-5.20866854517584
-8.4767608832732
-4.96153599139511
-0.821413948243905
0.51928112291774
3.00709137315568
5.67452766944032
3.39687238100118
5.61573881579035
9.60017354743944
9.1035628093775
9.33229301134877
1.11661881670063
3.90902421559596
6.57352213800171
1.06050123985402
0.122741666489869
0.888934173162448
-6.80308160854958
2.24157987769733
-1.86804075280967
0.716719376939065
-0.34316123284531
-4.04066261998685
-2.71429647730702
-0.837575847503959
-1.59242639227801
0.714644259445788
4.33563476720335
-1.03010182115976
3.60093784750541
3.03348170119449
-2.23942335003985
-5.24435244365263
-0.903938082100774
-1.63840312843681
-8.38520913673689
-8.52687953014256
-10.4349159028866
-0.783644477473363
-2.82043251707311
-10.198165363778
-6.08630543455037
-1.52019894978991
1.75144964152225
-2.06903007972103
7.07591829515875
1.91884611785089
7.62205600009738
10.4531758031287
8.10238598621409
6.24771426518434
-0.243117601369978
3.33283885831058
4.86180085126394
2.78668647803365
-2.41785698200536
0.439673241453039
-1.28289432822601
-3.33834517067658
-0.449373132886393
-8.75220406725196
-2.04698852382757
-0.854495135635727
0.653411647260042
-7.13183797695326
0.673881381705726
4.00769398960876
4.53726171570148
4.27138342780335
-0.781985211120587
-1.26891026970266
-0.198574155499179
-0.0866427297438448
-5.00019438054407
-1.99637371995553
-3.60682293799203
0.215309738266935
-5.08764667173056
-7.03650362558205
-2.2961785799077
-3.97251475687784
-3.70300922417386
3.35237639185262
3.48937508031797
4.8582820106864
5.78317067766271
5.98446599580058
10.3931299288684
1.3870184791236
7.30752639558642
6.69786149511822
5.13698128413261
7.81346298575644
1.47198068409369
0.154632401781455
-1.43876321702566
-5.21343467536954
-6.44633109173866
-4.98010885588142
-1.4637461041
-9.0853827718581
-10.0212043044622
-11.885929765833
-1.20228308854931
2.58501629945364
-1.5934301756971
4.60818402328162
-2.05093299411468
3.99513510147331
4.06258111955219
-0.714318560574747
4.30463951136728
3.80347184060433
-1.30887091817494
0.467891953320749
0.813858501526947
2.97637291693102
-5.28361263137662
-1.44763634564239
-1.28639133403863
-5.04602767318628
1.03536041540423
6.10910379154715
-0.0973578976556901
4.58687358040086
6.82315304486002
0.55987576352162
