"x"
8.30209594092381
6.68178448946536
5.20817053394703
-1.01911782949915
0.395838301179623
0.406001562795162
-7.75813400011446
-3.80438784412235
-2.31969073634415
-5.46702147224106
4.24564504606718
-1.71307376562875
1.76513008585608
5.07650675399302
5.4225636520648
0.775118044822273
-0.583058478855893
-3.87883879234031
-5.96577790746087
-5.22474394036574
1.06230329362949
0.353582144831738
3.3897597057078
2.32432229942834
7.03606318575198
3.2011285340941
-1.21916670105053
0.62230653144182
-3.27483848481187
-3.47636411643741
-4.69677653632743
-4.41348206416414
-8.61078247847445
-7.22315144048992
3.01866229435593
3.5179785642681
4.8037098039789
0.429105168907117
8.31331255532582
-0.6935521332998
0.0691262262055869
-4.92123228556599
-5.57129237615202
-2.33988491916989
-7.79145066389814
-0.371870394634908
-0.0303847192755872
7.90277548963737
-0.267936628637093
-2.28606001184457
5.87328342188836
0.309598177125963
-2.6678898272093
-3.87578250877723
-3.90043725008592
-6.76751822290708
0.440464251366192
-0.683357574761461
-1.93911034634873
0.222679353866719
4.88830843867716
3.33071381525936
3.13192594156827
2.15416444286015
-2.95886430492302
-6.9840221310829
-2.7153519702578
-6.76913942864012
-5.99639848246561
1.93590438639406
5.03597702236274
5.40173296042633
5.42492199290705
-1.5006241532008
-2.78004595499781
4.17536000077768
0.581407057909891
4.4860720133186
6.65894992840965
4.39607054608976
-6.39922807270103
2.46000615701916
0.762004152688738
-0.702823641032407
-0.728079349393007
-1.23570509973933
-1.6803731551361
-1.32615218144954
-6.99236207257797
-4.9183246509553
-9.39352853827076
-10.2276006624934
-8.50253104878115
-1.12645920191359
-9.9723539563564
2.17866509792791
-3.30907666075176
-2.19926470224311
2.88705667235755
-0.474453419338018
6.34631294946619
3.53197290603655
6.18647178846605
3.58612086219746
5.93495812506815
2.50020347924243
0.592476690106598
3.96894157652299
3.94602187519755
-4.78072337077749
-0.822165121505551
-1.48032284795228
-8.65915573387692
-3.0575216433137
2.50340166289293
-2.01209273507571
-2.89313747325249
1.64733738345524
-1.85800541361508
-0.227428556863151
-5.07903188804814
3.13759136123159
1.72195157385548
2.10344956220574
-3.03742398323986
-4.47249451073242
0.600530814749681
-1.21014826121696
-3.39961906992766
-4.51195793101196
-2.10517729963098
-6.50380617345697
-9.29474962735157
1.65378910314597
-6.01960094956277
2.85426109975209
1.59754196624761
2.07370474975287
4.03457059532331
5.72388904894004
1.14163726564272
9.48376190699422
2.00286331514544
1.0483725240942
9.14165360220784
-0.239304598488281
7.38147555669857
-0.702998834745183
1.51148280826682
-8.36758049253311
-7.41933087032407
-1.80143069984804
-4.5321862341385
-5.01413521207924
5.71078161001159
1.968309834723
-4.52900534971865
4.25123738023567
-4.0844526135771
5.35577643878383
-3.56145602116209
-3.39334492711835
-8.98894949069897
2.27804712323493
-8.65380957215779
2.88535218485596
-3.66711966532682
3.036398759814
0.806267711818769
12.10509393474
6.63839559950877
-2.35066271064519
-1.78531320854857
-5.07855678787354
-6.5893845590503
-5.67526061531602
-3.06885813922283
0.419847827470761
-4.72625311351442
4.49103173411482
5.30139207707831
2.69060437892135
6.68442938169347
2.86590905411176
1.27878213925328
-1.71349957953005
-0.580227757065515
-11.5159404145465
-5.52207021209223
-6.13584200603224
2.69733723789201
7.27727808614015
4.28273820388543
8.48451469577861
1.4104180239997
5.88267134404744
1.74001904399888
0.283527138895102
-7.59644280030406
-8.1099140299949
1.20016477572374
-3.06523179007432
-0.25311087932344
5.83868052000228
9.26205372807915
0.516294590974275
2.76534644694183
0.689931477637574
-2.2184664350747
-1.99852936367577
-2.48076098116367
-6.71145296419178
-4.0110207166893
-5.55700378431528
1.7664244150229
1.50060325150501
3.01290189757298
7.69178245286766
4.7599283951756
2.36266998847384
-2.38039659870485
1.21222512305868
-7.99446398743758
-6.43291851372739
-12.5556327426886
-3.05624959044264
2.14023821516158
1.93652793439532
3.13120948267324
-1.10406893714845
2.39484141935687
0.230361875914445
0.104963363479058
-5.08049164447461
-1.82704011904575
-5.3522442869834
-5.02338992566519
-1.83354185429164
-1.77170220911896
6.51297924215405
8.94301455613982
7.34156874035551
4.15781395390616
-0.908663001178787
0.259012703389312
-7.61944836530895
-1.26019748948836
-3.47132309357262
-0.903942735776988
2.02146535309004
5.96471372558633
-1.16074683468515
4.46187564711325
2.1811606269577
6.8656465164993
1.17195254513449
-0.470624570277751
-3.18201560795069
-8.27228804824348
-9.04964181207681
-7.60843271495956
-5.64299094196058
1.43447044608004
3.1076218632869
3.2612086549273
5.07144864336484
5.68794265222417
3.50047341444815
-1.4670271732812
-2.77462451141125
-6.39888062148914
-2.37584007092936
-7.64367020545951
-4.5090074607587
3.39262903862368
2.30144144853432
7.6136757337328
3.41506492365108
0.471934425823026
0.493149484768847
-0.959316868739099
0.544106589742876
-3.77267811396529
-6.9539302489373
-3.63779748142425
-2.5720073761083
-2.80455034165204
2.16542307654242
3.28397409933331
4.48949858188535
6.06728914071249
-0.0368440185354975
0.625449864849526
-10.1218504880844
-7.79859670588417
-3.52720223570105
-1.57004845805042
-1.39517995047883
1.63762755914916
-1.11379423801023
3.06285172729135
6.66065725838447
6.59574681550131
-2.09145195640986
5.32245557791238
-6.8951834354948
-7.31381934841291
-7.87107008707806
-2.83065689995183
-3.8636216325816
-3.27478502400579
4.76980919761745
4.25713395176149
1.75095657038218
6.69204194571107
5.03321616071126
-1.51710983381195
-2.28354280063187
0.193345659810205
-4.35754857904089
-9.2069197314944
-3.21947684261679
-3.72709252080869
2.90819510001041
0.828583138252657
0.626155964705216
6.98506939784484
5.51152845220607
-1.93493632891211
-5.7053895184615
-3.94899013858636
-5.95803601697442
-3.31394593136643
-0.752361148616561
1.01435037425067
1.81866578476543
3.9807407718542
5.47380127656861
4.77818740822075
1.31401962086907
-1.00428784158369
-4.47710939426271
-7.2284622318742
-4.58032287162766
-0.299183647238127
-1.4691623345417
0.976094396434914
0.787562940515034
8.23973016369206
-0.383397831282378
2.02089188715588
-2.74820335431989
-1.61122398193004
-4.50331680778102
1.16643568380122
-0.242261967171379
-7.41591039698704
1.28264882552955
-2.25213958840973
1.46048087732133
2.37708859252721
5.34441198475798
2.9939408706082
3.20457839910057
2.22955412289584
-3.42758020915371
-4.14510393786102
-6.82182272974614
-5.11591491511018
-2.58660399568413
3.67260955767171
2.55737796936213
8.59865712876499
5.46634429575864
-0.301217170297901
1.655860859126
0.0567473024558971
-4.58719800844868
-2.1392380544344
-5.73690870263684
-8.70286925910626
-1.00441167801727
-2.6255148537639
2.38839568283655
2.48486487798022
3.97474644007615
10.6760042911048
-0.482841150177661
-3.4148150642267
-5.18544280477999
-5.57507547326664
-5.0327671543619
-8.9262201247888
-4.76824965859192
-0.0654671287298971
1.87731788924566
2.24241888065771
2.47829065749069
-0.514054421962627
-4.31059049458058
0.351333959387522
-1.76940134584293
-6.02233409954484
-8.07802943892148
-4.14342615802312
-4.19564619404437
-1.89406555185497
1.28966176873202
3.21527583682689
3.89902622397219
2.95747330591017
-0.00161538579371201
0.0940038163515532
-7.32832283965573
1.26072935333217
-1.47919633456897
-0.272086254207143
-4.82231112721938
0.990123122878731
1.9589940327884
-0.554333451872428
8.04527129187298
5.96909147970217
5.71585915894204
-0.80803854348968
-5.75149454209483
-3.89258971027104
-1.46667315409401
-0.0387579364573036
0.471577689820544
0.278496941653486
2.34541955680361
5.73906637938903
3.21704520369769
5.31436831331316
2.03611925173674
5.75275856395459
-7.32062443477834
-7.79219676509847
-8.04321056195757
-5.39394313155335
-0.702390323935752
5.39880788063726
1.09764167001546
3.42883844046946
-3.14472639906345
10.0102297819476
3.84131148246491
-4.34552487539383
-0.601376319152178
-6.0122370963529
-4.37881734265119
-2.75243785960064
-3.31667454273224
0.39707086791662
7.87556232403698
4.78417964240901
6.91931956699912
3.89466637735195
-6.53586597777901
6.51340560785222
-4.96179973686832
-5.23127568141637
-5.347124561088
0.597293995161712
-3.62761448284305
-0.498039664435665
-1.35070856583179
-0.590626749951653
0.179634461757967
6.09700232134973
8.55052745442477
2.63432741418797
-1.56893967556377
-9.41333448964006
-4.97931302331353
-2.7770793097821
-2.82428396269914
4.28162748828867
0.604472727581307
5.27075000579093
8.73645886580338
7.49523139515242
-1.68985088009676
2.1357781932308
-3.91387588630453
-1.56148939011673
-4.43601695417939
-5.67085510870118
-0.29503789155882
3.2013001248999
4.73640283779439
-1.28795469846483
6.16306357932107
7.60942565284307
-1.15653228328082
-4.52310626164608
-8.47648264687887
-5.1843858258704
-5.93272853158612
