"x"
3.83933998420384
4.0108823879007
4.00712998489726
3.82824677321079
3.48205080756888
2.98367251290262
2.35489341217333
1.62319416929976
0.820553552277992
-0.0179491924311217
-0.855667471301214
-1.65598897572737
-2.3839358155975
-3.0076932209328
-3.5
-3.83933998420384
-4.0108823879007
-4.00712998489726
-3.82824677321079
-3.48205080756888
-2.98367251290262
-2.35489341217334
-1.62319416929976
-0.820553552277992
0.0179491924311233
0.855667471301217
1.65598897572737
2.3839358155975
3.0076932209328
3.5
3.83933998420384
4.0108823879007
4.00712998489726
3.82824677321079
3.48205080756888
2.98367251290262
2.35489341217333
1.62319416929976
0.820553552277992
-0.017949192431119
-0.855667471301209
-1.65598897572737
-2.3839358155975
-3.0076932209328
-3.5
-3.83933998420384
-4.0108823879007
-4.00712998489726
-3.82824677321079
-3.48205080756888
-2.98367251290262
-2.35489341217333
-1.62319416929976
-0.820553552277993
0.0179491924311257
0.855667471301216
1.65598897572737
2.38393581559751
3.0076932209328
3.5
3.83933998420384
4.0108823879007
4.00712998489726
3.82824677321079
3.48205080756888
2.98367251290262
2.35489341217334
1.62319416929976
0.820553552277993
-0.0179491924311179
-0.855667471301215
-1.65598897572737
-2.3839358155975
-3.0076932209328
-3.5
-3.83933998420384
-4.0108823879007
-4.00712998489726
-3.82824677321079
-3.48205080756888
-2.98367251290263
-2.35489341217334
-1.62319416929975
-0.820553552277994
0.0179491924311248
0.855667471301208
1.65598897572737
2.38393581559749
3.00769322093281
3.5
3.83933998420384
4.0108823879007
4.00712998489726
3.82824677321079
3.48205080756888
2.98367251290263
2.35489341217334
1.62319416929977
0.820553552277994
-0.0179491924311241
-0.855667471301207
-1.65598897572737
-2.38393581559749
-3.00769322093281
-3.5
-3.83933998420384
-4.0108823879007
-4.00712998489726
-3.8282467732108
-3.48205080756887
-2.98367251290263
-2.35489341217333
-1.62319416929977
-0.820553552277995
0.0179491924311239
0.855667471301221
1.65598897572737
2.38393581559749
3.0076932209328
3.49999999999999
3.83933998420384
4.0108823879007
4.00712998489726
3.8282467732108
3.48205080756888
2.98367251290263
2.35489341217333
1.62319416929977
0.820553552277995
-0.0179491924311088
-0.85566747130122
-1.65598897572737
-2.3839358155975
-3.00769322093279
-3.5
-3.83933998420384
-4.0108823879007
-4.00712998489726
-3.8282467732108
-3.48205080756888
-2.98367251290264
-4.25828894055099
-6.78794196473864
-8.51147828448134
-9.18071779010147
-8.69596137967519
-7.12193211682457
-4.67813104698732
-1.70514990862722
1.38758006362124
4.18410648748388
6.324252602313
7.55590055628493
7.7690306549378
7.00640490169934
5.44972319538373
3.38416843347022
1.14779807565517
-0.925362040124321
-2.55880736352856
-3.57472457162964
-3.91626107632621
-3.64773017687765
-2.93349615937244
-2.00000000000003
-1.08826579897315
-0.405775660336431
-0.0865568177362759
-0.166709385456051
-0.579711342657716
-1.17218723118916
-1.7370683745753
-2.05787296484313
-1.95576291023407
-1.33046111278335
-0.187144508008443
1.35611121013087
3.08229808577189
4.70896121464876
5.93574004039384
6.49785044538388
6.21613476623648
5.03467999030929
3.03896165504233
0.450689527452051
-2.40053348193432
-5.12464843819657
-7.33024525130022
-8.68579117288351
-8.97291848680454
-8.12288454840225
-6.23000503422619
-3.53961234080107
-0.412275593396813
2.73006899989542
5.46744957527409
7.44448101698169
8.42226005393052
8.31133394149935
7.18071779010147
5.24192389208676
2.81109160219731
0.255870993056849
-2.06388074631059
-3.85168167875898
-4.9172135079039
-5.19960416411647
-4.76795859154627
-3.79985565701796
-2.54230328656158
-1.26257868737532
-0.197976357039493
0.486520013536676
0.725217697142341
0.558807363528571
0.120687084041255
-0.394579438301047
-0.774529877052896
-0.835534495565368
-0.464101615137745
0.355158778553153
1.53042409853299
2.87449878247492
4.13588438337586
5.04381295779546
5.3593317391976
4.92326045100606
3.69219105403503
1.7556185672521
-0.669538887216663
-3.26689297958002
-5.66695172475817
-7.50455813970235
-8.47799186958656
-8.39984165553161
-7.23095746580391
-5.09148632803996
-2.24673802557066
0.930213342877466
4.0134120876856
6.58767798994282
8.3108405146273
8.96456334049208
8.48564682990153
6.97291848680457
4.66884706081387
1.91916451959891
-0.882647713129409
-3.35675506154102
-5.1941706150332
-6.20055659569414
-6.31983257878517
-5.63431808919189
-4.34215894357955
-2.71661617496376
-1.05477938407841
0.375100474233444
1.37844709613505
1.86373640332865
1.85168167875901
1.46317602031551
0.888763649489169
0.345698537615824
0.0308250020802139
0.0782016714238081
0.529471666955319
1.32262479523603
2.30142195120193
3.24395730077748
3.90529425160921
4.06645742396713
3.58077151473175
2.40884796624479
0.635390152583363
-1.53589838486222
-3.80919626614155
-5.84126461316028
-7.29675883640538
-7.90491503831362
-7.50791457293325
-6.09243875961762
-3.79861201280954
-0.904249089296379
2.21355643066773
5.13364050235443
7.45403748758839
8.85314380118886
9.13887622889423
8.27784752660459
6.39984165553166
3.77691997821553
0.780645813412661
-2.17552202835988
-4.69924399781528
-6.4775137028235
-7.32078501036284
-7.18619207643073
-6.17662137575346
-4.51647183198175
-2.50881687166681
-0.481702552805488
1.26702755683181
2.51696580232128
3.15661071855901
3.1941706150333
2.74651910810572
2.0089920641579
1.21205803526139
0.573128288641799
0.252514559825967
0.321672363658371
0.749547963963098
1.40949486860364
2.10543859459123
2.61241993637872
2.72396848769288
2.29742842694158
1.28861955157609
-0.230969345062173
-2.07820167142376
-3.98350915454367
-5.63346530986333
-6.72368200513248
-7.01298795571527
-6.36939586674696
-4.79956444438721
-2.45612307653523
0.37909399849371
3.33378484533645
5.99999999999989
7.99634077414992
9.02745668959103
8.93107692559731
7.70477069533163
4.12113402597865
3.80605603729517
1.69688031578919
-1.70568297829564
-4.67923050575024
-5.41835671644246
-3.3236513569985
0.517751928872694
4.02846824715538
5.5133875105935
4.71151879610452
2.77805921852449
1.25178703616813
0.8180807899827
0.816922718241358
-0.133974596215428
-2.88892188152268
-6.87251647067556
-10.2492319854641
-11.0825318899183
-8.65072637948115
-3.95588768320134
0.947965687880545
4.31170592835283
5.739545681863
6.18146156936149
6.92378352071477
8.38507829798452
9.66173796516687
9.18749607270365
6.0129663901383
0.724681614586514
-4.72223515376587
-8.17663986824472
-8.63456300930375
-6.78528480431233
-4.38086928647356
-2.91858510619112
-2.62371626189645
-2.47583392608201
-1.22183981480635
1.43139280587469
4.38681656799685
5.8493110370553
4.64060673497923
1.15067638486009
-2.80537561215661
-5.14732093791825
-4.8734756253506
-2.61933295886587
-0.0486860460655043
1.43790230065684
1.69501838991792
1.78658610681504
2.96278359492193
5.46876975292721
8.12696139996551
9.05028314127276
6.98276024298382
2.27599463107289
-3.2345762041628
-7.38024987157841
-9.00573705654287
-8.54356795611457
-7.43175988697741
-6.85559643559176
-6.79041310840603
-6.07767952394428
-3.46862669625964
1.17749966126812
6.48399980336501
10.2927500718694
11.0389277094809
8.76793661434658
5.05232240356859
1.87587191761747
0.310359696155265
-0.0501474106502606
-0.514075979054377
-2.05566999392963
-4.39008152057606
-6.08721752088089
-5.65255378336611
-2.75623272854118
1.33753434942627
4.49999999999994
5.11981427855894
3.13878169964159
-0.00476129951571225
-2.46291145130768
-3.27543741982057
-2.91705094052602
-2.71448575766864
-3.61387958739401
-5.270493622567
-6.18456383442286
-4.80689641802285
-0.790371340378725
4.56538232113559
9.03885692726286
10.8760898930476
9.84535024537621
7.20800269095113
4.66300512818171
3.07960953533286
1.97304544488535
0.0989492561086887
-3.31661146463633
-7.68389857831096
-11.214764411683
-12.0658230930837
-9.63003635623742
-5.01778197706024
-0.35897707768418
2.57302791513899
3.41862557729101
3.22074091260718
3.39987561726133
4.52518757116926
5.83041449866681
5.84424100379993
3.64661202441014
-0.225050094034549
-3.94284698622498
-5.5469979839855
-4.26328105464145
-1.015528087747
2.24085890669417
3.86902423427011
3.59145710076983
2.47435478817508
1.91029174028929
2.40686269796901
3.12620405923408
2.5400296960627
-0.293418609100599
-4.81085229134644
-9.10968047860511
-11.1169994636994
-9.92745622811734
-6.34260311022955
-2.2327807053804
0.788521674995468
2.38977551852907
3.50238167393346
5.3136940911262
8.07885918251571
10.6932015672359
11.384844942988
9.02805205981862
4.09103598031491
-1.51248239334334
-5.59000263200088
-7.02156420644376
-6.32643974005246
-5.06217782649112
-4.54031329935871
-4.84051551601473
-4.860880269826
-3.34360140431714
-0.0667641530054497
3.73951607512588
6.10992354581811
5.68986702417035
2.71867632515538
-1.08648762306953
