"x"
11.9506454167033
10.3349341223482
7.0663065123496
4.0011901638301
2.14118015595084
1.08294905947396
-0.403696723127417
-3.14977797225632
-6.68470718494014
-9.38071625712956
-9.56717519534713
-6.79037134037849
-2.26544881700873
1.84270450455649
3.80502208118212
3.38124863023836
1.79138511517968
0.663005128181746
0.768820500791634
1.50894382974768
1.5131628184817
-0.120459041929802
-2.92361980098685
-5.21476441168312
-5.23499195493911
-2.43388393353065
2.05328583480565
6.10512453745359
7.98964549091037
7.41862557729104
5.5315299471483
3.86397723239914
3.1109740087962
2.63426207596031
1.0839622264756
-2.35338797558998
-7.0558812321792
-11.1389994089319
-12.618065795851
-10.7273826697793
-6.4321456635183
-1.75914109330588
1.55823519972899
3.12735548563196
3.88856835054805
5.10644416299591
7.16714147529342
9.12620405923415
9.37086083420707
6.90273381360593
2.26021552051896
-2.64557886346761
-5.70038188792797
-5.92745622811725
-4.03181407568838
-1.76867909024248
-0.625691887377549
-0.80637690417755
-1.25789710339084
-0.68630590887362
1.24802804437134
3.49704914452934
4.31377713112262
2.56395044468082
-1.32558159545687
-5.51248239334333
-7.90079166654217
-7.48566582158156
-4.91222617767929
-1.86602540378447
0.219965477965664
1.15948448398516
1.96995086831847
3.85255101838951
7.0043036588601
1.96410161513777
-0.598076211353311
-2.99999999999998
-4.59807621135331
-4.96410161513776
-4.00000000000001
-1.96410161513779
0.598076211353328
2.99999999999999
4.5980762113533
4.96410161513776
4.00000000000002
1.96410161513781
-0.59807621135331
-2.99999999999998
-4.59807621135331
-4.96410161513776
-4.00000000000003
-1.96410161513776
0.598076211353292
2.99999999999999
4.5980762113533
4.96410161513776
4
1.96410161513777
-0.598076211353309
-2.99999999999998
-4.5980762113533
-4.96410161513775
-4.00000000000001
-1.96410161513776
0.59807621135329
2.99999999999996
4.5980762113533
4.96410161513776
4
1.96410161513778
-0.598076211353272
-2.99999999999998
-4.59807621135331
-4.96410161513775
-4.00000000000001
-1.96410161513779
0.598076211353289
2.99999999999996
4.59807621135332
4.96410161513776
4.00000000000002
1.96410161513778
-0.598076211353236
-1.04912155957557
-2.20713086465488
-3.31124169587981
-4.24596878508312
-4.90743373618538
-5.21393129533584
-5.11447222487262
-4.59444902850763
-3.67784824670183
-2.42576761998459
-0.931355464515371
0.688361942034922
2.30299535755113
3.78065089794741
4.99999999999999
5.86140655421804
6.29604609125751
6.27214474612738
5.79774329477952
4.91972682741951
3.71922093034414
2.30380549225256
0.797303321893535
-0.671867123837148
-1.9826499996399
-3.03247043930348
-3.74644819617826
-4.08383124504743
-4.04104838417391
-3.65111212712849
-2.97946076065474
-2.11667635369527
-1.16881969895196
-0.246353926793615
0.54723665551882
1.12600016763422
1.43019652014121
1.43224439932863
1.1393505517277
0.59256626381465
-0.137628952899987
-0.958771381956657
-1.76613863808652
-2.4537830357872
-2.92576761998458
-3.10647719172518
-2.94896544276115
-2.44049073765734
-1.60466843886344
-0.500000000000019
0.78510421178216
2.14034524834156
3.44383435570626
4.57367808386489
5.41972682741952
5.89434265755393
5.94113287704865
5.54078941710201
4.71345221297368
3.51735000036011
2.04383190313241
0.40925264673769
-1.25552085462632
-2.8169831732593
-4.1511121271285
-5.15458248786453
-5.75400373849135
-5.91230579416041
-5.63167326360444
-4.95276334448119
-3.95030217480166
-2.7255043227748
-1.39606599109247
-0.0847146591869237
1.09256626381465
2.03749277430982
2.67855600283943
2.97734745712195
2.9315363010236
2.57423238001544
1.96982515071071
1.20673540015482
0.387819652763754
-0.380603227948788
-1
-1.39001751542762
-1.49698213645454
-1.29965173950219
-0.811641252945948
-0.0802731725805006
0.818040315118055
1.78543203413267
2.71247902668089
3.48938700205905
4.01735000036012
4.21895363034217
4.04658003153378
3.48796524058215
2.56833616355155
1.34888787287151
-0.0782801454286521
-1.59830289557539
-3.08399540373924
-4.40760805268978
-5.45276334448119
-6.12542390201145
-6.36283170757084
-6.13955208630095
-5.47003399599775
-4.40743373618536
-3.03880956812603
-1.47714484007658
0.149037066700796
1.70747109010895
3.07423238001539
4.14494687792048
4.84406278495089
5.13130574797224
5.00471610886202
4.49999999999998
3.68628482700823
2.65871870646146
1.52865865091894
0.412423957968704
-0.580273172580484
-1.35708141209173
-1.8518953506634
-2.03100706852757
-1.89593233475176
-1.48264999963986
-0.85734871209372
-0.109120811382201
0.659654850161024
1.34427095263692
1.84888787287153
2.09684158178114
2.0390244892207
1.65949069146915
0.977711284120986
0.0472366555188302
-1.04912155957556
-2.20713086465488
-3.31124169587983
-4.24596878508314
-4.90743373618535
-5.21393129533584
-5.11447222487262
-4.59444902850762
-3.67784824670184
-2.42576761998458
-0.93135546451538
0.688361942034941
2.30299535755114
3.78065089794738
4.99999999999999
5.86140655421803
6.29604609125751
6.27214474612738
5.79774329477951
4.9197268274195
3.71922093034412
2.30380549225254
0.797303321893571
-0.67186712383714
-1.98264999963989
-3.0324704393035
-3.74644819617825
-4.08383124504742
-4.04104838417389
-3.65111212712847
-2.97946076065469
-2.11667635369528
-1.16881969895197
-0.24635392679362
0.547236655518834
1.12600016763423
1.4301965201412
1.43224439932863
1.1393505517277
0.592566263814595
-0.137628952899963
-0.958771381956653
-1.76613863808651
-2.45378303578722
-2.9257676199846
-3.10647719172517
-2.94896544276116
-2.44049073765735
-1.60466843886344
-0.499999999999999
0.785104211782182
2.14034524834156
3.44383435570628
4.57367808386491
5.4197268274195
5.89434265755393
5.94113287704865
5.54078941710202
4.71345221297368
3.51735000036016
2.04383190313242
0.409252646737671
-1.25552085462626
-2.81698317325926
-4.15111212712844
-5.15458248786452
-5.75400373849136
-5.91230579416041
-5.63167326360443
-4.95276334448119
-3.95030217480161
-2.72550432277478
-1.3960659910925
-0.0847146591869863
1.09256626381464
2.0374927743098
2.67855600283943
2.97734745712196
2.93153630102362
2.57423238001538
1.96982515071067
1.20673540015481
0.387819652763824
-0.380603227948808
-0.999999999999995
-1.39001751542763
-1.49698213645454
-1.2996517395022
-0.811641252945907
-0.0802731725804793
0.818040315118075
1.78543203413265
2.7124790266809
3.48938700205903
4.01735000036014
4.21895363034218
4.04658003153378
3.48796524058212
2.56833616355154
1.34888787287148
-0.0782801454286177
-1.59830289557542
-3.08399540373927
-4.40760805268985
-5.45276334448117
-6.12542390201143
-6.36283170757085
-6.13955208630095
-5.47003399599774
-4.4074337361854
-3.03880956812601
-1.47714484007657
0.149037066700867
1.70747109010896
3.07423238001542
4.14494687792044
4.84406278495089
5.13130574797223
5.00471610886204
4.49999999999997
3.68628482700826
2.65871870646138
1.52865865091892
0.412423957968684
-0.580273172580466
-1.35708141209174
-1.85189535066339
-2.03100706852756
-1.89593233475178
-1.48264999963987
-0.857348712093646
-0.10912081138216
0.659654850161046
1.34427095263691
1.84888787287153
2.09684158178115
2.0390244892207
1.65949069146919
0.977711284121005
0.0472366555188604
-1.04912155957558
-2.2071308646549
-3.31124169587986
-4.2459687850831
-4.90743373618533
-5.21393129533582
-5.11447222487262
-4.59444902850764
-3.6778482467019
-2.42576761998458
-0.931355464515311
0.688361942034943
2.30299535755111
3.78065089794733
5
5.86140655421802
6.29604609125751
6.27214474612738
5.7977432947795
4.91972682741953
3.7192209303441
2.30380549225257
0.797303321893606
-0.671867123837171
-1.98264999963986
-3.03247043930352
-3.74644819617827
-4.08383124504743
-4.04104838417391
-3.65111212712844
-2.97946076065469
-2.1166763536953
-1.16881969895194
-0.246353926793641
0.547236655518848
1.12600016763422
1.43019652014121
1.43224439932862
1.13935055172767
0.592566263814609
-0.137628952899934
-0.958771381956581
-1.76613863808648
-2.45378303578723
-2.92576761998458
-3.10647719172519
-2.94896544276116
-2.4404907376573
-1.60466843886342
-0.500000000000038
0.785104211782081
2.14034524834152
3.44383435570619
4.57367808386488
5.41972682741955
5.89434265755395
5.94113287704866
5.54078941710201
4.71345221297369
3.51735000036018
2.04383190313239
0.409252646737781
-1.2555208546263
-2.81698317325922
-4.15111212712851
-5.15458248786456
-5.75400373849135
-5.91230579416042
-5.63167326360448
-4.95276334448118
-3.95030217480169
-2.72550432277476
-1.39606599109255
-0.0847146591869223
1.09256626381459
2.03749277430982
2.67855600283943
2.97734745712194
2.93153630102361
2.57423238001543
1.96982515071067
1.20673540015483
0.387819652763763
-0.380603227948793
-1.00000000000003
-1.39001751542765
-1.49698213645454
-1.29965173950219
-0.811641252945955
-0.0802731725804713
0.818040315118044
1.78543203413273
2.71247902668089
3.4893870020591
4.01735000036015
