"x"
3.83933998420384
4.0108823879007
4.00712998489726
3.82824677321079
3.48205080756888
2.98367251290262
2.35489341217333
1.62319416929976
0.820553552277992
-0.0179491924311217
-0.855667471301214
-1.65598897572737
-2.3839358155975
-3.0076932209328
-3.5
-3.83933998420384
-4.0108823879007
-4.00712998489726
-3.82824677321079
-3.48205080756888
-2.98367251290262
-2.35489341217334
-1.62319416929976
-0.820553552277992
0.0179491924311233
0.855667471301217
1.65598897572737
2.3839358155975
3.0076932209328
3.5
3.83933998420384
4.0108823879007
4.00712998489726
3.82824677321079
3.48205080756888
2.98367251290262
2.35489341217333
1.62319416929976
0.820553552277992
-0.017949192431119
-0.855667471301209
-1.65598897572737
-2.3839358155975
-3.0076932209328
-3.5
-3.83933998420384
-4.0108823879007
-4.00712998489726
-3.82824677321079
-3.48205080756888
-2.98367251290262
-2.35489341217333
-1.62319416929976
-0.820553552277993
0.0179491924311257
0.855667471301216
1.65598897572737
2.38393581559751
3.0076932209328
3.5
3.83933998420384
4.0108823879007
4.00712998489726
3.82824677321079
3.48205080756888
2.98367251290262
2.35489341217334
1.62319416929976
0.820553552277993
-0.0179491924311179
-0.855667471301215
-1.65598897572737
-2.3839358155975
-3.0076932209328
-3.5
-3.83933998420384
-4.0108823879007
-4.00712998489726
-3.82824677321079
-3.48205080756888
-2.98367251290263
-2.35489341217334
-1.62319416929975
-0.820553552277994
0.0179491924311248
0.855667471301208
1.65598897572737
2.38393581559749
3.00769322093281
3.5
3.83933998420384
4.0108823879007
4.00712998489726
3.82824677321079
3.48205080756888
2.98367251290263
2.35489341217334
1.62319416929977
0.820553552277994
-0.0179491924311241
-0.855667471301207
-1.65598897572737
-2.38393581559749
-3.00769322093281
-3.5
-3.83933998420384
-4.0108823879007
-4.00712998489726
-3.8282467732108
-3.48205080756887
-2.98367251290263
-2.35489341217333
-1.62319416929977
-0.820553552277995
0.0179491924311239
0.855667471301221
1.65598897572737
2.38393581559749
3.0076932209328
3.49999999999999
3.83933998420384
4.0108823879007
4.00712998489726
3.8282467732108
3.48205080756888
2.98367251290263
2.35489341217333
1.62319416929977
0.820553552277995
-0.0179491924311088
-0.85566747130122
-1.65598897572737
-2.3839358155975
-3.00769322093279
-3.5
-3.83933998420384
-4.0108823879007
-4.00712998489726
-3.8282467732108
-3.48205080756888
-2.98367251290264
-2.35489341217333
-1.62319416929977
2.99999999999999
4.59807621135329
4.96410161513776
4.00000000000002
1.96410161513778
-0.598076211353304
-2.99999999999994
-4.59807621135329
-4.96410161513776
-4.00000000000002
-1.96410161513776
0.59807621135325
2.99999999999996
4.5980762113533
4.96410161513776
4
1.96410161513781
-0.598076211353267
-2.99999999999997
-4.59807621135328
-4.96410161513776
-4.00000000000004
-1.96410161513773
0.598076211353284
2.99999999999999
4.59807621135332
4.96410161513776
4.00000000000003
1.96410161513778
-0.598076211353231
-2.99999999999994
-4.59807621135329
-4.96410161513777
-4.00000000000002
-1.96410161513777
0.598076211353319
2.99999999999996
4.5980762113533
4.96410161513776
4.00000000000005
1.96410161513782
-0.598076211353265
-2.99999999999991
-4.59807621135331
-4.96410161513776
-4
-1.9641016151378
0.598076211353282
2.99999999999998
4.59807621135329
4.96410161513776
4.00000000000003
1.96410161513785
-0.598076211353228
-3
-4.59807621135332
-4.96410161513776
-4.00000000000002
-1.96410161513777
0.598076211353245
2.99999999999995
4.5980762113533
4.96410161513777
4.00000000000005
1.96410161513775
-0.598076211353333
-2.99999999999997
-4.59807621135331
-4.96410161513776
-4.00000000000004
-1.9641016151378
0.59807621135328
2.99999999999993
4.59807621135328
4.96410161513776
3.99999999999999
1.96410161513779
-0.598076211353296
-3
-4.59807621135329
-4.96410161513776
-4.00000000000002
-1.96410161513784
0.598076211353243
2.99999999999995
4.59807621135327
4.96410161513776
4.00000000000001
1.96410161513775
-0.59807621135326
-2.99999999999997
-4.59807621135331
-4.96410161513776
-4.00000000000004
-1.9641016151378
0.598076211353206
2.99999999999992
4.59807621135331
4.96410161513775
4.00000000000003
1.96410161513779
-0.598076211353294
-2.99999999999994
-4.59807621135326
-4.96410161513776
-4.00000000000006
-1.9641016151379
0.598076211353241
3.00000000000001
4.5980762113533
4.96410161513777
4.00000000000001
1.96410161513782
-0.598076211353187
-2.99999999999996
-4.59807621135328
-4.96410161513777
-4.00000000000004
-1.96410161513774
0.598076211353275
2.99999999999992
4.59807621135331
4.96410161513776
4.00000000000007
1.96410161513779
-0.598076211353221
-2.99999999999988
-4.59807621135329
-4.96410161513775
-4.00000000000002
-1.96410161513784
0.598076211353309
2.99999999999995
4.59807621135327
4.96410161513776
4.00000000000005
1.96410161513789
-0.598076211353255
-2.99999999999991
-4.5980762113533
-4.96410161513777
-4
-1.96410161513781
0.598076211353201
2.99999999999998
4.59807621135328
4.96410161513777
4.00000000000003
1.96410161513786
-0.598076211353148
-2.99999999999993
-4.59807621135332
-4.96410161513776
-4.00000000000007
-1.96410161513778
0.598076211353236
2.99999999999989
4.5980762113533
4.96410161513777
4.0000000000001
1.96410161513783
-0.598076211353323
-2.99999999999996
-4.59807621135327
-4.96410161513776
-4.00000000000005
-1.96410161513788
0.59807621135327
2.99999999999992
4.59807621135325
4.96410161513776
3.99999999999999
1.9641016151378
-0.598076211353216
-2.99999999999999
-4.59807621135329
-4.96410161513777
-4.00000000000002
-1.96410161513784
0.598076211353162
2.99999999999994
4.59807621135327
4.96410161513778
4.00000000000006
1.96410161513789
-0.59807621135325
-2.9999999999999
-4.5980762113533
-4.96410161513775
-4.00000000000009
-1.96410161513781
0.598076211353197
2.99999999999997
4.59807621135328
4.96410161513776
4.00000000000012
1.96410161513786
-0.598076211353143
-2.99999999999993
-4.59807621135332
-4.96410161513776
-3.99999999999998
-1.96410161513791
0.598076211353231
2.99999999999989
4.59807621135329
4.96410161513777
4.00000000000002
1.96410161513796
-0.598076211353177
-2.99999999999996
-4.59807621135327
-4.96410161513776
-4.00000000000005
-1.96410161513775
0.598076211353124
2.99999999999991
4.59807621135325
4.96410161513776
4
1.9641016151378
-0.598076211353353
-2.99999999999987
-4.59807621135329
-4.96410161513777
-4.00000000000003
-1.96410161513785
0.598076211353299
2.99999999999983
4.59807621135326
4.96410161513776
4.00000000000006
1.96410161513777
-0.598076211353245
-3.00000000000001
-4.59807621135324
-4.96410161513777
-4.00000000000009
-1.96410161513782
0.598076211353192
2.99999999999997
4.59807621135333
4.96410161513777
4.00000000000004
1.96410161513787
-0.59807621135328
-2.99999999999993
-4.59807621135331
-4.96410161513778
-4.00000000000007
-1.96410161513792
0.598076211353226
3
4.59807621135329
4.96410161513775
4.0000000000001
1.96410161513784
-0.598076211353172
-2.99999999999995
-4.59807621135327
-4.96410161513776
-4.00000000000014
-1.96410161513788
0.59807621135326
2.99999999999991
4.59807621135331
4.96410161513776
4
1.96410161513793
-0.598076211353206
-2.99999999999987
-4.59807621135328
-4.96410161513775
-4.00000000000003
-1.96410161513772
0.598076211353153
2.99999999999994
4.59807621135326
4.96410161513776
4.00000000000006
1.96410161513777
-0.598076211353099
-2.99999999999989
2.30380549225257
0.797303321893606
-0.671867123837171
-1.98264999963986
-3.03247043930352
-3.74644819617827
-4.08383124504743
-4.04104838417391
-3.65111212712844
-2.97946076065469
-2.1166763536953
-1.16881969895194
-0.246353926793641
0.547236655518848
1.12600016763422
1.43019652014121
1.43224439932862
1.13935055172767
0.592566263814609
-0.137628952899934
-0.958771381956581
-1.76613863808648
-2.45378303578723
-2.92576761998458
-3.10647719172519
-2.94896544276116
-2.4404907376573
-1.60466843886342
-0.500000000000038
0.785104211782081
2.14034524834152
3.44383435570619
4.57367808386488
5.41972682741955
5.89434265755395
5.94113287704866
5.54078941710201
4.71345221297369
3.51735000036018
2.04383190313239
0.409252646737781
-1.2555208546263
-2.81698317325922
-4.15111212712851
-5.15458248786456
-5.75400373849135
-5.91230579416042
-5.63167326360448
-4.95276334448118
-3.95030217480169
-2.72550432277476
-1.39606599109255
-0.0847146591869223
1.09256626381459
2.03749277430982
2.67855600283943
2.97734745712194
2.93153630102361
2.57423238001543
1.96982515071067
1.20673540015483
0.387819652763763
-0.380603227948793
-1.00000000000003
-1.39001751542765
-1.49698213645454
-1.29965173950219
-0.811641252945955
-0.0802731725804713
0.818040315118044
1.78543203413273
2.71247902668089
3.4893870020591
4.01735000036015
