"x"
5.86140655421804
6.29604609125751
6.27214474612738
5.79774329477952
4.91972682741951
3.71922093034415
2.30380549225257
0.797303321893555
-0.67186712383715
-1.98264999963989
-3.0324704393035
-3.74644819617828
-4.08383124504743
-4.04104838417391
-3.6511121271285
-2.97946076065474
-2.11667635369527
-1.16881969895197
-0.246353926793627
0.547236655518824
1.12600016763423
1.43019652014121
1.43224439932863
1.1393505517277
0.592566263814634
-0.137628952899966
-0.958771381956641
-1.76613863808649
-2.4537830357872
-2.92576761998458
-3.10647719172518
-2.94896544276115
-2.44049073765733
-1.60466843886342
-0.500000000000002
0.78510421178217
2.14034524834154
3.44383435570625
4.57367808386488
5.41972682741951
5.89434265755393
5.94113287704865
5.540789417102
4.71345221297367
3.5173500003601
2.04383190313237
0.409252646737694
-1.2555208546263
-2.81698317325927
-4.1511121271285
-5.15458248786452
-5.75400373849135
-5.91230579416042
-5.63167326360445
-4.95276334448117
-3.95030217480165
-2.72550432277478
-1.3960659910925
-0.0847146591869277
1.09256626381463
2.03749277430983
2.67855600283943
2.97734745712195
2.93153630102362
2.57423238001541
1.96982515071068
1.20673540015482
1.92867421022507
0.539641873747
-0.528361574743908
-1.14333155021293
-1.28089782482152
-1.02189815281312
-0.5299246569135
-0.0134120876857335
0.320396985233989
0.310840514627291
-0.120043232631054
-0.947585520025935
-2.04471525652902
-3.20263301997384
-4.16846139599203
-4.69323621634784
-4.58159493429854
-3.73403261524225
-2.17373242032268
-0.0525515740763174
2.3656819108081
4.74244762954358
6.71661617496371
7.96285435925519
8.24658055502113
7.466073011726
5.67432490654697
3.07652155151652
0.00303802052450419
-3.13806052588227
-5.92158246709304
-7.96917499791979
-9.00640490169932
-8.90376068297213
-7.69500894809751
-5.57005812958573
-2.84366861481345
0.0947057483908076
2.84161755120965
5.04090951452279
6.43567214161624
6.90267115729221
6.46410161513775
5.27541030698157
3.59196773676714
1.72087490692816
-0.0334349575259369
-1.42028865734228
-2.28185025639921
-2.57377214005199
-2.36438708908737
-1.81326774470374
-1.13364050235443
-0.545962512411601
-0.231462771934272
-0.294356121033208
-0.739786216728983
-1.47163842525609
-2.31070593737545
-3.02994268980578
-3.40036190111739
-3.23910599802428
-2.45068952745204
-1.05350400565397
0.813807923569271
2.9079851973697
4.9167605179457
6.50881687166678
7.38977752798223
7.35465347242277
6.3275543055397
4.38145059131654
1.73403261524229
-1.28030506726569
-4.25828894055099
-6.78794196473864
-8.51147828448134
-9.18071779010147
-8.69596137967519
-7.12193211682457
-4.67813104698732
-1.70514990862722
1.38758006362124
4.18410648748388
6.324252602313
7.55590055628493
7.7690306549378
7.00640490169934
5.44972319538373
3.38416843347022
1.14779807565517
-0.925362040124321
-2.55880736352856
-3.57472457162964
-3.91626107632621
-3.64773017687765
-2.93349615937244
-2.00000000000003
-1.08826579897315
-0.405775660336431
-0.0865568177362759
-0.166709385456051
-0.579711342657716
-1.17218723118916
-1.7370683745753
-2.05787296484313
-1.95576291023407
-1.33046111278335
-0.187144508008443
1.35611121013087
3.08229808577189
4.70896121464876
5.93574004039384
6.49785044538388
6.21613476623648
5.03467999030929
3.03896165504233
0.450689527452051
-2.40053348193432
-5.12464843819657
-7.33024525130022
-8.68579117288351
-8.97291848680454
-0.855667471301204
-1.65598897572736
-2.3839358155975
-3.00769322093278
-3.49999999999999
-3.83933998420383
-4.0108823879007
-4.00712998489726
-3.82824677321079
-3.48205080756888
-2.98367251290262
-2.35489341217335
-1.62319416929977
-0.820553552277998
0.0179491924311206
0.85566747130119
1.65598897572735
2.38393581559751
3.00769322093281
3.5
3.83933998420384
4.0108823879007
4.00712998489727
3.8282467732108
3.48205080756888
2.98367251290263
2.35489341217336
1.62319416929978
0.820553552277984
-0.0179491924311346
-0.855667471301204
-1.65598897572736
-2.3839358155975
-3.0076932209328
-3.49999999999999
-3.83933998420383
-4.0108823879007
-4.00712998489726
-3.8282467732108
-3.48205080756888
-2.98367251290262
-2.35489341217332
-1.62319416929977
-0.820553552277999
0.0179491924311197
0.855667471301189
1.65598897572735
2.38393581559749
3.00769322093279
3.49999999999998
3.83933998420384
4.0108823879007
4.00712998489726
3.8282467732108
3.48205080756888
2.98367251290263
2.35489341217334
1.62319416929978
0.820553552278013
-0.017949192431105
-0.855667471301231
-1.65598897572736
-2.3839358155975
-3.0076932209328
-3.49999999999999
-3.83933998420383
-4.0108823879007
-4.00712998489726
-3.8282467732108
-3.48205080756889
-2.98367251290264
-2.35489341217333
-1.62319416929977
-0.820553552277999
0.0179491924311188
0.855667471301216
1.65598897572735
2.38393581559749
3.00769322093279
3.5
3.83933998420383
4.0108823879007
4.00712998489726
3.82824677321079
3.48205080756888
2.98367251290263
2.35489341217334
1.62319416929979
0.820553552278014
-0.0179491924311039
-0.855667471301202
-1.65598897572734
-2.3839358155975
-3.0076932209328
-3.5
-3.83933998420383
-4.0108823879007
-4.00712998489726
-3.82824677321079
-3.48205080756889
-2.98367251290264
-2.35489341217335
-1.62319416929977
-0.820553552278001
0.0179491924311177
0.855667471301215
1.65598897572737
2.38393581559749
3.00769322093279
3.5
3.83933998420383
4.0108823879007
4.00712998489727
3.8282467732108
3.48205080756888
2.98367251290261
2.35489341217336
1.62319416929979
0.820553552278015
-0.017949192431103
-0.855667471301201
-1.65598897572736
-2.3839358155975
-3.0076932209328
-3.5
-3.83933998420384
-4.0108823879007
-4.00712998489726
-3.8282467732108
-3.48205080756889
-2.98367251290264
-2.35489341217335
-1.62319416929977
-0.820553552278002
0.0179491924311168
0.855667471301158
1.65598897572737
2.38393581559746
3.00769322093281
3.49999999999998
3.83933998420383
4.01088238790071
4.00712998489727
3.8282467732108
3.48205080756889
2.98367251290263
2.35489341217334
1.62319416929976
0.820553552278044
-0.0179491924311304
-0.855667471301172
-1.65598897572733
-2.38393581559752
-3.00769322093278
-3.50000000000002
-3.83933998420383
-4.0108823879007
-4.00712998489726
-3.82824677321079
-3.48205080756891
-2.98367251290262
-2.35489341217337
-1.6231941692998
-0.820553552277975
0.0179491924310871
0.855667471301242
1.65598897572735
2.38393581559749
3.00769322093279
3.49999999999999
3.83933998420382
4.0108823879007
4.00712998489726
3.82824677321079
3.48205080756887
2.98367251290265
2.35489341217332
1.62319416929979
0.820553552278017
-0.0179491924311008
-0.855667471301199
-1.65598897572731
-2.3839358155975
-3.0076932209328
-3.5
-3.83933998420384
-4.0108823879007
-4.00712998489726
-3.8282467732108
-3.48205080756889
-2.98367251290264
-2.35489341217335
-1.62319416929978
-0.820553552278003
0.0179491924311148
0.855667471301212
1.65598897572737
2.38393581559746
3.00769322093281
3.49999999999998
3.83933998420384
4.0108823879007
4.00712998489727
3.8282467732108
3.48205080756889
2.98367251290263
2.35489341217334
1.62319416929976
0.820553552278046
-0.0179491924311284
-0.85566747130117
-1.65598897572738
-2.38393581559747
-3.00769322093278
-3.49999999999999
-3.83933998420383
-4.0108823879007
-4.00712998489726
-3.82824677321079
-3.48205080756888
-2.98367251290262
-2.35489341217338
-1.62319416929975
-0.820553552278033
0.0179491924310853
0.855667471301239
1.65598897572734
2.38393581559753
3.00769322093279
3.49999999999999
3.83933998420384
4.0108823879007
4.00712998489727
3.82824677321079
3.4820508075689
2.98367251290265
2.35489341217332
1.62319416929979
0.820553552277963
-0.017949192431099
-0.855667471301197
-1.65598897572736
-2.3839358155975
-3.00769322093276
-3.5
-3.83933998420382
-4.0108823879007
-4.00712998489726
-3.8282467732108
-3.48205080756887
-2.98367251290264
-2.35489341217335
-1.62319416929978
-0.820553552278005
0.0179491924310555
0.85566747130121
1.65598897572732
2.38393581559751
3.00769322093281
3.49999999999998
3.83933998420384
4.0108823879007
4.00712998489727
3.8282467732108
3.48205080756889
2.98367251290263
2.35489341217334
1.62319416929982
0.820553552277992
-0.0179491924311268
-0.855667471301168
-1.65598897572738
-2.38393581559747
-3.00769322093282
-3.49999999999999
-3.83933998420383
-4.0108823879007
-4.00712998489726
-3.82824677321081
-3.48205080756888
-2.98367251290262
-2.35489341217338
-1.62319416929975
-0.820553552278035
0.0179491924311403
0.855667471301181
1.65598897572734
2.38393581559748
3.00769322093279
3.49999999999996
3.83933998420384
4.0108823879007
4.00712998489726
3.82824677321079
3.4820508075689
2.98367251290261
2.35489341217337
1.62319416929979
0.820553552278021
-0.017949192431097
-0.855667471301195
-1.65598897572735
-2.38393581559749
-3.0076932209328
-3.5
-3.83933998420382
-4.0108823879007
-4.00712998489727
-3.82824677321081
-3.4820508075689
