"x"
4.43704232095574
-0.500093251560664
2.83643870222268
8.80995517758717
2.62905792421823
3.56222505098222
2.82019938935056
4.9219320001768
0.377397751140431
2.15205963150046
0.695333186423552
3.86132247542213
-3.11745962281843
3.58086673595584
-2.29581677293473
-4.94199872408717
-7.15953772486612
-1.7667305997351
-3.21882729580858
-5.21791258329685
-7.75771230680483
-1.58155477465337
-2.62787175753428
-8.17092318324006
-0.356053572393211
-0.329150167710353
-0.0486478891427018
-0.561802494525846
2.70604160858444
4.03377761263186
7.04795010349097
4.7797894084389
5.9474317534383
3.33999392735891
0.901112966551321
3.46389629116007
4.86416530132687
1.08465825090813
0.472021851455537
0.0849278372188463
0.238446423896128
-1.58837350057854
-0.101087706161156
-2.24926262881134
-0.857034250887768
-3.43736682088389
-8.90344933039306
-2.74566693466506
-4.86377609259013
-5.01852955969416
-5.05297239672981
1.64978148076521
4.05630028281271
-1.69671493409924
4.77919407956039
2.43647103878477
0.873951358609342
4.35367561195503
6.45858288310509
2.02460956514728
3.28236400483051
-0.982350344574702
8.20737460551555
5.27206294122646
0.886926929137756
1.44671837203083
3.78489966008127
3.07650204481926
-5.44816271390543
0.29959467481688
2.94364809110057
-1.95122194047248
0.0783679165305542
-7.71070181992038
-2.06845108058193
-4.45593315883062
-5.47848206202026
-6.66503838989828
-4.88514406978207
-3.71887611673364
-4.05850753035563
-5.32857691910002
-1.29735587124887
1.40432232602767
2.35486851991057
4.47736928450627
-0.59710005501708
1.03823351105645
-0.806962228080869
4.88057850038699
5.51794706080667
7.58563638764713
1.78994264471019
2.22051426484692
0.8982440992136
2.04048999862283
2.12826717526356
-1.89387295945122
-2.67528966427765
-2.13412262113487
-2.14460826777549
-0.786654904133616
-2.02728948707774
-0.79584161587081
-5.75208820507251
1.7310432293956
-2.16373454916285
-7.06903961373674
-0.71736747599516
-5.83195323833226
-3.47435945512332
-0.339390934508437
-5.43661394148319
-0.118696746805429
2.09013302610261
1.99095467872645
1.13275073883745
1.79961857035412
3.62264467520984
0.593433380603756
3.92488498700995
9.53570336741988
4.03864832009023
2.48864312544337
-0.674594233370542
-3.75026727689155
-1.27581980626792
4.5357246000491
-2.37580111962273
1.99447143836623
0.878465124968368
-6.10287852397739
-4.20728183858169
-6.23453265824035
-0.673179412109626
-4.45938584196266
-4.62219641039915
-2.89049198220689
-3.24266463679366
-3.63223903301986
-1.14382822936485
-4.22529933779873
-5.41143707682681
2.38570229959086
4.05179970051531
7.29336919153755
2.91458222775836
0.524145692236655
1.77755773236061
-2.44997118277504
-1.21216270386915
-8.43641617488264
-7.87660065524522
0.389693195422104
0.79335674738484
2.6802049740467
-2.1704409487268
5.57596007759536
4.48494160461363
1.03314526080948
-0.780218526129082
-2.99952972696774
-2.59311851164146
-7.51847506649753
-0.593901770888242
-3.26035814727183
-5.56750873727534
2.21606020209175
4.89567434837221
9.64014837017911
0.10116003597168
-2.30544049024148
-0.393349669911031
-5.57724026344445
-12.178504975991
-3.38603449858591
-0.773583551409507
-1.03449200956406
-0.685616087911542
5.29103385730157
3.74254321011998
4.60948093180843
4.20609253772322
-0.0859000085545971
-0.900297738207281
-3.5705643294618
-7.80093119551346
-0.337134962642282
-2.55646510010427
-3.72241808376776
2.66642636792806
1.50957834909698
2.9821501287579
3.69258873102925
0.017080916720686
4.56781759933576
2.79197203490025
-4.08110559203628
-5.28694991755679
-5.1949631469851
-2.86266713399839
-2.22971372287505
2.308144227022
-2.53007735723135
2.01365235063558
4.67802028331139
7.15928459753057
1.88632655547545
5.76437465117556
0.0186748157026462
-8.64800881652739
-7.24915822797647
-6.52743243873494
-2.86584224361275
-0.111597163474525
0.245447921033167
5.77784720628081
4.35356618034185
5.93402508959757
3.72329142801951
0.945619826203764
3.01459740900746
-10.1262548290908
-4.22653981146052
-1.8630020320205
-2.81689404753013
-1.75235974016634
5.37438558956345
6.04281772834231
5.29687277243502
2.30067985680131
2.37282054422679
-2.77308330501274
-8.33938769816438
-3.05724739276659
-4.30833622057568
-8.07690976897241
-1.83446308773058
3.29809045039961
4.39322543462972
9.02389139174614
3.52065723058554
5.74159626673431
8.5226604518156
-1.6543856250454
-1.80798731378251
-8.01694367361191
-6.02027736054156
-1.49566095405849
-1.1860912561834
0.414464483102928
2.3139890385918
6.34887438767384
6.71201715098327
1.32110518296457
8.91302498354448
1.29031411994051
-10.0660546063141
-4.32610159558748
-4.63088478151211
-2.14434223087267
-9.53504382539469
0.574814378373896
5.52724976898043
3.53354799995532
7.14146666392214
4.26260103140636
1.83068282365261
-0.84983548077874
-6.77896306681166
-5.45375105194057
-6.48925167007998
-0.914986105785369
-0.378066447655853
0.357705233694586
5.23647185646103
0.661456885896305
1.71161976292349
3.97312236882977
2.51310392535183
3.2379450516351
0.0442724170509061
-5.91706319412339
-7.95356410386886
-5.17542184842979
-5.02587544232946
-1.62588308675747
6.1905793739889
5.06129598859083
5.96146034890979
4.31536916131564
5.18890439246683
-4.40102039242002
-4.95614237244767
-3.69956876863553
-4.69061082986175
-7.84749780360478
-6.8914019000986
-0.939416700135867
0.560238982475497
5.28687974205857
5.19684327419605
2.3161178945883
-1.05373524076797
1.00131377126252
-4.8794541484577
-7.36242518453272
-11.2878392255837
-8.20079518068395
-6.67010886105841
2.30326943406391
5.71924401022374
4.82918262915122
6.26872544042949
1.11908862682483
0.134313583157859
-1.35941453384489
0.717444223433051
-10.0035431521432
-6.61832323028392
0.0889260507648366
-6.17434522496337
2.95443149492259
2.36632438807605
0.152784746377176
4.48871757402695
5.35617890897269
0.139218454452655
5.052944187005
-6.37211766343484
2.11419707692187
-3.63825105051838
-1.14092907888789
-2.89430070072997
2.38815157471012
3.31056866293523
6.2782210425004
-2.70506390875972
7.29722001317222
8.46512561235857
-6.97820712661911
-1.02277992285021
-4.57406241102195
-0.903827058778906
-3.97235713235701
-2.72450947376599
3.99134584342656
3.47656414201154
12.7213369621576
6.86581710297427
11.4794976861866
2.03676410718916
0.723388585086742
-3.79193835769415
-2.63790670587582
-6.78514578925145
-3.36558773543686
-2.23715705054879
-5.12715168191696
2.63125608223612
0.339812835722922
1.60437012383279
1.98723362142804
-2.02381822680508
5.926000853862
-2.78767015085668
-3.25304476947939
-0.340378984904269
-7.84645801276348
0.753790397933829
-1.29694885973288
5.98535137569737
6.54122296809002
3.96219611049121
2.54574959167072
2.18351061091683
0.921006296205382
-5.04728283103969
-3.93659299399914
-3.16123536842293
-6.44677954680524
-2.40219261704607
-4.10860701199385
4.59686049532224
1.48521708881524
6.88366816213688
5.8788599771753
-0.349549569009505
-4.84116927942335
-2.50937815778088
-5.75197894150119
-2.44185376524414
-4.74442315659424
-5.58101247024615
-4.40343782505733
3.9643482310101
3.39388999669419
5.98505044874133
2.06155274879262
-3.51995354898466
-1.16641324782606
4.34821394372146
1.24280579053334
3.36982857987065
-1.42064501674794
-5.18561315648793
4.74356877050874
3.76269285647385
4.63983126439688
4.67149143578509
6.30932336533612
1.36509423609519
-1.04204339531372
-1.73548997259026
-7.05464193384257
-0.552114516470813
-2.44496119353095
-3.7300173351607
1.38205196114309
0.283309732345106
7.33038904261531
7.1527566007909
6.43816180767559
4.91423113055534
-0.335761986195927
-1.05337983373579
-4.13687148464394
-0.384574682472777
-0.385343925096145
-3.18402590850672
-4.21863958404208
-2.55436277625614
-8.74605767545973
-1.20779502485039
0.865960203267531
-1.00818986285711
-3.45368319421946
-8.64469682961531
-1.84889060160125
1.51193668983972
1.94970440538592
1.38403590852449
4.38582950699735
0.602435598727179
2.72575285119679
2.28009453770189
-4.50289245932623
-1.18216288379518
-3.38366249977238
1.06811953318856
2.31889768089136
-3.63823384359632
-5.91284539598407
0.0583616072263577
-1.76046053173088
-4.92808744780444
3.74691543574482
0.493393613281548
6.30360099878643
4.98219838335217
9.34347593563304
3.92925217959938
5.35498405758525
1.45974006894846
1.60769902379735
0.937223523484246
-0.0606904966848016
0.835056113400645
-1.38463564594041
-4.24430582534756
-2.61346185882692
-5.27003411205521
-0.310342558205832
-3.52769419361289
-5.29338982210197
-2.20707613203751
-0.844990923516287
-3.0634511980505
-2.51884148268836
0.345466874283173
4.52617791900716
-2.77228002329374
-2.31385481305738
0.67322584148132
6.38780534673985
3.54425732206491
-3.42124200795456
-0.810166943331397
-3.74245157625014
-1.62308531637555
4.27270036668422
-2.06649535659095
-0.277480756014262
-5.32184400902917
-1.81368350414933
0.123373788917193
1.333340022799
2.5330511311667
3.75381192993812
4.35289541675251
