"x"
9.94630543371545
7.95461667366196
12.0136056399547
11.3760521947891
2.59281514248992
1.12634487861909
-4.63656487849789
1.71715233986949
-1.54920725710035
-4.93924100453039
3.68033914806969
-3.40495820185995
0.622898713833328
-3.32350257007707
-0.803652778893193
-0.786448671764076
-2.28606511453667
-5.15449216188516
1.94025650874803
2.91890790796521
1.86788110411421
-0.371196946935509
-3.11250984270639
3.15789218169134
-7.8695822676088
-4.63479349569585
-6.52342838788837
-3.71014566443646
-7.39064112319785
-8.39056409972208
-4.95744466456181
-1.89826432127254
-2.74687413659958
-5.45834653854397
-5.51282035672943
-3.62206806879989
2.16538068973866
5.49622690004857
-1.38945144640766
5.69479479993154
9.39697931248879
10.5705134553189
6.81029628187907
6.64201387948664
6.68414115903383
4.22891984092053
1.88306628593683
-2.30386459362159
1.68725768415287
4.1590806762713
3.09569505800544
-4.50296993457829
-4.21581146278425
-0.366140571135373
-3.04315889665698
-3.11902525923039
1.59567013320164
-5.05713599273159
4.04072169748108
0.636561309290687
7.02388923183853
4.11037243786951
-1.03150770344617
-2.00703402660146
-6.16854699607393
-5.87537227659549
-7.02415273503607
-5.72453171686898
-8.81627720658812
-5.37176003452285
-1.12010095320961
-4.91712951091123
-4.89565376652962
0.0562968603554994
-4.40533701903843
-0.0607639691015165
0.731903740044144
1.0760543927752
2.90188295454042
4.78740927849224
9.1351452469206
11.8205416562513
8.47313875902394
8.497232883982
-1.16035635643511
4.26666407944032
-0.567438331451722
-0.833597331501862
0.610084645001735
4.9341401036467
-1.07757833520038
-3.77398491268406
0.588000211624392
2.48891530783099
-4.32845567772612
-1.90029907613842
2.79574575886342
5.15183230126389
1.53755375322681
2.22954912043433
3.6810099429937
-0.489337226820297
-2.11239979678911
0.798885791669113
-4.86235031108628
-2.04777381148154
-4.19520476979093
-3.09564172063656
-4.54256876174456
-9.96193429753901
-8.33142720996076
-6.09547301622296
-10.2923800401016
-6.08497096803104
-0.545086567574698
-4.93477058228147
2.46876940799084
6.33958794682107
8.13030486223097
7.48072840799791
11.6987321838194
2.99242679014913
5.80031112614428
0.952091999864008
4.35985972200103
5.65326133859179
6.12644354143692
3.19870378066337
0.131293636647939
-2.23301286353663
-4.42176540347909
-0.10185642492359
-3.09998093575895
-1.94095222030826
-0.391038587083879
-3.76597796733091
-5.06566383174652
3.98786446439361
2.55284084349631
4.32843206667505
2.19341080353554
4.30155445058526
-0.901641659623865
0.571386799148411
-1.11867219562771
-1.27930535516324
-6.47523905816572
-0.327440808368222
-3.47237663781989
-6.81112959215837
-7.3080736639874
-8.31170639484468
-3.08676466878504
-1.94577569598725
-1.28279910530195
-5.80411609312907
-2.02356056840516
0.356098769870591
9.09774457807159
10.3809438018904
6.86011064969651
8.48560809312304
3.59042517292459
4.67760859201957
8.07023641321767
1.06110133439501
-2.1171553876317
-4.23281542254191
-0.559099500693087
1.77983929367459
0.428344785388379
-3.16308852008481
-2.38821509716888
0.247144479999879
0.836398404208909
0.672167207872695
-0.114978744709269
1.18997072276631
3.29380417726215
1.88488220457464
10.0654767286961
7.53036564880343
-0.860844950324795
2.45704649263212
1.05681983054122
2.10574926492464
-1.73683531159044
-3.71555373233433
-3.86845438006973
-8.56322077979261
-4.11683997808583
-8.04197719793196
-3.02832857079695
-8.12263827937851
-6.38919800037394
1.3807167413262
-4.47916171018408
-2.3512417874388
-1.91526459701527
3.13140630686332
-1.89129748478661
7.65226122245502
-0.752560578686011
3.97339644301244
3.7285492014545
5.71168612315882
-3.14851622967056
1.5232693806248
-0.679705708188947
0.551523843737614
-0.749952582794917
1.50225025170284
-2.27099430612138
-2.89678006308041
2.65761470652544
-3.51356325014498
4.25980075369659
2.46903616492797
3.23767643874049
2.09461285554582
3.86158566849266
2.3143878608165
2.83546398278066
9.2641338954511
2.9243869047776
-2.41359686229329
-1.55684847384593
-8.3000422054615
-9.87666641178274
-4.93013589178481
-7.34703808267518
-3.88617499203375
-1.71670697025454
0.692165947994694
1.11224500784175
-6.82436641592895
-6.54464506621798
0.574624103159276
0.904255534560389
1.46803570747593
8.41496431885404
2.71315594230367
5.2334573242683
7.23649550590472
6.65575679288887
7.49034232642695
5.26588482645761
-0.534051795956603
2.1579480394704
0.185601735621697
-4.50360128330234
-0.601762012783259
-2.04101111929702
0.754655011770714
-2.30160942166511
-4.43737346578249
-1.489974034671
-0.570751524439823
3.32448756090562
-4.26750470099498
5.40958004267754
4.62879386583222
5.54393334785017
-1.24299949008346
2.77988062013301
3.02080307859789
-1.72666004600942
-1.08222461385155
-7.39744148070132
-4.70402143159399
-4.22434509228599
0.949502372117699
-6.90997605699689
-2.02260025017883
-2.01958424754926
0.26141147362771
0.0249899640323789
-1.5473976280989
5.14988732824281
2.26129743113506
4.61760796068458
6.11006490979478
4.65600816157478
3.55030540625317
4.61500294621917
-3.07041168682608
0.885060868585434
2.2017884037655
0.215242019193428
-3.96374501300894
-5.68014183742963
2.53945906066844
-1.78789439217783
-9.3166872159103
-4.3093266402986
-4.50089006714722
2.53695439367634
-5.66751221768444
2.01143292268538
0.646690091185403
5.6014508633229
4.80790253178936
-1.48874216533904
-0.746599481770773
2.1117578921707
0.073500059555648
-4.03924793241739
-2.66700216985328
0.737243898533199
-4.78013513016531
1.06225146248394
-1.65934718214353
1.98565942629104
4.38750143387114
7.0421735571513
6.0397066565702
1.65581568321473
5.44633157658276
3.44379930335171
8.67141186740021
1.56034082068837
7.07887855318416
3.36002058824436
5.76779513860384
5.68085550641778
4.67969716693948
-1.90433766836053
2.14741434540483
2.98420643543595
-1.69328758104753
-6.17270022461621
-5.65553402363589
-3.70352901170314
-2.47191449325797
-1.41694328443268
6.74458459116598
4.54808628340063
5.09884184923864
3.59681320571407
-2.78230700687985
-1.71274526772493
-0.42484700144068
1.82380376872655
-10.8032930232168
-3.70499286450155
-6.7599958225724
0.031038953871623
2.2394712744067
4.19431798866799
1.43529316541898
6.01874591334806
5.22488477596158
-2.72875770905945
-2.84960218418585
-1.37598037217277
-6.76726602428579
-4.46706129947832
-4.12565311014833
-0.395306294416281
3.77830094889351
1.95097062245027
6.51073222474465
6.60319552536307
6.2044113904452
-4.61585802985872
-5.86201862471565
-6.38943490848801
-7.85465252300038
-3.17377451325319
0.462388444274965
1.20369519501849
-2.56303857298913
4.95168186719328
1.35390102351054
5.93141374473903
4.75137362914874
-1.1637085482049
-7.12169531710542
-5.98681511093768
-7.11480052923097
-3.61947865311745
-0.991956513885752
3.25438055227281
4.11848268604262
5.3904047868583
7.84599765137301
-1.25733879561483
-3.54893521079331
-0.416755766223861
-0.6600787618821
-5.48442877813459
-7.1066429932916
-2.67817615084977
-1.4384602286225
0.809936096704354
3.94581398107897
10.3728297470333
1.83310951821608
10.0859977734613
-1.49379054464438
2.91270409638438
-4.17067116952679
-10.3292294896857
-2.25652412155177
-4.40782596368037
0.76985527582888
-0.135568233274356
3.44876608426712
5.24260720276709
9.1015671794957
10.0136326147976
-4.62351074840854
2.70167586618308
-4.59311803792204
-5.04906484655152
-12.3551281896595
-7.66356930023951
-2.94409622253134
-0.847885942626852
1.76818585196256
4.45489563000911
4.45987316517973
7.33862327873135
0.29006341343329
-1.33026911259879
1.01617932456062
-7.04889916862004
-5.5518137087083
-4.90225771717301
-1.61152449106156
5.10554051529416
8.351935585967
2.97283109991127
3.79923660839101
4.93011708590248
2.57610577536408
-0.801202013090366
-0.66880015281526
-8.45925008944921
-4.54144434036384
-10.0211607343255
-1.19487862660308
0.230462368442249
-0.284559962106115
1.44815504160887
7.24028240115126
8.17393531747722
5.06429069762185
-3.12668357670542
-1.5162419608475
-4.00671809986882
-2.5360066344004
-1.94119962859606
-4.27203443600772
-0.357761942918095
1.67599607176197
4.38227790854303
2.49868707900458
5.43625316098186
-6.56645461038243
-4.13404604341557
-5.82843542008285
-4.14557518173943
-6.22400599042641
-3.41629546102668
-6.14332691496179
-3.98842408598946
-1.72058978199765
6.40716524051694
5.76106455042066
3.52997597314313
-0.897333316628016
5.70896514170278
-4.41178636795665
-8.68374437521225
-2.3890536398544
0.768038579655845
-4.1937351007891
-5.15430396831861
7.59882363861116
8.13679861379546
4.42533870881973
7.54625309423285
-2.35812213744632
1.1191670963029
-0.435903492763654
-5.83890348203999
-4.14650282181878
-0.252548529425013
-2.72496097737951
0.0528701610250328
4.64703031751472
2.32841514414088
3.79476127151662
5.1224249324102
2.3639951049652
3.49504062429683
-2.31351350170494
-5.14670846771867
-1.81042964596311
