"x"
4.62061555351858
6.64648968651735
8.24134355772421
0.097576965407131
-3.207196199122
-2.61285866675324
-4.75153793871954
-6.47045172712319
-5.05966133107724
-1.16236349551543
3.12905947376254
9.61496069860315
5.72198695961115
3.11944642092336
4.16849662044146
0.838905171838728
1.09689805681359
-3.85581337791799
-7.94760062983853
-3.89858421948261
-3.89834471737942
-3.97590203731442
2.10579632322169
1.76397692748375
5.62207238127511
6.29663265585076
9.6129925887787
5.8454390854951
2.74157853223925
-2.95124055848962
-3.39304239519362
-8.51285261818676
-7.49976279982861
-0.386077507515724
-4.53955370111854
4.503738195643
3.99340936939172
4.07298570665344
2.25637700573966
5.10520681440336
0.415101072205728
-3.19550542169908
-7.48680770871087
-1.93249535183249
3.67285679952315
4.96621415316739
-0.915939223851302
2.77831832200786
9.01781637455496
9.61701065561389
7.03778290159068
-2.9406954407295
-4.87062328112416
-4.59628554126632
-4.55451661481719
-4.44193092223082
-4.74914763680404
-0.155458002423299
2.81835586205937
-1.12452873708917
4.00680248106999
6.98224419100923
8.78364650148129
6.45777435926394
-4.93402859897087
-0.243272611836284
-1.8352114929873
-4.33868692308689
-5.77412176614609
-3.39862335432496
-0.561807194469403
4.6106718368027
1.52812110479113
4.35923932661451
2.09900911099045
0.534966600317438
-8.73238399863138
-4.30007561978162
-1.56860357227382
-3.00566714535966
-3.90935914220231
-5.48142342361628
2.10613155510111
2.92041764657765
6.15841828682544
-0.572174945878482
1.93445983389871
-0.712172584112369
-1.28600149615836
-4.18129268911596
-4.91174808639305
-1.10189967349244
-4.973119282842
0.846096659686565
1.62356723388229
1.77556798232435
0.164975911726532
6.37516936048454
8.21334228321485
-0.277984497970311
0.82950625472611
-0.841117763054473
-3.84334568253777
-3.29729839202591
1.61755450339417
-5.0588470079057
-0.582022095490918
5.78953580877759
1.1523220818598
2.87309105223679
-3.64026492988007
4.81990803533041
-1.9883186883963
-3.07963537524711
1.10677078026969
-3.58877627100361
-6.64198217946937
0.0198868092666844
-3.77996076606633
0.416923457216329
8.61376827111947
4.78871106748612
7.06544796073105
2.85995615231078
-0.657059305173513
-1.26595718781893
-3.42623416802172
-3.38134037165314
-8.08126403857199
-4.77893678152821
0.990264753803829
0.457460717708493
2.02969394397662
6.46418415443894
4.46637074766479
-0.924546704395099
-1.44097560462918
1.17858770470849
-2.99933216543228
-5.35822605560037
-3.80152285754288
2.80621216283368
-1.90430104745201
0.916487417987345
0.931364094281578
4.65903700285037
2.7795907348144
3.74569355488986
2.16425148660792
-7.3495600350206
-10.737501774396
-3.67334636456336
-8.0259494306942
0.817817713780103
2.28742448548697
2.19333408206215
7.11583458529519
1.59149267223869
0.508139248354517
1.68822488901495
-1.74978867018574
-4.66119709665596
-2.71962090180379
-12.0243166910131
-6.16062440070108
-1.0666936414856
-3.66199268797033
2.87277034277901
1.36392721154983
4.18503304610746
6.72869781884258
1.15921722545629
-3.90358267169375
-5.00451161114953
-2.37900338958773
-8.69095611315677
-7.331318009707
-1.94368588667763
-0.227062326368906
2.48949143360044
4.51391478032389
9.09395890193515
2.87612548612542
-0.830832640078797
-1.34108355680315
-6.21132607569057
-3.14532112672462
-4.26085029961074
-0.367471534852624
-3.86080808254606
-2.55991805905601
-1.8205370916283
3.27266263413108
5.61845338114102
10.5699030628856
9.66412960497471
5.50209715024832
3.64879339508434
1.49613459205422
2.0136730566295
-5.69435140965029
-1.2560107407629
-6.39876729368248
-10.4520488851266
-11.1595330698873
-7.16996560662919
-12.0123122362317
2.58974908453837
-0.428212920634018
7.68070756077745
7.75927676553354
5.11216072405942
6.02620768321311
4.53566735745903
1.20249185126738
0.914359187419062
5.0096623328911
-1.37457713467691
-3.24903166942932
-0.0805118074303959
-1.29270881633046
-3.17834665237523
2.54023552339353
5.72284502116724
11.2588096790581
3.57097888665974
6.51661571281968
-0.129850806196568
-6.62132123670106
-2.06221184791926
-1.64533650305206
-3.16937878882968
-9.9079921302778
-10.8711075916839
-11.1211701048389
-8.80433665832644
-6.02531941111838
9.15225322881146
8.08047396905223
13.0077779190399
3.09197697801207
4.98147596979356
5.50853004710045
8.83896879274499
8.64762727194116
-0.403786500784704
-8.09635120378673
-3.17910539330286
-11.782427682291
-11.6270849271385
-8.44072066914163
-4.84351745859867
-3.40029292722156
1.76286652921486
-1.75008623707238
3.48242602853857
5.86483975173692
4.90629546641138
2.89077453898454
2.86227105176121
1.44357248276223
-4.30160542928255
-12.588745622013
-3.72322348619771
-1.30174686472285
-0.646066932762851
5.58495020421133
2.78286224083866
8.19129595705247
-1.38616160195378
2.9167135756809
5.33561732822215
8.92075567809084
3.18730111152533
-7.94914571635189
-8.83549453207428
-12.2718112540984
-6.19959468404517
-9.92143980495049
-2.61500214285701
-3.99049274527456
-6.63349527549516
-0.643725193431886
2.69543272681092
6.43379018684295
13.4986431145615
13.9999450874051
12.6942761132479
9.84729298990044
3.40390621761557
-5.4999226543769
-4.04801084487677
-3.67524867396075
-4.20134880073107
-1.11603035458889
-2.97279039649179
-6.41854782750094
-4.29443925967908
-4.08876228128304
-3.86944236530943
5.39815075662234
3.5234980603236
4.02370793773017
-4.02308245623788
-10.1710366649027
-2.17404684621884
-6.54056368745205
1.9754755248938
3.3627636775073
-1.80142820970443
-3.41008003705938
0.694176187021287
-1.10360482381812
7.26023753657053
18.0977920202983
9.24366975265541
9.61045184988709
0.879068203211461
-0.374242302332701
-6.50017786205354
0.830895420241322
-4.21845473104518
-8.35853996246478
-7.50348194873042
-12.7116706087245
-14.2503518138633
-4.40788380191732
-5.86109196901258
3.24555458183726
2.38385750712296
4.45177526849233
13.9114103497091
3.95733082772865
1.34754092198077
4.60908264305185
4.47600253425723
-4.95858607566324
4.43750846014568
-5.57244163960596
-4.21407427853492
-2.06165503581701
-3.15843100472754
2.23353000980536
10.5745292581719
0.957624025682109
4.11792047241112
3.22150125993619
5.05044477778778
-3.22122119581808
4.10786078160582
-7.43548279895256
-9.29159498628649
-8.69855856514465
-5.59473751409419
-7.51218749917361
-11.9048782644485
1.01835538000268
4.92628301057453
3.32858759533757
7.08249115947944
2.75730038290336
11.9058110220707
11.240838013049
11.9695061310701
11.0850659588586
-1.24152152673883
-1.49349382974137
1.42609772394017
-7.23199852320413
-2.53857673748297
-4.56044438943336
-11.3203479540454
-6.07657848110075
-3.86949743763447
-2.71530766043663
-2.40990330378118
6.36314585128351
3.50887768465111
5.97031833426982
-0.182910346606901
3.30573143690376
1.86292613159745
1.64274877995714
1.82140984959116
7.15455520515881
9.95292429557368
8.54826944902071
5.52581679513682
6.83531414825277
-0.432791069649654
2.29405620208536
-2.87543480832621
-4.64146477636909
-2.88113950125928
-7.21681893331327
-9.33424838741472
-1.41153961874984
2.84604773303383
-0.847635172988414
5.88056325437254
-0.430237203485905
1.57009921874891
-5.46060750225995
6.39865820565863
-0.19998211058617
6.56298529090625
-5.46187628005491
-0.338960898136305
-5.01839098784554
-2.40650311093255
-10.4155731074117
-5.82049592211722
-7.40387279395942
-7.48398392984562
-6.10493189986284
2.06865383020349
-0.929650388781166
6.99695628330584
4.79430181050441
6.68090991255839
4.67972560519831
7.15712396536951
6.17053438590512
7.5636075415953
3.23994031863004
3.80214321899042
0.856367942672099
8.30265420937654
3.10216175139655
3.21155298296808
-1.36093015840518
-2.86988799822783
0.299231489718935
-11.8244583323859
-6.57235693844915
-2.14010248353352
4.22047749568091
1.7128232392951
-5.46857363332113
2.38754446171689
5.04531122385472
2.03291609049063
1.24288809542665
7.2056623398331
0.122492575586943
0.593157169912132
-1.4278091933787
4.03914216084428
-1.22038747063258
-0.516625300978719
-4.65341133365694
-0.326795418833707
-6.22016683230353
1.14557599803687
1.46863528292808
-1.19545547581185
4.50301414818157
5.48863971955947
3.70275309150498
1.72495815827706
4.49434288160314
5.42460750554388
10.1999976702378
-1.11566962844838
2.65893837825498
0.274560806217014
1.81028863338401
-2.75555763626648
-7.73005965754397
-5.00865103409411
-6.9480305450571
-10.1392847221694
-11.0011547498788
-3.43074782022029
-3.70804977699885
-1.35717817805487
-4.56222581157519
-3.28866944768059
4.94366798449311
-2.2629259696213
4.0689028866738
-0.0438445324051777
4.91822151853563
5.05303719987937
7.90847845287647
2.65944200320085
-5.89468095278107
-2.95297394063528
-0.395733728845031
0.998323373422116
-1.85382523724896
-1.58207011091567
1.97101186435153
-3.11518603511094
-2.42769284900063
-2.73540058661069
5.14736130761422
5.18772967756344
7.109267982493
6.39475915432877
