"x"
11.528422817354
8.41419320761934
9.55248527000257
4.4490965843367
5.04295317468859
5.7976457137231
3.7264687247023
-4.53585074660998
-1.06064844261273
-11.6405053826601
-4.53027611855428
-3.71464118193825
-1.62497558649229
0.710019220886601
-6.78194459164627
-0.320182568745204
-0.52589017030137
2.21081848658006
-2.88796741285257
5.35168678210763
-2.10938491984629
3.29277388350178
1.30211421002475
2.43051775261979
4.35422794023767
5.85568408874569
-6.03206432209668
0.699954147594476
0.142374288181462
-6.09402225421089
-3.6621747993497
-5.03045027992777
0.702001972855548
0.766425885320817
-3.06256200455587
-3.96013630619853
5.88887497333963
4.17807584811386
7.84324512187257
4.55263475729617
4.11813231247827
2.14298666827331
3.8896055678181
6.14812840202579
4.21404879974878
8.02491387253621
-3.88866050214032
-2.86891755552797
-3.87293773453896
-3.83206507736744
-5.76447351856289
-5.19907410468396
-3.67920407668356
-4.51316241776677
-7.1884801843452
-2.79341050303408
-2.32423252932327
-0.32090507610318
3.13481983098073
5.08328047096091
7.47865791013689
1.28199545096214
2.36655929319512
6.76025769386079
1.74056365670168
4.89350895683429
-0.596066216570692
4.72704130779296
-1.83619374187903
3.69871355281849
-3.74256107520995
-3.0626916589821
-1.86001048731669
2.70848789810162
3.34291874209129
0.14222647879022
1.46054270670061
10.4349761847727
2.28850967046264
8.34284469407198
6.70519963597829
4.80802398579239
-0.120305691436892
2.59905536293862
4.14770919193375
-1.89191918887078
-2.46577527593389
-2.88054090767346
-3.15082545191884
-5.74049322054086
-2.90603774261098
-2.8391698382517
-4.01273453386119
-7.75974879339223
-3.74180645269103
-3.21043166252562
-2.59071461409943
-0.619022012743781
-4.72705587139614
-0.0516026242019452
7.5494079597571
5.0096861282635
7.42280011598574
2.79587709651829
3.24045141997682
3.10265096821186
3.4141150755703
2.19478701120854
-1.40388951399187
2.23710687544977
6.19594347228425
2.61076174621618
4.36003186282704
-2.4172018935946
0.489829893929641
-5.20554606227071
-5.54318612667268
-1.34274355914745
-1.15425312176617
-2.88389273557574
2.48940963191063
4.46878635794095
-1.06107511218642
-3.02143117593982
-5.20033584007091
-5.16617505571503
-2.38621954989284
-0.774224158095989
-4.35074081405034
-6.18834909179594
-2.91828685487944
-0.841661440652549
5.57381542175541
2.83945525324601
10.590461475955
6.47808851159045
12.6402610900916
12.2044422875526
3.55190122700634
-0.37721677449085
0.387522903829035
-4.09818959186042
-6.67845007178411
-5.53180103698847
-13.7934628480645
-8.52446146773086
-6.24951278108611
-2.91398274879875
-5.77362477408332
0.524438858398885
3.18661080930983
9.60414688278492
5.87176840438141
9.84623119861204
6.02630488933948
11.0520185975484
2.45799944517055
2.09876844225989
-0.563727723621096
-3.81385685181362
0.632857455459347
-4.93727657763896
-1.41526105563339
-0.548663488841151
-3.2042048001348
-2.61104229080584
0.236103260521309
-4.12462004934185
-1.33801177889172
-2.0816997054663
6.13730954792904
-3.06565664703852
0.543855612783257
-2.53857211996495
-1.5928489255048
4.12676347968117
-1.25562922635384
3.85764325283575
4.50025428361405
3.14738693830058
4.56734158435057
5.31503368809983
3.75104718299739
1.57471880628741
0.586399205297697
-2.43976429427726
-2.86346418157648
-4.81331990063204
-8.84458959776343
-9.53181678166157
-9.73942665774163
-6.57737871102321
-3.64063420389715
-2.90244235775812
-2.27049839991443
2.8443937995899
5.08845916343416
2.63932586596618
9.92906854172224
10.2793594261218
5.90138454632124
3.46353330808002
-0.389309871777735
1.77142970855944
-5.82533619978073
3.63372197087291
-0.185343782058909
-4.75660252910515
2.72262768870799
-2.48528486763777
-3.16747096898089
-1.31370999611652
3.18751581869693
-1.64268918177298
5.22392991384811
3.01712601999364
-1.23756340836687
3.68761479100149
0.853611344068755
-3.17222483950024
-1.53272545360399
2.13013801373738
1.84494088713213
6.61415985509905
4.98007788184907
7.58532937786912
10.208559974135
4.42124953840443
2.80671042619394
-0.814767158216754
-4.22687520591031
-8.75496342378961
-6.0388772685333
-8.58898276146243
-0.663295782155009
-9.18217595940419
-8.68951986173913
-3.13303801875456
-1.13957627407552
11.1870207198865
7.12406446843445
10.1537960249964
10.1582441547909
8.78342137644324
8.55718855263534
6.26235156348384
1.82795888995452
-3.61177457931462
-4.12526901771552
-3.01670361862579
-10.5578043434062
-12.0142387007275
-4.65829724483542
-5.70157057540748
-3.50428675779514
3.88022309745409
0.0661355564033928
-0.564528731681471
5.51478617249355
1.89416851550748
2.78194271831386
0.820382985456856
3.40726145327884
-4.79806218432386
-1.32245849839925
-2.03185789906534
1.0609493721211
1.1089135455196
1.25679091448967
0.934060036377823
5.89943635484631
8.15103508789351
4.59150066979496
2.10994473871545
-2.15030829716386
-8.68602466874219
-4.58234706454713
-3.32626788190571
-7.72858501959962
-7.78169417421206
0.872687609545816
-10.8310184212006
-6.67139154409171
6.80061577751887
6.05513450461527
5.08255828523101
6.79101474248912
9.78257603181988
4.5560054384305
1.55430990926389
1.64147645884428
-0.39087330728981
-3.37367917922603
-7.2993831304536
-8.641439511618
-6.76855583447013
-8.21865800262683
-5.3332270166186
-1.25778934998963
-4.92798686060611
5.1589886646817
-3.49379380087174
-1.57637013932509
0.682181043514318
4.77850374462779
4.26756525194947
-1.56005457230578
1.05099057760096
-0.292297132079969
-0.0056010826017967
0.207104157279333
-0.11628932392124
1.72056169815712
5.03398639799422
-3.33227098729141
3.48680686771888
0.696252604186108
1.50586272947695
4.66349096673433
-1.1145240814642
-1.18472190384915
-6.58209498712651
-4.06223500969993
-2.08660983480747
-3.87198754053938
2.59345790258185
0.756340030335777
-4.00083172684646
2.19363569348986
6.71697585790172
5.9746349513022
6.31673194008526
6.22437198064687
1.39453195862616
1.27602906975212
6.39459108271431
-0.0719914502300218
1.16837514440978
-0.0857274762712811
1.22857795657277
3.32392770048861
-3.77724802229467
-4.33481229312938
-1.49011410465617
1.6144078859793
-2.79732026116043
-2.02424219143871
-6.41406369588408
-3.61888230162712
-4.54179283742253
-3.32638003374858
-1.31910835321204
-0.244465912630892
0.621992976807772
4.64676428645705
5.45986078742311
5.16147602492318
1.26714728607309
2.72209981466379
6.56053786852223
6.16236848056394
6.86083477269929
8.28693269569983
2.01469849086519
4.45355206932421
-0.33794630610919
1.77560636030578
0.678712967119509
5.99542656733946
4.9598227739815
2.8627773499462
-2.35115443839017
-4.5391583568332
0.266015867392084
-3.38786721462199
-2.22116914589416
-1.87495533020527
-1.58510219216667
-2.80180520939678
-5.42482420027939
-1.63231581794891
2.89910436752021
-1.63580187561331
-3.74414497474181
-5.1118362653717
1.15204469877085
-1.97290191625739
4.74179308666649
0.51124943524392
2.92736253584691
3.34851016751518
7.59891662562625
7.65282746499613
5.34940364418596
5.54841942730075
6.86884593078053
3.95066830699554
6.09827487355662
3.37769743820729
7.33487660646667
3.23976457181534
-0.214894863687257
-7.25040227638844
-2.02434252504594
-3.94097866481924
-1.63040042581808
-8.52501889744497
-2.22324521004919
0.665761431094046
-4.88857962318226
-6.18416454736206
-4.94734384294959
-1.92076311667988
-1.85797273592163
-3.00090104665075
-5.29890603765437
7.76758791746887
-1.25710745954764
-5.66245370143363
-1.00236050758377
1.69300006018071
6.21857563738184
7.07864478164676
4.19503599094343
4.58744436528835
0.716366663786227
5.64754482301201
1.51371518891843
4.28473441295236
1.23566097781008
-1.65028254079153
-6.8909155681743
-0.604897527706497
-2.63166491604478
-3.53722698708565
-2.86560807006906
-7.03677546362694
1.72726532771656
-4.98635387894714
-4.7722926285747
-9.36628253941915
-2.349657285267
0.320303599232673
3.887039996427
-0.297679097623971
-0.711769544542698
1.90419635685881
3.10528169187579
8.50585860689407
4.99685210229385
4.23037400773116
2.83283659979194
6.69632703844207
-2.13569826398956
4.63168824158134
2.22267807226443
7.13551807046716
2.05741756648647
-1.49309806836998
-4.5175886386747
0.011561810086347
-0.936541914052518
2.21822597866714
-0.714563086947571
0.873056371463472
2.17965135130427
-6.87236782019296
-0.204040406315455
-2.61795294923591
0.548971397471185
-8.5336647090118
-8.85697203980303
-1.58146671254692
-2.64420577854047
2.97668972086762
-2.27565920777316
5.19175401047114
-2.91451495774248
4.32584496281236
3.94402149535089
8.90504726011977
0.412742122273235
4.77567043915225
3.60977706206001
0.390423319419509
-1.94585477327435
2.80181203805989
-0.119298620053751
-0.0952941251650554
-7.22454197651801
4.20086489440545
1.70286447994233
-5.3145222658883
-6.74529255997056
-3.04322106799947
2.66588169749715
-2.36989970823822
-2.35701807750401
-7.9152116993987
-5.64356185034908
