"x"
4.92721713887421
4.09106934432412
4.18344232668983
5.56671356476394
0.857834774856792
-3.30542576519751
-0.583248477542623
-4.38914393538229
-4.69867503160201
2.04159993292165
1.95047731197533
-3.74180135266767
11.5730019227137
5.22159982997237
7.5236168592465
-6.64005525692013
-2.33317440881504
-5.02166526283589
-2.8130176022031
-6.86068295289702
-8.31989719245228
1.97655831531945
-2.1986846986031
0.652341277046938
2.06361797235905
0.0302164780616918
2.77155048703165
2.77520862667215
-2.42679426709264
-2.6677142491456
-5.36607088448618
-7.88446493558032
0.555064160973832
-1.38606570237371
-1.42439372859821
1.57163121439636
3.36502588234256
4.91935686803116
4.85576361175994
6.25104100305064
-4.29813674417676
-1.36460858048317
-3.82669447465862
-7.5950734221037
-6.81554674107294
-6.80873690048029
-1.48937401954614
-1.15286205345478
3.37354650237747
5.09453209316632
7.49395540105526
2.70329832174649
-2.33243238282611
-3.71443222433723
0.148786409585521
-1.51819759941601
-2.76836380000614
-2.97652490659706
7.78446499130245
0.951036277913095
5.67768611805686
5.33320565115223
7.80975726245631
4.4824034086319
-0.0783114724850882
0.92259558461169
-4.43560586919782
-5.56870091496446
0.930939569143916
-6.64633685972568
-2.07376458686895
2.7310239538719
10.1948370701865
4.88934614951041
3.90737957777038
-1.36347469487089
-5.71198521807891
-2.36608803018544
-3.40596731997731
-6.39916655336557
-4.81651041752623
-3.65543398938703
1.06704845981335
3.91305483058878
-1.35938359062151
3.2880195910296
5.97860387377877
5.51169244361997
5.33691984237492
-2.3926132046386
-4.8486742951694
4.02854180336624
-8.77494829485058
1.77317187127608
-3.71620426022862
0.446122910185352
6.39797917778208
2.84147652680835
1.25455481019248
1.58372171741218
-1.29699676797999
1.47927960167357
-4.48537194054936
-7.31962946002406
-7.84402397551271
1.51409494939184
-3.20620415219212
1.96801635160921
5.40565050934761
2.91581960716204
3.99110757459922
-0.963867420957502
-5.23219523942476
1.81164649279833
-6.86758566612339
-1.70621286154606
-0.582219279920673
-5.06777181974196
-4.10478680637977
1.04231475122538
7.54372562668486
4.68594851697058
1.06729391678223
0.218292173783054
2.07553938052433
-3.48046203817231
-4.55618248920878
-1.67653634788529
-4.91610792314334
-5.37988071511269
-0.28641617261273
3.06258765547965
6.14129333117554
4.90698163937941
2.60985647495984
7.63708719039591
-0.687814270118539
-5.85253831087636
-3.25549984474169
-3.91564505875512
2.20250654125663
0.180807088102209
-4.12857894895131
2.30491274451489
2.06498585229629
8.80215134175184
8.94083215874871
0.955225405517232
1.27585469961102
-4.08306421806733
-3.71279742382756
-5.78401613683442
2.21575594008042
-0.146094930994611
3.04285288680125
4.35562280495313
4.86201883867415
4.75684413016623
7.72352619235046
-1.62504212313106
2.29863434244461
-1.88125126242525
-5.3507077761622
-2.38245356465469
-2.2596965238986
0.192517719622699
0.85048111624631
5.21828995096027
2.25525188683885
3.45988719578633
4.23898622580692
1.41880764445352
-3.3580550647149
0.630040062473438
-3.01984558533261
-6.06300193499383
-2.65569761691622
-1.01732722407357
1.15018083891437
4.08985476181461
8.4844650568639
4.5421469187119
6.61685508936941
-2.39678137456878
-3.82429937189034
0.534116002392345
-5.15391218176979
-3.14269900672369
-5.97014510803393
1.96581425003347
-3.3378940000126
1.50875555440978
5.14134861020793
3.74951997998967
3.21306764374748
6.79644312831898
0.391349768115389
-1.27939317929522
-0.752188348862406
-6.57361339745908
-6.61087191594668
-3.4696877132194
7.61958748862827
0.4257727621991
5.99956184161519
6.02131187201432
3.91715729942641
-1.36731272027151
-1.13114838556017
0.347273785862968
-4.37206664150736
-1.39326833380717
-8.41846133692044
-3.00443957895874
1.31385665312621
0.539884277281803
6.26495954415928
2.29695245598277
-1.30518577728155
3.03812350849193
0.317747713572481
-2.10504951821904
-4.28808370690238
-3.75034525330654
-4.12056257088579
-8.70654046161172
2.29493246130153
10.5816394215721
5.08053097934589
7.68406392522056
5.98771195663375
-3.69242009536584
-2.32778907252026
-2.23361798825759
-7.14896482680089
-5.53362987915114
-9.27194560626983
-0.336752177086774
3.45996573067341
0.226815140052606
6.41562437381517
3.70221105365191
5.96630201206022
-0.431735460394219
1.03979096161161
-2.57918705299834
-6.0423384414513
-1.78109440627123
-1.91135547278336
-5.33746666522293
2.43888942315404
1.75488051852872
4.07972092222082
7.08979627626462
4.1607986661523
2.34656409252661
-5.78802510483462
-6.86062086645318
-8.55095437726737
-10.8772114912145
-3.48513438302659
-2.94114988393414
-3.3430183422911
3.68300804051013
5.51153036834519
5.39828836052784
2.04058102009863
1.10953461742017
-6.91745436716754
-7.11881541626793
2.00080839291975
3.40400398111291
6.90053976608785
8.03019720529278
-1.72344893326784
-0.327779759917082
-5.81428025367861
-6.26715122795768
-10.0976006615254
-8.93229163590336
-8.84105606650942
-2.43244266469598
-1.39477228291038
-0.79263444681404
2.85145952187586
9.84331498551249
12.0431911620499
7.99766306543515
6.03858190234142
7.19748346138412
8.0601661618486
0.785654237325712
-10.8976867238914
-8.49464663923732
-7.08852006484905
-6.93537194634465
-3.52154153795164
-6.512316910833
-8.21747807936044
-1.85524390821788
1.05576972577531
4.99675923148901
2.30446926198193
1.42182935935307
0.558202328948538
0.196092825931775
-2.21282236989418
0.075420800326089
0.402799292129176
1.75674977585631
-1.16807191610514
-1.78576692708514
3.15475812856215
-0.473804968626732
2.72353505474422
4.15983006987768
0.0563093545731244
-0.7183068902766
-2.77441948790333
-1.60968938745663
-3.17899572281837
-7.11521731870911
-6.99229006603874
-16.2480037234658
-4.89909615601393
-7.80806455061776
-4.13158628868296
2.05924125371699
2.25929132749471
10.6460172957975
4.85770981865174
9.6062311523868
7.69600038844255
9.21183945980721
8.37318358834953
-1.56776561808628
-1.37833632253123
-1.24782635055102
-6.33638509394312
-7.12666576701124
-5.67589445807899
-6.87920269865595
-8.25224872612136
-6.53368616001061
-3.42395533685789
0.684734771291368
7.41225644930314
3.16673372919106
12.5256335414083
4.32576599986749
2.53268777244082
5.74415397562238
3.80153779790188
-3.6366868331305
1.90484020819569
3.83143690136799
-4.51637980752496
-2.5409844579103
0.758530497630654
2.25209851684141
4.27845272028825
6.53549597917504
6.03816152736782
-0.203453893565448
0.165593217960974
-6.94325658473416
-7.69082157460126
-5.11292565537676
-4.72407573810257
-4.89460359080566
-2.57222744975095
-3.24911603101921
-2.70963526414492
1.94681091150781
5.04009031524216
11.6441660091278
11.1812679972365
7.006834402011
4.96000104255445
0.845890720641977
0.8026318691409
4.240789433599
-1.49456302309078
-4.9721528153464
-7.35327889089351
-9.38731621766404
-12.1196698959693
-9.77549931131986
-7.95189768011865
3.69467555674487
-0.394803564629077
5.15913263179627
7.07328543260596
7.75602293967194
3.69672355079618
2.97310369465274
-1.72613067902155
0.937159081971752
1.0228327108219
2.80910677716895
-3.64601164155569
-3.46809002529634
-3.32619186540119
-7.72655291500123
-3.59377453799905
-1.85949533274665
-0.478176606775455
2.17747164358885
-5.75893474769159
-3.15914533220175
-6.55304418529413
-3.38215618660541
-7.95616257691903
-3.27045300848238
-7.08478460655344
0.0615783901261855
-1.59685786369184
1.78597294584204
3.82811034423616
6.00841038655381
8.85262012719986
12.6549442842932
5.96511171198606
7.5569272123776
2.9924534373
-2.39786452051438
-1.19132238248199
-6.81257905605121
-3.01865890737762
-8.53475605714225
-8.05782382480344
-13.286233513791
-5.23582615664865
-0.119251561269682
4.62880328109111
3.70749963857585
7.48843544903126
8.07279917225354
1.06967095023905
7.043498955825
2.42366311323044
-0.0974978790424741
0.47840363839744
-3.36559982033369
1.0731118700048
-0.415992459349949
-2.26004150716081
0.910004682673867
5.1236272235834
0.886070722715933
2.67901545760552
3.98543892288976
6.14474362720008
10.1221500483265
5.5547248893332
5.1833637942413
-2.89773797102737
-3.49206220079376
-2.52423768651858
-2.9074340738422
-0.326265574524985
-7.44416971615704
-4.28253613622561
-0.890441911374161
-5.89338424293695
-7.86176240486178
-5.810545856992
-5.13572753665502
-4.45774890305181
2.34045847331002
0.508163976577118
5.7889366826363
-2.33194839709133
-0.475105330986157
4.23184139959585
2.32523274509282
7.14805039122574
-0.970405013807045
0.981227108797986
4.35296325157553
3.36666071966203
9.38342967778913
2.16223577771088
6.68469684493285
7.50997222316769
-0.717004098415373
-4.5898080138942
4.77496587592902
-1.0759920425639
7.21025114926742
-0.0327777847436879
-0.221680084549415
-3.65456396476885
-6.61653917584896
-3.80777327186239
-2.54477437158331
-5.22580934214339
-3.54467260878301
-8.64616904654442
-1.63960556248756
