"x"
18.4357800236785
11.0988911244167
8.11803175402729
3.43610004482855
4.65088906960901
-2.05509736883276
3.53894357063734
-4.35549132615992
-8.23052073575015
-8.06407120121042
-8.81402690782176
-16.9460235355247
1.45684517404062
3.43197548730271
-0.0916891012637686
-2.07240248958112
-1.01391480353837
-0.566369426759565
-0.496866627751906
0.735237238096643
1.25349841606118
-2.95953282052447
-1.74393775148226
-7.20711701536243
-7.15649271346937
-3.5420702942286
-1.2312841912663
7.87863016603779
10.5462664571759
5.65395748468214
9.91330744279578
3.13715000223546
5.23374559330664
4.12751454061273
1.87614389713265
4.88835360160823
-1.80798601964679
-16.130686267911
-13.7130171671555
-13.1803549640979
-8.0114337587049
1.71309498523119
2.52382978476407
7.02626972301731
-2.31617175511701
5.0802158899438
5.63613879412212
10.0532096388835
12.6581115785742
5.27377252057047
6.62130374442363
-1.86296334284227
-3.88503616978549
-5.64565583073846
-5.94782426153806
3.58014370540819
-0.441312769232102
-1.27004928546442
-5.49696533576258
-0.814634685767741
-0.97227569548842
-1.93233543804201
2.36351147246493
0.112201743819126
3.07864123700581
-5.63244855151778
-3.49730848255959
-7.56204971481047
-4.20124619851333
-1.90376556543394
0.177112937665185
-0.151436218112422
2.72299208377642
6.49573550416017
2.79997456164342
-0.77120015425806
-0.815125750570895
-4.0523961001198
-5.91045426380546
-4.64994033070278
-10.0211605844587
-2.87304004552319
-3.62189013362315
0.0654498486925936
8.74009854872959
4.06705226438882
2.0983428577622
0.433597417927242
-6.90403309181169
-4.13061951256012
-3.23459731899845
-3.9186700778155
-3.98453921527389
1.29015187307409
1.48443822710235
6.26197076142749
2.85208806020815
9.87887989805822
3.17545608187579
-0.215413069171007
2.41997225919159
-3.72316569213508
-4.77136643316049
-6.75255191172286
-4.61866085377789
-4.86060700129578
-0.140756522146459
0.924025446488154
6.66420686328159
8.63073704554
3.85332812761554
-2.56205852904386
-3.75280632434839
-5.99922181143814
0.49357846885232
-9.95676496757415
-7.62275089699734
-1.46008247334057
0.406438840854629
4.56003092985638
9.14292584909303
9.52527216870363
0.247909606181632
1.9770953176359
0.108420860656448
-0.854457781580035
-3.44705020292601
-3.41535054343526
-4.37569321654252
1.01617049797702
3.35493567323948
5.93780643890977
-1.28764404066114
0.684833807042232
10.7229546955755
0.384464535742249
3.41870465501643
-4.43871772339372
-3.76958799971662
-4.62418486788326
-5.25517540904988
1.8023800817705
3.09516306572284
1.81223710425811
-4.56698652362704
7.53451600599866
5.92453602612496
3.57676942502654
-2.28064115078809
-2.33097484836179
-6.67431658663282
-6.52688906598446
-4.1888823727606
-0.097873241531929
-1.26514281345966
5.95789506549337
6.38176999707445
1.76482521839744
4.52434933143171
0.81809925494318
0.865560130320592
-2.18177069115854
-1.35870705068866
-4.34733768148505
-5.11809490520704
1.61109353985015
-3.20812261520774
4.93814777180801
9.02170865050542
0.934425378295416
8.27341191746163
2.82323873506046
-6.78299740033688
-4.01724228977047
-4.3529473414136
-7.1580693243256
-6.4915651854801
4.1245830948516
2.38767741714182
2.6916951904432
7.69565522271875
6.75513508548974
3.48866356757164
2.809258857389
-4.28653881050288
-1.47811172911755
-7.22898724171186
2.42571225929816
1.57431210749665
-2.22065635090686
2.40825529136055
5.04524359089081
7.2165766578806
7.12962586089256
2.76275075704535
2.54117042227566
1.00613353895203
-3.39304267375935
-8.53101394954142
-3.36288736455793
-3.98398923813535
-1.11573788857716
4.26863184663587
3.21386505203363
6.59785603379794
8.81337249911375
3.92906071926591
-5.61894071089468
-1.19444748418348
2.23231380997795
-5.55907981828768
-5.35430827628826
-4.36793348165815
-6.51186779305164
3.71525207039413
-1.37168471623315
7.70018180924154
6.0593742836135
8.55287449441759
5.66697637977251
1.73492868672668
-1.72552589250094
-5.24423338231806
-8.29933051727769
-6.27481319741026
-5.88136223491319
6.24496331629347
0.111406069924508
8.55721424615282
6.53347605057899
6.63086813206266
8.46817560432481
1.3356336096083
-3.91739403370562
-6.14717376237715
-1.97612822666912
-4.33932873617116
-5.54194658659612
2.94839765141698
4.8271010684231
-1.0549980356267
2.38124647699583
1.7670269748471
1.09924389525443
-5.78816509124756
-0.899164402368306
-5.73518129109978
-3.05729312662988
-4.29513650101964
-0.928380350543943
-4.76896028455152
1.61699161573273
7.22816894636292
8.1608130844216
5.43650131422032
1.3450026025295
0.200304979633139
-1.50570434738514
-7.19879115660461
-4.16460585169873
-3.21168421460555
-4.48956733778649
6.52868601733315
3.85343068634397
3.04389602024988
1.12381472994877
2.4202113251741
1.00606109477131
-3.30578972973726
-6.66157321071581
-4.85685844758812
-5.46055671621787
-9.66978227579086
-2.26109202162674
-0.0595216230612232
6.33143613046322
5.68719812275805
-0.479049555979794
7.09923621303125
-1.3876583496826
1.11926315491714
-3.65036791411927
-5.01686170599646
-3.38689357937108
-2.25497640086965
3.93395764258476
3.53117388333362
-1.27852192123398
4.32651972633968
1.63738196409232
10.7199119171109
-1.11770231157677
-1.60931177753227
-3.78852590343579
-6.58003195085067
-11.4751043168064
-10.1266636143254
-2.67508198997722
-0.723956430839718
4.58277421641549
2.37015481487825
4.97084679338265
3.86147405691172
1.28993850490471
2.2889254114757
1.31042670993135
-9.03601920911886
-1.55679783092538
-6.36980544163855
1.03062792839899
1.90007822808637
-4.62507865212245
-1.17428783487061
7.70957644600097
12.3869411273321
12.1144508814796
11.7948487879982
9.64385813649531
1.19119151819126
-3.07496130155072
-5.69516379009935
-4.85971620052623
-6.99595440658944
-9.725833488806
-11.8845635952042
-12.6563704840598
-12.4117267408956
0.0653861407358178
4.76582067254888
7.87207890157895
4.74942070205668
4.95452476415435
5.11344534580963
4.04197596128226
5.44252610877377
6.09296691229113
-0.903549374533939
-3.99205407821984
-7.98861418697672
-1.17539288404158
-7.86068600334015
8.48450942250073
10.926420436621
5.11442479686118
1.70464264471953
3.6479535098351
2.50593564333376
5.77434932753461
3.38699971923529
2.99110283451255
-0.372609006672673
-8.76119425138357
-8.25722992434022
-11.4977997621646
-2.67066760630007
0.802082859158936
4.57821240904364
-0.597638752855993
4.47218740256628
7.7262967472243
8.7255313002636
11.5674457350944
9.8659797779621
5.02798685368013
4.00699226677303
0.306576494963286
-9.70546866367903
-12.3274519875414
-7.33604484052576
-6.24640129554277
-6.22993214587063
0.200374586535713
0.643145561148176
-4.19635310685086
-2.31939518847758
1.94905519077857
7.58890776531251
3.16354430109707
-0.0666668410806359
-2.0176234445544
-2.52524896677722
0.175822797734385
-5.27413491548485
-3.56731819219127
1.2941464482341
-0.54732682613537
5.01926582403632
-1.92001948945318
5.74356704454775
2.95287004780159
5.4235254007159
9.34873973308215
6.00903970722897
2.43401776719834
-7.30692370223284
-4.42710009556278
-10.5227445060164
-9.12726081637302
-6.42391488172966
-10.9944926800644
-2.97837315179319
-12.1381623532427
-3.76951271151574
1.22469336578657
4.7369619598795
9.04927077253924
12.7285959508184
10.5247253484411
0.790671355683086
5.15596671915785
1.26662835634546
2.06074861663627
-0.151384905321062
2.4573464527873
-1.66695743400951
-8.88569971792541
-13.9204818773479
-2.56455488655615
5.36327868247339
8.90522182229808
15.7408666115852
5.83916492903593
-2.07271549404612
-3.52104398775794
5.36408935364304
-4.21843778716221
-3.56830411042032
1.86402523493231
-1.70622064558491
-3.67677241424656
-5.06523437412658
1.36309851048412
5.62401524068225
1.32660779352867
9.78688371512419
16.6402616615976
12.387379291819
1.96633163999502
5.28898514538965
4.06751054930811
-5.21037278308891
-1.07322724430536
-7.75607839454509
-14.4395571373989
-12.7702249590307
-14.9443588529996
-0.136331107626649
-1.46811386670832
2.2498268115446
1.45574456498756
2.41271380810603
0.775014701355262
-0.361372211184489
7.13560626685137
9.56118256215618
3.78388680777679
0.405707970345591
-0.528743285531837
-1.73835026256496
-5.42010869136042
0.653453800537668
3.07933902944658
6.79994605421589
8.76059263005088
-0.558596958000661
2.92737845617209
-1.15535855921586
4.82716210885959
9.05700245538658
0.89380421532684
-3.44433997206457
-11.1865072007736
-16.1700929162093
-10.8284870463529
-4.53027468346069
-4.20057765453433
-0.437487108166891
1.38912953206806
6.18658139845514
3.49644358742433
8.21821109675684
10.8559306169686
6.47980923780152
6.83512457220409
7.40509034141004
-0.504164886326856
-3.50878852986151
-7.7663848158936
-9.09110490883259
-3.37579856998126
-2.48794242247001
-4.37258931938287
-11.7039636498712
-3.36259895924166
-2.49880083557607
10.3508905910428
9.59707231841927
7.43491491155822
7.01595624925889
-0.0968963125305354
