"x"
-0.517975283307191
-3.84331323619139
4.80376291254254
3.84575989105049
4.85291185729423
2.33146113422759
4.05891713609577
0.669973406933138
2.81647661474758
3.15308963535855
-1.35428386954465
0.923549075499238
-0.979496269232114
-0.845873896128482
-0.304409152099588
-4.89578246223058
-5.0877938466195
2.54738895086642
-3.64584183703808
-3.98118734725733
-3.22160764552914
1.32196526275708
-0.595990190526887
-0.0777605254796119
1.98924013283821
-6.52665031045874
-3.12718405864984
-0.302639505065984
3.76007382150514
2.01225793006989
4.92909758366891
2.56582513427734
4.56211949197771
7.27659281570472
4.62029095625427
2.68951118724138
5.92365632043969
4.54653480685345
-1.34589769286359
-2.95993663444224
1.26445455876761
-0.649216684829691
-1.31525972936852
-7.09450541097211
-7.60294933505274
-3.89545580951584
-3.86323172839089
-2.4535909781239
-4.23411111822902
1.50121045967101
-6.67513762854585
-1.58508165111137
-1.49130180574236
-1.16860646978694
-0.438719281413609
0.871455896917975
-1.15020873392142
3.8860276546127
-2.07384579597799
7.2218103366334
4.41708743377872
6.21135389342245
5.63479107586914
4.76277876886889
0.70701430373673
0.73139805733937
-1.19244569853532
-1.31415236334303
0.0195886327187915
2.61875406204956
0.449889894588048
-5.08446999980379
-1.9879498016395
-8.08781674245063
0.488979051544983
-1.70340861628293
-5.88536245649245
0.0195848008048625
-1.55946624633971
-7.75583104067748
-2.92283328589422
-5.9942581198864
-1.574567261891
0.249045689232491
-0.340580244125124
0.647761581803541
1.61987101489275
3.39687668390378
-2.20482187128586
2.47101549279527
2.9740516844253
0.924986801685511
3.13774347513684
8.65533409452787
6.37155468389643
3.20631450696521
3.70491774319379
6.33092809773768
6.11669912592718
-2.05040166407376
-1.87451463278934
2.74077346402645
-6.68575068295877
-2.87486635106928
-9.52034515910083
-2.89898542183793
-9.25952192821423
-3.24239148534535
-0.489903112429204
-2.52517636871971
8.65422587164185
-3.51602151929494
-1.23246343158165
1.79925468218972
1.37816335101557
9.83060482401482
1.46008902461196
0.657888808792528
5.24224225014571
-0.39102674560515
4.73280790942488
1.94830693998668
4.15081482854114
0.69415315374533
3.07001923564994
2.6661160916015
3.55360387544097
-0.558832711543289
1.90460715237392
2.21170036922324
-5.97335128553543
-4.39642280073655
3.13457743050064
-7.40572295396187
-3.11246910333477
-10.2852771166759
-5.28484477421199
-7.5232727881304
4.32649441185053
-1.7255510206902
-2.24028283824962
-5.56230641348464
-3.21393213247847
-2.04062289166156
-3.46870142759226
-3.40805808414866
2.2641381625078
4.18515023439577
8.13241682426379
5.7002926094677
6.04425619686996
4.73858106615628
2.18669531389318
8.74065441762752
0.60362371071059
3.86916218004573
1.02840851174295
2.58770357700257
-1.53472801737445
-2.5355232116042
-3.82898215852626
-4.51117611499989
-5.13807985953174
-0.729256498775186
1.41752731262091
-5.36966453519304
-7.28359841891096
-3.04794161964569
-6.69479852804043
-4.20235253765031
-4.3790639328269
-1.04112222954271
5.49251670648744
0.00713948420977151
-0.638568556016315
-1.0727372240674
7.20423412457146
0.940438455299469
5.33951465934333
2.96461356339729
8.81397899775707
4.26569984115262
4.96316473268575
0.146807166934077
-0.012066250483894
4.01707544462549
2.34677432764422
-5.49448084446722
1.30314282487472
-0.408990930704475
0.535048986295963
-2.70412366149325
2.1600516961933
-2.16084089318877
-2.78354567686003
-8.03387389948143
-4.13866236331405
-3.72042949410663
-0.748760769444957
-2.64186388482618
0.101055605758179
-4.10668206563028
-1.77310393179504
0.17852568864802
1.85455121627208
-1.47994993272464
-0.840458640613823
6.12774485602028
2.59853011542742
0.0259111316479461
1.47336201534628
-0.804382517532074
-2.26516141265498
7.65517153775271
7.40258240137447
0.656408916920647
4.519802717051
-0.962310064249859
-0.10992065170036
-2.59480927273965
-1.2131362468868
-5.82886205058141
-0.869512610861325
-8.07769889026292
0.0219921712636566
-5.22595446592533
-4.03286836275167
-2.37672039452821
-4.74137303438267
-4.10691717661925
-8.03525217816492
-3.24806676731022
-3.21334649472713
-1.93242166280305
4.3863376307848
0.375956907933343
2.35292480609664
3.60804556638088
6.67327605354889
3.67238526584879
-0.0288297544004736
3.85592847484966
1.86330073051598
2.60779369548478
3.1788662835829
6.37314228625552
-0.844444300701729
4.78906159517225
-1.44803481247548
0.700927668801938
-2.40146679167272
-0.561769301557462
-2.19367178640872
0.30885834087552
3.27342287340117
3.00772036999256
-4.0876760434398
-3.17353743388686
-6.69481613873979
-2.69019738025872
-1.91876830586565
-0.167238909256654
-10.7889968410711
0.407949959661361
-3.02997662028659
-0.282765915432422
0.271209136397119
4.78122678580135
2.39392935866841
3.04915758653124
7.31239921841052
3.71725194217224
3.59546297928025
7.1587545454802
6.29710986340739
1.96794610843645
3.51509202911418
-0.075781966457672
-0.578029108709099
-0.621109447229824
1.05769989344119
7.8255346300265
4.96786729800246
6.44331654432263
4.61910717795599
8.25420144520063
0.0699087562952192
-1.57556046655627
-0.827820426306264
-3.21082668125517
-0.317237613718791
-1.27341947414324
-2.91903553221979
-4.57322783036747
-5.29159526711955
-2.67797528487559
-4.77574823988088
-0.395144194090525
-0.461314378929193
5.09178654625539
1.844931260827
-0.586868632671167
3.77958765682189
-1.58415848752326
-5.78456244666158
0.590382277478145
-9.04995260546516
-4.68515369036157
-9.9380367623618
-6.7980133829162
-4.22586440642428
-0.511738360662025
-2.40328309228272
-3.55023948105602
-1.0678834233977
-5.45991880445075
3.40751745465658
3.56227004391897
7.08457669629913
6.4340794601065
9.9464180264565
7.66692585410591
7.02355694181781
5.68101116662322
2.47492905092123
2.90803055235972
3.50476122657848
5.26180308623808
3.20042840151697
-1.32119201900333
4.62734087313374
-0.614281438026322
-6.97484038424462
-5.2274280058547
-4.82552225883517
-2.97848211153026
0.0987145097400999
-4.74533811070813
-1.16610246399739
2.83530667119751
2.53892087614826
7.58527864042727
1.58755697895874
-5.19759457230118
-3.08583256453111
-3.1889737073274
-3.68957932923135
-4.93041962272914
-0.0222067112842339
-4.14461990275484
-2.2292011050741
-1.58450767055251
-2.4899829762598
-5.17309977577189
3.08397128464407
9.27261668114886
0.147342374944342
4.39433121301772
1.4253235247923
7.43816708346342
5.82694447386114
5.62021949198676
4.34817472847148
5.47735730563831
0.724778902275816
3.59303549490895
0.878498917504327
-0.938727379178127
1.79631928736706
-0.609604585306213
-3.41575752745462
2.50426212489352
0.880341786271581
-2.42319162534514
-3.42721167108742
-6.20929885600624
-3.22012639508121
3.22587012875792
-4.1548881281984
0.281774401934664
-2.74658093748936
-4.31286676526768
-2.04504547305233
-3.30057808746234
3.61773163728281
-0.303056503656838
0.123254715126235
-1.99969449065346
1.63228770052498
2.14935446250871
5.83074900870969
3.17942094511703
1.81117805128041
6.70836322094126
4.82532839347603
-0.686961824782584
8.80280632185866
8.40953497610464
0.455953268484236
-1.25806598520443
0.809737194777455
-1.52258000902986
-1.84307545601827
-2.80509037308446
-3.50036788334825
-3.03844547036343
-0.0691856329527516
-6.61320072054032
-4.0066946780819
-2.7795295821231
-2.64235940448872
-5.17812708186159
2.78594900343043
-1.93573619656041
5.07838635442072
1.47819813191783
-0.833064240529684
3.37087872426358
4.46154965771643
4.78607843672975
-0.191354250415408
3.29060311193117
3.1694011261403
10.9719223745349
4.71404822091055
5.59157819693366
-3.54938750721657
-1.92707168982991
2.93355368223785
-0.0775797852494009
2.28512556116176
-1.69433193422776
-0.99878741061035
-1.06589630934317
-0.519634707124898
-1.95352610858833
-1.95906893935717
-0.546598644240709
0.359360753350428
-0.693874960193265
-8.37739696495181
-5.80121891228193
-1.24931878109732
-4.27521529109105
-3.11720522727245
-2.07992550070212
1.52447539075538
-0.0617952815779415
7.74545271077795
2.6675162705977
7.37657824269543
2.23159127229633
6.14329438751232
3.17038224221361
8.20039863947803
6.37492429475527
0.47650182984824
-0.0738271773407373
3.50778851729521
4.31835420850518
-2.83923479760107
-5.16752372768572
-7.16813653686474
-1.67192522546547
-4.97282316257841
-5.23451437464374
0.16175517626785
-5.6305384195181
-0.686014154001398
-3.48661813864962
-7.22979598226875
-9.03140799565421
-3.44313498283339
0.172254172338742
1.39612597955218
5.03740626145784
1.217489806398
-3.57182562404092
4.17259630748504
8.08782804297297
3.8679527385915
7.47992503652534
4.74013019976257
6.96996416126934
1.53453117823402
2.69501912423366
7.40974605721234
1.24648599473852
-2.67588041497047
0.378006292502273
2.51503537168938
-1.76377112211234
2.08729988607192
-2.48010600794883
-4.04530312743617
-0.858629603468665
-7.01703077982296
-5.54506062836428
-0.135937576159953
-3.40835188947804
