"x"
8.39043000065635
6.63882080171568
7.39236684496298
10.2578967955574
9.07848883029207
6.81832481489355
7.17633317692955
1.11385657134092
1.79586600726326
-8.54570120666802
2.13255025713445
-0.698540878291879
-3.63035434365265
-5.48683019669846
-5.80544934916922
0.635525237015059
-4.66055170720579
-1.95571265842351
-0.789177165687425
-6.47465190586795
1.0417578115858
2.36400360456367
-0.760010755754717
-0.330612586981293
2.08364203030264
-3.09561034659939
-1.15265396227758
-4.13581721546161
-0.913930036274642
-0.814049426891583
3.37206415915627
-4.06118700093462
-5.71077365734306
4.88355043029504
0.729625686282376
4.34457301166124
5.92272809684231
6.09753050294295
5.58764889740126
6.1630834408136
6.20504406592883
2.02501296805819
1.73050476616062
6.00620004585834
1.0497902141014
1.92977643789615
-1.02999294407282
-1.47983363041205
-1.69301132149355
-1.24485776087421
-3.96385245982734
-6.18559414032003
-10.1720688858791
-8.46859808766774
-3.77254150403955
0.128111078332492
-4.73594296488551
-1.55423182223824
-0.414430080105774
2.21659751426007
-1.55900101160548
-1.08941904637908
4.89162583115037
3.1226242311615
3.14657689576572
-5.83487315231988
3.76414038692344
3.80993952418885
0.635269685133214
1.30896564129086
-3.56101919094644
-1.96765723440418
3.59501167306169
-1.74799048139174
-1.82531804155646
1.38021784461506
-2.152933555524
3.22904100169545
2.16559408646938
2.15674509091028
-0.445339332582917
-3.2344877857773
2.51507878960749
2.87616942976171
-3.09179748651451
-2.76606245206137
-2.98846436349881
-6.28532635515441
2.52098086530681
-2.74650262168424
-5.52521064926641
-4.05292526260519
2.29243395087064
0.11832887963056
-5.90361214986241
-4.46155954092932
-3.70628668909623
6.93998695058153
-0.129083997319603
-0.968579137102789
3.85133077741384
4.14150956302329
2.88169101677745
3.95332534311825
1.2301070607715
7.14668139635375
6.8756631952632
3.8742181229558
0.593565457980937
-7.38942150199591
-2.84913428860925
-2.26371985431964
3.02017236938745
2.71206252175713
-7.44292360898968
-7.33076947068092
-2.41833781976236
-0.794152483247413
-1.40689865977199
0.53260250555375
-4.31557656277197
-3.85657470025664
-1.48292494742882
-1.65879910713789
-5.69953417076275
-2.0452385424777
-2.81569398449331
-6.82358396108309
0.216451842270976
-3.95284717353442
-3.97589447364118
3.86042700264009
4.93904209205763
9.52798775413616
7.8336400746571
7.46577427037059
16.5046067545828
6.02505068907884
1.71771859381049
-2.18706675231118
-1.34448810977786
-9.64334511977874
-8.69162839205209
-6.78372970658199
-9.15931230556697
-7.51303066062646
-3.24377466561999
-6.68975022584625
-0.877430668439517
-0.277100428535104
5.25097924296564
10.3215515350837
8.88028465290203
8.89942830788629
4.32116192981876
5.18414573184045
5.43789412655325
1.2134165493391
4.15666588289201
0.354173372925507
-5.19190896730942
-3.28535085395349
-5.41959543139002
-3.01367347427534
-0.578469531646296
-6.42280106648779
2.33937188735434
-0.995242708769988
-1.57512415573517
0.4422722472741
2.16428073076468
0.459110164746312
-2.17912525974209
-2.9284230289966
-1.89366375173393
0.410712780756427
0.847898979901035
0.0348237942202578
-1.6052902177526
3.65286103070625
3.18587218092491
7.23673797097717
4.46793287906962
6.07978692339538
0.692587226443739
-2.71302815751645
-5.34657708161026
-10.1483974378636
-8.68003151494885
-11.3784479701126
-5.34197302074147
-5.84424185318581
-2.25562143507333
1.27310669593447
-6.75216729039159
-4.53149706972772
-3.83849163871499
-4.13060959241836
-4.08094734101015
-5.4604006558316
-5.43596184312014
-4.26121746276927
0.813957390204976
-1.44572361285852
5.56899743205637
3.60495785368758
-0.56945557433766
5.40162287490039
2.33234034343834
2.68091290055188
3.89536343119169
4.17577453249908
1.88671294961379
0.915203461804619
-1.27899498468981
4.40024338731431
3.95050369002332
2.13961598477992
-2.84207194932413
-0.723585569831814
-4.03847500935878
-4.40095629911905
-3.97020036596623
-6.89528340427327
-4.66848184701642
-2.46887083971874
-5.76634580599949
-4.81994065018146
-2.16206017032706
-2.66880692902686
0.768785287749941
-8.0923526478119
-4.29184733152962
-9.58147359625718
0.448007230887908
-4.64131062791988
0.00675526363257717
-2.19418782263501
0.460042556120807
-0.532527059902292
7.34863130990447
1.68855495517443
5.97218089580333
-3.47909383523753
1.19701417881454
-0.452794049608586
4.32066749999761
0.207170795915966
-2.29491746040904
1.86803605044448
4.10477807232176
-0.682238867236998
-3.54727073403128
-3.1493699526807
-2.98004537478016
-2.95034195630493
-1.33285720959134
-3.27128013419377
-3.88475880211474
-2.82019007865376
-3.28041008908995
-1.69818667803338
-5.3803048985469
-1.90909494819318
-3.42553070488876
0.473585427485014
-0.164139653778516
1.72449323918653
3.52789129990093
5.76063279740823
1.20291171672571
3.65518116770704
11.2547322790609
1.64292808608785
1.17328041536772
0.980073718821311
4.43826440597134
0.936332067234288
2.09532805464592
-7.42926540038651
-2.49463017792122
2.9582116143856
-0.602397152111929
0.374202375901165
-4.46902416649293
-2.50636023471097
-1.88533636035399
-6.53099292971505
-2.11427314293098
3.67508759937037
-4.95452334350521
-4.39369669709707
1.75685401019068
-1.41778311404979
-3.85122616216038
-1.22936869876186
4.76285194903882
3.63519651792807
6.91741245170824
4.06505974404301
5.93521359978141
1.64241677197809
7.06166193738769
4.72187424261285
4.64389304399873
3.0350321217738
4.69302460988124
-1.72539909713302
-1.37554094530095
-2.75578252937941
1.47489505865115
-1.77310867981873
-2.66160915396774
-4.10277858380134
-4.99634807430251
-4.10081340883982
-4.62921072902858
0.199489860717469
-0.54455327047201
1.95895382231248
-2.94245041046736
-5.17221831965011
-4.1947984003291
-3.52268308193369
2.1484884730611
2.24234971178332
-6.0046114493902
2.01837328246147
-0.283599913424599
3.10362842633056
5.96684960106212
11.7418768794373
7.92596001403515
-2.46061109980047
10.5061414197378
6.32428733005825
-2.34532606380201
1.80794339013526
4.39426134444806
-1.13906151730374
-3.56414721089593
-3.48207645554267
-4.00521573189404
0.00876223308976831
-2.34491221338005
0.156796423884503
-2.12854033661335
-2.22416132884232
-0.563910641183777
-2.52584700712344
-3.5876336781555
-1.32697364891216
-4.26004081392459
-6.34795587798398
-4.82219980024958
-1.54776967438959
3.07010967163434
4.38550649245769
-1.23914133794054
2.00066343243036
1.33400261181749
5.87285273474993
3.52697687469227
5.90936292325849
-0.805744597283508
4.23527537711306
-0.638443965978608
5.96405982451685
-1.14885286897692
-2.33315070312441
-0.781146480223264
-8.9533813730484
1.5432219251092
-6.39225385915114
-4.74844276672622
-6.37887341518956
-5.09638869355223
-1.65490289236517
-8.10729978437101
0.542155842555842
0.715802986232404
-5.07153876113281
-0.358124563793503
0.878334596125854
-2.4533664353178
2.49752106556822
-0.374435683070778
0.872180110866457
2.83771042621688
8.22981559741486
4.25376845794963
3.32111134027514
4.07246804317586
3.57041608240448
3.86310887356862
3.5928709148062
1.0275892792526
5.4302087470903
5.9974280180727
0.0774014948388867
-5.29069816833585
-6.93117209714343
-3.633578975986
-0.796598930912095
-6.65124281401616
-6.94499360842327
-6.13769425949928
-6.58293555774784
-3.88620360721939
-6.61782269196996
-3.53804081609678
3.37168094028873
-7.37784307269462
0.458316387654869
-0.488067481091177
2.99623565971407
2.84630110762965
6.07079632001507
7.10972503312836
-1.97932133035924
2.40106619570796
3.68133148111389
2.13316380290065
4.39738223731784
1.6155460304015
0.116105221762019
7.24856381166563
4.01293129197933
3.31145695041991
0.777109579680132
-2.02933468058927
-0.0888132903515113
2.13111247456876
-5.69104007353703
-2.94704896725334
1.35615389383458
-2.35529578624586
-2.92382496245707
-4.49071485511505
0.500103057153551
-4.53508827171338
-1.26395263891849
-1.90498802603782
-2.54260570591634
-3.2289700151193
-2.77661870674318
0.297119721676308
2.11067468888689
8.36787406485137
6.41091778618211
6.08606508759901
3.73057147124188
4.40004489920936
3.54451037215615
4.70090038348375
2.56672316841433
-0.532813739698938
1.81891478382602
5.57886241309621
-3.6797842887417
-2.41307497480399
-1.25797958216796
-2.19533082442147
0.134610094533947
-4.2814709178464
-6.26587716581589
0.645705642917195
-4.41116518325787
-5.49519880099082
-4.1046375183347
-0.540156774609669
2.07367037772521
1.66126700071595
-1.8904611688997
-0.392491131625741
0.154796616154924
0.16182121382267
-0.632632554832541
3.82266550682454
4.70797214409228
-0.216928234171107
5.57855314575332
7.83936911978817
2.65339767804559
7.66551024098499
8.37609680653124
-3.02794223713186
4.23931304933299
-9.20397520235525
-1.30557438797779
-0.619355804487055
-3.22795523119131
-5.69650858582978
-6.01686956572983
0.574327482600222
-5.04090571793572
2.0738001250779
-3.47581370981022
-3.35119856846557
-3.68526948716631
