"x"
6.0025365825637
2.00077521626319
-0.211284036148627
-2.96129795604044
5.8490747958912
7.85383120631875
3.59039928940389
-7.04551754949215
0.893980052365208
0.670763498321348
1.20803900201448
-6.50843734143184
-2.60064242634123
-2.05756679745737
-9.93030840662939
-4.06685103355751
-2.46744868796461
-2.85740255466538
0.0136886016982651
-8.64485411244329
-4.03943500206235
-4.48613768737929
-5.42257605248224
-0.365391424242653
2.07368591930141
-0.539894472367132
1.59170739739657
0.546182400965012
4.17793134626387
5.84166904109982
5.86321614665546
1.75511338654015
3.22790269658458
3.4706472599957
-0.326848668534542
-0.369893189301142
2.99251870790401
4.48571289299871
-2.55608345137809
0.909712683684212
2.11055729115798
-6.51443324522469
-3.25296177634575
-3.41127020034477
-4.95365979070211
-8.56214814746579
-9.45924666627154
-7.32594289876867
-1.55656376647247
-9.14239361713414
3.02080675376983
-1.80652494448545
-3.9335925890971
0.374761617493396
1.06694180403154
1.78840759852751
-1.39868005306709
6.08212287852664
-1.15588100579881
2.5506490482692
5.57167705768383
4.43022363345077
5.18734401693152
8.2052776062409
9.74637959706368
6.51406779821231
2.63347080303127
3.04490530929345
4.54720624494637
-3.45778537204377
-2.58788452425868
3.40086367208659
-1.78358290671875
-2.24798827442488
-4.21128372614901
0.0359825278639239
-5.01967927364686
-6.01470772071187
-4.62208372870694
-1.44082043915386
1.36427008934522
-4.01345937365116
-6.34576569074866
2.90013679838273
-3.84986075858233
-0.818949294679794
-2.4998287963811
-1.92133233307998
6.44592260635705
7.36302367148208
8.42737010844026
3.74530930134679
3.8421546565588
3.82019677409944
8.20063198943874
4.08698394563668
1.74990666407811
-2.53970962321306
1.19350034149791
-4.09803679954762
2.83848140490662
0.377799423812533
-0.257158543073472
0.81926637022594
-5.94980573077325
-7.18288805912075
-2.0501620077535
-7.07684822176622
-3.12522544469254
-2.6212051635848
-2.68801001854731
-8.742933186413
-3.25565483943366
-0.796386649899182
-5.65747124219339
-2.19564238393147
8.45427371842867
1.28252865384461
3.42258831367993
3.34793982338803
7.68057515125905
3.20041366446724
4.73860475671848
2.13955288683497
2.18009401262336
4.77528951476361
5.74650513227278
2.54099878944929
3.56728133805735
-2.69222830140805
-0.621877138227675
-6.04410443486382
-6.65555262940473
-8.92376696695854
-4.58607284471178
-4.66834428551303
-5.00889313506427
-2.3017322871179
-6.29636851961495
-2.27246557414714
3.32903312502905
-1.06973559670667
-2.60063405042521
-9.82703671341281
-10.2047971682887
-11.0537692355719
-5.1765306960066
-6.43875688285638
1.22852340762401
0.246663209217807
2.7926058747344
10.1117882594397
3.05419019031094
9.53300582536077
8.62891951672286
1.95747202213444
1.49682375174084
5.32405460892139
-2.91559858527543
-0.570393599206729
-0.108708634118506
-2.94336085737893
-4.27670809050075
-1.34863519644298
-2.09545925635348
-5.37791249727295
2.28754366939998
-7.11557902056719
5.04172206606781
-0.913394078121688
2.15107640951697
-0.22061332018147
1.08952703887898
0.938693558523358
-2.96221103687814
-2.20518576535554
0.399014179912447
1.43886052663025
1.28146133010877
4.44364617139798
6.99741292110424
11.6323595288929
1.27642805689758
-3.70444377987307
1.48010584483927
-5.67429337768368
-3.91274004847977
-11.2682305313953
-4.63822095269365
-10.0309050185593
-9.53765064524409
-2.08931796653574
-1.65469260343761
-1.2801165698932
5.5786513610296
4.20740566279224
7.32116936126322
12.350045149376
11.0726524325337
6.44143689878288
7.83302175938614
-4.83449256183627
-5.43507781904157
3.28797802184257
-4.73912942212987
-6.32815563839001
-8.34818539018957
-6.22423541641334
-3.41037521482998
-3.53373832538689
2.28635661468232
-1.72806294751194
-1.31246245910017
-0.267232509600323
-3.14528981563915
-1.17073166612968
2.95860306416419
-1.3308704518747
-5.33389600327888
-1.21232560820093
2.92680152503695
1.2563582123135
1.95420845307078
6.96547990930499
6.74633801336692
8.65145799769219
8.44407452912288
4.60735593674724
-1.04753332503301
-0.711659273406362
-1.43127189793932
-5.65484791340781
-5.4862787301357
-11.5096477697377
-7.49664906900015
-4.95978751543324
0.180320203633925
-5.79016546978994
4.35239636162562
1.23376680970841
5.53795602718006
3.58276889593899
5.9324320181848
7.62922757231165
0.589068300200143
5.68478255651744
-1.65484360468046
-6.05424136090876
5.80160206132005
-7.51283422256238
-4.76700297445092
-7.44890532086633
-2.87995193681877
-6.96757466879713
-0.204828163449942
-1.01168262528781
2.40178611037117
-1.21555990061344
2.52424276832737
2.08685876742958
7.2911235983693
5.192839960823
0.937873243427595
2.29508603407017
0.182402200574321
2.62701610236411
1.89831901567162
-0.350660480677703
3.43863994450994
7.01633953828487
2.97885749169465
4.74753460677276
4.27809189615178
-0.0900652706531909
-4.85746865905027
-1.6047606493112
-2.09829281667963
-5.96341319381
-8.57222055068584
-7.09177791711928
-3.50602961600828
-0.45488018695868
1.03522861145693
8.24880562339153
7.83828541051818
5.58247305296196
10.5878939995192
11.3383156880129
6.66969094596637
6.63847447097522
7.35989448104258
2.84917352907149
-4.71530478857898
-5.55254906286862
-9.05200771907839
-10.9564961679175
-9.27744020525614
-2.22688777902636
-7.26069126907076
-3.05999623139089
3.8177085673969
5.70263276057663
0.527318041616207
8.79305422557813
6.03754165178016
4.48569843320857
4.21295315701522
0.747747462567841
-2.40078347591632
-6.15884580331216
1.45986728549479
-2.13113831835837
4.24820624667001
3.61262121898768
-2.74434845326751
3.55037397044707
3.81907725480899
8.04717222327838
0.762543164228929
-3.6609530038329
1.71397827236618
-4.06708942500714
-8.236661372169
-8.47131093824943
-5.14254948069774
-10.833500391665
-4.40899445742877
2.25332748584423
2.91663987033145
7.20612428947201
9.65376950440275
10.8570964907024
9.1044043659743
7.55099132726565
7.41635355588935
5.08830171620856
-0.0195888974436038
-6.18381729276823
-8.52577609845514
-3.91973517616688
-2.14198186108763
0.945321656819462
2.84978050458592
6.17372647031212
1.10718828339651
7.32190954108842
3.42675708691121
1.81128455490528
3.05726343702694
-1.19806231292108
-1.38594717517105
-5.47335190413909
-12.8328361798586
-13.6751771793094
-5.82154755990873
-4.05773334217528
-5.04164771219585
5.19146322674683
9.74552293836826
-1.57087169021906
10.4481165090044
10.7075289738033
13.0198777062495
13.2553880482366
5.72444770285503
0.865885017915614
-8.92604476353565
-6.11460794090952
-5.81118928927725
-4.24446285803164
-5.23936198327176
-2.21095878499861
-1.91252487872195
-0.286569171708819
-2.2441816416828
2.12173383857352
3.99729099804669
3.10142029180918
0.361640291362203
-3.82933465137963
-5.91264731368399
-4.09850113659042
-3.56740577028335
-3.07316328790882
-6.98039930407046
-2.76533428818391
-1.75909449188361
6.57514706655096
4.7955262175139
8.66768539850223
5.77037721521136
6.74257377383853
7.39181591436101
5.77401847377435
-6.25758101546235
-7.75302301667811
-9.52277760270248
-9.13513623791639
-0.209806466970138
-6.24820603587182
-4.86599733547079
-8.91242235866774
-10.7259912159325
1.25326838077799
5.09481262496264
7.98912422064595
5.63059572298499
6.52944897673124
7.81102047715505
0.294107577604627
-0.715248970270176
1.95432298554837
-1.58927729960102
-1.20640468671177
-4.20448949207316
-5.89578837663062
-5.03490625555152
-3.47862341959008
8.72533580285987
1.3286033463704
8.25905331656508
4.23890175442
3.6490936493762
-7.38387352451022
1.99479232510445
-0.126001045182645
1.40028675339231
-3.82346570136912
-5.86575957351893
-3.00164004933559
-4.42535741856636
-4.05052578588672
3.32166453332336
10.3300808078241
11.9690809525816
9.90105310308947
7.88206276130988
2.7812256363171
5.8869432234822
2.75373237295355
-2.60152064247482
-2.98616262605804
-10.4079223895505
-15.846089595398
-9.55270045373195
-8.96082266849118
-0.452318532327971
-2.00785526142697
-1.10486662994768
7.8609988801942
5.64717846268196
7.14588033857693
8.12423407108108
10.6188021570618
3.9287663273327
6.42718156912469
-6.17172988577871
-3.51430223377057
-9.01081712379049
-2.0915603812969
-0.0991404478600855
6.9685726100727
6.76377412332429
2.11507033587582
1.80515211260354
3.07441021586297
-3.44474741031796
1.3637857655228
5.37982187211436
-1.43936028500237
-1.47154524208765
-8.90810189977752
-6.7071181549085
-12.1890735791026
-8.50046385524717
-4.42713277884864
-1.72518479480762
3.62822619813251
3.92150604617265
6.68491964707269
10.6228999520762
11.6568282904044
13.5331980576633
6.58723808973812
-1.10133016825852
-2.04979672709486
-0.0286386828561387
-7.74404821943871
-7.44875265494175
-4.03283635615511
-3.77401852130689
-5.37438221504178
-2.90537275707754
-3.75583461257238
-4.78824302681354
1.89462011858327
7.02145140637961
2.64918069809416
-2.89479162532735
-3.82378305531691
