"x"
11.9506454167033
10.3349341223482
7.0663065123496
4.0011901638301
2.14118015595084
1.08294905947396
-0.403696723127417
-3.14977797225632
-6.68470718494014
-9.38071625712956
-9.56717519534713
-6.79037134037849
-2.26544881700873
1.84270450455649
3.80502208118212
3.38124863023836
1.79138511517968
0.663005128181746
0.768820500791634
1.50894382974768
1.5131628184817
-0.120459041929802
-2.92361980098685
-5.21476441168312
-5.23499195493911
-2.43388393353065
2.05328583480565
6.10512453745359
7.98964549091037
7.41862557729104
5.5315299471483
3.86397723239914
3.1109740087962
2.63426207596031
1.0839622264756
-2.35338797558998
-7.0558812321792
-11.1389994089319
-12.618065795851
-10.7273826697793
-6.4321456635183
-1.75914109330588
1.55823519972899
3.12735548563196
3.88856835054805
5.10644416299591
7.16714147529342
9.12620405923415
9.37086083420707
6.90273381360593
2.26021552051896
-2.64557886346761
-5.70038188792797
-5.92745622811725
-4.03181407568838
-1.76867909024248
-0.625691887377549
-0.80637690417755
-1.25789710339084
-0.68630590887362
1.24802804437134
3.49704914452934
4.31377713112262
2.56395044468082
-1.32558159545687
-5.51248239334333
-7.90079166654217
-7.48566582158156
-4.91222617767929
-1.86602540378447
0.219965477965664
1.15948448398516
1.96995086831847
3.85255101838951
7.0043036588601
10.2036176902638
11.5265411215896
9.68986702417023
5.02946535969646
-0.622386007931817
-5.08735665276499
-7.18839769882391
-7.32563113342343
-6.89622598104463
-7.03896119709512
-7.68018053187365
-7.61321342987709
-5.54528298655782
-1.29875831904848
3.77689302217878
7.53927934324562
8.42673751324987
6.47504339553297
3.23498304584965
0.657935094926328
-0.225174209777453
0.133217350853061
0.375691444413244
-0.520136087997032
-2.31342523027783
-3.61095954056415
-2.94544700217949
-0.00276199991736936
3.94972454565749
6.79289321881344
6.93715363627776
4.35671852233278
0.530772606416913
-2.64627621281099
-4.1652048432882
-4.4525848464588
-4.79114204796688
-6.09013756771088
-7.97760040375355
-8.93803456304683
-7.41908661425383
-3.08326455919198
2.74804296341673
7.82092010457192
10.3405559871148
10.0287150068795
8.09777011441871
6.19853903411449
5.15626582563109
4.44930342520227
2.80605603729516
-0.563140736012522
-5.07170838208011
-8.92187119286964
-10.2484837353647
-8.41209953354612
-4.48224807112709
-0.542341839187539
1.68326049167135
1.88309167135832
1.14408462230885
0.923617636944547
1.81808078998273
3.07694377004306
3.23205080756886
1.35371880559662
-2.04238945175364
-5.16078380891639
-6.08253188991824
-4.07991629313817
-0.125760664279314
3.77639281262685
5.94568052456847
6.06771508108655
5.18146156936156
4.66376246891318
5.01905289420008
5.41909727804757
4.35736905378153
0.92451821359054
-4.27531838541377
-9.2930452401087
-12.006766887167
-11.46299013405
-8.41925940052787
-4.70903868569711
-1.91858510619101
-0.363695210094874
0.890191477702409
3.02080087231287
6.26151982479695
9.47526474454484
10.8493110370554
9.21141682132195
4.98080340378215
0.0230515125895219
-3.51334634170268
-4.54530622612697
-3.61933295886586
-2.30870709786722
-1.92812310312759
-2.54762229720132
-3.04354091210706
-2.125664581626
0.468769752927376
3.55615131362273
5.22015612235053
4.15433311823754
0.64202003485711
-3.56274560338639
-6.38024987157838
-6.74571600474118
-5.17754255233016
-3.18911919985809
-1.9641016151378
0.598076211353282
2.99999999999998
4.59807621135329
4.96410161513776
4.00000000000003
1.96410161513785
-0.598076211353228
-3
-4.59807621135332
-4.96410161513776
-4.00000000000002
-1.96410161513777
0.598076211353245
2.99999999999995
4.5980762113533
4.96410161513777
4.00000000000005
1.96410161513775
-0.598076211353333
-2.99999999999997
-4.59807621135331
-4.96410161513776
-4.00000000000004
-1.9641016151378
0.59807621135328
2.99999999999993
4.59807621135328
4.96410161513776
3.99999999999999
1.96410161513779
-0.598076211353296
-3
-4.59807621135329
-4.96410161513776
-4.00000000000002
-1.96410161513784
0.598076211353243
2.99999999999995
4.59807621135327
4.96410161513776
4.00000000000001
1.96410161513775
-0.59807621135326
-2.99999999999997
-4.59807621135331
-4.96410161513776
-4.00000000000004
-1.9641016151378
0.598076211353206
2.99999999999992
4.59807621135331
4.96410161513775
4.00000000000003
1.96410161513779
-0.598076211353294
-2.99999999999994
-4.59807621135326
-4.96410161513776
-4.00000000000006
-1.9641016151379
0.598076211353241
3.00000000000001
4.5980762113533
4.96410161513777
4.00000000000001
1.96410161513782
-0.598076211353187
-2.99999999999996
-4.59807621135328
-4.96410161513777
-4.00000000000004
-1.96410161513774
0.598076211353275
2.99999999999992
4.59807621135331
4.96410161513776
4.00000000000007
1.96410161513779
-0.598076211353221
-2.99999999999988
-4.59807621135329
-4.96410161513775
-4.00000000000002
-1.96410161513784
0.598076211353309
2.99999999999995
4.59807621135327
4.96410161513776
4.00000000000005
1.96410161513789
-0.598076211353255
-2.99999999999991
-4.5980762113533
-4.96410161513777
-4
-1.96410161513781
0.598076211353201
2.99999999999998
4.59807621135328
4.96410161513777
4.00000000000003
1.96410161513786
-0.598076211353148
-2.99999999999993
-4.59807621135332
-4.96410161513776
-4.00000000000007
-1.96410161513778
0.598076211353236
2.99999999999989
4.5980762113533
4.96410161513777
4.0000000000001
1.96410161513783
-0.598076211353323
-2.99999999999996
-4.59807621135327
-4.96410161513776
-4.00000000000005
-1.96410161513788
0.59807621135327
2.99999999999992
4.59807621135325
4.96410161513776
3.99999999999999
1.9641016151378
-0.598076211353216
-2.99999999999999
-4.59807621135329
-4.96410161513777
-4.00000000000002
-1.96410161513784
0.598076211353162
2.99999999999994
4.59807621135327
4.96410161513778
4.00000000000006
1.96410161513789
-0.59807621135325
-2.9999999999999
-4.5980762113533
-4.96410161513775
-4.00000000000009
-1.96410161513781
0.598076211353197
2.99999999999997
4.59807621135328
4.96410161513776
4.00000000000012
1.96410161513786
-0.598076211353143
-2.99999999999993
-4.59807621135332
-4.96410161513776
-3.99999999999998
-1.96410161513791
0.598076211353231
2.99999999999989
4.59807621135329
4.96410161513777
4.00000000000002
1.96410161513796
-0.598076211353177
-2.99999999999996
-4.59807621135327
-4.96410161513776
-4.00000000000005
-1.96410161513775
0.598076211353124
2.99999999999991
4.59807621135325
4.96410161513776
4
1.9641016151378
-0.598076211353353
-2.99999999999987
-4.59807621135329
-4.96410161513777
-4.00000000000003
-1.96410161513785
0.598076211353299
2.99999999999983
4.59807621135326
4.96410161513776
4.00000000000006
1.96410161513777
-0.598076211353245
-3.00000000000001
-4.59807621135324
-4.96410161513777
-4.00000000000009
-1.96410161513782
0.598076211353192
2.99999999999997
4.59807621135333
4.96410161513777
1.65598897572737
2.38393581559746
3.00769322093281
3.49999999999998
3.83933998420384
4.0108823879007
4.00712998489727
3.8282467732108
3.48205080756889
2.98367251290263
2.35489341217334
1.62319416929976
0.820553552278046
-0.0179491924311284
-0.85566747130117
-1.65598897572738
-2.38393581559747
-3.00769322093278
-3.49999999999999
-3.83933998420383
-4.0108823879007
-4.00712998489726
-3.82824677321079
-3.48205080756888
-2.98367251290262
-2.35489341217338
-1.62319416929975
-0.820553552278033
0.0179491924310853
0.855667471301239
1.65598897572734
2.38393581559753
3.00769322093279
3.49999999999999
3.83933998420384
4.0108823879007
4.00712998489727
3.82824677321079
3.4820508075689
2.98367251290265
2.35489341217332
1.62319416929979
0.820553552277963
-0.017949192431099
-0.855667471301197
-1.65598897572736
-2.3839358155975
-3.00769322093276
-3.5
-3.83933998420382
-4.0108823879007
-4.00712998489726
-3.8282467732108
-3.48205080756887
-2.98367251290264
-2.35489341217335
-1.62319416929978
-0.820553552278005
0.0179491924310555
0.85566747130121
1.65598897572732
2.38393581559751
3.00769322093281
3.49999999999998
3.83933998420384
4.0108823879007
4.00712998489727
3.8282467732108
3.48205080756889
2.98367251290263
2.35489341217334
1.62319416929982
0.820553552277992
-0.0179491924311268
-0.855667471301168
-1.65598897572738
-2.38393581559747
-3.00769322093282
-3.49999999999999
-3.83933998420383
-4.0108823879007
-4.00712998489726
-3.82824677321081
-3.48205080756888
-2.98367251290262
-2.35489341217338
-1.62319416929975
-0.820553552278035
0.0179491924311403
0.855667471301181
1.65598897572734
2.38393581559748
3.00769322093279
3.49999999999996
3.83933998420384
4.0108823879007
4.00712998489726
3.82824677321079
3.4820508075689
2.98367251290261
2.35489341217337
1.62319416929979
0.820553552278021
-0.017949192431097
-0.855667471301195
-1.65598897572735
-2.38393581559749
-3.0076932209328
-3.5
-3.83933998420382
-4.0108823879007
-4.00712998489727
-3.82824677321081
-3.4820508075689
