"x"
4.59807621135332
4.96410161513776
4
1.96410161513776
-0.598076211353314
-3
-4.59807621135332
-4.96410161513776
-4
-1.96410161513776
0.598076211353309
3
4.59807621135332
4.96410161513776
4
1.96410161513776
-0.598076211353317
-3
-4.59807621135331
-4.96410161513776
-4
-1.96410161513777
0.598076211353308
3
4.59807621135331
4.96410161513775
4.00000000000001
1.96410161513776
-0.598076211353316
-2.99999999999999
-4.59807621135331
-4.96410161513776
-4.00000000000001
-1.96410161513775
0.598076211353298
3
4.59807621135331
4.96410161513776
4.00000000000001
1.96410161513777
-0.598076211353297
-3
-4.59807621135331
-4.96410161513776
-4.00000000000001
-1.96410161513777
0.598076211353314
3
4.59807621135331
4.96410161513776
4.00000000000001
1.96410161513775
-0.598076211353313
-2.99999999999998
-4.59807621135331
-4.96410161513776
-4.00000000000001
-1.96410161513775
0.598076211353296
2.99999999999998
4.59807621135331
4.96410161513776
4
1.96410161513777
-0.598076211353277
-2.99999999999998
-4.59807621135331
-4.96410161513775
-4.00000000000001
-1.96410161513779
0.598076211353294
2.99999999999999
4.59807621135331
4.96410161513776
4.00000000000002
1.96410161513777
-0.598076211353311
-2.99999999999998
-4.59807621135331
-4.96410161513776
-4.00000000000001
-1.96410161513779
0.598076211353328
2.99999999999999
4.5980762113533
4.96410161513776
4.00000000000002
1.96410161513781
-0.59807621135331
-2.99999999999998
-4.59807621135331
-4.96410161513776
-4.00000000000003
-1.96410161513776
0.598076211353292
2.99999999999999
4.5980762113533
4.96410161513776
4
1.96410161513777
-0.598076211353309
-2.99999999999998
-4.5980762113533
-4.96410161513775
-4.00000000000001
-1.96410161513776
0.59807621135329
2.99999999999996
4.5980762113533
4.96410161513776
4
1.96410161513778
-0.598076211353272
-2.99999999999998
-4.59807621135331
-4.96410161513775
-4.00000000000001
-1.96410161513779
0.598076211353289
2.99999999999996
4.59807621135332
4.96410161513776
4.00000000000002
1.96410161513778
-0.598076211353236
-3
-4.5980762113533
-4.96410161513776
-4.00000000000001
-1.96410161513783
0.598076211353323
2.99999999999996
4.5980762113533
4.96410161513776
4.00000000000005
1.96410161513775
-0.59807621135327
-2.99999999999997
-4.59807621135331
-4.96410161513776
-4.00000000000004
-1.9641016151378
0.598076211353287
2.99999999999999
4.59807621135329
4.96410161513776
4.00000000000002
1.96410161513778
-0.598076211353304
-2.99999999999994
-4.59807621135329
-4.96410161513776
-4.00000000000002
-1.96410161513776
0.59807621135325
2.99999999999996
4.5980762113533
4.96410161513776
4
1.96410161513781
-0.598076211353267
-2.99999999999997
-4.59807621135328
-2.93349615937244
-2.00000000000003
-1.08826579897315
-0.405775660336431
-0.0865568177362759
-0.166709385456051
-0.579711342657716
-1.17218723118916
-1.7370683745753
-2.05787296484313
-1.95576291023407
-1.33046111278335
-0.187144508008443
1.35611121013087
3.08229808577189
4.70896121464876
5.93574004039384
6.49785044538388
6.21613476623648
5.03467999030929
3.03896165504233
0.450689527452051
-2.40053348193432
-5.12464843819657
-7.33024525130022
-8.68579117288351
-8.97291848680454
-8.12288454840225
-6.23000503422619
-3.53961234080107
-0.412275593396813
2.73006899989542
5.46744957527409
7.44448101698169
8.42226005393052
8.31133394149935
7.18071779010147
5.24192389208676
2.81109160219731
0.255870993056849
-2.06388074631059
-3.85168167875898
-4.9172135079039
-5.19960416411647
-4.76795859154627
-3.79985565701796
-2.54230328656158
-1.26257868737532
-0.197976357039493
0.486520013536676
0.725217697142341
0.558807363528571
0.120687084041255
-0.394579438301047
-0.774529877052896
-0.835534495565368
-0.464101615137745
0.355158778553153
1.53042409853299
2.87449878247492
4.13588438337586
5.04381295779546
5.3593317391976
4.92326045100606
3.69219105403503
1.7556185672521
-0.669538887216663
-3.26689297958002
-5.66695172475817
-7.50455813970235
-8.47799186958656
-8.39984165553161
-7.23095746580391
-5.09148632803996
-2.24673802557066
0.930213342877466
4.0134120876856
6.58767798994282
8.3108405146273
8.96456334049208
8.48564682990153
6.97291848680457
4.66884706081387
1.91916451959891
-0.882647713129409
-3.35675506154102
-5.1941706150332
-6.20055659569414
-6.31983257878517
-5.63431808919189
-4.34215894357955
-2.71661617496376
-1.05477938407841
0.375100474233444
1.37844709613505
1.86373640332865
1.85168167875901
1.46317602031551
0.888763649489169
0.345698537615824
0.0308250020802139
0.0782016714238081
0.529471666955319
1.32262479523603
2.30142195120193
3.24395730077748
3.90529425160921
4.06645742396713
3.58077151473175
2.40884796624479
0.635390152583363
-1.53589838486222
-3.80919626614155
-5.84126461316028
-7.29675883640538
-7.90491503831362
-7.50791457293325
-6.09243875961762
-3.79861201280954
-0.904249089296379
2.21355643066773
5.13364050235443
7.45403748758839
8.85314380118886
9.13887622889423
8.27784752660459
6.39984165553166
3.77691997821553
0.780645813412661
-2.17552202835988
-4.69924399781528
-6.4775137028235
-7.32078501036284
-7.18619207643073
-6.17662137575346
-4.51647183198175
-2.50881687166681
-0.481702552805488
1.26702755683181
2.51696580232128
3.15661071855901
3.1941706150333
2.74651910810572
2.0089920641579
1.21205803526139
0.573128288641799
0.252514559825967
0.321672363658371
0.749547963963098
1.40949486860364
2.10543859459123
2.61241993637872
2.72396848769288
2.29742842694158
1.28861955157609
-0.230969345062173
-2.07820167142376
-3.98350915454367
-5.63346530986333
-6.72368200513248
-7.01298795571527
-6.36939586674696
-4.79956444438721
-2.45612307653523
0.37909399849371
3.33378484533645
5.99999999999989
7.99634077414992
9.02745668959103
8.93107692559731
7.70477069533163
5.50791457293327
2.99999999999997
4.59807621135328
4.96410161513776
4.00000000000012
1.96410161513786
-0.598076211353143
-2.99999999999993
-4.59807621135332
-4.96410161513776
-3.99999999999998
-1.96410161513791
0.598076211353231
2.99999999999989
4.59807621135329
4.96410161513777
4.00000000000002
1.96410161513796
-0.598076211353177
-2.99999999999996
-4.59807621135327
-4.96410161513776
-4.00000000000005
-1.96410161513775
0.598076211353124
2.99999999999991
4.59807621135325
4.96410161513776
4
1.9641016151378
-0.598076211353353
-2.99999999999987
-4.59807621135329
-4.96410161513777
-4.00000000000003
-1.96410161513785
0.598076211353299
2.99999999999983
4.59807621135326
4.96410161513776
4.00000000000006
1.96410161513777
-0.598076211353245
-3.00000000000001
-4.59807621135324
-4.96410161513777
-4.00000000000009
-1.96410161513782
0.598076211353192
2.99999999999997
4.59807621135333
4.96410161513777
4.00000000000004
1.96410161513787
-0.59807621135328
-2.99999999999993
-4.59807621135331
-4.96410161513778
-4.00000000000007
-1.96410161513792
0.598076211353226
3
4.59807621135329
4.96410161513775
4.0000000000001
1.96410161513784
-0.598076211353172
-2.99999999999995
-4.59807621135327
-4.96410161513776
-4.00000000000014
-1.96410161513788
0.59807621135326
2.99999999999991
4.59807621135331
4.96410161513776
4
1.96410161513793
-0.598076211353206
-2.99999999999987
-4.59807621135328
-4.96410161513775
-4.00000000000003
-1.96410161513772
0.598076211353153
2.99999999999994
4.59807621135326
4.96410161513776
4.00000000000006
1.96410161513777
-0.598076211353099
-2.99999999999989
-4.5980762113533
-4.96410161513777
-4.00000000000001
-1.96410161513782
0.598076211353328
2.99999999999985
4.59807621135328
4.96410161513777
4.00000000000004
1.96410161513787
-0.598076211353275
-3.00000000000004
-4.59807621135326
-4.96410161513776
-4.00000000000007
-1.96410161513779
0.598076211353221
2.99999999999999
4.59807621135323
4.96410161513777
4.00000000000011
1.96410161513784
-0.598076211353309
-2.99999999999995
-4.59807621135332
-4.96410161513778
-4.00000000000005
-1.96410161513789
0.598076211353255
2.99999999999991
4.5980762113533
4.96410161513778
4.00000000000009
1.96410161513781
-0.598076211353201
-2.99999999999998
-4.59807621135328
-4.96410161513775
-4.00000000000012
-1.96410161513786
0.598076211353148
2.99999999999993
4.59807621135326
4.96410161513776
3.99999999999998
1.96410161513791
-0.598076211353236
-2.99999999999989
-4.5980762113533
-4.96410161513777
-4.00000000000001
-1.96410161513796
0.598076211353182
2.99999999999985
4.59807621135327
4.96410161513776
4.00000000000005
1.96410161513775
-0.598076211353129
-2.99999999999992
-4.59807621135325
-4.96410161513776
-4.00000000000008
-1.9641016151378
0.598076211353357
2.99999999999987
4.59807621135329
4.96410161513779
4.00000000000011
1.96410161513784
-0.598076211353304
-2.99999999999983
-4.59807621135327
-4.96410161513779
