"x"
7.99634077414997
9.02745668959101
8.9310769255973
7.70477069533163
5.50791457293323
2.63840127202919
-0.512228501817824
-3.51801096463414
-5.98258708560552
-7.59774211749217
-8.1871445080084
-7.72849536299228
-6.35093426415558
-4.30867252868478
-1.93574004039385
0.410224529792929
2.4055462630181
3.80984011755176
4.49909965483328
4.47751370282349
3.86674752277441
2.87535156180343
1.75436132182292
0.747441177043932
0.0447152565290319
-0.251404467614559
-0.142379118635248
0.270976162417333
0.812564279360753
1.2699310001045
1.44062539990267
1.17720001227288
0.42226005393051
-0.773272631623779
-2.25251455982596
-3.77570985124679
-5.06038847859041
-5.83175492253412
-5.87446924952897
-5.0765215515165
-3.45707550811292
-1.17277998874499
1.49932241316255
4.20014434298198
6.54230328656156
8.17065366255212
8.81965738629408
8.35800009432435
6.81284361273327
4.36939586674694
1.34552695679875
-1.85471743809208
-4.80135405242438
-7.1028155002742
-8.46410161513776
-8.72944779456996
-7.90280825139444
-6.14313496085864
-3.73559569741186
-1.0438129577955
1.5487432359792
3.69842057824854
5.15232905382601
5.78244274262352
5.59774211749217
4.73310702042
3.417654848365
1.92867421022507
0.539641873747
-0.528361574743908
-1.14333155021293
-1.28089782482152
-1.02189815281312
-0.5299246569135
-0.0134120876857335
0.320396985233989
0.310840514627291
-0.120043232631054
-0.947585520025935
-2.04471525652902
-3.20263301997384
-4.16846139599203
-4.69323621634784
-4.58159493429854
-3.73403261524225
-2.17373242032268
-0.0525515740763174
2.3656819108081
4.74244762954358
6.71661617496371
7.96285435925519
8.24658055502113
7.466073011726
5.67432490654697
3.07652155151652
0.00303802052450419
-3.13806052588227
-5.92158246709304
-7.96917499791979
-9.00640490169932
-8.90376068297213
-7.69500894809751
-5.57005812958573
-2.84366861481345
0.0947057483908076
2.84161755120965
5.04090951452279
6.43567214161624
6.90267115729221
6.46410161513775
5.27541030698157
3.59196773676714
1.72087490692816
-0.0334349575259369
-1.42028865734228
-2.28185025639921
-2.57377214005199
-2.36438708908737
-1.81326774470374
-1.13364050235443
-0.545962512411601
-0.231462771934272
-0.294356121033208
-0.739786216728983
-1.47163842525609
-2.31070593737545
-3.02994268980578
-3.40036190111739
-3.23910599802428
-2.45068952745204
-1.05350400565397
0.813807923569271
2.9079851973697
4.9167605179457
6.50881687166678
7.38977752798223
7.35465347242277
6.3275543055397
4.38145059131654
1.73403261524229
-1.28030506726569
-4.25828894055099
-6.78794196473864
-8.51147828448134
-9.18071779010147
-8.69596137967519
-7.12193211682457
-4.67813104698732
-1.70514990862722
1.38758006362124
4.18410648748388
6.324252602313
7.55590055628493
7.7690306549378
7.00640490169934
5.44972319538373
3.38416843347022
1.14779807565517
-0.925362040124321
-2.55880736352856
-3.57472457162964
-3.91626107632621
-3.64773017687765
-2.93349615937244
-2.00000000000003
-1.08826579897315
-0.405775660336431
-0.0865568177362759
-0.166709385456051
-0.579711342657716
-1.17218723118916
-1.7370683745753
-2.05787296484313
-1.95576291023407
-1.33046111278335
-0.187144508008443
1.35611121013087
3.08229808577189
4.70896121464876
5.93574004039384
6.49785044538388
6.21613476623648
5.03467999030929
3.03896165504233
0.450689527452051
-2.40053348193432
-5.12464843819657
-7.33024525130022
-8.68579117288351
-8.97291848680454
-8.12288454840225
-6.23000503422619
-3.53961234080107
-0.412275593396813
2.73006899989542
5.46744957527409
7.44448101698169
8.42226005393052
8.31133394149935
7.18071779010147
5.24192389208676
2.81109160219731
0.255870993056849
-2.06388074631059
-3.85168167875898
-4.9172135079039
-5.19960416411647
-4.76795859154627
-3.79985565701796
-2.54230328656158
-1.26257868737532
-0.197976357039493
0.486520013536676
0.725217697142341
0.558807363528571
0.120687084041255
-0.394579438301047
-0.774529877052896
-0.835534495565368
-0.464101615137745
0.355158778553153
1.53042409853299
2.87449878247492
4.13588438337586
5.04381295779546
5.3593317391976
4.92326045100606
3.69219105403503
1.7556185672521
-0.669538887216663
-3.26689297958002
-5.66695172475817
-7.50455813970235
-8.47799186958656
-8.39984165553161
-7.23095746580391
-5.09148632803996
-2.24673802557066
0.930213342877466
4.0134120876856
6.58767798994282
8.3108405146273
8.96456334049208
8.48564682990153
6.97291848680457
4.66884706081387
1.91916451959891
-0.882647713129409
-3.35675506154102
-5.1941706150332
-6.20055659569414
-6.31983257878517
-5.63431808919189
-4.34215894357955
-2.71661617496376
-1.05477938407841
0.375100474233444
1.37844709613505
1.86373640332865
1.85168167875901
1.46317602031551
0.888763649489169
0.345698537615824
0.0308250020802139
0.0782016714238081
0.529471666955319
1.32262479523603
2.30142195120193
3.24395730077748
3.90529425160921
4.06645742396713
3.58077151473175
2.40884796624479
0.635390152583363
-1.53589838486222
-3.80919626614155
-5.84126461316028
-7.29675883640538
-7.90491503831362
-7.50791457293325
-6.09243875961762
-3.79861201280954
-0.904249089296379
2.21355643066773
5.13364050235443
7.45403748758839
8.85314380118886
9.13887622889423
7.28948641149823
2.74363939585272
-0.844715965645648
-2.35827067990174
-2.23718295687555
-1.8962259810446
-2.46815111075228
-3.8500535129514
-4.78478630513077
-3.91130839034227
-0.970588919824996
2.77689302217871
5.27925829144392
5.0607121094655
2.23240270841377
-1.59514397307237
-4.4305130816215
-5.22517420977758
-4.43759273548972
-3.45443557450895
-3.34856321274322
-3.94739982649332
-3.93912893978767
-1.94544700217954
2.25725905188421
7.31574994944185
11.0355339059327
11.7672806552
9.44516669888067
5.53077260641683
1.9245338735319
-0.335077824365864
-1.62415772171262
-3.15716745175125
-5.76196816848722
-8.97760040375347
-11.1980556148484
-10.7851120180384
-7.32590524631129
-2.08208405550572
2.73247192802408
5.34055598711486
5.45790492053664
4.26764309549647
3.37011190936828
3.52229122941557
4.12113402597865
3.80605603729517
1.69688031578919
-1.70568297829564
-4.67923050575024
-5.41835671644246
-3.3236513569985
0.517751928872694
4.02846824715538
5.5133875105935
4.71151879610452
2.77805921852449
1.25178703616813
0.8180807899827
0.816922718241358
-0.133974596215428
-2.88892188152268
-6.87251647067556
-10.2492319854641
-11.0825318899183
-8.65072637948115
-3.95588768320134
0.947965687880545
4.31170592835283
5.739545681863
6.18146156936149
6.92378352071477
8.38507829798452
9.66173796516687
9.18749607270365
6.0129663901383
0.724681614586514
-4.72223515376587
-8.17663986824472
-8.63456300930375
-6.78528480431233
-4.38086928647356
-2.91858510619112
-2.62371626189645
-2.47583392608201
-1.22183981480635
1.43139280587469
4.38681656799685
5.8493110370553
4.64060673497923
1.15067638486009
-2.80537561215661
-5.14732093791825
-4.8734756253506
-2.61933295886587
-0.0486860460655043
1.43790230065684
1.69501838991792
1.78658610681504
2.96278359492193
5.46876975292721
8.12696139996551
9.05028314127276
6.98276024298382
2.27599463107289
-3.2345762041628
-7.38024987157841
-9.00573705654287
-8.54356795611457
-7.43175988697741
-6.85559643559176
-6.79041310840603
-6.07767952394428
-3.46862669625964
1.17749966126812
6.48399980336501
10.2927500718694
11.0389277094809
8.76793661434658
5.05232240356859
1.87587191761747
0.310359696155265
-0.0501474106502606
-0.514075979054377
-2.05566999392963
-4.39008152057606
-6.08721752088089
-5.65255378336611
-2.75623272854118
1.33753434942627
4.49999999999994
5.11981427855894
3.13878169964159
-0.00476129951571225
-2.46291145130768
-3.27543741982057
-2.91705094052602
-2.71448575766864
-3.61387958739401
-5.83638578902664
-5.50000000000001
-5.27114540178056
-5.23219203436273
-5.24668254627306
-5.01540172789994
-4.20710678118649
-2.61267756707292
-0.261433438279572
2.54802849764762
5.31800560177019
7.50000000000005
8.66825087409637
8.65538450565744
7.6006905702479
5.89383051644737
4.03553390593272
2.46735579894545
1.43331154376668
0.923175039987785
0.715482114705098
0.500000000000002
0.0292467816293083
-0.7619209140916
-1.7166054001011
-2.51244077082016
-2.79289321881345
-2.32203403081794
-1.10151653659569
0.597904398716554
2.30585902963108
3.50000000000004
3.77889072147443
2.99705647422708
1.3127214750571
-0.868948974807125
-3.03553390593262
-4.73788717647416
-5.72868960032174
-6.01923203528293
-5.83638578902666
-5.49999999999999
-5.27114540178056
-5.23219203436273
-5.24668254627307
-5.01540172789996
-4.20710678118655
-2.61267756707302
-0.261433438279456
2.54802849764749
5.3180056017703
7.49999999999997
8.66825087409639
8.65538450565746
7.60069057024796
5.89383051644746
4.0355339059328
2.46735579894539
1.43331154376664
0.923175039987772
0.715482114705106
0.499999999999989
0.0292467816292807
-0.76192091409164
-1.71660540010105
-2.51244077082013
-2.79289321881345
-2.3220340308179
-1.10151653659562
0.597904398716631
2.30585902963115
3.5
