"x"
21.2410631987608
8.51277212674906
8.18306525836334
4.61669758084097
0.153729362363097
0.341578301336791
-1.88453752767149
-5.52811744712877
-6.90572506871529
-5.25627682420032
-11.9875031617372
-13.1797688568125
0.88536330036339
3.79175580515092
6.76606408932004
4.95607069689652
1.79638933260115
1.31012878997375
1.77369841063828
-2.25894773995455
3.31318494244438
-1.04495401347032
-4.80461402591952
-4.55768128294639
-4.59786043062781
-0.203934889224151
3.74570854662433
0.611474071157429
10.235422286015
10.5051273138634
7.282375366119
-0.10936433062371
2.92477442173619
5.8231928033085
-5.2087446561054
-4.76198981668001
-5.9804405964051
-9.46441930543104
-7.65987690002821
-4.57395274491093
-5.67353088118575
-4.13125027149126
-4.93421704766393
0.270932529670769
5.09861894145691
-1.49827552489098
3.87072479103226
10.462084096158
13.4569401080691
11.7348850288849
3.63207327575151
-6.80282042770668
-8.10170745062535
-7.7758852933555
-5.07503087992727
-4.93191507005971
-1.41359831589464
0.666096856195578
-2.53266759519629
-7.58908343972248
-0.15797559098029
3.59495155408293
-0.629220833472643
-1.69558347675546
-2.01843685527279
-7.80615381841231
-9.83873011469032
-8.38503151512238
-6.3031889478173
1.74221258717078
-0.134355918209574
-0.589653877214431
-5.15847617971283
7.80977742892561
8.04148214504539
10.1599722915576
9.78469974404551
11.821195472764
5.49167685256197
2.39431140661643
-4.81566644610435
-14.0299992260849
-8.39517152034982
-6.01551012169736
-10.6758833817429
-9.71194060616605
-10.7274365091343
-1.09967185480826
-2.56317342071738
-0.225838006791538
6.32928244664043
5.72376205153975
5.27599156337173
4.18879408673482
-4.69588398311783
0.254435215699862
5.60458952242369
-1.008691632964
1.21070255003595
-5.90137548885848
-6.16958239356821
-3.6373198261083
1.74170687701059
0.203017900758369
4.23797213040467
7.7917487822062
2.78804646148372
1.80917085168259
-1.83280898771745
-5.56110303149538
-4.2961990743487
-6.69950181382847
-8.49176001795808
-8.90344506274172
-6.04860236252845
-5.04359453243523
0.99684647446289
4.0133176563038
10.5692485684506
8.7519404565311
9.8996479663765
7.36756929704364
6.6901179388209
5.28338423620842
4.92825478667835
-0.671267965125288
-5.68708557555055
-6.98062514033462
-7.71694358230909
-7.35573043229351
-11.904666488181
-1.90461408782428
0.296893613739808
-0.777970852498568
4.80101104335615
1.28819696378853
4.19227580276153
3.58354512382163
7.85322129423825
1.97564165840692
-0.382725342158413
0.209480589193811
-8.52077878215477
-9.13576472767083
-4.34970607280367
-0.41299766768055
6.35715108964517
6.12049903513767
2.36180815298495
-0.409853829007353
6.45108989311962
6.95187725537518
9.0909969558893
5.91717092745213
2.20134437685074
-4.64243663434307
-4.74786299427926
-17.2486514435115
-10.6917117845794
-5.27859751119399
-7.83221388231606
-4.61236182150921
2.4763039536813
-4.65080816873654
4.48949899556536
8.75281631336051
8.40921459309119
9.82079923550105
11.887285273689
9.65036781175256
-2.74822575338579
-0.236499117209186
-7.93228641963855
-5.59851491775229
-3.28163886022149
-3.49395982555624
-1.44819899131431
2.33994991594042
-2.44644733947048
0.896551584766205
0.572595593383696
2.35031435989699
5.2993555568429
4.694754443484
-2.42042622333775
-4.80949647187069
-7.67215158366459
-4.98518905259566
-2.71103043553551
2.66886936513534
-4.101479072506
-3.71488925080156
-0.705461454905174
-0.210975040843459
9.85690942744034
9.78352320257216
6.6490960587978
8.56631446870151
6.24947778141825
-2.28846462097347
0.992619211909477
-2.55162193104774
-5.65185904233226
-2.35199196182465
-10.1286305979886
-11.3089044138116
-8.01199589155609
-6.37978763418712
-5.27007980386094
3.36649635046108
5.47768880530836
3.20489816768352
7.59655479278329
4.21637439312652
4.04967306978207
3.78012009564389
4.78177363828098
-1.97626268076351
-4.54379554719575
-4.87608923551146
-7.13449058104527
-5.25472389193169
3.02714085102495
6.22231955953809
4.67674610686362
1.68426075137264
-1.71448823278873
-0.621437228574987
-2.3209040626436
1.75428630557627
-5.50837732621277
-6.34222554321228
-6.65902483691104
-14.1649578841054
-11.1527938881882
-0.660900107929812
0.889833398181772
8.19610357845707
5.96249281018375
8.73831933560815
11.7339339297225
11.0120295910641
11.3729974461203
11.1288605571859
10.6832384774811
2.74368909122579
-6.52731508133589
-6.38845546447357
-9.68570519177948
-10.7697800881106
-5.48964572076583
-1.14128623424949
3.8058109616607
-1.34006127064244
0.924194125901047
-3.24757339840166
-0.0307343690807769
-1.7548462980334
5.23074802836443
4.18461450888929
2.26718863418338
-5.52472681478132
-6.3179304951951
-1.44550517564793
-5.56875976975963
-0.596422181070534
9.21831527303377
-0.55228926774522
-1.45768165327763
3.6434941099546
-3.13996406031948
11.1077190063255
12.5886845603549
3.92190416197801
2.22249065308915
3.42164256182173
1.72994179945144
7.24428846289928
0.249614163854316
-1.79056220155637
-0.218286674830185
-0.316400082218365
-8.37085985632904
-3.21479420069508
4.82427791025347
-1.02732492404311
-2.82693718430989
-5.04519432828623
-9.79538306771643
-3.96835370839225
-2.2489778096158
-4.00670888839659
-4.65516735287888
-2.40870362300815
-1.70739105021111
2.11884057790138
2.31957527746113
4.90900040503128
1.53328070675991
7.06860180955536
2.02023727606391
2.09032239937347
4.53916311070079
7.41822264016051
1.32609334190746
-0.392826126606084
4.4910360348687
0.198131713772048
-4.5637487183927
2.04690583646532
-0.929332161793667
-2.9751630804114
-3.48173121428152
0.00873683125380254
-6.69060962943168
-2.48264902929766
-1.29764010406258
-10.0462778081194
-3.82212921220078
0.775994688726703
-4.2255824594251
-5.45951363368261
-1.75306792552727
3.95233520875335
1.25075353475723
0.551690039716481
1.86157032296774
5.28909700215921
0.916402119007613
3.989147391715
2.139390761608
1.85050967746436
2.56695256924659
3.34833854458597
5.73877117671771
1.52843653316338
1.35355079574769
4.62366441973516
-4.03445861035998
2.54577484237666
-2.37580414419496
-2.00833147116348
-5.51249111065891
-3.53740197694945
-0.020238384057055
-4.2118977525716
-4.73986595215419
1.80032626814571
-3.86773475294203
-2.16631472753546
-5.2086052797212
-1.27273209483766
0.563779933390355
0.251624371009803
-4.69244977974683
0.0410255702106405
1.20105826905043
2.44251717589942
0.573854324339448
7.50501595200867
1.49495255650235
4.72982269934856
1.51370378923046
3.9912968284185
7.3687043642539
3.59948488565656
0.386556050412034
4.63718991149643
7.37780112263035
4.47666412717581
0.375120897609787
0.214410855017864
-2.61622972478232
1.74421299510468
-1.26754957329201
1.15539326647359
-3.80527740635061
-2.07147998075646
-5.69433352338064
-5.52074231706523
2.95943858750439
1.14355698679725
7.18358094069178
1.27735554545411
-1.97565324784833
0.313732079486333
-2.03238440185197
-0.487157529751758
12.4400543983917
4.14083163511166
7.03605117182677
0.956579990687041
7.66462444780681
5.28383099862014
1.7868635079068
1.69481546309132
2.16453686837319
0.944870201642827
2.41744314071535
1.25008431838007
0.866559167041296
-2.68825939887907
-6.38676783263541
-3.54539323790066
-7.32530207775994
-4.9396337591631
-10.4728924466307
2.71805963650395
-3.75035315676561
-2.18027208042952
-1.48912878322992
-3.0927188996834
-1.78505668988615
-2.31102162856276
-3.4903987464366
-0.479999561266286
4.26669903501634
2.58710137477562
6.17844160823581
-1.92186448029449
4.72505382478683
4.35095256279844
1.59967985180443
-0.918496585414976
1.32867525808037
7.00080072130943
4.82927975240999
-1.12527547243138
1.03930229483664
3.85314719358704
3.00278357119823
-1.13545318796545
-3.75850774094913
-4.85896142349369
-6.11086141330928
-3.41152236762544
-6.01192572524368
-5.86832998318374
-1.44781383889767
-4.57647114370489
-9.08645442898339
-4.73989327106267
-3.70548023678382
-3.51916281982969
0.717193606939093
-0.240477117092549
0.366129606651048
2.47230590483919
1.1355188012636
2.15565504405594
4.77251556962271
2.13717008446364
7.77893128639702
1.5935873961751
2.86987043698098
1.21087911569359
1.08474463725009
-5.10495648067389
3.35762620547233
4.75522829725299
3.05544436173182
1.66759451404882
-4.85815906137963
-3.45974677378357
-1.97074117762239
-3.20038903679242
-8.22893426934529
-6.9639024544875
-1.87669202744025
-5.72261516432039
-6.05649540664857
0.590908900153254
-3.15212514028103
-8.3128752807699
0.270110097303175
-0.957593041491427
0.348266081789814
-0.533006911129963
1.83514995882302
-0.750974859290395
11.6259178163491
-2.93142722026355
5.98985183748015
5.27641619103415
-0.172678698609035
-2.29885886803806
2.68611536255925
-4.32113337612496
-1.4607651112222
-2.5148297552621
-0.553264132870969
-0.516202706882079
-3.61742398858506
-6.78955106271983
-2.48471902624398
-2.57834159149611
-5.58797586292484
-0.936100451441592
-2.35252316467949
-2.24176693058981
0.460460946252784
2.67299837908464
-3.07457778697513
-3.01936078931115
-2.02433464494531
-0.963509227371278
0.431302009590138
0.591796795262565
-0.0417115279011009
3.51286432990367
4.85717310915733
2.64624091729275
5.50436143877178
5.71355638712141
6.80136846155839
5.49061608476222
2.71172809675251
1.84625070263091
2.90169833826346
-3.9775625601165
-2.84620137889813
-2.86425382890345
-4.3456746898306
-5.46821385921728
7.4645658908421
9.67459297321767
12.8407896088864
9.92476536560552
-0.364107994102533
-0.875981125809688
7.39704724693285
1.19215502833156
3.47734377994625
-3.3376978504767
-6.62109010706284
-3.15300364776381
0.145415189328777
0.497276634350565
1.33898706942042
3.41004895961649
3.19486420020308
-1.07402285980838
-1.55896396686712
3.23378809310285
-4.55931186042412
3.95370207900179
-1.27139693363235
-8.52711643412488
-13.6752461087271
-7.9032193789372
0.263037311455926
4.99262500907231
4.63631383160396
9.05902304595964
3.28920196899836
10.9789614954739
7.06180661405984
3.08600897427111
5.51836879388588
2.43641341883962
0.577383492620747
-6.21151792262334
-9.70088695516638
-9.83872378548025
-11.4748311253833
-5.98413333861408
-6.50687831510453
-0.0105323142650017
0.05130897219766
-2.842595492034
4.59968834478134
4.76930498954713
9.49393929160541
9.53527960454927
10.909039805001
-1.55521259702086
-1.18442472237478
-7.40208808739604
-6.35744306683249
-0.518207229973595
-1.03517117381835
2.95115938036803
-2.1916532499859
4.46683243559562
-1.36147973916629
1.49419950382349
3.32087095782696
6.09505964218152
-0.031337253845146
-2.89183802923593
-7.39723932730837
-10.9231456854928
-3.78909420688042
-5.41884539114185
-6.60584823688127
-2.17046807427261
0.642962701059458
0.566410676436319
4.31244635215475
5.90759793097324
7.85455377222829
10.2696641471985
16.6451941406411
3.85639693155205
-0.304072682105709
-4.91424837174496
-5.51495866615346
-7.84203288087525
2.43535856797918
-3.33319966833033
-6.35561292115153
-1.60126718637354
-2.16974106490184
0.492739200157915
4.90718487426591
9.50961849014454
6.60523055614653
7.16031441183689
1.41547937383633
0.448751209146996
-5.72101961769574
1.64320484442956
-2.09465578716045
-2.09401606251023
-0.275948757789056
-3.78038449554973
-6.51119738266519
3.95838414445931
7.65891843627035
11.1998274254398
12.0154623082868
10.2663542705145
5.23369256369245
-0.758368007094756
-3.51437505286065
-5.09660079989096
-2.39793350965608
-11.1085949560664
-7.83764061166745
-14.1117903517771
-9.64427465278847
-10.1673263573831
4.95794073727367
6.97700116129581
12.5239766563941
9.96626844013332
11.68127026663
3.04182759714127
-0.0619939639701981
0.666624401064317
4.15846636485812
-1.2180996137172
1.85896865017649
-8.4635672626676
-9.2428705397144
-6.74325047858387
-5.18372429959573
-0.0771390911490741
0.158565696021121
5.2932063612158
3.6969381005748
-1.70513687188223
-2.04185555066314
-0.388281114428579
2.96936451277055
1.46360410189418
-8.85361319786916
-11.1237296764695
-8.50004980932374
-4.6549286952433
-4.08341505193332
-1.37710708118116
3.26038840305895
6.7064677833345
1.55856480951371
7.07218621884909
5.21056270115529
3.1336074562337
7.87338143947389
2.76736196753114
-1.9039420653421
-3.78784580528391
-9.11637953407511
-8.54448806622352
-6.56641182973087
-6.72720150214529
-6.33472267397331
-5.69445659924583
-3.64618346648718
0.432416353609862
3.51013315862378
10.4018119781722
6.85630320349592
3.99433194917986
2.03109753107976
3.71328906905755
-2.35044481535285
-3.78344706126187
4.49870077630911
-3.93104296208507
3.47378251425193
-0.0357246894126798
-4.67951741032188
3.84045495444934
0.202350120485883
6.28978570162091
8.15462627194508
0.76417431630545
3.1459854812945
-4.86859868687388
-10.3276215503845
-9.37916030254127
-3.72827760348883
-3.94922279147571
-8.44890375325414
0.117100668463579
-3.82906566758912
-0.369157161396537
4.88262915660398
12.8417005505226
13.9049009131397
8.93730250526702
10.8795702152291
9.06885066470163
3.79685000542269
-2.18456578786718
0.764874460369179
-3.63499829827676
0.46014230361965
-4.78696773528393
-11.4364604672131
-7.53689994719412
-6.59688575984542
-2.22694921709249
3.93783302852367
3.37610226262548
4.13967298978598
-5.13276452070042
-2.34297538006345
-0.059523936830052
-4.73621132858192
-0.191447364497146
-1.68397411174264
-6.10142723922253
-0.546843912732762
3.93688259195831
1.51739613353372
9.05075487952342
6.59963560892832
8.37514136781569
14.7176028136527
7.03632315206892
0.786845170715089
5.49881147107573
0.00258051997906106
-0.0350321032823668
-9.77798938913662
-3.5559945192543
-12.7455654493206
-11.8080923578687
-8.27648392026387
-1.55913725674852
6.18040527629253
7.89153760507186
12.5306075825591
3.42467367345972
3.21569056761615
7.84409748395574
9.60336129649132
5.01890102933937
3.62652242118189
1.42048594728943
-4.74536929855168
-5.95385696651923
-8.41066353168909
-0.751890555049519
-1.30386607663219
1.48055272250304
2.36061770376217
0.49445342422467
-4.31751193797705
-0.379072775419975
2.22754165461597
3.43916678859728
-2.98837314611775
-1.74749309488595
-4.99312817406155
-8.10983692548979
-5.12079936433347
-11.0965408702944
0.68278394765793
-1.01774345521886
5.0301412403852
3.67175467192361
4.44361521804182
12.5200050178316
15.5867736516198
12.2940844954223
4.48803852451389
7.13997683913841
-5.12259379437598
-8.81243136374968
-4.5481928399441
-10.7262448440622
-7.81887105149469
-3.30924966729257
-2.42667516951565
-1.29726633209308
-6.60084086061464
-2.3122137905816
3.43627935006248
8.9953340946251
10.3526195269168
3.9166408210146
-2.51002008942576
-4.57569225060304
-1.93226649206682
-2.01920986253381
-1.93664779090071
0.944741464872971
-6.3715578394862
-1.02543899416013
1.36544937133716
2.28763025605673
5.55192501721138
4.71189996196721
7.95592132006754
1.98067584434877
-0.662454686572116
-3.79817748161524
-9.72072597905756
-6.20765972544198
-9.29468408207218
-5.27439494793086
-9.05027837695024
-7.44017236850602
-3.92724447569488
-0.197867163135278
8.08134626466855
10.1677059764535
16.1411760722778
11.1523567764802
3.16896092213968
1.53798689770552
6.75630321873803
6.58499451555856
-0.636442410286767
-7.0066520385354
-5.1672313609609
-10.0460629599279
-5.18604201655539
-9.87654076571756
0.377340347634596
5.45065639843725
1.47022881017023
1.66326881626065
-2.02773265323371
-3.05250531756557
-3.64334167424035
6.28839295773981
1.12101898285669
-6.29104097375112
-8.80014138713612
-3.658869856061
-3.39880836547511
-2.75343428624175
2.23212746315161
8.03155699434731
13.9658068572677
9.71782631988062
5.25107499999778
2.6671432488982
4.18560305173863
4.38514951408787
1.08177219157025
-1.56304545519861
-9.41716441393316
-15.6119437133108
-6.89314925321596
-14.1628122152489
-5.27048491519358
0.708238358907376
5.6794454004175
-2.77435996146627
3.29531328601471
4.49177909649063
2.80309476523398
5.61281420828087
6.10155884924496
3.96344091309234
-1.31989139229125
-2.34180757609013
-3.35704026492811
-10.4006202628941
-4.57677471836211
-1.27398623432213
-3.35129720478832
-0.939600874978246
1.28027456319696
-3.93664928586117
1.26056862931373
5.72146150663087
6.55826695358845
1.40958238575611
-5.93336264408594
-5.55554055198202
-4.41319557820014
-11.896581142953
-1.98041630790877
-6.20063277141889
-3.71675987682972
0.661561945863952
1.29029416068076
1.17624938263504
7.97792523134815
12.3556549255676
7.53203369752473
8.28083239970745
3.08332049481692
-1.28184853234347
-9.8524299610908
-14.1428828373085
-8.4217553173442
-9.97481665150688
-2.96699982642182
-4.23324191358529
1.3627161973236
2.785349252515
9.44502410390604
1.96833916745759
3.47292451479533
1.17782241064657
-0.498248611497903
-1.50272185621585
-0.175005234172612
-1.56959399130064
-4.12406144004165
-9.1569747337027
-7.5756219345558
-9.99665531131426
-1.58091183345132
-5.34839140672968
1.56763753397462
-2.21136329238943
9.20362468008278
8.95577577921437
10.0412684984711
14.6149923360463
7.61732020212272
4.60168246698889
1.3012795005245
-4.50697485082835
-1.07680419242641
-10.1792652273029
-7.68608182360936
-5.62632151164519
-4.17365281022026
-3.81640779342577
-7.10137830453825
-6.56768103015798
3.99847199255895
-4.0611641757643
9.87799644715256
1.40772658385035
8.95434824742864
5.52522742256225
-0.46640196385039
2.32972929171153
0.455128252162252
-2.39477585027794
-1.7342623115964
2.06569713173147
3.85192771847433
5.03108515236424
-1.68614220427438
5.54069434974027
0.728125017938229
3.15132276942711
-1.29035388955405
-2.02255896703067
1.18676343968241
-6.26135494960322
-6.59377749101613
-3.91234050976907
-3.73673055460245
-8.24606758441717
-2.83099506342698
1.22387457981516
7.36582283155283
9.55451266328934
9.04688498058401
7.34510878035635
13.1724203316221
12.2143386783132
2.54065049766269
-6.9701210446884
-2.9895340679394
-5.28502725540852
-2.8511029633065
-4.26276015882062
-9.37245253290887
-7.79180850353462
-5.37267643624791
-8.97437036962851
1.55850992709566
-2.6791330727153
-1.50266945145154
8.19870194676282
3.00522540539781
-0.050464191868361
-5.79614348660705
1.93793858319985
1.38856472360472
3.01603778214657
-5.88714875059993
-3.01037722055998
-4.79522007092689
-1.97946635648223
3.48475885382535
-0.391411489916843
3.45754729341092
-1.39622736626696
-0.3678542635333
2.19330780420823
0.807649920594695
-3.64590257666042
-9.16655475056929
1.07024216106158
-5.06259444960257
1.82954220112436
1.2469421225635
-0.169263627273274
7.08531302560682
12.3961682246659
6.5062026222147
5.6136358963144
11.8923676263662
12.1258277761894
6.97075566142001
7.50199461477582
3.96177614495521
-2.01825593652468
-5.5407349346924
-6.03520029786805
-9.46708545009097
-8.94582250154027
-12.8844707173661
-8.5303545874815
-1.13942360582605
-1.39880771456682
4.19225791511614
-4.21252231286751
11.5313509651008
11.0087884048185
1.28619262205609
4.14469801896019
1.34125189618494
2.75953773388445
-1.0544362933728
0.216205009636853
0.0807458641957268
-0.161821609507589
-0.837181049593861
0.0627718868693489
0.430559665815968
-0.272714224872581
0.843445172413931
3.33055619789157
-5.59883397199683
-0.706034510054194
-4.43205539412937
-2.42371889274575
-4.850596941581
-1.89736794127367
-4.4455139357097
-4.69284290539391
0.966941441840845
1.74419971109258
5.2798529668489
3.97676233493691
11.378044327482
8.17792833069679
2.67244349866331
4.41528963485762
4.38218417095374
5.34250190142854
-3.39622124447599
-4.36336297202712
-8.15841961360844
-10.6289886683966
-5.86510330135496
-11.3893836349204
-4.24550774302188
-0.193916713968287
-3.71021428131967
3.7850977705396
1.76645546376205
5.85960281259169
5.53837179538119
4.39578579926732
7.36526494877969
-0.110335626115932
1.8618884465558
0.462204107278453
-3.08140249268259
-2.15668517009904
-3.13760007741087
0.837172714397548
-8.14733348464818
0.248007324573076
-1.88834499237747
2.91604818069775
-2.34971151223754
-1.22362102304453
-2.44804237240694
-7.80282230129082
3.14319757701082
-0.548073252935675
-7.15806500881327
-3.52025937665422
7.04985841216765
0.115565636806123
8.63661326178927
4.16711787022892
4.02668150026261
5.14325158765596
10.4591962964237
12.627471689318
3.76044516833751
4.326403304731
-2.54892951423377
-4.41129873230055
-4.66758301444401
-10.0272892740673
-7.99555763274202
-13.0726974638547
-6.02372433499012
-4.91521485887781
-0.859138244002176
2.84602707225767
8.73972413072813
4.3187215302689
8.64524690047997
8.06286980665108
9.91532622787686
2.18363611443188
2.64449393350328
1.94436281310776
-5.17625081988513
-2.52715790106147
-6.53278708107936
-1.48941819975959
-5.92589674567903
-4.40121102446541
-2.15626854226401
-0.119213640221359
-4.83948936026745
0.462907375620762
0.968230449510013
-0.777880759630033
0.380059839170742
0.720550121822167
-1.30942400383728
-3.4244238269054
-2.40048585026325
2.34221884143888
4.303123097509
3.01744490629466
11.0017549783177
5.88061187231941
7.50505564031889
8.57810790023449
6.43430890683474
4.2793769658405
1.71357047525711
1.02705380113434
-10.4678686106273
-1.77337810279939
-5.03896582556885
-10.8566717679128
-7.78206536465506
2.25565015980782
-0.923801345354219
-3.20260978850227
1.93115570693965
9.27066883344807
6.5595028318171
5.38905351779381
10.6762194336282
13.8434060494548
5.19974813407617
4.54790240465349
-1.11539194140076
1.88193211122358
-7.94715508866891
-5.13065556408874
-6.88249107145943
-8.43284057561698
-4.07766576442116
-0.797225922165242
0.168784163362975
-0.929412007073228
3.6144277359205
4.52479913585091
2.47095361704081
1.76255765975619
0.0922850680123261
5.0165628763235
0.602207325189788
-0.72454635454675
-3.46558589029856
-0.581217526357354
1.76102155130633
2.48524999198757
9.49436701126375
7.32367905182823
1.48700997604793
3.46711027489907
-0.443589098821576
-6.90592650803589
-1.44871783754842
-3.20839574792196
-12.4283368416492
-6.37494860383592
-7.73431600134274
-5.78245087942171
0.785912743604802
-2.1569324877103
-1.27067317397355
4.96637191457742
1.88959201058915
10.1142126681096
10.9712416183096
4.70983476886458
9.1088132253471
8.91749950266968
-0.534428987531086
1.20654752338885
-4.68360598799772
-2.76900869684533
-5.41150940127621
-9.72042672153299
-9.58571694260446
1.47228883372195
-7.21580715975788
-0.366972542074214
0.724212097086889
5.87759006172129
-0.65341147347817
3.06117643985321
-1.39584470959302
1.56491320028808
-0.748712586883671
3.03080953128771
-4.64411875609286
0.249545651167173
-2.87167749402474
2.27377263202254
-1.64181841202053
1.08282271444036
2.18082500935875
6.08728000936128
4.89655989945063
3.88602125669084
-2.81565174285591
0.566736995259741
-9.33869167917992
-7.98408171939282
-7.13457960637647
-12.1224544214666
-5.10168289942625
-5.09146636403031
-1.68889165518424
1.68511014352001
5.62643312817363
3.9391024454361
9.18050636813722
9.18442836229091
8.19235933777993
4.52860668570682
5.23214932678681
3.98893389833518
0.920339696073119
-4.78427079052771
-4.8438845764216
-1.91997643507462
-7.64551975041113
-9.61553821088096
-3.50752347540286
-3.73541206287723
0.532289302038881
3.10061470647322
-1.58275069110958
-2.12784583446771
11.122270101126
6.10911209059088
0.221690487162194
2.08303847736634
1.96388942492883
6.18223656746265
-0.184040605058386
-2.65222673681095
5.33971125537582
-1.89750087629764
7.10089452055336
4.50840401945791
3.61643030281719
-4.48977389500777
-1.33754145705088
-0.98216261427767
-4.91580954314336
-12.6511676112655
-8.75849988845775
-1.55410807792479
-9.55940612023054
-5.59145160500516
-7.25514954934346
1.82512061632578
-0.365792008521856
6.69293948281472
12.0499982708259
7.37818478351722
1.88599073143933
10.7553148425368
9.82802430556727
1.35950125339076
-3.03575778595705
-7.37374924099658
-10.2494934504148
-9.64426094660507
-7.49786732196344
-5.98307205259924
-10.4787329188493
-0.0780971802133967
-0.75658017963904
0.384089484918164
0.469583731983032
-1.56600495551756
5.15724735204557
9.08114556492995
4.49354430564398
4.05422678082013
2.12755449058367
-1.70081037945239
-0.568342322110516
-0.273875003426163
-2.67038480717839
-1.87076871436803
3.54045656287992
-0.893240386343891
0.113455016117413
7.18175637600122
-1.02609628252121
4.25865139158698
-1.53538029309407
-3.81064419620561
-9.36006976452673
-1.46661831487772
-6.45067451280125
-2.35177708564299
-4.136734304223
0.229556217413167
2.33154167567384
7.81205753225415
9.95280076607518
5.30052646753187
4.52679767153055
5.39397492865924
9.35039867071207
4.55596310193112
5.29633905168034
0.983313792569073
-6.93012992106179
-6.35427774375463
-5.73349908781985
-8.37660568052859
-3.79836684173055
-9.17778089718846
-4.37407548528638
-1.419975497273
0.188047180316494
3.11482654845692
0.0769380569227627
5.70544697533748
6.3387743176222
2.66568559270824
-0.538957624807487
2.96274313165347
-2.0727237758924
-2.43910879050592
3.57278659760798
-0.848392590242411
0.0403235556932591
-1.47055763378695
-0.860136520065762
-0.676515543087306
-2.18222897437473
-0.602029947913551
-0.887995022723663
-8.59124405974549
-4.63597152104047
-2.14269035338963
-6.45030459122606
-5.78562750135981
-5.38200483780408
-2.83210728772153
1.37345020695929
2.43657627958513
2.20570040946573
8.41660116845245
8.22959719305845
5.50394764203249
6.51012666998437
5.42614721081851
5.89979260151473
-2.68965654707588
-0.634388211278001
-5.70752391494243
-7.75891223781697
-10.2051291098107
-5.32660242220617
-2.58183907613045
0.301842686946503
-9.60380987592716
-1.63839689483778
3.633241383963
7.29144645164663
5.73611350079686
6.7568515018268
6.87277839693154
4.42294508748427
-1.03826226956336
3.58666469009933
-3.21413697120023
-1.84071507170093
-0.177164884628302
-5.30700657040559
-0.483340634839474
1.02862853019893
-0.54199516523122
3.54282222565216
-0.302810951597043
-4.61666911621504
1.14184764666058
-2.18423146560382
-4.06946196124531
-0.815534422329572
-5.65361593686632
-1.11404654661205
-9.02126904597652
-0.299506997321821
6.59278219593096
6.54119198479531
10.8858766137428
7.32502822268523
4.88478122329768
10.9584963576286
4.70552852699956
7.16760835652372
-1.01895621153207
6.43674688244068
-8.95496537510152
-12.3798544592906
-1.92462363853546
-10.1923288744679
-5.29649654351938
-6.34996917025209
-4.90716354422091
-5.9613919864591
0.170380238945436
3.11328948264374
7.99002832573715
6.17375083902369
3.43172912473755
7.66559071264303
4.497775933325
-0.257971492218254
2.87562285721109
-0.342820482650264
-4.59564773859953
-5.13344904888662
-3.45837747231656
-2.93279007853314
-3.40476348836986
-1.39558841739084
2.73135609096755
4.49571501043492
0.411264960986704
-2.24516876304992
1.71866050164418
1.21430680165428
0.0477530602315832
-4.72696169403228
-7.19990602311787
-2.42260184773118
-0.0416735864001391
0.536805188239621
0.831756207779767
3.72929000468963
3.48103507458348
-1.30091954010121
9.91372999266014
4.00258786588109
3.32837622748781
5.13356881555853
4.89838435960052
3.49027839643136
3.79714917430964
-1.5880829416127
-0.0583897007099234
2.34342417810503
-7.27728319570421
-0.575758553724996
-4.59577215265894
-1.16348463618404
-1.33161712581441
-0.281323079233776
-5.20687730969996
-1.11193810845264
-3.43304331782331
-3.91478328120682
-1.20621993760067
2.78347721559205
-0.612534101432182
-2.67093356881665
0.219041959929619
-2.04515509618911
7.73063155421888
5.91919903016163
-0.958204650441756
0.804139912285343
3.39886670980433
3.56877861497573
4.99546822298604
7.8632462528836
0.988990978183604
5.30045801615044
8.21342868965571
2.14449307951182
-0.489172342160741
-2.79801509374122
-0.920676792605997
-5.88119644033528
-2.72394680948227
-5.78769653691331
-2.13501665550501
-5.52121046606293
-6.40463495522545
-5.49126104851904
-6.57074978207439
-5.68697129941371
-0.0103792644008749
-6.21501795617848
-6.39004064818422
-1.4867865700728
-2.19582664504489
5.6272476717507
2.63923578821057
3.19554627196428
2.95328322147578
-0.68823252531358
5.4024798046398
0.919106023954549
4.73873370748242
1.93982743365333
3.14075184436809
0.310952848047561
0.563791150274706
0.754275460436546
-0.172332545298533
-7.20989314895774
-5.32551689457863
-1.49475942973751
-4.38620905916671
-0.850429587522158
-4.83761357363924
-3.87548464072218
-5.02178185297134
-2.06361040362796
-3.11413017682184
-5.6211990584149
-0.98713991559531
5.57572915672491
-1.98190780826675
-2.93460604072261
-5.18714843596514
0.356159642971059
-0.36771761132416
6.19105013496595
2.70069953416883
1.12056309851205
4.74349650538775
7.74344421140675
6.01969037724818
5.8013547852302
1.27048078731279
-0.296271823041726
-5.50281527283408
-2.799024354187
2.38393740544775
2.74559973698257
-5.7667194879249
-5.44286143211492
-2.07740913891702
-0.713619046691738
-1.36097945267058
-9.39571216384465
-6.30114244680728
-2.34419016116809
-1.88699394851081
-6.26303473888664
1.08313352743356
1.10356437810186
-2.16327282746934
-4.3691380004922
3.99440344369608
1.46114810056136
3.04920486293804
8.15809723120488
6.5053783554606
3.41842094019431
3.48173647434563
4.34696770085337
4.68968351932315
1.67547901873602
6.65617270377872
3.4896340683704
3.26602711672422
4.14805154063643
-0.144405147161941
-5.03236851358782
-3.63611071846811
2.17244124198139
-3.35854146596616
-2.51094536971242
-0.36025228794917
-2.59142387792678
-1.94186429254428
-4.28900655132319
-1.42507908350905
-9.45962752673738
-0.744804514313862
-7.24076623532656
2.16168083714024
-6.20871107884602
1.64028652340395
3.96029884122771
-0.0764566424618165
-0.206297251070304
3.4282443851197
3.32893007674522
6.51207738718908
4.65548355753827
5.79006124771057
5.75843892456602
-2.34405675353108
3.2160680737874
10.8570044191459
0.906860188349556
1.42564616146442
-1.00366802931075
-1.2689563160373
-1.45174244993278
-2.84153967242927
-2.04456488986467
-1.87983802528535
-5.15356446977479
-2.13514536500949
-1.71839138042767
-0.102071119183272
-3.72640909542343
-6.94922633038834
-2.89122584303956
-2.2718093375075
0.282690574990713
3.92872555127061
0.66604033894558
4.43468274640073
1.13238978872482
0.998797520313112
3.42924632189531
-1.02145950639304
1.00666184424709
0.618349991270163
4.79506661616518
3.63669078565948
2.94886482809985
5.1050263783215
0.568734056985086
3.75789138618782
-3.6726494763867
-0.828376504026326
-0.567460978391158
0.356555996907846
-0.136752545736961
-3.17146341225207
-5.51918865167274
-6.5291820032622
-0.438230661013152
-6.91899365214174
-6.07928628540869
-6.1571337056523
0.514852991216697
1.310235329451
-2.35881946918999
-5.91718627915447
0.150002414870329
0.342977814255453
3.65707438651941
1.44108301743251
6.86961009514395
5.32040223788677
8.65988812989003
5.49850909321417
9.73920674873819
-4.479654507908
2.73875912874953
0.00345323880337634
-3.27742265245137
-2.63191093638772
0.131314327467856
-0.144229781834457
-0.634468491779037
-2.45133472686221
-1.37923137281585
0.925649860043614
0.838581464039028
-3.49040140337113
-7.98267165665991
-4.46876283051372
1.89563159511836
-5.79853164978237
-1.78647611519808
4.45904477748694
-0.51797760294914
1.89660269290062
1.31613527947954
4.76128588755565
-0.064136078074017
2.00834775959273
6.65887391113805
2.99083090903332
5.86345349304571
2.91060248628283
4.93674495768819
1.18815740185208
2.54827072974736
1.7107452783855
4.8026954079475
-3.15092411571876
2.81115326129845
-2.20501666069604
-1.52493895859319
-1.24917520617719
2.54675490567912
-6.21789087453852
-3.94974296708769
0.392998344227577
-2.25828052676851
-5.16147345759806
-3.71042567942926
-2.69465793025782
3.02627710809521
3.01253446606002
6.13109733571153
-6.24097270215936
2.53351858322393
2.49982654905841
4.08826248109188
0.206824294109905
2.71978477246233
3.56853518811991
2.88235615099795
3.62440327325781
1.22466719199554
1.32307908479324
3.35046900793804
4.57722147050754
-2.10406780269012
-1.54248012653633
-3.53440206365796
1.24641572899733
-2.89650624114501
-5.75061058557767
-8.79706527303179
-5.77468345019307
-6.12029239722845
-5.23674822945439
0.103883253854546
-2.05282223430725
-5.70710965716454
-7.09035208912299
-9.32683600412747
0.243191226877745
-0.877783545959195
4.73167759777246
5.55627513251124
2.05325088071995
6.06825001434683
1.32442331071774
6.91385638527354
5.62766220804328
0.726780978094119
3.92581509022353
7.42722056580452
-1.4973609947047
-0.287444361517284
2.22394333459257
5.97088373300216
-1.48855438768188
0.159016727622457
-0.402500352081965
-2.90321550756442
-7.61321493710607
0.301512489653741
-2.37632751210562
-3.72121569917133
-4.50632346748379
1.47909138212375
1.21968330584752
2.7265389166836
-2.75518163386821
-0.51374865606383
-1.45615589997549
2.58328952635177
-4.86052599291379
0.26672441049696
-1.46795026277294
1.01605974686849
6.52485367794977
4.94806508183312
8.39935556657938
8.64181325766642
6.57352286663993
1.36365277739006
-0.854057402984066
-3.91375332823897
-1.91204239220546
-6.30877761515924
-9.16149667294194
-12.8074575826092
-5.20614892408191
-7.22119721027123
-3.65869286189719
3.86877341438177
8.86456125417236
4.48186592975841
8.50964267796686
12.9056304668845
13.8703037814427
-1.09336017407404
3.83287045150306
-1.8788985879791
0.356135521393062
-5.02501315441592
-8.5329805807006
-5.56336547506948
-7.4731153090083
-3.66177896591815
-1.24932873530567
-4.16488734602841
-0.96771808472448
4.90031930933296
1.38131932560931
-4.60702135022776
5.29162999067546
-4.27082889373073
-4.43140063868181
-0.789901034705483
2.59807882678794
-3.91205478690392
2.47424717391582
6.9626443833321
4.87006365694295
5.09670430916059
3.54223719419408
7.12806674046992
7.92399736607489
5.15790577643403
-1.81367986567991
-2.36454116701295
-5.46305442822102
-5.99806770926657
-6.26361914281523
-8.26296271367787
-8.88592584936037
-4.97411374403362
0.444176541279744
-1.68169196684897
4.95761798484116
8.82674169601824
6.0181691430007
16.9873124488243
5.35892175611482
9.22988076690109
2.34342721329107
-0.331155990115058
-2.87102892551281
-2.33542816358556
-3.01748818909423
-7.01857647586427
-9.98944287845251
-2.46759378829509
-6.50742409101296
-4.47662365791254
2.9996926059382
0.935753724169311
-3.43910671600269
7.60513567617114
-1.11592094612401
-0.381173743049072
-0.131107674876132
-0.380669042570098
1.8373736041909
2.43862613704464
-2.15471101684315
-3.42407994450035
1.51874405200971
1.85735010381044
7.77781624037367
7.7577274395674
3.11025799305775
3.46925720120033
-0.108249891148948
-5.05709145378859
-8.40868039206014
-2.87394640243196
-4.46373016678553
-8.82794474260896
-8.69574950941279
-5.71691850851985
-4.34642257243743
1.56454152608658
-3.99873395094987
11.18239747374
10.2708351834476
13.0622851770418
6.65274997292967
8.50865817188758
4.09338679000447
2.7757554772329
-1.81639173611982
0.274242305948333
-8.25196313741852
-5.3429505749565
-4.53517842766134
-9.06562467910589
-4.61919242108224
-6.08229577906554
-0.908844640943526
-1.70131899580711
0.425557027774036
4.12985462871345
6.1410422678276
5.00629106967082
3.20932917044778
-0.517593222348755
1.5821129255562
-2.95640882900892
-0.621846488216182
2.12108353425553
-2.59631844455804
6.02873746864506
3.55124853536265
1.16893926977827
5.63480335464557
5.18894589422499
0.724759717779614
0.893048629724113
-7.55263248471708
-6.33045128611615
-6.9260150247295
2.09250979569344
-4.63150734258113
-4.84881574252888
-6.31505671159613
-4.48853620525428
0.974177219760285
1.08726144040569
4.672931412508
3.96882515057444
4.32306984360023
12.102247207755
9.41291274190441
2.65435940630829
1.83071469629405
-0.123376724316221
-3.52019777783292
-1.33079781162485
-7.1089556169748
-12.5176643431149
-8.44081452258004
-8.20173498851685
-1.55492578283447
2.10988702935206
-0.258259392550689
1.99955249367909
0.384335599983973
0.254134143893741
6.66411990008367
-0.72590362660076
5.30764155554064
-2.00542014832717
0.997411523766535
-3.24775428393476
2.83979482149739
-4.88297028177731
1.48805047301434
-2.2836012259838
-0.0260108592842569
2.21478384477869
5.15404967976033
0.506917906578235
-4.0201840696074
-6.67011994742155
-1.1049756748422
-6.75553124981135
-8.12137595067348
-5.56776359348382
-6.75670246734908
-3.30497611430168
-0.884645701122201
1.77167845722253
3.53418422920157
7.76408780814012
11.903365148207
8.46359227834559
3.51691906731407
6.3283575394033
4.546483974852
2.83609199897269
1.25976367554603
-6.87226364328132
-3.13674900315154
-6.5204006301701
-13.3019756163413
-4.62853371288857
-6.67504354700559
-6.76680446842805
-2.31055167766278
2.10443725226666
4.09701653870361
8.45973911877322
2.73228923272672
8.7464541418314
5.30298343258719
3.64017387562884
2.80775334754709
-2.40255173325236
2.4211985106572
-0.982203734959954
-1.36416832122785
-1.00836690898874
-1.44479689065117
1.76697279080495
0.887591033597738
-1.02956391683683
2.72005426078875
-0.0423095755337057
-5.21943504155554
-3.23599430015318
-6.72119418411775
-5.04530854996893
-2.52039051925743
-2.3930464436351
-1.55941734981689
-3.48963122045173
1.19447378008627
5.27655197964122
11.2180181516186
15.6093205826838
6.01166980791676
9.82717812839409
7.80877324337464
1.14884339298841
-2.7265508111737
-3.0508571577946
-2.42944783093229
-6.20749282534699
-7.50535809635313
-12.3808471338866
-13.4389692113512
-1.71054760780978
-5.89495742040128
-1.98413806676584
7.2767267045138
5.27555456645202
8.57952728059027
13.0672558713344
1.28660790710242
-0.643100316918643
0.962784542135092
-1.94091047961725
-4.13610883221843
1.62533718319717
-0.300724642872801
-1.65480832485011
-3.67962802401578
0.56843308680357
0.816484012342865
-4.64581875712933
-3.91486915548309
-4.36211878304735
0.699637883112445
1.24001505419703
-5.14995576668879
-3.91061755227033
-3.81416169734249
-4.94413285422965
-4.64090713385132
2.10901640134108
2.35753471389974
-3.16697133445912
7.95997738611293
7.67090198961217
3.29674080296577
8.46800273464905
7.75765024667046
4.20151882719294
4.43111626076832
-1.55793870012274
-3.13424268609346
-2.37675381462075
-0.162732976115828
-10.5852622896382
-12.1927058807218
-5.86381620075865
-4.63650368865943
-5.66830781458826
2.26383420282797
2.18827013513396
0.517321416963419
11.624897086552
3.59317036720176
0.653708422748125
5.59333477415917
1.72988832826365
0.541751054109041
2.81330010290711
-5.35799186415827
-4.23026622388874
0.269132715357276
0.929432757175105
-2.72226735352668
3.83561676477971
-2.65742542222142
-0.415702198640647
-2.92612340307725
-1.9173344579607
-0.795239242260339
-0.565353911610797
-7.69958194760928
1.21368315108097
-3.39677860661959
-4.89266515625048
-6.87339846354965
-0.362536477383683
5.9415933786273
-0.691649900672072
3.07554665543658
9.20803993886965
6.48348421892452
6.31966128061732
2.91319236904077
-2.20895713173519
-3.22750719752428
-4.27280775118602
-10.1366822168509
-5.05474098056559
-15.8139181532909
-4.84923894691745
-10.2499531205918
-8.77301681808334
4.11781913089465
4.01329561733347
3.65050562280296
10.1876308867466
13.9000770152408
10.7360664067888
2.77142788440656
2.40157256333152
10.7194371605367
4.41155032850182
-1.39211134190272
-1.66521018734847
-8.5224846873813
-6.82561081157457
-5.62866875560295
-4.44414455828409
-2.10716778164275
5.25585830553629
-0.853525616690826
-0.42835862765783
0.523233267181319
-1.58560263888202
-0.474896428404509
0.867556259821929
3.82613183008643
3.2741647066422
-3.45355003118351
-0.376528826653464
-3.30752489893456
3.09462225155894
1.08409273419453
4.36036159408333
5.2860785432393
9.31915651149471
3.54048957816793
-1.65851401466397
-3.10835733638084
-5.61352710287323
-8.40052817383756
-9.212807236718
-9.32771486140144
-2.84003796552045
-7.77658150891737
-7.3158699633174
-1.49535998718777
1.94623402891063
-0.444039103715784
8.91144056187024
10.0039838554077
7.30960607192953
6.2723444105707
3.3167428034136
-0.784673829220237
0.549936818492922
-1.70859867729833
-7.18873920839414
-1.39365175431478
-4.18097823118798
-3.24063238504354
-3.11077226181193
-2.99712297733485
-4.5894557987719
-2.87898236391738
1.04830280538912
2.0651293586266
-1.77339951770346
6.68991715484956
-0.234142936881732
-0.300899440815501
-0.553971429203517
-1.59010271798909
-1.26355351314826
-2.84731229814066
3.69716865852987
3.66731684527523
5.3899571741504
5.99412331347031
1.71284727916509
6.24381136709646
1.29411545273883
-4.26799072263641
-7.45209587002627
-3.59655288568244
-7.14100335590767
-4.28947117295524
-8.24418718945071
-0.754708995549738
-4.61426199738985
-11.5979050619561
1.9748717134418
2.74842921397991
5.30491959932226
7.44455055205883
11.8440873378426
9.20939367157953
9.4081217311955
4.56938991725056
3.76532057187646
-4.42207110108493
-0.63553486562001
-0.0596253205639039
-9.93280191404284
-5.31271255318648
-9.97650431225336
-0.203650970678852
-3.38270658576215
-8.94171727551881
-1.83570282227559
-3.07378975040666
3.19584955302144
2.58762058145481
3.27862169849414
0.604831589957452
3.57537127762265
2.94407935403521
-3.9708282082644
-2.40902271637333
-4.41044648815371
-1.62113116128914
0.0958880498705048
2.37327825183129
1.6323739144599
4.31053771019083
2.22096031375522
-0.0368279957776603
2.20401579283922
-1.48031129929552
-3.15389132764104
-1.98888702783938
-1.0265463785713
-7.95940470231029
-5.68872348017986
-8.22337332957995
1.58164178712118
3.31934919463855
4.71173272663502
6.68038111835784
-1.55798890933013
12.4634790429695
6.87770900390213
2.98743425866651
8.91902816735028
-0.990175084429144
-0.00778986273204796
-2.09674208252179
-6.65467273980874
-8.56966490845287
-11.1750855074918
-9.6874227026983
-2.5520777715401
-3.09528094714303
0.769118820859685
0.889284334485208
2.56006103470378
7.56668576793545
4.48318132967396
2.21510387838747
6.64537539782135
4.1581172699176
1.40283904014759
-3.47673557616421
-4.34092433401124
-2.48840554022912
-2.12952512892127
1.62869242810979
0.576665153009255
0.237914081300124
1.68358898056901
3.76963805094622
1.08863411192037
0.431497284245671
-1.44005484161887
-6.16954848974821
-3.3281193227193
-6.64457795914882
-4.3436049433657
-9.53694532362383
-2.27920380814571
-4.35101088784631
4.52335185612814
1.37738177917412
10.2951722180208
5.01116861436936
6.36472435235568
8.48254489689672
9.57901613312109
5.31548723821941
0.12536314538616
-0.169517798451856
-6.69564473900623
-6.89122774262545
-10.5422726935066
-9.01439048960711
-7.42690458892306
-6.53502035286351
-0.132166275601066
3.56286397095364
1.90417972706146
1.57684353507925
6.26097758328359
6.3755353820834
8.4101927529818
7.46367218257604
5.46077756370411
5.03574585118194
-2.02518492467927
4.93973931581206
-2.05812558331727
-2.09607202215545
2.60141693287759
2.3942795394702
0.965009659425948
-0.814014496241246
1.02348145018086
-1.22558626564513
4.65948608675953
-2.27002534639997
-2.91706268154363
0.30012571564126
-2.8464603938679
-5.63852990331854
-3.11383305234313
-1.09548833805484
3.36490213455372
3.81468179204024
7.28321448450079
6.037427800637
5.17167167092709
9.33277840399426
4.68362607978547
2.97374823667421
3.54281747329596
-2.22112165636796
-4.17799627188467
-5.78071634255245
-1.88753161505098
-5.37644933942665
-9.39847249581961
-9.86589330282177
-0.321635365905074
-5.76272877509353
0.173715801106533
3.5591246099034
6.40038863192728
4.4317207385043
8.52228348822756
6.60176895447275
3.25744270106437
0.70223324411595
3.85121407867087
0.756689785222867
-3.83579942082137
-4.06645731947451
-6.08259676102691
-1.93131850556842
-1.76275653804366
1.35530397431001
-1.03426796055579
-1.16286327055039
2.64321955473749
1.37078486199231
1.43116787814569
0.988278432015672
-3.84997018600213
-6.48435571729781
-1.46232889571498
-7.21483622259714
-3.79678629484417
0.000488069930425494
3.68245694952769
6.67563187797247
9.21515821980351
8.81061373024811
4.92327446837988
5.88174842229083
4.34575397132731
-3.02420495249183
0.561261498638339
-0.013510010549787
-8.81602579120297
-11.0299981598442
-12.6511713704328
-11.4289762252033
-6.26361507105154
-7.49528070657726
1.47625890611734
-5.54634711882873
2.77225411465483
5.92832186096751
8.74542691205851
4.07397356207537
9.74382199864269
1.45177702694151
5.08822568869326
-4.91953079735951
-0.812642084901069
-6.26702008807039
-7.57433518597221
-9.05092016052957
4.77421572778926
-3.85633049440015
-2.66456642892567
1.92190740221474
2.69802153132791
4.10394096514129
2.49622950897319
-4.99497474137714
0.623064942794628
-5.60225458306712
1.05038977095684
-6.97492885945631
-2.46085679345139
-3.34174979624644
1.7655731306038
3.50607666880504
3.82749711134161
8.67200584073793
8.44394620900593
7.04581415191964
5.80360976623103
0.769846119203955
2.99914929058314
-2.87214052817473
-7.84974803256266
-9.54414740600896
-7.50152281842683
-9.64888696092159
-4.52677337767975
-9.43657825415679
-3.72459936529924
2.3832636214144
-2.52930777394059
6.9328286923831
10.698515442148
2.61736353387787
12.5818559495295
6.16116108249553
2.88521851460695
2.60088638664017
0.334803214593813
-5.25131899547711
4.53859517990124
-4.0506979959341
-5.62125872090771
-6.7547155905142
-4.33615956219988
0.250173402022154
-7.13985011816133
0.513923634152633
-1.32190499926405
-2.23894603182176
-2.34817173916225
6.41073396782244
-3.36645269949491
0.631403411435286
8.59669773465628
2.50946137270294
6.42448251733199
4.65273122781823
3.26775283047227
0.848071028955453
4.64019030597814
7.6361121480991
13.1217994546665
0.265362905270215
4.88149228806929
-0.906828365533391
-4.98131503551457
-4.71339936224204
-5.17517732555691
-11.7876526146741
-6.00788555032293
-2.66456829355924
-7.09789413066643
-3.11377510025822
2.70530944007657
5.1753158923124
8.53286506183544
14.618278189536
4.25634436174859
12.3810253864295
11.2203414748145
6.28198813774189
-1.84297641305375
-1.07698594400901
-7.92061995298017
-3.79637098870168
-5.68218853238855
-9.58428956156033
-9.7532286258956
2.42080152858454
-3.14203831054406
-2.16158608413691
6.88195002706508
4.08557273158509
2.6362532879277
2.71498259623939
5.56771788879012
0.789141941760073
0.200131930267214
-2.43612852351619
0.874242676088145
2.66996882498614
2.15459831632087
2.04188380842268
4.71190821049735
0.650033772186726
4.52128112687151
5.21354087233873
3.74575063124444
5.72319337614315
-0.626830858599991
-8.91662441675361
-8.5425687764264
-8.48172586413695
-4.1944356861646
-10.5908159499919
-7.84590979339373
-2.70594030239693
1.22626472870768
-0.358912170113366
3.77712736715239
11.1546593641228
2.69678463314514
10.4386363014117
12.0078311619442
7.56107583012943
-0.476424948804859
-2.88444844414148
0.75219899640232
3.70842611807548
-5.84303331261033
-7.41355033682492
-7.12535673494405
-7.67639961935808
-7.18542374240928
-6.12408773696698
-0.924852432167255
3.69547432197732
2.75341632211401
-0.859543001069215
0.828586637725094
3.85842424750335
-3.61131328398655
0.100273901802344
2.07297880537043
-5.56272639271733
1.22112708001864
-3.66201175661242
3.54581698248554
3.32535470634382
3.31433008697573
4.13343539807561
5.40725704259221
-0.698998002346408
0.0518307705469784
-0.983308246207042
-9.50340785731663
-7.31508318147471
1.02905757002537
-5.47287818562653
-2.73650219942627
-4.41220787004898
-6.53124001122055
1.93365880887506
2.69956929786306
9.16994790772684
5.11959889512008
9.27037664365671
6.51763234421398
7.35574564289111
6.44381161079224
-0.108492678717949
-0.72880528855571
-3.0320569317236
-2.52118362996507
-4.46397968433291
-8.47272170315802
-7.86574236990425
-5.80280280220934
-3.33381654921895
0.519164836157799
1.61317357810039
2.42343322568422
9.83889581306755
11.656387178463
3.65533879159261
0.858243594036039
0.902626100319101
4.69394363980797
3.48156277397733
2.29648206290178
-0.386482310727559
1.39779348158377
0.790572794521604
-0.72599489735738
-1.49678109597408
7.59107764001656
-1.83159573735929
-1.80995506039488
-1.42764682483006
1.93526518794797
1.04963539715026
-2.45872560517838
1.37038433635722
-7.13386077279909
-5.24964463368799
-4.16093241605092
6.48757986241377
-1.58062516407505
1.70745470068281
8.32729687960753
7.88907040051853
10.5496304627471
6.60192565869801
7.72854316615075
7.85893567285042
6.12193780269729
-0.485865901797935
-3.0458510680574
-5.46140029623503
-10.885220533405
-3.58067165202508
-14.2884465179597
-11.064086493192
-5.45724821022665
-0.496163772701171
-0.409425499789334
9.59683694191328
0.872042343989317
0.989197199345941
8.70030858782035
6.66641227126167
0.969109021910873
1.94915041792201
-4.53291761854133
-3.94374943529167
-4.45719424514022
-9.52469120422332
0.607622013141365
-5.55911796637687
-5.58695161376783
-1.38039384301873
-3.1323719276211
-0.723346354059379
2.56386286252975
3.04458198594518
3.01207905272604
4.6732494421554
4.31404357276048
2.41984487467233
0.994183341726182
1.11567519003925
3.00474583697179
3.21473290566658
3.86002837877179
-3.77651540871052
1.315218255912
0.504588854382868
4.59509539136234
-4.52318620173963
-1.26231561380701
-2.34664633652613
-1.46678393950405
-0.475604056391278
3.36782369236446
6.98997334032228
8.84803475470487
3.79289682580885
7.62412211628398
-3.52636565482152
4.7965385917307
-3.6072703984631
-5.4340310338173
-4.03905163593785
-4.17778092640527
-6.04847994980841
-8.62652455233019
-9.77054264375576
-8.69567529876937
-5.38472281762545
-5.75277577017933
-4.23934436826652
-2.63923093130097
-3.52075443192972
0.16837354098507
1.45966693776322
5.07768210419997
6.81480302237813
5.96991371422563
5.8739001722998
7.74779921070645
6.52730159109115
5.2762002414608
2.25373715522586
2.68689734795305
1.04733139344213
-2.45707161251274
3.35546268146949
-2.20235217594795
-0.965696600955515
-6.25269053356168
0.748787938170925
-2.60121563891705
2.96636633907229
-5.88051359357729
0.675889927017421
4.64480204774307
5.02999619394185
1.23875050818276
-0.679174138448831
2.11567801348175
-0.50656064793867
1.24259547719446
-1.81355791122368
-4.99645603826541
-9.43264167458674
-2.66546068186375
-7.4525180695034
-6.58765297780044
1.40664733491544
1.16695290614994
-3.04155802085589
2.898273316988
6.47996809772446
3.50948430083691
3.2981784926518
8.89539851171082
12.345647874201
3.9716757587385
2.75504081164429
0.863344358772035
7.29219853142754
0.356579313242044
-0.0447216931015265
-2.97557903085138
-2.90844662418555
-2.95879019418129
-3.23895441790212
-0.454570707884273
-1.57523644791139
-5.32443904723538
-6.0503400200432
-3.66080819489669
-0.456898863384964
-0.612309152903916
7.48011168059573
2.60551740676887
-0.968401262552034
-4.13203369669742
3.79717025244776
1.9363630635419
4.77580296336125
1.32318103100409
-2.55517189237046
5.35626454239142
-5.51538800279387
-3.96399713168822
-0.971817910691585
0.533066218726568
-8.78285046602485
-2.51159477165224
-4.16188790423475
7.75140849609155
-0.461741947306701
3.2413259432707
8.55529928470357
4.27823740107133
2.84964327221413
5.1060514278187
-0.798794015724677
4.34194380123062
-0.178638922267615
4.09178595732389
-2.73644858706297
-1.597150355109
-1.00333573028601
-7.53307003849548
1.71066509918267
-5.1789633535951
-5.52939360051225
-6.5825704564728
-5.28807845499638
-3.86196174657793
-0.165334997246692
-2.5997099914241
1.8890491792152
1.72400994800599
1.34731861260032
7.70796381104721
5.39271520117389
-1.49558543002617
2.7739327533466
0.185955076665923
2.67459105094969
-3.85539658174421
-0.863883488606946
-3.60658452725313
-10.1232423232494
1.62725576243666
-2.27760157764785
2.10245281948134
0.016863768924489
1.24978163212822
1.5874684147773
6.10723931207078
1.61815481195057
8.2562855475294
7.91429529386694
1.1513350200863
7.74239342542729
4.66192081496589
-1.42407895964944
-1.75973163751158
-0.141606029922165
-4.96506284810514
-6.95124918967065
-10.6783145146418
-6.73981287180652
-4.44185271855129
-3.33413962871599
-3.27251635184488
2.98639520057078
-4.00539521675772
-1.81806514475378
3.13114172075438
3.2126688421952
9.8331914720941
8.85087763269556
4.86197874863654
7.02343968296981
4.70192366937538
2.95152247413832
5.48474227611237
2.30122285719254
-3.60088795335187
-0.620811512949148
-0.264870628731063
3.8208777998629
0.679673477182458
1.69492731399766
0.404330884372686
-0.804196983832731
-0.960525079401667
0.435810629241023
-0.740235321637232
-0.0773942517248143
-0.365143555265365
5.12655477905383
-1.3032957268377
1.82880910092939
-5.98547872742566
0.515399997717488
0.00283755993635504
-1.63310011525274
-1.07695554583353
0.840592745034341
-3.89094813446812
-1.30766393719407
-6.33389363573714
-0.839180407252464
-5.73703851463406
-4.88957351129571
2.24647134560847
3.73137847344733
-0.98620475285663
4.98023405153298
7.86938438493267
5.55337958894345
11.0931201792549
4.39759236159974
2.18251733805615
1.61276124154395
1.71074953353686
3.32699399339987
2.77685566649531
-1.92412561264863
-2.77168515158885
-10.9395944863731
-5.00581794287134
-5.73278341225999
-4.37712363647371
3.68348468497583
-4.35705669846766
1.88042864215569
-3.09887375495682
4.62732533759877
3.57535093954469
-0.53809375757946
2.18458503041207
6.74457204414299
-0.509944899586368
4.75340166962856
-2.23727695255261
1.50402392276506
-1.09848288893379
-2.1331274189589
-4.24537092431418
-1.36765956492629
0.978021242310974
0.941107167608747
-0.520200051459631
1.20529579138844
1.47582480871854
1.05278920649996
9.27351768329839
6.83660045548408
5.4909255857011
6.44146250279027
9.15665803158267
4.61092085910461
6.25315147190711
4.97906393050928
-2.72643885361673
1.68917679554689
-2.17557279336715
-4.61308030896976
-4.8206129814279
-5.51253072234568
-1.38648614860696
-3.42937040897505
-4.63207458300905
-5.64146285266389
-4.73900125272152
0.64843336367028
-2.79554015071965
-0.0620698037966971
3.44321142104517
8.97697603979305
4.2700687476116
3.73325757393519
2.13190795865967
3.0053193583191
6.48779149426727
-3.62321990325912
3.38484793427072
-7.5069767271501
1.43964414039087
3.49039360084298
-4.15955714729439
0.0786367621841013
2.92114287561012
3.1341370044374
-2.25146484861956
0.94905797606514
2.35031126273636
-1.33257160433282
6.4815378259813
-0.412756856885096
5.70684004574235
10.3086883710103
1.73527221052403
0.584147244837057
-5.19133943805682
-1.0123514504809
-7.81460102225306
-7.62685624299702
-9.50008881232512
-9.48408928670428
-7.00171619558029
-0.678349095951192
-3.80715951515827
-1.71758945243066
3.66120800662241
3.04251594133546
6.03662936873081
-4.6878477433303
9.87255873786647
0.517253693416439
5.45771645457986
5.54695907030826
6.66027384909085
6.12255330731196
0.856112817940719
0.483743018299591
-1.0330909125735
-1.16305208024003
-1.89496542056061
-4.10570507093698
-1.04608680852299
1.60995483822481
0.804645347801074
-3.47435286540025
1.96095296473357
5.00823906849631
1.09212769386697
4.47554015248826
5.85656390376844
2.87131127388364
2.90995028231594
3.93036314821116
1.37132635385467
0.566815983910498
-3.88240302056234
-5.64684581661437
-5.51847706004695
-6.53536118339369
-7.40053883380902
-5.2681018734806
-6.17907755217825
-4.66049149700885
-4.96366447883949
-3.93160990613676
-2.17236038772954
2.87980007280455
2.30707734233167
0.435118267802107
8.01683668226508
4.10945703319703
5.6980528883528
-0.11131263272091
2.26984564553803
3.04605901455073
2.91275388718787
3.95377049429132
-0.872210757796906
-3.8934446712056
-1.471741906642
-4.68206845095419
0.425845551129779
-8.34648080571667
-7.47251736135744
1.70307795392208
2.83513732717208
4.78274472918576
3.35218791019762
0.783419022668502
6.85484215917453
3.27480750480193
2.32588841805432
0.251559635765474
-0.372798350142622
-3.22711376542988
2.09362410420909
-5.12829094698844
-5.05030366510847
-1.84553838551717
-2.14975187294373
-3.13282827108918
-4.41267825892443
3.25617737769459
-4.76305418421689
3.51692348439097
1.86128982244338
8.5231530619045
5.57618534687973
7.99341780146663
2.6861366318478
8.62632428705395
10.6330949844496
-1.60602660738345
3.4551005758481
0.082409541268144
4.64391530870426
-3.76764333488994
-2.70761561517494
-6.03567688347644
-0.984151481439787
-3.07608647086172
-10.6098905558235
-4.70731236631943
-5.49952511269678
0.626651557033446
-10.6229150819488
0.833783542580073
-0.0278671534813347
2.71575639555264
0.470763881612624
4.36247239511824
3.74938717869708
3.08217215660013
6.64707071071262
-1.00253613925308
-0.102096272164569
-0.233572154518291
5.08736543727083
0.678160782152279
-1.04367623239184
-5.09141755294205
-7.43083586235175
1.81614911507649
-2.41340512804096
1.55348620506896
0.423666242639608
-1.36965904794161
8.3261599326243
6.30892634401709
-0.67099759920483
1.79045880847416
2.9252952208153
2.99066930898793
3.52884197169812
-3.59031509243905
-0.26130146371535
-5.370207268265
-6.59274752287249
-2.98941448311389
-6.8904075653561
-5.91873935416881
-5.77168222201759
-4.45237756191079
-0.99925786953373
-11.6232523619723
-1.74769925357465
-3.15833398400602
2.27777119388789
4.72083705592828
6.18149514198197
8.45823307363291
9.75791818979753
5.35238652239949
4.13610163660333
5.66262571331154
2.48141524378731
-0.350053428847866
-1.78185723292012
-4.54529710288551
-1.4798228002739
-3.74944159909201
-1.48691539242505
-1.95089389565252
-0.0517615675593694
0.148909483337229
-4.93013371690978
-5.57090511309051
2.70050766616305
2.16301861746345
1.1965065753825
5.13019542243467
3.4514829405519
-1.03233696049146
2.35787076347322
-3.74008663952859
0.597788153469854
-1.335912852942
-4.6084418417558
-7.17098866352424
-7.79112095197446
-0.347202914951905
-5.90303025612537
-7.1209813408439
-4.19744299852936
2.00879830306329
4.08112950175813
5.44970088030095
-2.03979131154903
2.49150093468061
6.55278334202176
7.27950918775742
6.08110523290985
10.6865186821174
6.45102642730562
2.01594474014309
5.53632381705266
-4.41573446022585
4.44007201220139
0.664050728916203
-6.04505325497772
-4.65985717682512
-10.1959733953813
-7.53821648983978
1.02351846763367
-6.2074462995855
-3.19306561291048
-3.50959674161021
2.06567304653095
0.739970340037862
4.41674834934125
3.7047733138278
0.232301782866907
2.94365299984252
2.48873388777219
0.268374194529173
-2.19230841717112
-1.46877395578985
-1.56203165356704
-5.46202617295351
0.999715610491793
-6.55514940406072
-1.52834566488416
-3.2359983295069
0.511141617820007
-1.32081181617126
7.0348401772045
1.73563675512789
10.7500217681011
3.01711192097942
2.72537606059346
6.34336804573192
3.42332202113756
10.4556475289969
8.67640696142417
-0.667973570015765
2.03093585803834
-7.84182035060972
-1.98048212789423
-2.05841260321815
-0.68700535069882
-4.98468317706522
-6.82292792357288
-3.13869095787902
-8.31169809364251
-2.42146091278896
0.0527608940551456
-4.2702824242249
-3.72117230937638
-4.57625020183749
-0.219460366696517
-2.09192285350567
3.77342762047088
7.15898122884253
4.90304458049862
4.49769595664915
1.16188900842046
0.54115637350062
-4.7908958864251
-2.86261400789496
4.3696317530516
-3.52873736528675
1.14439598428283
-2.35904547741772
-0.813023668125871
-1.59592865511286
-1.2806939264873
-0.0721103456916619
3.58629432224944
7.73085463473298
10.6021987532463
4.83336024374131
5.1130476824066
4.44145895091842
-1.14791453496535
0.488121163403509
-1.66051967926686
-1.40894041783528
1.6910454838059
-9.97440001293727
-5.72080348026934
-13.5223945714064
-7.50617334435057
-10.6383689285025
-8.72876152919793
-4.00313749729727
-1.73363458948855
1.35894763894816
6.50532935619588
0.776641012507133
5.45757853322403
2.68919447107946
1.90239159087957
8.05982942181276
6.18910198739498
7.5912607276216
-0.127982458585469
-2.66674970722436
2.61224937057451
0.945638319587657
0.715304511327294
-0.655349662860556
-0.305174332348451
-1.51771706088499
-2.37741209662994
-5.2811602879269
-3.88534043394161
2.14217588663382
-2.37844383477069
7.50316412956177
6.1267076992523
3.5036493905923
7.34717216235083
4.71118440656989
-0.270414827921743
-2.20425272615267
-2.09071172193396
-3.26388100235915
-1.33694675927364
-5.38283552300161
-6.40903899720802
-5.2145946087189
-1.48487528842143
-3.58413530134693
-2.2315888484184
-2.8723213687664
3.18143093563451
0.756603894738221
4.99284970481607
2.53080942926377
5.8026795699329
12.1874335800237
6.16413142516386
0.39776682551818
10.2627876872981
3.29175561250748
3.04415703108385
-4.58160719838139
3.21823768077555
-2.35289213535723
0.307733640414967
-7.65301074643639
-1.40139464814417
0.41881861910043
0.615509244620144
-5.8018094523595
-0.287375764539297
-2.05285148365538
-1.31493811979632
-5.36841574989581
2.68942826088667
1.16190026746463
3.57985690302577
-2.26202489089368
-4.70042854581538
-1.11625589046138
-4.77770988410754
2.35806642862019
5.59993496557262
-0.873253179892804
-1.99848400462086
-4.64900868680613
-6.86108894931799
-2.15843823086424
3.9583746603417
0.442518067360971
4.05446382375636
8.68737378439084
6.46739592689361
3.33744796595232
10.0246080283741
3.10554127318899
7.16344393188601
3.57795891133766
5.88890686725756
3.75772483146005
0.686549545305996
-0.250814460552758
-7.93751754732393
-0.236494568519898
-6.81460564098782
-5.41844805395241
-6.39978299663074
-9.90186718317138
-6.59625113037852
-3.01882711995178
-1.94980970098878
-5.10093357303276
-3.08685323012507
-0.739091107654329
6.27987100360722
5.66771726507496
-0.848953923559409
6.07729342065863
4.75276572860034
2.42296022943615
3.16450413240523
0.561684385617263
-5.52879782212027
-3.28060639280555
-0.319497276081765
-5.38725244123846
-5.30758243206274
1.68564000513783
6.80765239748432
-1.21034486535344
-0.364151434608335
0.0812703720079484
4.19305857594439
7.55933804433299
-1.23719966479975
6.06108231763951
-0.901777311288603
3.87292013726508
0.410883348951149
2.14784573449822
-1.91239258752762
2.04044229409188
-6.91029602424075
-3.17349111937601
-10.559682492072
-7.92230443670083
-3.46297714869137
-8.85136722407335
0.752014558920796
-6.02800064356481
0.278427771423101
-5.0710388368902
1.71537876603085
-0.326515206467353
1.06096082589022
6.71498180657539
11.0008303484174
6.36861296955256
2.04516228612227
4.41182828677758
3.90787570181772
6.15555825121202
1.8562994902925
-1.68024873629416
-2.3056146827086
-1.13119577994834
-5.06797450597856
-5.44587506487862
0.465159332076915
-5.78052460592838
1.68814522282027
-1.48678915241473
4.40352024682318
0.920676993847598
3.42550639193844
3.75319090030698
0.635559859350977
-0.970696655139687
-1.03414077285399
-1.57605567850244
-5.02113844511422
-1.57576114949967
-4.61830703032511
-7.59644526275194
-2.54857128457756
-2.12020650041593
-2.60419397396793
-7.55248206020302
-4.53769400896298
4.50483958885289
-0.0843416123563657
-3.27849649199367
5.28508246244868
3.38243019488284
1.07706930134591
9.06994391644911
4.6264273524505
10.4693491682555
3.71645619605246
4.56552547980037
4.598125544354
1.51626352029217
2.27222697066606
-0.892924037569565
-0.753825010322763
-0.673619712556241
-2.96656830487824
-6.65803604723208
-5.17614145520084
-4.01067220861067
2.31809520964354
-3.59513130648302
5.68551124970873
7.30488416166326
5.9858844042888
-0.848626710709105
3.25647596745608
-4.00610831102782
-6.16814352083969
-7.80504201040491
-5.44649628964094
-4.17385582541855
-3.16618156772985
-5.64168453702611
-0.337982230489196
0.685820150361124
0.26223090551338
-1.10973123048166
0.491039454080816
6.56538678878574
4.53340626479483
10.701452327035
6.89386129893756
-1.21039646131522
2.8329044326285
7.97652934492977
4.92597738739583
4.70667934332144
4.07165718767261
-0.299508508357204
2.34201801884925
-4.2839412410635
-2.20495715166094
-4.65189124268509
-7.00398498994287
1.02031415240624
-6.87496746422588
-7.19957546429849
-2.53040396208805
-2.66133390236515
-1.10204787117758
4.00214242937199
5.35191699381557
-2.24129797945157
-0.351968258013083
1.43169578155622
-1.1265097944155
0.640556734320193
-0.847589582832986
3.09289907274152
0.269634825783576
-0.0703496798034222
0.59365302071697
2.03722040587227
1.08323739922187
-4.03639843544195
-3.09458361883969
-2.42410947336396
-0.666404633183713
7.69343451909944
3.72270547263236
-0.68933730395521
1.64135904638546
-2.091658404765
-0.595943413788098
7.25261549581208
5.96586312039969
10.0588759917436
1.96288236227318
-0.567291497275531
-1.98947895186441
-2.60965401747787
-4.1517248293606
-8.5501186876802
-1.47372357468526
-9.34867179965659
-6.76793461553933
-1.93699647302101
-2.82575747951044
-2.79196976936396
-3.45442348918176
-5.02476046698756
1.79099314558702
3.93599271736108
3.56584490703098
1.954649944113
6.09141129263998
5.91995603715945
1.0828611893274
8.27416599337322
6.75692879665785
-0.988800708336467
-0.263271889146166
-7.68733281048462
1.42298403764419
-3.28740870478893
-3.17578456448518
0.771929434308926
-3.93574169817656
0.178227793505321
-0.723766872846991
0.722519017445018
-2.15881660232014
-2.4896068693333
2.49576747949392
4.48380332111394
0.786345154597633
2.80836710547589
3.94177523185304
0.26163215191692
-3.47887919179021
-1.52160983934481
-4.7769879608573
-6.30151891374172
-7.33596844824544
-6.20322383423641
-4.82817380792702
-1.46628908263584
-7.01331636257226
0.0321188779350796
1.37423209853711
4.4813737118893
2.45293964906823
0.884136948378663
13.8146574227083
5.40659688844982
1.47713705780605
5.28730914296857
11.0012574942737
10.9491229710267
3.75935597196571
-2.38849163745801
-0.199644331276112
-2.82815793592648
-3.09930947490923
3.3222210850456
-10.082817225222
-1.6950450339504
-1.20564198659993
-1.75441843551417
-0.525990668577305
5.39881817731494
2.57839103293814
11.5418241308681
-0.333112913957292
1.77021009981157
2.72675742004763
-2.39408004268021
3.88680897649905
2.31446740748137
-0.331741680944877
0.304983619364715
-2.58204119691156
-4.26536943698491
-6.78035995609211
-5.9407019130281
-1.08640905089891
-0.841847263577333
-0.871855583221227
-0.17219073775654
3.49511507648367
6.69041228290014
6.58066934578598
4.01810808117586
1.77934166803233
8.25012757873177
6.18849680668473
3.71729874005736
1.77149530041233
-0.454383328881281
4.01450741642086
-2.27158768170054
-1.75510347171865
-3.64298900577941
-6.4443617490456
-9.09177120619901
-6.20934720833569
-3.36655355900522
-2.67784818546926
-3.13027810332956
1.48995554992209
-3.56080370701554
0.54040946299323
1.53399069253639
2.31114321005725
7.61451738748507
8.41745281253715
1.24542153133033
5.99887782897455
3.19270378413244
0.633927466214062
-3.84426173882726
-1.76713715139939
-5.55699777062425
-6.59224889212367
-1.30754442392672
-1.38262288993865
-1.11007802813339
-3.91576406056929
-0.263168518867713
1.32189482966653
1.53545162170298
7.67582910302805
0.814429187713478
-1.47300738547761
7.37133752616806
1.04949285438103
5.81359745230769
-3.80671017130145
0.222947002552364
2.83512156659137
-6.78776478207734
-9.03029063638609
-9.66671370361474
-3.47516310821223
-10.8760523110922
-5.22789429446077
-7.60679447838156
-1.26954926224457
-2.76271479512366
4.08815649076184
-0.566625982249225
1.23571112954606
4.6600881817789
7.52179362905209
6.79602896070867
3.61832289805202
7.27112226858437
3.33753455374684
1.95967551860487
7.13675544788602
2.67868596430607
3.10094323997545
2.76254159187836
-5.95417701606745
-1.46422480108054
-7.08523322387097
-2.90756505947708
-2.42585459823078
-5.83685647028925
2.79467102668906
1.47892862345827
3.44395375816431
5.91349727734161
2.79451283652489
0.170388842356213
1.4921092434646
-5.8057552964545
-0.0743832007363735
0.317574187495961
-4.75350817606756
-2.89215160253533
-9.10475025488861
-4.40881826118732
-4.45762438024417
-4.71513655138281
-5.4100495167401
-1.99809447974686
4.0038627501906
2.83474687650724
1.80281005691292
0.559971825099661
1.43619617232931
7.44670434930119
-0.792197723561631
5.34317063089793
10.1581588290041
6.85088417292888
6.17133596716746
1.17925863276009
-1.59518635956313
5.59671043254518
-2.77245976635052
-2.39219251552506
0.632217179129857
-8.26772551216716
-1.65880700235863
-5.61649566068166
-5.38395501569636
-3.02245302476003
-2.85765295001064
-4.55117464806052
3.25398006043344
-3.36693264643509
-5.25580701438478
-0.131018078144702
2.41395594543469
1.28984592482878
1.65423508819609
5.79645324229147
0.276879674187072
-2.04870453552545
-0.918727235742736
-2.06339529757942
-7.86810177972426
-8.54058287155576
-1.83508094061208
-1.78887168529112
-2.06559689792874
-0.383667113933455
-0.745675556735653
5.88427519837667
2.27801500474242
4.01365432118534
4.57212312180358
8.80678551891367
14.0073928174809
5.03086594010165
3.45745308541907
4.20497474096776
0.875630210790088
-3.55333004776793
-1.96357579884903
-2.52471485452004
-4.52769601993792
-6.54463249002757
-3.7168215478508
-11.9889486182462
-6.9493524666966
-3.36223840731989
-1.65702156517053
2.08679270381501
-0.923950819565886
-0.642574969149101
-2.56044532641749
2.05316505339975
-2.14976080999546
3.96239451139917
3.42729744173535
0.63008231053588
-0.167325124754596
1.37545945794314
5.35470171168233
2.76727913707207
-5.32611012120754
-5.52344547702489
-0.759457870398292
0.62962170484214
0.787981972431889
1.67031831498269
5.37384066798474
0.0237232279624888
2.21278398015435
9.81593203113213
2.016022273232
-0.460670583287069
-3.52736287752809
-1.25842384031568
0.110401899118805
-2.93546907940777
0.0741334003208969
-10.6803155184546
-7.2944214480372
-10.8354534129893
-2.66429369888962
-5.14642386883025
-7.25432715094676
-5.94289023851517
-3.14600731907638
-8.292635899979
6.1235542509707
4.41484102086264
-2.29655967597932
1.7678392623079
7.33860971940049
2.57382606936599
7.08164408816129
8.39933074540115
5.34010148529678
3.49330076964127
-0.146095223268345
-4.20609447630402
4.09672305430912
-1.27885297567201
0.573195748156371
-3.57976249754706
-2.4521303062312
-9.21598800744041
-5.93539584764355
-4.62975634061333
-3.91722987895695
-1.76265805054557
4.60019804541228
1.47091721974203
4.27445775029469
5.26170799706353
0.961905779500989
4.36817442640184
-6.86919338461169
-3.58346241741201
-1.12493384265872
-10.3132396317884
-4.60768187712528
-0.825630000005718
-0.584151260689625
-1.19365771577577
-12.7188048778692
-0.119366661661847
-0.611393218734969
-0.148038162272752
3.45816368614112
0.834242416934559
4.8091510973664
2.68073324786579
2.88327990029873
3.78180974254023
5.89978242134842
4.15321109789765
2.13389704588824
2.43572842024227
0.487215901198053
-0.576838716098078
2.14414272215376
-3.86091018299831
-1.25888011730687
-4.42523692900983
-9.36500647968879
-2.17704701342132
-8.14678799780402
-3.2432438680512
-4.04917252658174
2.35484226030861
-0.165956971733059
1.20276899574606
1.95508937082967
-1.47218173551177
3.76677334709407
-4.28506905078551
3.82425013977743
6.30798566431265
-2.26586432771706
-1.67863433077901
-3.84693175656867
-4.00944823436286
-6.96729352441512
-3.60515621648732
-3.4349034099831
-3.03040118741941
-2.15182878499421
1.62819473433374
5.82805243180235
0.136960402227788
2.79086850992455
3.17156126519543
8.41203058491356
5.90453170422644
6.34333589295816
3.55381211154679
-1.72165010798797
3.19338511387722
0.651778095113833
1.12667460744636
-3.35075597742593
-2.60032156549207
-8.2443153418751
-3.71675004603154
-4.77577794441809
-1.15615391522875
-5.33873101773768
-7.74172332384378
-9.92763453819538
-0.658193604911839
0.202316059268086
-0.0623044448694141
-3.44985400442663
-1.83588514049469
6.58392212960524
0.445279878848763
6.43723019785492
9.03877739488709
1.78597782692499
0.100164944715704
-5.31980164054695
0.343897313290718
-0.477634761666071
-6.66352234198311
-4.12784403549905
-1.30110113408166
-7.18815188814774
1.0350347824926
-0.785261074203093
0.118480468454866
1.91242564977606
2.58902332889696
2.14778010762112
8.20360688281984
-2.28128658629685
-0.743644547246679
-0.744648002774668
-3.59283391500485
-5.33842405945679
-3.64236906524037
-7.7472090324543
0.0210153520555387
-4.81790836752896
-9.09798081056093
-6.46457179641238
-6.38597134911381
0.351535639419763
-5.75973131473596
3.27503254229674
4.01764631428303
3.81547601440174
1.11194620324158
5.76002815172312
-0.32512460894754
4.27583220744461
9.47081031497459
6.51243626529026
4.78718840964372
7.18931994081606
5.9897362853023
0.839051142368234
-0.485356321047693
1.46776866572578
-7.14030895312029
0.0892002815402351
-3.88483430682121
-1.95887959883707
-2.43846583375886
-0.796012078823865
0.433261239436423
2.68098631117989
4.91630114129963
2.96030146528466
0.843346886199771
-2.353797560225
-0.829030824428623
0.918935429995575
-3.85111447910739
-0.737997001533757
1.23848611044003
-3.88314665997477
-1.19271471112413
-6.79702877042061
-3.95394244238874
-2.68416515994606
-4.20489449589309
0.167067484786472
-5.94362977060665
3.81739558629958
-0.158810622652232
4.25555312100022
7.68351644352242
6.28070241059888
3.93494102453745
3.42124703219094
8.6959852736126
3.92637029275988
2.05062741640156
0.543498800310778
1.17450581761478
-0.524299170503342
3.01321533957482
-3.60817403210337
-1.47004102350865
-1.04599990454151
-8.64917318311843
-5.75009820053416
-1.81178248274824
-3.29176597599508
-3.74786550927537
-0.636180284752097
-3.89790585429539
2.33653270994349
-0.418135532177324
-1.58556450161565
4.33163364054524
-2.65266181877009
1.65536441479407
-1.16932244767915
2.47925840540209
-3.82495769766202
-4.62979927816938
-5.56871489425538
-1.31642156869733
-3.69933924487132
-7.15785703510986
-3.46680972176461
1.21253822563717
4.28064157570654
2.72049789571578
7.2047592762311
0.821928882489312
10.3835993328375
5.97900509248487
7.4694735202526
2.69064157566465
5.88131528555856
4.5768578178363
3.15432814778937
-4.30677206177798
-10.9587107805832
-4.15856243248697
-10.1785549734809
-6.86072161127149
-8.96396223616271
-1.94391582480383
-1.39750816116988
-7.85177486411449
-1.10531953293202
-0.324485011775443
1.44448775091481
7.75336890807408
7.84427888242338
-1.25406115344154
1.31647483562525
2.92853853947799
4.05823506009312
3.98382067429301
4.46079016213084
-2.06763631219209
-5.67508409443339
-1.64850372841054
-5.62428817912157
-2.93050162126647
0.30646310535493
-5.42843741515673
2.05688540583134
2.89912308046353
5.25297610199834
0.565349111028873
4.0694915151778
0.69915666184123
3.14969942370103
5.94828049465062
1.40173066621759
0.996749306375577
0.538881748522625
-3.04430170208719
-2.66513129367617
-2.01410108780597
-4.69163767523823
-11.8199545224304
-8.10039953950821
-4.93643049128144
-9.42353897379907
-8.67139222951558
-0.0263714894182128
-3.21108962122469
-4.73948221664622
4.3030556800738
-1.12659562378463
-0.349628398821761
3.13278707198
3.30616581574418
4.92915434346325
6.50901992772413
1.68073890772853
3.65959320884695
5.17628706900887
5.3499356518282
-3.86104175860661
2.75809407246115
2.9045068940581
-2.8205059990561
-5.69700678186172
-1.98665962102253
-4.25035891051105
-0.496018206863815
0.0670848996942363
2.65466603854551
0.0289710213649312
3.54747920196889
0.49193608619778
0.0183351565545236
0.6457462862293
1.59702303889194
-1.51737941800154
-1.11787880448395
-1.91877542922258
-2.01264329677557
-3.10640452977571
0.236708143419394
-3.49112492094343
-6.95011339071121
-7.37199823950199
-4.69641756416336
-1.25104954289264
2.48077719121059
8.62732005519409
9.2779700389637
0.544774505867173
10.9195084359293
6.92370433615915
1.54046613686589
2.0663340824932
9.43198119779412
1.21283558536342
0.156166597084357
-0.760392789700621
0.0217007069272412
-5.30505888443258
-11.1462241210605
-9.09032851874119
-7.36820886901215
-1.44013673873268
0.307928284026949
2.57503553324979
4.59978331161862
2.23952196126374
-1.47506200117115
3.44477479029015
-2.21937369797022
1.59389649010258
2.02461080256355
-6.48632577858319
-5.38058056882711
-4.64998199140266
-4.82547198693087
2.5780313544219
9.0208663888114
1.80103267622928
7.93628121646541
6.68583773022147
4.15241761443756
4.54584494600279
1.04910801384354
4.26187029590387
-8.71542330403973
-11.6057369200786
-13.0349114046555
-14.7328222682757
-8.70608804578985
-6.09868197095955
-3.15730147581825
-0.0321264421384451
-2.4226408453041
1.58308921815299
6.71757903069122
3.12263846486362
8.77721068673375
11.1622490083717
8.40278923497801
-3.31461841037846
-3.2729268912711
-1.92946093218301
-3.31268868814098
-5.26890748062154
3.47888828692812
4.21638690759543
-1.12207238164281
-3.40125893317283
0.973018455968998
2.38993401499103
-2.59545788547889
7.32030360258528
2.62878248177785
2.40618283051268
-6.14088597947595
-11.7642048544656
-4.34678210541787
-7.10408124344269
0.820118078070303
0.589072150948487
0.0242917411148735
3.80508114256472
6.7935840768952
9.29751851356798
4.60409145751135
8.56791106811505
8.81802842895119
-1.68754975727016
-1.3515056777898
-4.83825556846001
-6.17523451298241
-7.32977917389267
-4.43607465905745
-5.59543708923095
-10.962547362575
-15.1448370518747
-3.48761845672445
2.78499422336286
5.74213047104903
6.85551201576979
4.5716887587368
1.84544255781804
2.50357357619551
-2.19572036286639
-0.976093471017431
-5.19888488291998
4.20428484257356
-7.13831539132569
-1.42383077925731
-7.45413087100831
5.03623610801797
-0.918466449888237
2.81813237946069
9.37238675081606
9.87233154382842
3.41581619529654
-4.58953403192955
-3.77145881517767
-5.78146067251284
-4.36287176686229
-3.01402359060489
-4.64100177407155
-7.43435455447194
-9.77048156667817
-11.1223132222924
2.81496432760332
1.44457491662042
5.41573150177283
14.6549257768826
10.5584216666143
8.52205106184153
8.66968066864952
9.57127324454598
10.1425647278183
3.43660551287212
1.47902612597866
-3.49338235568687
-8.64971957693624
-7.63788998113273
-6.23771442945532
-9.50108275998071
1.69433107772463
-3.03325223650651
-0.223608113962299
6.38020607848087
-2.0638521164788
-1.22701557347641
-1.16671423543545
3.41760022386316
-1.0421352594093
-6.58981252435114
-1.32247559701537
-4.23402997050381
1.99463070789576
-1.63723133852612
2.07337201032638
4.43691665029422
8.10875373269467
1.02588203424505
1.42356978566958
1.90420743519872
-0.505654786251928
4.79681465480446
-3.13972425773528
1.7176908768202
-9.3537956744987
-12.8218906558582
-16.4560634746227
-8.3683905544642
-2.39512313080902
-7.03361997977524
-3.65777036959678
6.05889899426186
6.01308329280843
7.65651686997837
14.1904742798829
12.8528882739942
13.166986636388
5.18070367727894
1.96481659265826
-1.93298935200984
1.27999706531868
-8.3566308319137
-0.856685974726282
-6.94048296056056
-2.60995887483344
-6.65617516185766
4.26608924275712
1.91414092432841
3.67719273927234
4.15210238297001
6.91019571523607
6.68407635182118
-1.30140218821447
-7.8038053400877
-3.94073971941225
-3.14377661425392
-8.44965895767826
-3.60271751896218
2.66416823997425
0.575714618667158
1.48384259929473
2.69338469684498
3.35515467348427
14.2486332072198
10.5900268252016
8.34391677370234
2.63548134820215
-4.21835716700698
-1.98615396141531
-4.30479233504758
-6.72416338384479
-10.6962470297357
-6.25610084487678
-9.26977113730818
-10.6000105702995
-5.8762298787324
3.04310535187375
8.70084230627608
3.82938864930126
3.55855550192414
5.30659897307485
4.12890228632575
0.892929796311736
3.09088066614487
8.87437431320082
-3.40175955816014
-4.10308233050436
-2.00693311944979
-0.807456077922102
0.0510897708320743
4.45494923356366
2.42108347299929
8.81971506420643
5.65127458929867
10.8437514653525
-3.67231505487754
-1.24833962187422
-3.09034246402808
-0.708080866032212
-1.63716934832108
-8.78058265046726
-11.5904462256899
-9.67918867040627
-6.27256441775289
0.301840709168209
4.85684943742642
8.09603018161687
7.66115898064912
8.73829889066141
2.14492603655532
6.73816937454879
11.8096024985792
5.20173649835803
4.09200836648053
-3.7854704377203
-11.6287011809452
-10.1758235368179
-5.33014765464033
-3.97060330203957
-3.58312105999465
0.832230106788012
0.733754551728725
-4.15126683613736
0.424571250671765
-0.495249050034412
2.22077018427838
2.84325425768873
4.12297865438261
-0.500058612828694
-5.58352054926472
-4.10351061626255
-3.75512864638513
-8.3576979888809
-2.47420244111517
8.65268524022425
1.57045625398688
4.50025110052512
7.05649917618098
3.21003438618212
6.9580926588749
7.18635340636112
-3.28688913052728
1.80565107613056
-11.7586038250683
-8.94433265237373
-14.5736036660628
-9.70500331944284
-4.11341854576263
-2.75630273491255
-3.68871324614761
-3.53221126052468
2.28517861370186
-1.36035691691679
11.9441701898952
9.91478597050961
13.8965134201429
10.6031412785484
4.7052846949909
0.97668676403444
-2.57873067864579
0.806041511325841
0.162616279840796
-6.31465094196167
-4.99627428775588
-8.11657829170978
-1.01009027763827
-4.17837458346286
7.91273670540891
6.13656780501357
3.05797853794365
1.55433527753083
-2.74357516390984
-6.2315300471286
-5.37985783770379
-1.05820355272168
-3.71739673676449
-2.12774363331985
-2.7450840922881
-6.36238691065991
1.00076937633842
-3.79775398474258
10.3772099158837
11.7433893450605
10.7759492045405
4.09492254416092
8.17789304392149
4.4678450566136
0.990446581663101
-4.70126344388897
-2.60940840576062
-1.39994505044238
-10.2165594706301
-10.8078445655752
-10.2201002432823
-4.95206295226318
0.66903618936284
2.02823585799232
7.59040499859348
9.85539902340006
2.91188663343459
-1.87437197990289
5.24238522841114
4.27109716549693
8.91392722329174
3.89116031291936
3.47238547546161
-8.01369014810599
-3.15301497393848
-4.27015217533673
-0.243806142128355
5.53288022400584
4.721003801411
7.21619249005045
3.04515595693392
3.62864694621943
0.258770877323748
3.18784226446564
-4.1093025327228
-4.64662078929496
-5.77955845221099
-13.2032191641488
-13.8132885927599
-9.34052970567836
-5.54261204028811
-1.80013802344123
2.82009893416796
3.91391143849004
4.593354889959
9.60024294058074
3.22211381423582
10.6010428842655
12.1306182596275
3.51300132857537
3.13548668457487
-4.97030743317693
-3.95089549839911
-9.51996887389607
-5.78181805914864
-7.89526725140341
-5.94823708927603
-1.02843618981915
-1.1974883263337
-1.00913960199835
-1.4145389103106
3.60650393481702
11.5917399747486
4.06399902138943
1.66573515264528
-2.34996546815659
-1.58176598641516
-2.84011130022665
-7.50251637435888
4.66767404728092
-3.21069822751545
-2.15272631215127
1.79006350179922
9.02164951294916
8.16728757111278
13.4544193674691
9.98229659855852
8.05848256880519
0.875194603537436
-3.0137308710917
-7.10926399129011
-9.85101200875094
-9.73051493312113
-5.02322855579237
-6.08860406354524
-8.93891973229264
-5.44474934247054
-2.64655071690687
0.0432041488693788
8.71589524834734
7.51999192741126
7.66332468626572
12.6061815572517
7.20903314098008
3.99256359092822
-1.77779860070582
3.85620645293171
3.46757925930277
0.7047057159393
-3.53976692694904
-3.85011692768396
-10.0296560621104
-3.35303656996299
-1.36805333198966
-2.08774965772646
7.1055524870566
8.11023352827225
-1.5117867864266
-3.72790558222135
-9.06235152473996
-0.983200354559866
2.74916494724125
-7.41902872982738
1.70168035137887
-2.47183720360755
-5.64724398137822
-0.208879690399792
6.26642342340023
10.2227761869808
7.18619282508844
6.4555039381598
9.85692624724929
6.5938593446986
5.1579350545403
5.10353103832347
3.73130731937379
-5.2976246403113
-6.26726525466066
-10.9281725560554
-10.406481836004
-8.93366225892714
-7.81771465501702
-1.65662805601389
1.45413371193715
-0.378826582279588
4.24843297407259
2.74260691948085
4.17041565803924
6.48390594328656
-1.56706207192399
1.1478341095196
-2.22976880232371
0.207083879079817
-6.58336652332915
-14.9355995723996
0.483369666417556
0.844054139986308
8.05302057666569
5.76983807093889
2.1403445764976
-2.42065525249401
-1.70258089180116
10.1612172219959
-4.83924752683974
-1.62084312141794
-7.14163775751495
-9.03581421900284
0.727342895130641
3.09840789024099
0.817147369059734
-0.488528450785903
1.81336343419976
3.96640476988065
1.70879618157966
3.39568323060927
1.85950500767003
5.98652484219779
0.565824048302626
6.56257104952817
3.11826444799886
5.16724760342389
1.6761184013254
3.83400448885442
-6.84020874943633
1.56337796164047
-3.12258309404495
-2.49477531111286
-2.87131909755229
-7.51664188091196
-4.80243010333955
-6.45836904294347
-10.26565601535
-7.53109240909284
-8.64816934771446
-1.02237375022814
-3.58031757396214
-2.48538698964209
-5.13846160208555
-1.35353480952165
-1.61333887572436
2.35117100460235
1.70369802344149
1.89507582492512
0.677142794446565
6.42640224583694
-0.0682027943105639
6.95072957811322
2.88091642664019
4.84371439162852
2.57746500671397
2.47089406698397
0.721415038271287
4.22872409900531
3.49652257200523
-1.48708931331646
-1.44392269191376
-1.17533791342356
4.82075625599005
-0.540238283028571
-3.55973943829545
3.97904714304873
-1.70933808518131
-5.62675670083003
-3.61879910747322
-0.559485370392508
2.01076305377847
-1.02478431338982
-1.19541857307766
0.0494386160870612
2.40084207578458
-0.970961758396159
5.31017990807154
6.88741852251573
2.53558638197657
0.753823106449732
3.16504469234838
4.15322970335553
9.24047901652716
1.30765589247858
1.82768374822426
6.41340846233878
-1.25392637118552
2.44222166775376
5.60701908635009
2.48277131994341
-2.4743064679472
-1.59599880393347
-3.09757823796211
-1.2916336394991
-0.840386156028768
-2.35328064916527
-2.79995303845864
-5.35020009367128
-6.96054503906719
-3.1771162440031
-2.47945744317862
-6.10685457145527
-8.65478581125836
-1.53820616740204
-3.81144431516245
0.376157308521107
5.62380637207051
2.20200214746613
4.72457098331211
4.63175530615247
5.7531380207928
7.16014032083947
7.4561957849769
10.620107783166
4.02050150276477
-0.119201767650191
5.93980392820489
0.943644902992723
3.3177381782765
2.54365195104679
2.22841535325414
-6.43151893999602
-6.23101754141597
-1.32795936539101
-4.07770227625586
-4.18112962575481
-8.94843955348392
-2.27331089259517
-6.86313823044295
-1.68544463063319
-1.21216621059421
-0.901812576180777
-0.399497248949133
-1.10217248386024
3.14280481878208
-0.0883043564527317
0.987228093566639
3.01736352267913
1.63839340443206
9.18168765489
1.58616982097322
4.58942750368277
5.41912904360748
8.29554128465318
1.90389089826374
1.78311152980078
-1.52846990905408
0.420371517554015
3.86769653279274
2.66722922427993
-1.08532115868035
-4.33119117851266
-5.04616771013334
-6.05600394945465
-4.26579793019319
-1.7006000034052
-3.97442856890825
-2.67164182606193
-5.73768465072721
-5.09245454316747
-2.57995560324546
-8.71908868522956
-2.78077557623362
-1.23203311386352
-2.6713025805986
1.9963115325724
4.07222944291599
4.83348399289669
2.29116906162953
5.20307360520178
0.517201161281124
3.2538675216111
4.16223476256313
3.56248947159126
-1.76244919550794
7.95946751053798
0.621748244442431
4.20066739089591
2.0191147598722
-2.71145858511435
-1.62267198339525
-2.87692886640845
-0.514956390212825
-0.417691514009992
-8.14036668612929
-3.56082655314124
-6.31689756202364
-3.62830767316605
2.71881718878499
-5.06956944395171
-5.76324948927918
-0.432809635743645
0.741072077306735
-3.03433646337344
-5.5181586670004
-4.79567720053085
-0.884972106882687
2.45026892148695
0.0902573000899078
2.09423541809052
4.72066435329049
5.88159652711322
0.348177352576758
-1.60736073024052
3.58168250073509
3.95065063842263
1.70089779821861
7.37644212624841
5.81734962305755
-2.61276472971145
-1.86388909079565
-3.63132355386086
-0.411952449592751
-7.31222068084817
-3.19320435289431
-7.65911963137483
-2.50170809859121
-7.69337724707648
-6.34470887077407
-5.55662222675163
-6.66053814565296
-3.50649167414072
-0.333488714509165
-3.94373541807202
-4.93091688755261
1.71308662290784
4.85379769634384
0.0594010730021557
3.02634520430522
2.51572571354793
3.71675243568055
1.296332892264
5.34183199408826
3.14057864883047
0.808445837935894
-1.56531455269792
2.58469145141253
2.13122322129171
0.297539645668489
-1.35534729944529
-0.0546061694624743
-0.3321804922545
-4.58253563706393
-4.5697726694278
-3.35626965856571
-0.611606843865766
-4.73706181318089
-3.78276028186028
-5.35146207798323
-5.21139258753714
2.49025210026132
-0.781049653380826
1.55381881403219
-2.75472844170932
4.67498377056827
0.505978524381396
7.84059566906852
4.23590143185061
2.80795488061186
9.05052957310111
2.45850342271364
5.99078641938864
2.61423404812977
1.44377608550953
2.49962101825475
10.1140685893623
-0.0790467629036105
1.57411734504744
3.40730119196548
-5.11142709112836
2.04928229271491
0.940496770372397
-4.97874308431809
-10.0286807547568
-0.403432508424376
-0.633491314452403
-3.94524880013305
-5.47297835836562
-7.28199296814921
1.8287638123547
-8.61009158498146
-6.49551927312165
-1.3810181088649
-3.045847431412
1.54800784578408
2.22080092405832
5.80850280457449
1.26968599479057
2.50971315884507
2.81586446065203
2.30020732261524
2.45536594498587
6.31833339965518
10.0692029039275
10.1188624158459
1.38074534250916
5.8572582454862
5.00133255624862
2.58957731836284
-0.495422812635567
-7.58310511609796
0.855950011542958
-6.9285501261917
-2.81720589049273
-10.566139099656
-6.34666192405516
-2.05459924706509
-2.92376829906372
-3.98897485208965
-2.10888132318357
-2.8541141638848
2.87597376007727
-3.26238694901351
-7.31230323549684
-1.41348707088738
-1.91483868130751
-1.91272240005397
7.27048830143135
-0.123159453348355
3.5240097469898
4.37333550810191
3.62823558728102
5.36828623081633
2.91365090213016
9.75858397576187
1.72606893067776
3.76920633656053
2.29556406938731
0.568661120404973
-1.2842840563585
3.56729677520715
0.906057871618577
-2.0791032087686
-3.38692866444904
-2.65951580578769
-6.38338190039488
-6.87630769660526
-2.67076732879948
-6.02872288352489
-2.62985764496382
