"x"
15.0334383392219
6.07355089026322
2.55177122937212
5.846652953367
6.73717117501993
-2.81625314148254
0.168029582380084
-4.88060411086272
-5.47625811073841
-5.9091954574752
-7.9962942383217
-10.9583558263461
3.26105311573796
1.42262795930388
2.31686358146186
4.94108569091433
2.10624309258301
1.78736233679262
-1.30515152021878
1.0339743786344
-0.760349657390616
-1.33282619680128
-1.40910429653983
-6.41736283571378
-7.22322250010382
-5.65727471297057
4.00585127294173
12.9861400651045
8.97889350960615
9.71965959785273
6.45826439146578
0.908844989186492
-0.458136653825142
8.61631816925919
-6.87297445605357
1.95344551943657
-9.23063264869577
-10.1788333378824
-12.1103332756551
-11.5241474810536
-4.63987439207248
-4.0255182346799
-1.15383119020661
-0.207557305258046
-0.984211498244712
3.04565283541849
5.37023091691348
6.55405110346232
8.6922351090383
4.08439456251153
6.82907620091399
-6.97542266178876
-5.20768433126242
-1.49715768334887
-2.37139761373197
0.277874282333739
-0.207424664409254
-1.00165782791592
-5.35905550665651
-4.41567405851542
2.59631650978438
-0.260132462388547
3.57881741430567
4.16486775881309
-0.287083894921318
-3.2310129252927
-5.54159880733751
-8.55418414737368
-4.38431114683761
-3.33530561015198
6.64917583341587
2.70500716349225
4.34179111902803
8.370783050933
9.60158670588314
9.13390781291533
14.2716845669244
7.64512526366955
3.95783045202067
-3.11617845549411
-3.26194782603543
-8.19332601897549
-5.44901898517498
-2.80965788990516
-7.7806643086134
-7.71116837574874
-5.95458886878128
-4.81932993715476
-0.487439057939646
4.62569104114227
9.76211266437328
7.83325607796562
6.40471778471222
1.65367535637197
5.59503677665971
0.470818903121512
0.197340731987704
3.33510259668987
-5.04440293194211
-6.99244943467931
0.442529121479651
-7.25659384421284
1.39216843452007
3.09632154229623
9.04516312859557
5.2972649627428
4.62174417349903
-1.42222717292535
-3.70947389996472
-5.76108835512553
-5.89566809901568
0.634736549530968
-5.9176376802132
-9.95584115998711
-10.5988430711205
-4.03287709171136
-2.1769815115001
-0.0620247470131678
12.8985541934294
10.1054793518912
15.1026074938685
10.2468522938988
6.49791030358565
2.20782112935885
2.35605521185741
2.37848252740355
0.720023371897445
-3.76776104733687
-10.7270244672992
-9.56543277895769
-12.7918731315019
-7.16031970384865
-2.11858644587195
-0.632528808434861
3.80730304351567
2.32179644959842
-0.117183743796356
-2.71010817502508
3.83000322044012
6.73007543581728
1.92945951342802
-0.990855666051882
-10.4589756649005
-4.40658419179865
-1.79424606329597
1.96176453112573
-1.79034208005969
4.62061670196698
1.71035419827794
2.86735137902977
8.71664038234195
-0.0361348637904166
7.41405027180246
7.07412675002844
7.19550746211503
-10.8164189576219
-12.7826099307509
-18.5368218327658
-14.466251505856
-12.6004142593141
-5.44960680371726
-3.81443964252659
-0.990905983021075
1.1088816670198
5.37237005000613
6.91049563316143
9.14151175608251
15.1466348218607
4.85557167871541
3.79769250847792
0.724484412975769
-4.73456663104072
-5.92626279105846
-3.71499668894577
5.57737402885446
1.18719853886901
-2.97173524831055
-4.25238759479637
0.877668582630336
0.586099218309373
2.15524119758181
4.83901351415176
4.82792869999596
0.106518513514391
-1.36829849069024
-5.72964485627262
-6.38244257045724
-10.2162965600773
-0.0128919128949283
-4.14053955648044
1.62534580490059
-5.07077750615978
-3.06610560665045
7.62557611621547
9.58582852963983
14.6205491055634
9.13240728545987
10.1889179852334
4.6048997236833
2.41992148097076
1.27782731146921
-4.1737853448701
-3.2634965289533
-3.25860718605982
-6.06338653446103
-5.29433621987138
-14.9281394911593
-8.95133468353362
-0.0107782390111928
10.5892922534517
9.32688312121682
10.6910862495991
5.82645766696216
-1.70504918861213
4.54930428638471
2.82038794579385
-5.4482186917256
-1.03698247555065
-1.11834710445862
-2.72871374613012
-5.23210492148446
-1.28373557355723
7.11725953972205
12.2357966891569
4.46014596583523
1.69200319399229
5.42928292330852
0.152185776067782
1.92332419681704
0.485177569026772
-1.01746210418197
-7.51013775626739
-9.46561714529822
-15.0150474977027
-7.60849920173865
-12.1576479993742
2.0125135777016
3.31118608441476
12.4570364179916
7.68788864779967
12.2974583289175
9.64875444778656
0.149629544814627
5.07346275097391
8.30664244433709
1.41155469664671
-7.28773336107121
-4.0770056903567
-12.0278613200548
-4.70294199372168
-9.28942863537265
-5.08618884862847
-0.788438827371271
0.291823134593305
3.20882045976816
1.94455221051586
-4.12328627876282
3.31204248042299
4.55830891740841
3.36915556727826
-0.709009613137255
-6.56454662630554
-2.36105894968511
-6.54900421267566
0.72691145233653
-1.51929902549161
3.2270742193558
4.11801465232423
2.91679059041677
5.41604274994614
6.18112638495036
8.22728198662658
9.99102369846345
7.77225863432163
-5.84055605510924
-1.40100281119929
-11.291197169822
-9.33836877797498
-13.1623905414855
-5.88176512226173
-0.0995683515981503
0.931466081739549
-4.04228522656854
-0.726742060298177
2.15882706425212
7.34480328854981
8.90690805113629
8.10893743008496
10.6561053649808
0.975540636677805
1.94741600342952
-5.43889684643291
-2.63046927893502
-4.50056449681481
-2.57184537855008
-5.57604442045822
-2.81722768558449
-3.22740276167843
2.44025842422977
-1.29772610247393
4.30057091800667
4.49691909769403
2.05160760201587
-3.51880001909758
-1.79051562486906
-8.02509313879916
-1.77825981644317
-0.419296706564232
-1.79115677953662
-5.75358712190567
3.62223424633123
-6.11600057779753
-2.40835963209424
6.21817582401332
11.4865997236806
12.1534234652618
5.85007254126867
2.84302273236752
5.47053804137882
1.831144049612
-6.86408814486889
-7.32148815097792
-6.28693697786201
-0.328776790455557
-6.07225602687074
-12.6717121245224
-5.4225090966433
-1.7867239598452
-2.52148319742152
6.92924666145881
5.53012267915486
6.2603240596947
5.87052026745707
3.38331659110881
7.90848895373818
1.49193348976419
-1.71098448860395
-3.47149262255804
-4.64658559712273
-1.87682436728666
-4.43829366314846
2.04744592469454
-12.2681725711892
-6.18208754252714
0.702117013413397
0.0508287093194373
3.22456575674111
-0.681725697558876
1.03421155104133
3.44896752666208
2.02490486471619
1.70894997246063
1.39024876514685
-1.86684509823812
-4.38477565923175
-11.5456520238155
-6.55371131963134
-2.73281129598523
2.55038498587279
3.12062756792876
2.53128473925413
1.5904824761064
3.3226667760084
-3.58980618716057
-1.91850991879426
-0.426955459816783
-1.02843847255661
-6.91556169081884
6.44899503451868
2.24779083774472
5.4951915460587
1.61344784960774
2.26653022078947
3.16742116752696
5.38174600643103
1.94591306795165
-6.14243609094096
-5.51505071282532
-1.95799790929025
-9.78559578061779
-2.75211142225521
-0.480602361302014
-0.27558577945326
7.50479060478759
7.90875128649526
7.29397834954929
-0.20614774609384
2.26188461043842
2.62402858310164
-0.248671049752598
-7.29604382964531
-5.21211158685911
-6.46317415304788
-4.17928723900197
-2.44544195950677
6.17731090423093
3.72038758897847
4.59908911570757
4.69041639555823
2.54948328462352
-1.13698850351826
-5.97784035873224
-1.83677502889943
-4.42993725028709
-2.96488271550719
-1.75639366324566
2.54882682227504
0.560338154213044
5.11857348169181
2.97223728236241
8.99059517173428
0.436521674434971
-0.164551998073582
0.645532874677518
-6.53731998439919
-4.72031068631976
-1.39339381939289
-0.141821060341158
1.98438661120474
5.69563251543778
7.1902062923005
4.76238119100733
8.58632222044752
10.1453417401539
3.85093121338629
-2.73138713513718
-4.02018141028894
-5.7974471879574
-3.83049730179023
3.81168714297227
-1.91604496604901
7.0209282053097
5.73871139732634
10.0732318171454
8.59420000604031
6.44542663279296
1.314893066138
-1.09102589110641
-9.23715811557804
-11.4531180468562
-0.837595236550539
-4.55479246574982
-0.301459565190082
5.59667451661493
8.72322965722537
5.8743051398127
2.29100244309085
-0.985848894532288
-3.9744758537378
-2.02000822631829
-1.9221814919527
-6.28180272218353
-1.42061929668256
-5.85711720079302
0.880933069836286
4.56503601479801
7.87178757146759
6.38222548685341
-5.13617897222246
5.14941783569577
-2.40245212797342
-1.33459853077202
-1.41078942348002
-4.4653716534815
-1.03452022662786
-5.51822054355563
-1.49218916182175
4.04942941847585
4.62610959782488
9.62630343997835
7.1347096856199
-3.16735120376699
0.08979995375783
-0.770921817495873
-5.97608275616341
-2.38100004639714
-3.4373476228039
-6.75323246055431
1.36766316459443
4.8293195572337
4.0548947080667
10.0412140634623
4.15347844147703
1.52071513316556
0.324630777241492
1.78139752179796
-4.04134563453958
-3.97969429737082
-3.16711854799554
-5.13448880474169
3.86717527789324
2.08184842332001
2.37231454364582
2.22698681820125
2.94941124697059
2.92452361597838
-1.274957027151
-7.66401990120344
-2.44122181387352
-6.50562295481279
-2.64063048824109
-2.33242851583184
-0.664432057188746
2.25089576776071
3.45819689121453
3.69379379726434
1.79723758605979
7.05563014401114
2.79357988687798
-2.89118657744535
-5.3230801149362
-12.7814849378833
-8.37507191336212
-8.36881109450048
0.900814854391633
-1.06627894782154
8.18350813788221
6.75558430468734
1.28192578420532
4.67508112199319
1.46687513425824
-5.2302283995034
-3.26920873925308
-4.95212329803057
-1.72355650911582
-0.670215440537896
7.22656691806507
2.87131656872343
3.93487552172809
5.04646272149125
3.80139993006419
1.03492065026262
-5.01720953476279
-5.24923723598647
-5.12962665647186
-5.80021122206899
-8.05096896319355
-3.6514486869761
1.34330577993047
5.33598483503176
1.96638309955473
7.12908183083423
-0.0560285665807037
8.15167445979352
-1.93780238356304
-1.95935311609503
-7.69636396557515
-2.76426773719825
-2.23840766353534
-1.88756210890018
-1.75082622108029
6.04099712135634
5.19506084387078
1.98213525074057
4.40258588033298
-4.49220892429213
-1.12101072289717
-3.72543633384235
-9.5819929167308
-6.33182844334651
-5.90937387923241
1.14027141120707
2.54492824860387
-1.06375654634195
2.74089311759494
5.14270615791146
1.02374380813265
6.05264731645562
-2.32685102282812
-4.18072233206982
-2.86821300956832
-3.64358422211606
-3.03634643378826
-1.71741552011011
-3.16804376552748
5.08877635631637
5.34308675190128
2.81468445060116
3.26169985993681
5.11126605475825
-0.118687725707311
-0.494635751732448
-10.3147570214197
-4.63603160420509
-3.96399656412558
3.23924825361724
1.57436810297304
-0.436400516891251
6.73319390079831
5.59355323313935
2.32430468162115
3.48067535964593
-0.789446717867249
-11.0887299731877
-1.63130566878278
-13.7241129074614
-2.90220078353336
4.06941626575797
4.25255841366663
-3.61547368981987
5.69222245155746
8.38365232692506
4.91756220309434
2.84590475927447
-2.1222912301203
-3.23397990956705
-1.49989163835853
-7.63149959191375
-1.38261328867907
-6.01892451816086
4.96284343039692
3.82316952490272
2.90205448534528
4.34122565113305
7.06162406494235
2.60231927675569
-0.116065448439203
-2.59935626435865
-0.512036264559955
-2.55147699632691
-2.66148184589742
1.13748164674604
1.68082152384613
4.74992050561554
7.40384472832549
8.32799600612931
4.1164505339854
-0.99524089139565
-3.37210791123017
-3.53573854907672
-8.68950772814254
-5.663092676559
-3.08283809232453
-4.63128099895441
0.999496922195214
-0.4689533058571
2.95406111120966
7.19098924638442
8.63009712546845
0.230210994084266
1.37616833063405
0.899729448736989
-3.9379441088523
-2.48042951621157
-6.87284147471406
3.51742823151689
5.55320550256688
-0.167729324462244
6.05912098590798
5.20351585799534
4.62263148072621
0.116745461878978
2.64110160862954
-6.45424567455727
-8.61027825207238
-4.77555224153681
-4.80656303213592
0.706399877514543
2.16247594460213
2.02623837434025
8.22207180072425
6.72018113559646
2.04425178696768
-0.0246963915794538
-0.151601858871659
-5.68165925845664
-2.86284880761281
-1.10647293642338
-5.323538498941
-3.75924987791249
-2.71519450361648
-0.625241641382327
9.97433569334368
2.1543404319322
2.37489372101892
2.90200021509959
0.292533138139166
-4.6093527898433
-7.32197468829023
-5.17418684215348
-3.83753765641558
-3.2451272717016
-6.20258957698637
3.53324586056168
3.41555531804048
6.72499727866665
1.77520058926782
1.06759648276141
-3.05629499882719
-6.29384836849864
-1.44625411899705
-3.89874388279321
-5.98656804483767
-7.01916912696592
2.16263018876334
-0.552102185702009
4.53521797261804
6.80464498700498
4.57073988157605
-1.51926631248068
-3.28768436820901
-8.80543849567286
-3.00864786721916
-5.80208248188219
-6.25000086736841
1.55500902654518
-4.66882653810811
8.58063542552564
-3.5190072953534
6.86018762065928
4.4129571677015
-2.36344118907287
-0.32757727267132
-6.10729974979183
-2.61897559216683
-3.49131834535716
-5.37635637468864
-4.28761645353991
4.12767575448901
7.28574693884117
4.05598602342449
3.16253366769207
5.35810913138077
-1.711931698036
-0.862340389959938
-1.22763078803408
-6.92649775071344
-5.22067858784092
-2.25822920064028
-2.90684467283279
2.46585241908674
-1.61890592066111
1.6449665504647
3.92503050893067
8.96491259285829
3.39963635666227
1.2761358860357
-3.4345616912463
-8.92265609718721
-2.36247696941293
-4.39692674465044
-5.65696982182779
3.72232582274199
9.46612994127976
5.94171465711313
-0.256766458279429
0.880653086588289
-2.67692734144307
5.23117813022643
-5.6062581118054
-5.45510361856681
-4.37130054265639
-3.95871366180904
-0.0306109114389996
-0.224944672756778
5.16429966142587
6.70850532786612
3.87726690679499
3.28110811329503
2.02673334471102
1.02640535492405
-2.55100782060019
-0.653277066528657
-4.50377375247024
-3.77609565109626
0.195760921281218
-3.69218435979696
3.30777362896702
4.66437726417224
1.50124493102072
0.465964494570212
1.92436688173543
-0.234109786152706
-2.26374811415099
-0.0694594080619959
1.20370087351323
-3.03416643082612
-0.474775840785016
2.39153304223483
2.0216579831232
-0.210491553541343
11.2501853342256
5.80559074658193
-1.18273926703408
1.74928077706698
-1.6593265628232
-4.71717638930798
-3.51189737407208
-2.60691454945411
2.06820963606719
2.39534074173859
-0.126293862467907
5.34055377443243
13.3408144255721
7.3781893308679
2.96759186779876
0.273930511354149
-3.69208881303802
-3.57238679451422
-3.48309612634203
-5.63842110891618
-6.27126230591996
-5.50136032488215
2.79296848742859
7.72006821503533
5.00643001401953
3.50620449892907
2.73841832695654
-2.29776315939271
-4.16460850283983
4.10459735330141
-1.20581794638042
-2.94739549596513
-8.65659882874767
-0.398245527536974
6.88297045231638
5.05411277412971
0.730667715239712
2.29557266696942
5.72271292147497
-3.17203479935492
-4.71588550313281
-0.743942965443384
-2.57891462390666
-5.49553825117586
-3.11699901749458
4.8942651893201
-4.33790682078884
2.12059308312883
10.9308538893843
6.04695550163072
3.36581372136624
-4.91039082472665
-7.58639887890856
-5.954607290735
-2.26088048173177
-3.590225989024
-0.520127031479057
-1.58395690828356
0.505691549576796
2.74872420203542
5.25421637610497
-3.45993547683229
7.62776839548751
-3.42786179190905
-4.03942577475248
-5.92942974031136
-1.45819461971342
-0.0912288326158723
-3.52120097863502
3.41074367608378
2.55243511739461
-0.491645869839309
3.94554818666702
3.95603838642756
7.34055430522461
2.86861970632863
-9.20087695958563
0.268202135636797
-7.89414849496309
-6.21228172030628
-1.3882257439166
-2.08669706711506
2.55981703397057
7.56823414460357
6.14737073673568
4.89561055438874
10.2851685389998
-0.100197594886595
-7.2721370878706
-0.29943425056523
-1.70034778767379
-4.59573912345568
-1.68424256224454
-0.459439567814972
5.47133388172946
3.15087956460047
1.68224765850575
3.14079551289964
2.38107881286564
-5.71096536552386
-2.73042763799938
-5.20912652377088
-4.47198132250709
-1.4950907986814
-3.73533451498562
-4.08791521206396
6.55822601464149
1.98678570059916
1.52876521005413
-1.05069067745281
2.73113697379627
0.769452301347575
-2.82509467396567
-6.03716284139949
-1.04575480760334
-0.269658730170995
-3.73664059994004
5.99771357617213
5.2753031294886
0.264199289130049
3.34769723221694
5.55363596321028
0.472105570974238
3.23352183206349
-7.95473216997955
-1.38927924336335
-4.61457556616763
0.17243559655103
-4.40866240222805
-4.28065986479011
0.701338231029414
4.29185624229403
1.50609320504545
-1.09951019187965
2.80235104635577
-1.17826419263185
-5.70979890005357
-2.16438991405161
-8.09496902646795
-3.74564674454652
-4.41492492441382
1.44288475812187
-1.39345040111061
1.82681716078628
9.4581084044206
2.10218113031352
-1.3399590166243
-5.43897894181742
-0.321573568762679
-1.67786877879388
-0.940186173770277
-3.84458631028766
-8.24886506981264
0.798540675352952
5.78714019750668
3.32759239463234
5.81353647804844
5.48187982625196
1.56025197407056
-6.84521912854408
-1.87635390962625
-7.48795631450355
-5.56903396452055
-4.14631886049531
-3.81032545826763
2.11134035557061
3.70093027978222
7.26668437867212
5.71771835405453
3.33580080285931
1.10823450921441
-6.57464702251952
-3.07649120341993
-1.9006622046502
-6.0519370037948
-5.04899865076763
-2.4805309015724
4.88238678651473
7.56977720902
14.3996162659346
4.74801735562029
0.110678918615268
-2.56990269846937
-1.21111597065065
-5.44318633233789
-4.39492917270205
-4.08371370735879
-3.72246248506172
-6.22136730719612
3.69268533432368
0.296824367450236
4.56482608024527
-2.3178398824154
1.94561728544476
1.58717438614308
-1.8851755749153
-0.951038121908694
-4.7503188278233
-5.69597650880602
-6.53767857054138
-1.08220780401594
1.90422684217416
5.94204141903436
6.40038508921107
5.95767959767175
4.0637485368085
3.61765199612308
-1.61314902009045
-8.45189183361643
-6.58385290627581
-6.04594810085885
-3.03322143139666
1.8119817826563
3.63779756260409
2.1935155611409
4.00695009436336
4.77012920348637
4.74050762028901
3.87695111054974
-5.06541821097362
-0.534360336187817
-4.9221136264302
-8.05355743946406
-7.04129477666284
1.57107376419852
0.290152424680433
6.49613977483843
3.94660868547291
6.84525528627766
4.75569888803974
2.22017156224294
-1.42899989228252
1.4318651871828
-3.63241770178039
-5.62069114366114
-7.45756183223272
-3.00357354674362
-0.567641678775812
2.20901205733369
6.45889386959298
4.25838210951433
4.0006662396359
4.91599413981815
-4.61088032241593
-6.24195260567645
-10.2507528939211
-4.52256389273057
-4.84899834850439
-0.296150010296053
-1.19383505011123
1.7629525552809
5.60725837204371
5.43224703001491
1.82591077026672
-0.941372619944158
2.08906777678184
1.13779322982294
-4.78364233676684
-4.55806501621897
-2.34496136698548
-1.79922652752775
2.2559226768523
2.82964947301145
8.01967852987071
2.52321984644941
0.533782676247259
3.82102384927746
-1.60230211378734
-3.53983548671658
-7.63853051119733
-4.30808020828049
-2.58634949547433
-3.42521052103601
4.07393749224336
0.346695811939374
3.91929922262517
0.66631828242494
7.13497560658432
1.57618537409959
0.193209924857158
-4.6976521440002
-0.0137559025696481
-1.26018976858204
-8.81145467740075
-4.45476239682682
1.10402628129331
3.81559136916648
0.594346138418315
-6.14320309802572
8.33669587756366
3.4712538690476
-0.501116381790882
-0.88926321892293
-3.28255298310117
-1.71151145294231
-3.58955734076078
-4.92792563478782
2.75257585406602
6.28337485307918
8.34884845079808
3.05764998586481
7.8294018795062
3.53553701798957
1.46286831869999
-6.1749536559664
1.71784668400697
-2.86595155846755
-2.1305722029566
-0.199785375921516
-1.68874111318738
3.15849037220748
2.74526956064041
3.15950118106125
5.9797490306742
-1.65227331666828
0.914183523915991
-3.64324309959162
-6.89425507033381
-7.28908222738544
-3.60183916709772
-6.95191995670865
0.282381763970545
2.87022100749222
1.80261980378626
-1.01871708855979
2.89539867413172
2.16929768343748
3.89910010601691
-7.02119591192396
-4.92979340760819
-7.13449669709062
-5.49045872843292
1.01113148511129
-3.72277137560019
7.12729357513605
9.14636639287581
0.899706594948561
1.89418767493146
3.27191813060752
0.92115504205857
-7.37893402690832
-8.09090792521237
-6.91573512863234
-2.78311936038142
-5.92588136760192
-0.0815301069902389
2.46841950916604
4.44898739134296
3.0288280414539
4.68389585557938
2.41894058182541
-0.432200058438507
-6.80263933873884
-5.58150074159157
-4.53824291017375
-5.48301505985846
-3.76799268427276
0.777329944941981
3.30528471580038
6.79732417028279
6.71827455618818
6.06365805814361
4.39873313028358
-1.34953482190843
-1.0306049630528
-4.88863286861775
-6.2150302112555
-4.11139842463506
-2.53075808544433
-0.938915255493367
2.38173063836918
7.2879703013517
2.4743090093129
0.124874420196382
2.72982012916915
-1.70433451241859
1.09645275304394
-2.71391737134867
-3.98488490958577
-3.74418534836197
0.744858761728108
3.10764256666401
2.7093370821144
4.62701588976144
3.07930035908864
6.7369915347411
0.41339640437388
-0.0406585428779286
-7.35459081182075
-7.24339811745065
-11.1787937455898
3.24920231634793
-1.97728404677968
2.84491525157738
3.37399165679449
4.06918704074966
3.97304059976989
6.17374075958738
-1.95277047075007
-2.94618844864735
-4.1300561388728
-4.61226208298992
-2.91446459405429
-1.25864643621585
-5.41689952793659
1.1479179317699
0.510519612210118
0.0957957049765179
-0.473684535886135
1.63249236800519
2.12177752157125
-7.54248660218153
-2.17725562624638
-5.23143066250009
-6.03715865530056
-2.48452976074766
-4.75851590135352
-0.892569760356151
8.32148967657571
7.96165892269645
0.773464802675997
5.30479693682604
2.78237438735661
1.06139302018269
0.428001098604244
1.24234956987001
-4.45408508201875
-3.42164839887241
-0.111363557752331
1.92122179618477
2.80128948272077
6.10081173101363
3.14024342890318
4.05202405000736
0.031557741777839
1.42616561255457
-3.79849429039341
-5.40703881300666
-6.35101822057584
-0.877254439775166
-1.88850668374489
-2.83487636427108
-1.26117970548208
-3.58932019016958
-0.0985399369011501
-7.7579675965715
-9.40305659800522
-0.518610103432001
-8.83291269965365
-2.52956517885461
-8.19802139727839
-2.71612491951616
-4.11176212535639
-8.38773689374551
-2.49368730162987
2.00222726414938
5.10182889421246
9.67376688551082
6.31085246107566
8.50380924817435
10.0802567051523
10.5730581541543
5.05825081081707
2.11148900456588
-1.75177067843157
-1.28207465444952
1.74200501102869
1.89595690470176
3.28972038541441
0.164337937515446
0.391508846064683
3.04988305968802
1.4773849590354
2.55759766971416
-3.60245956303668
-2.10524631136655
1.79942673298578
0.601170439400482
6.24380330770319
-1.34593135667391
2.4513385574754
1.73518732672238
1.25773339490012
1.00371911034117
-1.45050431896041
-12.8038665324322
-4.08916281067144
-4.11136665764335
-5.84815384058861
-2.3801522643932
-4.07011382326846
-4.60056038704727
-1.37047341576892
-4.74491674843737
-3.82261214334973
-1.93899793135217
7.4886507608047
1.79260120484895
6.1977320862695
12.1024560720299
10.1750993743181
6.58946330782672
4.4391033233502
5.69622778770337
4.72842022953338
-0.521592437584538
-1.67912918753172
1.28552325429093
-2.02690175529638
-3.19499513102317
-1.83263669237708
-3.69766917082447
-3.47935118805033
-2.22933863501632
-2.40533716844667
0.994980536553782
5.58054738677444
-4.55611143031994
2.70540898759959
6.43032247074287
-2.40051136664327
-2.0537039280332
-0.296480223754489
1.50576999447776
-7.26351008578622
-10.3190001697424
-1.44872677747605
-9.53757315727909
-7.92476427340635
-12.1870386246714
-8.78221843944938
1.68737675896652
-8.62236329547177
-6.28511253483333
-4.34510704984625
-1.65824089125441
2.54237199485541
3.42716209795274
4.20836258214252
7.73177253028817
15.9976375576083
7.93559437160495
5.52520745188869
6.00114579257583
3.81109110162837
1.7883146736297
0.045636138964892
-0.795346729945232
-3.84348878396389
-1.44752440290107
-2.14924558192252
-5.18660025939335
-3.34373454872624
-4.22670127236604
3.99364945179756
-0.190209089752932
-0.0354946059677916
5.26652326519087
-0.913297342341721
7.53491389754623
-0.480584165885012
4.27311712827038
0.31551999485847
0.472966657772282
-5.75657441476045
-3.39953334529708
0.976355079657339
-3.13476585658754
-3.60552709949444
-5.27602070838526
-6.82802936540732
-5.7258562170259
-4.30745667473778
-6.74543057655456
-5.37032341595261
0.547235324168145
6.89156866367969
4.89160431229197
7.48244144277795
6.80761589448062
7.5311148270088
-1.04326085862003
7.57322537077648
2.7350010774094
1.41869252659317
3.22000950087367
1.83328998368622
-4.99220097956997
2.35593779529541
1.60514224541572
2.16421402195046
-4.0784272971854
1.09292235138498
-2.53792150702396
-2.7115875680275
-1.05192159041603
1.67593785788935
1.20534584243759
0.404677603905818
1.75495044138157
5.72499962753962
7.7031687094983
4.87046392260661
-3.69614977755648
-5.85157583564832
-9.62273922965792
-10.239915986321
-3.18913472329126
-8.10988771447074
-0.0104175199989545
-5.00206394219728
-7.58208137470045
-9.71446819960394
-3.98090296634712
1.26841242978305
2.35600445614015
5.63327580363418
7.47692164998784
5.19138081654119
8.05698138438983
9.48581560358047
7.5338499168656
2.71396373818698
6.13327173686511
1.58335004132959
1.07311998427173
3.9109597809888
0.330536845170164
-3.6133158074803
0.216945234474726
-6.12142258634326
2.0203167936313
-1.04166973713452
-3.33178660863217
-1.67967941412644
-4.93396337046135
3.70575732247774
3.08437034391989
7.5871528580227
2.09153721908645
3.04433570016529
3.07246837206256
-4.69992670460162
-8.10380126255537
-4.78518082466101
-8.04119416154017
-6.31305287004399
-11.2914440555142
-2.14979999732411
-9.63231365242925
-6.52070704762238
-3.81116917347165
-9.0287623969895
-5.07617955985373
-2.61798336304264
0.332652097287372
7.00528906177417
2.84169448590983
8.30301817368307
2.88501708567987
3.45387236301604
6.73776792965244
8.15388677729776
5.77674921591036
-3.92730411825059
-2.69897511626229
0.335470380840509
4.17900349697953
5.07657392938151
1.04366109149743
-7.0357130754603
-7.01544650564652
-5.47752104276788
-1.72419202257501
-3.16793389492562
2.7081382535303
1.97930276480199
-0.802724430835569
1.35122028062886
7.00477150887099
7.91889112339527
-4.50463875832429
-0.602962651013149
1.16744409657298
-5.99529641285996
-5.51922302354452
-0.692135298713294
-6.95286423510639
-9.49570389626831
-10.3257292716994
-7.59547491872073
-4.26198830776446
-5.71552735504797
-7.08467003639752
-2.29659611385124
1.3568301469336
3.21943321610542
3.34258782511832
8.53300582582548
11.7299363563329
3.58158619617074
6.98282980388438
5.71096272773377
3.5458915494494
3.06072402203755
-0.488789998918091
0.756938570957757
-2.66316598374701
1.82526528834153
-2.73111021411203
0.173532172646026
-3.23667351808755
-5.13048828478945
-8.26248003945065
-5.80832055887716
2.50474339727178
4.43982696613649
2.98286989275421
-1.32616230999681
-0.360293879515755
2.75893479829169
-2.39521176382035
2.06557713776692
-3.45819088396554
-4.93206953296712
-9.5254180778953
-6.74558420310526
1.42546204813036
-8.22424682003049
-6.61453358013791
-1.47474497220217
-2.24390916148925
-9.13386086549535
1.42893196481882
-0.0104822584995521
0.278009763145474
0.563010801352724
2.31595550375487
5.7572443420844
8.46747811036436
7.13386796529823
4.5788137749133
7.63324484149748
1.79635331340959
-2.75258262713948
-2.48711968150803
1.16823737426087
-0.7417877072169
-1.82061954346012
6.74335685017219
-2.73117692897219
4.12112329549505
-7.73608718221431
-4.77355318388196
-4.40512613820892
-0.123399757679518
-1.81788749313816
2.45999847046268
3.27246098263557
6.3661342832854
1.8779443766189
-3.21643582456422
0.84631735062077
-4.68032120939495
-11.7932066178511
-1.34280143402932
-4.05312892796918
-1.26000891549664
-3.10961547065033
-7.54306581224081
-0.103288447282584
-5.64188289144895
-10.401838720161
-7.56228594830024
0.628563386763154
-2.58651791697861
-2.81682796246169
6.21156760246546
3.0789899132282
10.832903822134
10.6367387639417
5.3082840860687
10.0536889126901
0.949551356979676
3.10813933749634
-0.759624058725674
-0.881717623939094
-0.103264761681529
3.66334710110855
2.07683847913305
-2.88594914781723
-0.513035270495881
-1.10965762375875
-4.32476784019741
-2.84380513489028
-2.71358863724961
4.61009559145033
-2.49604633044618
6.78651445015582
6.71178993397689
4.69027397469081
2.90725223232003
1.10911925590106
-4.80487357729435
-6.0891479899094
-4.91679917725277
-3.46177382127117
-8.26781276408248
0.753060731989106
-5.02056355763831
-0.12972122493219
-3.73515555983211
-5.85285199795882
-7.48460429086586
-3.96996650345016
0.494979202916964
2.4086351884439
7.37518918654502
5.97048457986059
8.86103962234071
2.34779351457303
6.51338640379047
5.43475451461773
-1.62796277972189
4.91290606959989
-1.58029561615544
3.94591459146757
0.709889851227606
3.32646864839896
0.736407823412077
1.08332650332298
0.433519261672054
-0.417817786895371
-7.28999522478588
0.826358166023357
-5.99168492569391
1.17995224351061
3.36766677305173
2.65202867595245
3.4451272023879
2.88716744545753
1.03712236006939
-0.527957918955073
0.183091871277698
-6.68204956846956
-4.32822818487349
-11.4617813143883
-6.62269069764446
-7.63389903722526
-8.45172532551832
-2.75108957669338
-9.76660575232051
-6.37089027184398
-6.33039478810643
-3.07067235469817
2.7881620748256
-4.59123843738001
2.24872454825158
9.56844556445241
13.4607891904247
7.78722592252936
11.1316486697653
3.43514717633075
2.58015184605514
0.994890674374431
2.04858933070106
7.45242069573151
2.91390915020888
0.246269521280641
-1.17327660413797
-2.08754317014485
-2.43881596759592
-2.44706211785001
-0.160852578274896
1.37355619675315
-1.49781235230391
2.74331209417008
4.35736387108632
5.82169866487082
8.4782093235057
1.43397588378715
-1.03061154600129
-4.00214740847753
-5.00613729029523
-9.12100977907802
-8.58636980936124
-3.35553382258687
-9.21722209918905
-3.57332131515849
-8.58925906433525
-17.6395258336621
-7.5796337664248
-2.96493622497096
-10.3013415927165
-9.79555773620623
1.53119798522095
-2.8062204155033
5.96021400144689
8.12984649036802
7.53664321753227
3.72409358407915
0.954660969974473
5.25043510270373
2.82915720141741
-3.21022652964596
0.574358353214736
2.68195499985908
-3.68309105441597
1.72442927950365
-2.66900541752842
3.09257939892139
-1.43144492844812
-3.56833519959803
-1.70553081045993
-3.83445855082064
-2.00990125439437
3.90211123169641
2.36499314950448
-4.43078698903363
-0.740086291794473
4.08658981443324
2.91867016417144
2.26315220875786
-3.25370688499449
-9.01230947966892
-2.26032290008372
-8.14886799316386
-3.71669368917953
-2.78575499919865
2.5336316908965
2.22385772363593
-6.61257648937924
-1.90300873680618
-1.15296814134427
-2.36329144995442
0.461418561015794
7.72229633889673
6.34913393669769
9.3598970835526
7.21767550716539
13.6757787997949
11.1319914651659
6.2124571963303
6.31955519077826
6.95030641897923
3.60285328604916
0.848615997351041
3.15830971520104
0.255073026192716
-1.60538284737469
-3.05996240489292
2.54743083264035
-3.23977489566799
-2.74890724071023
-6.83231129423286
-3.7622704925121
-1.3881579779108
4.64925839826746
-0.790151515828709
4.62902273886574
1.46314064544625
3.6133107785751
-0.503179721705269
0.290002112781772
-6.67734001067157
-6.50105149463955
-8.60989081145506
-4.10184638444867
-2.63035450663695
-4.86348939163917
-3.12789105166103
-9.8742511809787
-4.21777189931188
-7.30877600375801
-2.30542352464741
3.56891878764157
-3.65601191106518
3.69379379699272
3.71739398566488
6.86232450945156
7.57708431161208
7.37688186450942
8.89123077535423
0.530873650099929
-0.0837320462564812
-2.38230839776863
-2.97215847950242
-7.12477672853033
1.54497724746781
3.79736378081416
-4.11120738193692
-5.61617934942162
-3.93213586371256
-3.08683156008746
-4.71633579242036
-3.29934247797843
2.1070728306137
2.69725560196501
-1.46354927743434
6.17815949056379
5.95038776945601
4.52338943967436
2.35678687534334
-2.39277546424692
-6.9558694625013
-9.84434010051378
-0.927772181513879
-4.83229603010401
-4.03611070297949
-5.52192613682593
-0.985590248123358
-3.48464798585216
-8.61129489154905
-7.86292470772775
-0.164248745881352
-5.99707659286483
4.76565776063554
3.46495578601066
11.4933185834081
7.66403160219066
7.71807642648478
7.85029873897457
12.8947338753356
3.90596913885194
2.96577679439549
-2.62207447512457
0.154415666038317
5.72483807081699
-3.38266236638469
5.46223056672661
-4.82644546624357
-0.82032428122168
-5.22000137310829
-9.53593349025383
-6.20690682496858
-5.95853328604036
-2.9705384209323
0.705694181224428
-0.693935372423553
3.38160281997785
6.70501525737953
2.90577537720687
-6.32507479344123
0.581711480900111
-1.20017663715622
-5.15843573300165
-4.30967234253357
-4.91908367139724
-1.31960921799808
-2.45752273706961
-5.48136744227755
-0.716471263152432
-9.26376715611327
-3.25039647957838
3.17138712604092
-6.51824327705016
3.99471615777579
1.09570371411987
6.68009028391144
7.56917689219134
7.94485604735412
6.90692137401516
9.5637046281244
2.93720961624994
5.84705140145654
4.97662291408489
0.454166950472663
6.07899097949634
0.215921684692208
2.06497896687083
0.900079496679299
-2.70939353477081
-1.59594658080675
-5.61219615505816
-0.665636354681943
0.587303761184751
-1.12197805918213
0.248337558116173
3.13570049376156
7.36183061143675
5.26093344943724
-1.30223518338536
-4.42980616018907
-5.31123634204862
-3.89268821456976
-6.50304159938236
-5.08032151551789
-4.99138564967504
-10.4970138522859
-7.63377111993982
-4.46009709666704
-6.19469945890378
-4.49718540926214
-2.03558947032715
-0.332866195917701
-3.44798567354939
3.89107858161291
3.28417613457516
10.7900839989088
4.26952848398801
5.25692637064209
9.89798862722403
6.99833345013638
9.48304777266969
7.24460694369831
-2.19619936177812
0.120718942108385
-3.20586827139158
2.63272817345294
0.799528172960326
-2.63811957975011
-1.08888183777619
-1.16499630371509
0.350450452567705
-0.211458401993649
0.430229439592979
4.88240850162134
0.494299193629939
1.88173504947377
4.84422134727867
1.11133804322528
1.70630631643537
-2.29697190495754
-4.34623738341887
-7.55352879816502
-2.39044416172225
-9.33226844254733
-6.3197686034655
-8.00647157705598
-5.34472822774931
-4.71604094697141
-9.17835539499786
-2.35108727313347
-2.10451403028359
-3.86677337168279
2.2458647399094
2.43837521090656
7.16223022648462
9.99953220952355
7.77155047697907
-1.79882728492356
5.55495420089503
2.79742630293143
2.12283474588435
2.09868562508448
1.95172104475012
4.85554279465727
2.45376176592081
1.10642350975786
-2.44529781295141
3.95615911181037
-2.37597397382539
-12.1951346227594
-5.59757638587561
-5.47499410079178
-3.90540583464335
1.17190490019005
1.73989605864487
4.80124870425978
6.54702679938506
4.06221264484351
-4.13316582059961
3.64542567372315
1.80600025141399
-3.94733151125663
-7.54203477195936
-7.1522382394723
-14.9848383967195
-9.16826209219617
-4.60636569893067
-8.04277409065453
-4.42667174933086
-6.9241098030267
-12.4577311435355
-0.12709265364718
1.1436180306241
6.52623051186825
5.95834090068815
7.71526704131809
12.9300596067047
10.5086330149364
0.742946731938189
11.9778597486868
4.62799848434253
1.68872590162348
-1.12696442351016
1.13782621815498
1.02404421879519
5.11782824887589
4.59084987365409
-0.13278483195389
0.47493712979312
0.999408455779039
-5.62977836730493
-0.765418564356067
-3.89791979401154
-2.82533176789449
2.62611044167003
-1.51816019846224
4.91703811542746
1.5155553013342
-3.4457366783517
1.87193390640297
-1.69903644501869
-9.44810575874864
-7.941245024148
-3.05949077161272
-10.1694123060961
0.378511557237999
-6.83652436162804
-7.67639129523869
-4.84901888122507
-10.7949819922545
-7.86698483498493
-1.00960877200275
1.86582836973888
3.82018736377125
8.42224131301982
6.84651568197255
11.534590072817
7.03651175576168
6.73585198439983
1.34951607493777
5.5103545654786
-1.27853301756602
1.6781911443377
3.59463673999364
-4.15998769618216
0.0588627784090376
-3.42962634798572
-1.46424834694448
-2.68224959838756
-4.49212430752057
-5.78718586154323
-2.3865270829514
2.56412871349136
3.50679733404155
-2.74409215391915
0.236552951429757
5.89321397372317
0.45846141260919
7.82396697578767
-0.226423193783787
-5.23456257668419
-9.50258372161985
-0.559049251391442
-3.41959891081749
-4.84372066432685
-2.07499441678646
-5.56779903002699
-0.98830541664061
-5.17625453426196
-3.24589890432003
-3.70169392582957
-2.67693555357792
0.938254078391907
-1.56212097737737
5.09531451874238
8.78264084904567
13.1540851215106
9.25064734843252
1.36964650294328
5.02424332132221
7.87814940922029
-3.36864794727341
0.837215885336191
-1.47958742984273
0.0356666374380026
-5.78779662773112
-1.4234898615635
-1.46864430902423
-0.487502560537561
-0.630361303535688
-5.50644299335384
-1.68069240122238
-4.10670599766625
-3.24509684999222
-5.53368278750466
-3.61502484693885
-4.50948969976701
-1.53653233751547
-2.20062285182875
3.63822177655687
-1.01401453440359
-4.4587086957134
-1.70127937606434
6.92469667124974
2.34303464520537
9.32861685787809
2.67357807868664
7.7120871699915
-1.76069430077969
2.68835273873694
1.47697266456805
4.51403067792424
6.79265423614371
2.80356645310629
1.12088882148119
0.361228015142908
-1.86782799606755
-3.47227243946893
-2.80414065683018
-3.50111245255644
1.25385966665303
1.69707362206113
-7.70360418125283
-6.33022916064292
-5.54255559555797
-1.12240114557674
-5.16670211304798
1.08802827961012
-2.56410980941838
-2.91050759062557
1.37002599723523
-7.34849444556939
1.92774427135822
-1.05567797856897
5.47190216281771
1.90531114750767
9.28981213432578
-1.02887291193519
0.642094735068875
4.39366085021812
3.60024459951002
-0.357679700769488
4.09811773763019
-0.813897408106786
3.65067123487972
1.43368693866054
-2.5433760517163
-0.338145901939753
0.786826074750905
-0.116411663180434
0.128768076946293
-3.34867765117504
-4.16484126213431
-3.71200378024241
0.371014588171592
-4.3371084950128
-3.08242218262141
5.98809105604266
-1.95131675340676
-2.70394780628108
0.269849599955867
3.67012034095531
2.59188595354516
6.45659841760375
6.19053532978947
2.17062030115798
6.16980912267489
5.8861174981994
6.11957077032159
8.18976800926249
0.128923645248605
1.56868190254808
-0.097979099642802
-7.87238947388968
0.422631936851547
1.47404007532048
0.939381273208368
1.24538728876262
-4.53559299396071
-5.63073677626879
-8.8372439486126
-6.36154148535132
0.898413687819391
-8.17593518982723
-3.18899000066119
-8.26895955476302
-0.0948953860012081
-0.724284463331264
1.58848662939201
0.313289556690249
3.45085209527641
-4.15913220488227
-2.23178720619563
3.44501020554031
2.05878860546444
1.97670031141495
4.82468066481964
6.00430912420918
0.151025525701617
-3.08813889477898
-0.249776604420607
3.94751027935522
3.17783863337521
-2.18238706682319
4.69104834385411
3.8609348398641
1.08508175987036
-0.594481976410675
-2.66949988324456
-8.61670136394829
-0.796823837841115
-5.99788911339071
-0.428107658106649
-3.63214662633739
-6.66146535024042
-1.52059412568975
-3.95623814726022
1.43097031577613
-6.1550442299393
-5.20134631032132
0.297456276934187
3.47973868718507
-0.707026070572658
5.69296238444114
2.90930121179318
2.90053429446284
8.76035252857449
9.32906931160451
5.17049625272256
3.13945500735115
7.75994948397015
2.70712409831429
6.15634076479432
5.44509678961615
0.00545856158263036
-3.05559124516028
-1.03182622016801
-0.767283772126388
-3.65102325632024
-3.21480807443195
-6.2229791901029
-2.2767507459626
-10.5607493974497
-9.92582981331265
-4.56371288675067
-3.90944001748885
-0.319916555972752
-3.99879129362122
-5.25921754506378
-0.411999265768346
-2.38258861881093
1.59466676488948
4.57543668019197
-1.60170555064768
-1.86440342969174
-1.1181083645522
7.01458341496401
5.87398858076831
2.3903016140177
9.70709286719229
5.30357543711834
3.58280469236085
0.552630283552425
3.47246717138031
-3.35108506551436
-1.39320543351363
4.08278552952406
-5.45395917441162
-3.09345942899275
-1.60827173957584
-6.38773139463943
-3.51286624811866
-1.00469726621471
-8.64949427589982
-2.6692008559374
-1.71354621968873
-4.72595591204163
-0.785541558730593
3.08110945838047
-2.34110978162604
-4.38859281601139
1.00077828185119
5.39451933130695
4.40432324088244
4.47639203295198
-0.772807433962418
2.64994522303875
1.750612028936
3.25737218222258
2.49108438590472
3.82796436255212
-3.22909804026559
2.7608297324682
1.3214531555098
3.32731685103628
-3.67110447508134
-1.52496433912844
0.437211632251892
-3.67003503163038
-2.84391604125
-4.93970190451275
-11.3777654434346
-2.33560443701772
-5.44851909915518
-1.00251752947312
-5.56611861121319
0.0193651378529647
0.334614695975257
-3.00859246607531
-0.292452795298203
4.44681196318231
4.38106686435664
-3.3269774863715
0.0945680113880947
7.1989150954955
1.17329359623434
-3.27200752005249
4.31277819259184
7.08064503809037
1.13443240820037
0.621427816251078
2.60627483319628
2.57038746613697
-0.585827775391675
0.993219147471545
3.77267552480003
-2.40921238935308
2.395336632749
1.26694793691235
-3.35764052180677
2.1479138695747
-2.33510488284212
0.179492423783811
-5.10684348281913
-0.927771254061945
-2.59646413771272
-3.0327504399979
2.15541382005897
-4.35650184703003
-0.636141907509395
-1.17438502641493
1.4975083190018
7.42281568525149
-4.88094046441528
-0.362365684421655
-0.0849433508090942
2.25148264502872
6.30273039594423
3.89087272275578
4.81325873038687
3.70754969796625
4.99800077530104
3.52077096046671
2.16658793419678
1.30475471183048
-4.77438072299275
3.05842945392097
-2.55513901885931
-3.90857306469144
-1.44892270380842
-5.09613690304156
-1.83309959961009
-1.71655114615882
-2.65511693171933
-7.26624551351516
-2.0645444831575
-4.00478344664645
-2.17846654200838
-2.93910297223804
-0.262907810482005
-0.856149467124569
-4.43152723580704
2.31823697824105
0.210745668348213
0.422543662396775
4.51715755377103
0.154596341548867
4.38024464345491
3.09230952101749
3.34701708445609
4.0251303339171
-3.34933965412157
-0.522270294177268
0.799770656413113
4.38403292815292
-4.67607293529703
-0.6423795059858
-3.60176570594067
-0.38718965925626
0.886233844158445
-1.24394961225508
-5.2103913068452
-3.89052525233776
-2.6179318886174
-2.79214582363677
-4.90889346696931
-5.90817265019227
-3.24349447823513
-3.60964961604772
-0.912591495743512
1.91147533482086
-3.12713594591709
1.01434185957445
7.48808391945047
-1.87019084371312
-3.56442960550335
7.90235772416657
6.4965551273601
-2.05502958554258
1.41629285257168
5.28128783256645
2.02459507285446
1.14838272387444
-2.37865453365913
-2.00994233521813
0.893480104870148
-3.0914669139688
-3.22975900654864
-5.90725352095586
-2.58892989724618
-9.62001424267302
-2.81602779761834
-1.67121093993604
-7.92467699717428
-0.882322960624742
-2.96258696700517
-2.34907609844839
-6.87207508757547
-2.56030746515647
5.75324965208605
0.856653765489288
1.94433837656343
3.47976724289191
3.46805476267523
10.88102612497
-2.36384651414688
8.89191956887219
6.07547238588483
8.20598128206266
8.19308148832994
-0.604026955815379
3.21000826201778
-2.79099917685285
1.82590697113473
-0.479550780823799
-0.443721465130732
-2.06459519385681
-6.40850572718504
-4.36544263325164
0.823339070817397
-2.66797700994235
-6.70426500803456
-3.27684396153789
-7.19046492288
-7.20247169284635
-6.32339638753655
-2.53592128697235
-9.15388967748102
-3.924284341172
0.204018270641572
3.06063491159126
4.32020480620124
0.188783529387434
1.13065208570715
7.79936719926564
0.278192706717844
4.9815121261524
4.13890189088853
4.22882930084702
3.65822332085512
7.4465507778901
2.0507675043591
-1.07254498937457
-4.02203419473705
2.91466451829583
5.60914673998675
-7.14109292449222
-6.31352512884494
-4.43367208151368
-5.25586868693845
-0.970774520649097
-5.62540179825132
-12.6336743371815
-4.39566047297515
-2.27107322187149
-0.189480502613082
-4.01629739961764
-1.5823006588794
-0.160616203512746
-7.13618033726861
3.15327345617828
6.2589957591651
-0.829072246604101
2.75071530072982
-2.26095585024558
2.91479341925179
3.3954857139744
3.58888121669706
0.889623898527845
0.828479981945451
-0.663954945275226
3.73885006618625
3.83442977109923
-0.18047869554051
2.58959954849786
0.273637168050291
-5.74802912194607
-1.11057963072008
-4.26482203303486
-3.59308679371347
-6.48928365876046
-5.67902720608315
-5.62042246398116
-6.23885190170106
-4.10001062342286
-3.81940558122343
-7.90338682322141
-2.47153805726394
-1.3345206665438
5.58971866063294
-0.228964804142886
2.29907087594053
6.49083435037372
2.15102843012828
9.38299218216828
2.91272006926126
2.36991866273415
3.72824910382867
7.66636788308317
3.48703265093687
-3.40956635264394
0.700948850270342
-2.96969010668942
2.79264593114023
8.62828015411065
-0.866267248448332
-3.62159135213121
-3.24627715937179
-3.02482683625425
-1.43486452686595
-5.59075357579536
-6.42513848597729
-4.56692523303396
-4.28386105694408
-3.67633930570269
-5.7760885190169
-2.5239466544262
-1.23993540126949
-4.02237184129428
-6.78976884316181
-4.58479192539252
2.61663952933571
2.5876057200475
6.00030512517325
0.395758856028735
3.50598843194788
2.63640742481081
5.69323648125141
11.633963701439
3.42577646201541
6.08453895897333
2.53156483337398
-2.84965437211643
-0.448542602772753
3.28892499222161
2.19915673791456
4.5873144898004
4.60234479750038
-3.3807441330951
-1.38500562811562
-1.49401482657625
-3.15547247195059
0.12267962145183
-7.97759415702903
-5.39203550366339
-2.31507831807958
-6.78545802496755
0.906279164008743
-6.10166114118491
-4.77958409856375
-0.623349558190679
-3.07075698623192
-5.93365505874297
0.625343028950793
2.36639961035927
4.28240053518915
-2.52803736666246
2.33980473280965
-1.76431350522275
5.87226528436377
3.5305195201106
4.05795696934603
1.75721679024027
1.06449992959449
1.18875050671857
-0.659653954156228
-2.74168926888053
-1.46890140632535
-4.02964299740999
-1.97520458189344
-1.96286537241869
1.91965748723062
-11.9813156557881
-5.31973629655631
-4.9349732835887
-2.46081970570663
-0.957288620699431
-4.09917124032056
2.92302077886999
0.608421415852015
-0.5108561448871
1.29288164992356
3.00875320398091
0.208790442197898
4.58827533344743
4.24123721804335
3.4523669956315
2.22634698400784
8.51124084088747
7.18114143034778
5.93184489893713
-1.69936059684844
4.468404713509
-1.02690966535132
1.82250408595755
5.12825809316826
-4.35047985573988
-4.06746935456391
0.15880386573527
-4.05513722308483
0.165222318164628
-2.08358719082911
0.303482390330077
-4.66709308018783
-2.00162189205902
-4.55058559072503
-4.72493348121919
-2.69408245443068
0.823199085247198
2.62734987979188
1.3861309191589
3.71400165773721
1.56849550106199
-0.247999961762538
6.05906654277899
-0.583583005414585
5.82128426378165
3.08676468967082
0.208673220354973
8.11351833028762
5.82379440381957
-2.32535171320921
1.67532484771433
2.07678774075159
1.05725474927184
3.25083510912399
-2.59833511811624
-6.27753557321073
2.82778664600005
2.5954529186334
-10.271626805794
-4.54440090346056
-4.91762157994908
-4.00890036427742
-4.410964710264
0.694750487201461
6.58515216993991
-6.02310763620364
-1.10902747144608
-3.70099756251073
3.04560428109102
7.07904014991349
2.29720678302843
5.69216535986856
4.27482230136047
5.1748744362959
9.88801218941653
0.714812726271382
3.51769522448752
4.5033362792782
-0.390184743105055
2.17778112595798
-6.28616478143327
1.39856118329084
3.98841090507078
1.40814994815553
0.56156810932882
-3.49238560156849
0.733950251821263
-3.20880958608814
0.235654714079011
-2.65537999819933
0.0580627785797709
-5.27400603379143
-4.16606384194919
-5.26364545155719
2.07445120603785
-1.60963867651983
-1.94199088988369
-1.73097742746745
-0.165029124378925
-2.70251608936143
-1.87859977496439
5.63746320746635
6.12114435773138
0.0356023446054836
-1.62602105875664
1.877974691983
10.2977347764516
8.13245862477523
-4.34043826434137
3.30363091234133
1.97867916228081
5.39993824280914
5.7454094800939
-0.781760659909757
-2.90876054447174
-1.2509090107314
0.921372573577647
-0.989427125320678
-0.846510299004251
6.32234960159751
10.2478012961433
7.16028323415462
13.364277926891
0.838052863340776
-0.027186561220807
-5.96241294907413
-8.21680145533078
-1.42945672479626
-8.31464487285755
-7.58320743367679
-1.41764354783447
-2.52351294472243
-0.011735068707913
-1.39259594014102
5.00384486309177
3.03198965938258
-0.109253361373687
3.51226827298071
-1.55987562100556
-6.84475008181802
-2.88970906572421
-3.67255484034619
-5.53318809077797
-1.25146060186267
0.932687377634684
5.92905988659612
1.77514796437987
9.19429094055361
5.25500340022268
14.3830157731249
13.9516083455158
9.45078301794628
-0.0378177109474906
-6.1804785567627
-3.47435329071186
-3.83076560224566
-12.455851781748
-3.34475619522456
-9.70769436762827
-12.34347045978
-8.23951128026548
-3.95504609229478
1.45496324351676
7.3785821651154
10.0297572054783
8.4041234580749
1.18300670299817
11.4415235100734
0.531684369009477
3.96904236043295
1.96470141978531
1.95251884342125
-4.94423506330593
-1.52031679259824
-3.40647791160784
-1.97319870882363
8.39752754809922
3.9215701175294
6.02170905462866
10.7805778703628
-1.67360459462756
5.66844467476689
-0.0386744601814606
-5.02466076240117
-2.12513343526863
-5.79921211932064
-7.63714939876607
-6.79417192806963
-15.3925244812877
-10.584883104096
-1.78034290610634
4.43037201901101
6.3003868964124
5.39794801634709
7.45062728866281
8.6050924447744
5.24520312866046
9.63711538578296
-6.86500250509228
6.25752374284882
-3.52751635466612
-6.2507892316863
-11.5482424260392
-9.79399916365971
-6.43393837888385
-0.252065732958417
-4.84279761031487
0.782445240154835
-1.03452112819959
-0.44160389996904
2.10043662486684
6.20930253248402
6.32688355727086
10.0403049812152
0.964557340512275
-5.29343735052327
-9.86537811328954
-3.8149842227612
0.382212765736259
1.25435683364741
-1.0246057484594
5.45934872626556
7.13465769071004
6.63148143751208
10.3082282913138
4.27181073045893
4.16784692514029
4.06328254636525
-1.98087284249503
-6.00952287015173
-12.8933403949529
-12.7355806832635
-12.1406139692198
-10.1650376021377
-2.80609083400855
-4.04134182605973
-2.94814138090151
-1.64850462852022
2.74221156138137
8.97084658185519
11.7714184854826
8.61278646124667
6.38883965584595
0.261648574220244
0.161670460009508
-9.77672975523265
-5.96975767803596
2.05715120767146
3.2593489898991
2.670624363325
-3.79232879298136
-4.78303841358306
-3.22149761004121
-1.38931307589417
9.52093268865775
7.20118541424247
3.20768354236863
0.388322422504067
-7.3058255056564
-4.87088059093128
-1.02422187080157
-10.6006438537432
-0.5477745854758
-2.15694939161768
-5.11847687462579
3.56679494499196
5.07927831905497
6.95722822008715
8.43526823786096
10.5481917697287
4.92341974674053
6.15927528690306
1.73579192061742
-3.44817371493251
-2.43997963626009
-5.24151749542848
-8.53523598287618
-9.29798546341862
-5.78627061461776
-9.86286599579406
-9.84683950597932
0.74906275817127
7.14616342217798
2.00496229003844
10.8857882988784
-0.72512256004776
1.27938263793998
6.90712490771121
1.21647897829773
0.0342477323992605
-0.902917388551181
0.0303663684619853
-2.21468373881683
-1.20889654126967
-0.0500040211104844
-2.01536363494747
3.34995971061071
8.3600211529646
4.68062570973871
0.78771728655061
5.68769025546323
3.76205059283426
-1.18277376058362
-5.38575467267697
-5.00535026808415
-7.15987482038895
-6.47663681898235
-11.8996901886074
-7.51327698102981
0.0479342918409666
-1.39818437001599
9.00922502876193
4.9649482986849
11.3268694807344
12.9569695607764
8.37953474250874
3.92380720146163
8.24292520850955
0.513330572565984
-2.44831941445114
-13.1779447730766
-8.12800102809673
-13.8202594683343
-5.62283739463354
-2.96339264307269
-3.54572213083911
-0.609715906494786
-0.998477122085715
1.0615378591722
-1.99951709602348
-3.74450421039471
5.47806908970109
3.38055305803907
-2.2752916025757
2.50572071727931
-10.0844709622223
-6.69126232731462
-0.887195732660427
0.960161743202272
2.48992024050719
6.80940431383369
2.29823210341372
-1.16481770611887
8.18739465581045
9.58212029592188
4.2846957855935
4.47633456750164
1.32743333517927
-4.24529431244288
-4.8653217653141
-8.09575932850125
-7.58957502087487
-9.91970297978864
-8.80027056380404
-7.24226138068007
-6.54559211489659
-4.56724013778056
1.81145307804952
6.44666779916149
11.3521007543478
6.38938875424373
-0.764474665381602
0.615419565875197
-1.18797992279648
-6.18813272814355
-3.95141361546136
-3.90968013717391
-3.88181927876704
-4.80929810582097
-3.68160260503782
-10.1935723264838
-0.37058494346748
-0.9051884767804
5.65126505800394
4.30808015908864
5.68770465808316
1.45458135230737
-7.90423733811237
-10.0453166620123
-6.91517882971556
-5.30850094004862
-3.7676234595999
-5.95763593119383
-10.3407220722969
1.37294794644697
5.78603683994307
3.92091517444639
1.11344280421228
11.8290286396727
15.8290097348314
5.81123264224661
5.5121419780931
2.36540301602159
-0.195459933353117
3.76534014631768
-2.62394725578111
-7.39288469675138
-7.60327940612236
-7.64243708574457
-2.50772871036349
-9.07584166281267
-4.47645597999018
1.8417843389954
0.677294511373815
2.68796081081838
4.66326495067047
1.70389347480715
3.54739206721907
1.755623271815
4.24080801337833
-0.436886531415181
-5.23264917291918
-5.79012401430011
-2.85541105995032
-2.92270722457963
-0.589291822631894
3.56037875506611
3.72082499390353
3.68588258129892
-3.43773290480497
4.10012245998965
-0.319004111080428
1.62432817495684
-0.744322614147422
-3.67519509812418
-11.2078371159583
-12.7806458004953
-11.1422571628944
-4.6728920059636
3.57297891218163
9.10047942681642
1.12940085133214
4.43487905798533
1.89496017663105
9.55710408191713
11.26960190035
8.52109737588565
4.45088855934606
1.35419766833576
-1.10202956343516
-9.15556768561576
-7.99680790464984
-9.35115712254247
-3.59022203949391
-2.94324825867941
-7.13790075422157
-3.77016881163053
-10.8139491004577
2.89698326819013
6.70623454663763
9.46040211046295
1.88076666502745
-0.240796669245141
-1.28976552572356
-4.61956932532063
-2.80593756637216
-3.79574025524984
-1.80886507128659
0.28801408548126
-2.50608510214149
-1.31236431681944
6.08981538134096
1.56718431774172
7.98497285047334
4.6666199578623
12.5246832816295
7.12987201986701
-0.228595138802491
-3.72906489348926
-3.54486052322624
-6.38658718877862
-5.00929763444234
-9.6939819528456
-10.2736236845567
-9.72884115436823
-2.029016691755
-3.65401424596577
4.82791422124259
10.3322964898729
7.52025641569982
5.76016072201972
6.1675983590242
3.0547299288328
0.949733462566175
-3.35648319234724
0.156986522413037
-2.38106076654484
-4.48956337915986
-2.45143556639288
-5.06828576394178
-4.36353806021574
3.93109155288946
2.03120439039342
3.77152882998336
1.95746678985187
3.60257630724411
-0.842922994581504
-4.32437947793687
-1.93418137958532
-3.46285674382755
-6.88570638906286
-7.68057460527821
-3.81596000220183
-1.42544614050344
-1.26901388942302
5.32677589975909
8.41252169107137
14.2424375869153
11.0389131913288
8.74522775215363
9.13270215485192
11.785621644799
6.24638541337145
3.35641662914116
4.20211922854768
-3.42266634364591
-12.3357753340639
-15.057308339018
-9.60436165952516
-8.98512796580375
-6.09420051892106
0.0679780418710437
-1.60621142536536
-3.29744777488722
4.04010936406369
7.02803559562599
7.93505972326843
4.24703785235606
6.34339541214739
-3.56728154666733
-3.87675692162196
-2.61628012464646
-4.51638584428763
3.73159067633203
-1.60505494478743
1.5343028185896
4.04858754301797
4.24406513515165
3.14115479608098
5.41344145693478
3.05511304728631
5.27482267283719
4.16519870708438
-5.08203597930215
-6.31786986967698
-8.56539256654949
-12.9471768046308
-2.48875473072412
-5.35468008885612
-0.526830049426827
2.70128894073651
4.21539122680596
6.48846073475298
8.5824777928306
9.26175434472887
12.2619916724406
16.9355700863711
3.37553312638154
2.49405546174057
4.8635767000572
-7.74454115772263
-6.63246338664943
-7.65515551593349
-10.714296890512
-6.88147781456688
-6.84179376299909
-6.24193606049195
-2.53238041981007
-4.4063055424417
6.84567736426224
9.80374422330943
3.45423877433096
-0.0487828619657942
0.962481805648121
-3.18882052078251
-3.25733370603366
0.567344621139073
-2.49911773007255
-7.57755727611084
-4.58513505555092
-5.42994214922365
-4.1351406333851
6.88432849618831
10.6630703800096
10.8563529895321
7.73346699856019
4.95374686396644
0.318661847012033
-4.92764371013163
-5.35352148569952
-3.64695807758556
-2.3976613193908
-7.46367283131516
-6.62993574901545
-7.19693154722603
-8.65500612736715
0.0841831928254828
4.17734113308259
7.72219448371232
10.1241948045608
7.823699466702
10.3937245570087
5.24282090216626
6.37578697631073
7.39085175076252
-1.95511850940682
-0.392272900249804
-9.70557385177619
-6.15542639219682
-3.99202529809075
-2.67482391503552
-0.552894878854968
3.12880912464911
3.31307635451188
0.367265225991845
-2.28468679918346
-3.32961714131576
-0.502244146735833
-2.8685409374132
-3.91225146981861
-2.11069303291295
-12.0900906746072
-9.05792976063632
-10.7933950752615
-1.90086041952322
7.96308927234993
7.78809060096243
10.7700725466621
4.71060017187544
6.5156910287578
8.93633831097862
5.64906379008642
4.55535629954603
0.5474572716283
-1.47607047513419
-10.197096735694
-11.7223682066873
-5.43516912735733
-4.8460046383437
-9.86163493904963
1.46480509014873
-0.644113504964616
2.37558798557332
5.00330667144435
0.743957729286702
5.80494855448071
9.52930319931388
8.51218857422573
3.99455016251397
2.0884964999858
0.633935798623467
-2.89375836086552
-0.347372162432666
-4.24731055172008
3.81856168072105
-0.20555973350882
-2.1232480128069
-2.86900813964958
3.95299636530371
1.91253396929096
7.31716325602205
6.86560595134365
2.88789836805456
-5.15994745254848
-5.54413300684793
-8.7572410546461
-3.60983400242843
-11.6817740846351
-5.61428718697555
-6.50283006481025
-2.36435731372418
-0.0206387646039395
5.53618523164392
13.1527356852387
7.5067964270862
8.89234469914323
10.4730017445818
3.02741931725471
-3.72216772198955
-1.80496271116449
-2.10514425456202
0.647363827664424
-6.65371474738853
-8.08121559853576
-8.01982139493258
-7.43077116299825
-1.82597257559788
-4.40003073654114
3.90167845061942
7.80030572434871
-1.19357131809132
9.01037761252773
-7.36568171308869
-1.65995887820023
-5.89919189296238
-2.58301600741912
1.16174262505788
-2.21502991660277
-3.24865590328455
-0.367970164955246
-3.37733081142707
4.17956067937658
3.48885171290265
11.6281661612298
9.1041668113188
2.73022403059066
5.14628435395786
-1.73287997088639
-5.72793860259589
-6.83924204109388
-7.67943900333574
-11.6080321821969
-15.0285196529147
-10.6028225349352
-6.64314595227923
-7.82722789245185
3.12975428177392
2.93952186955569
5.27312325288009
2.15198633140919
3.81132188896783
9.1556480146203
6.3693263593744
6.2033415489605
4.67583085357776
2.53010307246124
-3.32915361750095
-9.40206804121883
-7.35942210170358
-3.45958238809329
2.99105003676832
-5.37852492673059
3.01023800113618
1.4958159838206
-3.18180096330767
3.22519196841789
-6.88763795452813
0.581362365747399
5.51709855116508
-5.89224721649881
-8.69002948728233
-13.6569691321893
-7.4382346614793
-3.75428863178913
-1.44295336911248
0.366750067482224
4.77543196366307
5.80965945625065
2.24100891595702
11.741168600436
5.34560832782355
10.0449031700988
6.72466477989816
-0.4455949038751
-0.951234055537944
-13.905752478762
-9.32933702549414
-5.47132514720221
-8.52942523131212
-1.60145380279451
-9.99537035835566
-5.92255903277716
-3.52131325317455
1.0195144052092
4.24542657323268
9.61429306759962
7.27586722014686
2.77754824700754
-0.582464112069043
-2.08864624554724
-10.2482655378097
-5.53931410188649
-2.72347639241882
-0.125243146365921
1.9995976160207
-0.787048257301831
0.34807037020991
-6.92975841704256
8.51327706510727
6.71744584103764
6.33986428700627
4.04323367576321
0.583132427513255
-6.80386946637278
-5.18120643925677
-3.43531360837253
-10.6251347683757
-4.5748568158659
-8.08414024381607
-11.0762109727371
-7.09509955415474
0.85941089533558
2.67764741663396
9.16254978866462
9.85527603230009
9.43489670982932
7.55738929844547
2.69338472609388
3.27786790458557
3.34418284013998
0.458944922670315
0.145559211441461
-1.46431400323644
-10.8959487881312
-10.4525965136265
-6.71551168215441
-1.19442750868772
3.78608063651521
4.59699234969524
4.93020146297188
-0.467167372155757
-2.50742446807122
3.91055700729797
1.04374728289168
-0.0563719458673348
-5.21263966209268
1.02623642629302
-5.0665039089517
-4.41372581679908
0.339734405637508
1.07233399741639
4.43823523491555
5.4292052371851
5.49679372538825
6.24761023989142
0.0131698172717574
4.70599766108151
-1.22252155499094
7.52964466520245
-4.58027444825352
-2.89353962995464
-10.0581843439498
-15.5438345105058
-6.10908773773184
-2.06134733544363
-5.12487399326096
0.853267730527212
3.03827990544387
-0.649832745029869
5.46853815635493
3.99388185015837
5.15078045875151
10.2750668452427
9.80534576885864
5.58391861416204
-0.305365403408581
-6.71069620726473
-9.50116655899649
-4.7883797570092
-3.69739229177374
-1.98084516149242
-1.44239383123468
-8.03084197899947
-1.24547501982642
1.69227423578827
-2.03171370295161
6.0136482819247
3.05859631097423
2.10299005667939
-9.3675193554708
-7.44028499475389
-7.17752293735226
-3.71440314314417
0.525018204819508
-2.64306576917836
5.90823846064069
-0.777830397857813
4.01248414220947
1.28155675312957
9.56592490770648
12.5166636506696
8.30585251160407
2.37642994902919
4.62034520027637
-0.773868763415904
-11.3352722902121
-6.67005711117038
-8.7429286842843
-6.52421862950323
-4.95815444550874
-7.01535515981715
-2.01603240980548
-3.95623062104557
3.599987864716
6.74355416611108
6.33211402433657
15.1420526759918
1.62249938865932
2.05081775321376
-0.267178877396139
-0.591999126018871
3.16139737085949
-3.51291160367333
-0.264186110757311
-5.32441001524474
-2.14880463083034
-9.32901476684739
5.4501751988287
10.3061357372377
9.5166690200778
7.58965546561476
-1.63196317700304
2.66250304557658
-3.01789751592647
-5.04165997484175
-9.05290055806504
-7.69618216347828
-4.98406799651817
-9.56331676448265
-10.0661564449265
0.682586833932219
7.32185013924766
6.27086697755438
8.80215637465007
7.95928766803349
10.3204357869918
5.49288006225396
7.3683021988075
6.60424983119645
2.5856765221658
-0.541176050574849
-3.93822636941093
-8.38127331709533
-10.5014165816748
-10.5045962631517
-10.4839341066829
0.896654216375849
3.59322837175704
-0.962980676685476
-2.06845510021253
1.12948214577808
3.00538201484713
1.38701894268434
-1.63275305231662
0.252758034907715
-2.49330513696302
-2.69515530211863
-2.32787664060392
-2.20474919485765
-2.71999316821952
1.75800940572538
9.55582593569096
10.4994795892088
3.9588939225349
7.4005844050581
0.575557263446845
2.53405266989524
5.85429052384303
4.53380763627639
-7.31881211068053
-11.9517246625904
-15.5505062326101
-8.77192078729646
-8.09853545369492
-2.53678858196909
-5.69154856129439
3.39912275118817
4.55923228854544
3.44389315502427
9.70155499882637
6.92031290950731
15.5053039513152
7.78825051195795
11.047586216443
-1.21423454088825
2.04916781673101
-7.93115378109107
-0.304229778354082
-9.87220359126002
-7.11216605922581
-7.55511940833592
2.88982763402974
1.44016894933294
-1.70735264927872
7.07164035760312
5.34478325523208
0.951785755275288
1.43995842682891
-1.23639493903333
-4.78731188637751
0.701820555802474
-3.67474278647697
-4.73002807137977
-0.518542557742921
3.78916334385968
-0.849958127610905
2.9414807338207
1.44079103393135
3.25466258777278
2.69821492516392
0.760762389015155
-3.07689312861451
0.66566751681863
-4.48084108668157
1.98476309226636
-2.60024695660322
4.04379385651185
3.29190648995518
11.5893262874318
2.34982343470964
6.13427301896799
-0.624947548041506
1.45828741971937
-0.338684669479073
-5.42438830599432
-10.4451238699245
1.13974308200372
-1.33433787665393
5.91974912727901
4.89617065794758
10.727777599314
1.92348872605812
2.75607096325083
-0.778804811330535
-4.68519406421937
-2.07367657802369
-8.30663716270816
-3.36641827879735
-4.68916717224182
-2.21627487570503
1.80337110565855
0.223690578350922
1.83563474770479
3.1128293241908
-1.10296025663281
-2.14583262700819
-0.937110591276237
-6.62399705909384
-3.02298678632946
-5.19490371093085
-5.36264773161658
-3.34683577093068
2.44349680098019
-1.12648308464925
-4.10616621276042
7.88645892623354
5.55165674881784
0.673031869046977
-1.81239761699044
-0.0322255168698855
-4.19244656829739
-8.75101243848632
-10.616987009415
-3.48206974809215
3.71061846846219
1.10775073714603
-0.536598269418496
1.16650410984383
5.00785897310862
6.45152366781602
3.49977893681405
-2.16459822557253
0.236148381663548
-5.86924734808911
-7.84088381544068
-4.77074705760897
-1.8267285517545
4.21107583419705
9.68807914924597
6.82796716894334
4.43021016468909
-0.306711186991913
2.42687878701431
-0.571903216122164
-1.21323669569596
-5.5619696831838
-2.75107502174216
1.02149019396025
-4.56155695731038
4.18093400575532
5.7927601256526
4.13214176826515
3.30482409206702
2.12590534343278
2.66748173462597
-1.68398910396117
-7.31450150867704
-5.13555615451198
-0.728902283572932
3.04625957436118
1.43643035514232
-2.01943810200484
7.54523624788819
5.22891581348897
4.48976151898869
4.22293606511529
3.88651306458002
-5.45508026014622
-4.80579299326954
-3.26592829355162
-3.33344513979877
-4.85417017653727
5.04460279473053
3.81955877734987
9.13762263118768
4.50091858840593
4.18146222373209
3.62105627293184
-3.82491804933615
-4.50170618231992
-8.31246198565093
-6.56456366162488
-5.10051592915934
0.785156039228651
5.4931873026438
3.37300108839565
2.88295739577502
0.625055699065587
6.39560306947423
1.20639816218945
-1.18559159214458
-2.90431842168549
-5.39771472692947
-6.06657442854225
-1.43126075536633
-4.1133854873723
-1.74346488321669
6.94743364519069
7.65259481280527
2.92374977484623
10.5342308637112
3.97280256684471
0.096117104862586
-3.89458671186329
-5.53181077118631
-6.46554022603863
-2.24076658072038
-1.45622942218542
3.86300410846676
3.84262146771515
2.78539800715844
3.58125110782609
6.41098331396223
-0.332866100916535
1.11257682486388
-5.8758811845307
-3.86450685538485
-4.04820902478519
-9.92174185452387
-1.24764869402249
3.9106065445092
3.45686042922175
7.73803790363199
2.39661938716945
3.94401868311453
4.52483797409119
-0.247284966730075
-4.23755380267854
-2.55203183090347
-1.88195289355865
-3.57567873988783
-4.87415406555226
-0.251473066423222
2.58564814984025
8.87581558618195
10.3617087599723
5.33293996933462
4.76928475237149
-6.78956831353433
-5.5015383214247
1.10407092369519
-7.91486826391887
-4.9177946296599
-4.34181383664877
2.00986489678481
6.78921843497443
1.3838677011188
9.0250586918536
1.088276619738
4.34693766436809
-2.95859724141453
-4.86477726842944
-3.610594281412
-4.3859306310035
-4.17989712998394
-0.792539438755113
0.615925592658806
-2.1162970635011
8.89727679108441
3.50024521459636
6.7270257182676
-0.385082345496345
1.18298885611839
-1.51353209264749
-0.905592892939713
-4.84797365158982
-2.76364044934796
0.84341008090334
2.91803243079388
6.78348622632146
1.43010121132544
6.42953334621238
2.6296048536485
1.18805955221619
-0.954090331787758
-3.07689411124452
0.159577617447286
1.9380793975129
-2.41726544669318
2.76568242698686
-0.689558130587201
0.243868148326506
7.07649298504696
6.35906141409341
6.97187188210994
-0.833734552384498
0.357196628625336
-5.35788532937201
-2.61203170417574
-5.82331573419832
-4.4178084889217
-1.38242660344615
-1.20095112952539
3.06240654877764
9.38324347342475
6.38810146917344
6.45134533453079
-0.989807913278423
-6.38430686811342
0.446385583242809
-5.51476726071804
-5.76004649061112
-3.92605781951674
-1.60312564659839
4.05754860317749
3.36950951815458
2.5594756395375
5.66637428383709
4.66661565918196
-0.263255731717646
-0.589360391040525
1.62817957185802
-9.55667465166895
-2.17102024401406
-4.83947693212563
-3.47762772263227
3.93750534381421
6.07458506383239
5.22539973045834
0.686829666603474
7.07940455462485
9.00990137706975
-0.774851629170443
-5.20863844285009
-0.961411477846564
-4.84334415290445
-5.94016061724427
-0.126654273817367
-4.04528281098023
5.29467175296582
1.38363637792534
0.571179199080776
5.95845435094917
3.17415796187194
-4.37526467482497
0.0812728496466639
-9.27741549404879
-8.93178467751485
-7.23954154227646
-2.49407120403187
7.07453458398761
0.437434499856589
1.50703525204397
3.5493218803159
11.234275722429
-7.42898959999475
-3.49083400713511
2.60451980375002
-5.19362103676126
-8.37414614778913
-6.8267917314065
-5.75707154923982
-4.53757799492489
3.4184072681919
7.77478236682238
2.19802066574897
11.0738861180539
0.760939017418243
-4.67118442210696
-3.40069493890732
-7.48973778189784
-3.1446520821144
-2.34775630192772
3.24892243623577
4.98911545908582
2.69283835633046
5.89054307749632
3.0680974816351
1.64201477298452
6.6223114785181
2.04489381409331
1.27707259784042
-6.86526021309066
-5.96982177758764
-9.6554401226529
-2.49032760575681
4.61300560241865
4.83462414210548
6.07554857202166
7.85709051256444
4.52192495055872
0.305218131875609
4.25144895812378
0.788393353217953
-6.39598551819109
-4.84989943637629
0.566751175909384
-4.32475052020929
0.913704581316117
-2.93321903985769
7.78144200699943
6.59540805519454
3.22287472746093
7.60917176548323
-0.195339592274928
-1.68765313145164
-5.54080914765055
-2.27987740473047
-5.69926631456389
-9.18143800912118
2.58155880898835
2.71981605334692
7.01220139267336
2.92220922032254
1.77113582711562
0.143204952385241
1.29549583655858
-2.06178274582124
-1.38524657182353
-2.80399072070303
-4.30026152321116
-2.35084537415064
0.222199858201996
6.10784239468246
4.205291678799
5.23130239628704
-1.23562895002818
3.0871765804868
4.50854069052662
-6.7317456606127
-3.32056401097277
-1.64306431314601
-2.75227390700754
-7.70224980269352
0.66437733804575
1.87497797309839
2.10152767447481
6.94108027764303
1.85017963960742
4.29849820905964
1.39291590436426
-5.24948015998602
-3.076528056831
-6.70500979936432
-2.64431551470023
-1.11362961930919
2.81423740299295
5.68565168603449
4.30055806767577
-1.54327360945867
1.21702734304812
3.06036423718032
-7.09952687217074
-6.92328001492741
-2.85711620262551
0.571391503106966
-2.57123339714928
-0.124389477908096
-4.07530678584493
3.19148216061961
7.07319636847
-1.49494338789856
3.29206772195909
0.331098279224225
1.41864443601383
5.55825900751336
-6.47042627769743
-4.4752743410992
-0.0849889736981542
0.0962702591564184
-0.148334505791081
0.000690545643105001
7.54289760533449
13.4688416152238
2.8809327879389
5.51490057009783
-2.12628771699891
-3.36866120591515
-4.01741199784864
-1.22931113224615
-1.43992740122896
-2.00015328924197
-0.209891110479738
3.28488100381767
0.867641348089038
2.38308377661954
4.01875892092272
9.82741902458658
6.4142259269881
1.92767091880625
0.423313039753028
-1.15169310215332
-4.83164680278213
-7.78079609976339
-6.88926580019451
-1.38682724936536
-1.41148201691725
-8.50980478992842
-4.47654398615104
-4.89041024862013
10.3663295272761
5.67810948340456
0.0952545736094379
7.15207155284813
2.08322432512752
0.682688202399006
8.25709048885037
5.5130663974704
-1.07012397218773
-2.00425635955664
3.5999571507281
3.88856632335178
5.02019947425374
0.765544984022105
6.74084763287611
6.10395261735463
2.1345243724867
4.41712034109714
-0.755146171509243
-1.87980410026306
-10.4311774390121
-3.34664561029588
-11.0481911766839
-3.86420953966721
-4.78174482893171
-1.05830668393885
1.40440302765944
5.43648000973025
4.38219373998851
14.7703938193777
11.0589154254732
6.59001764350762
6.2279921899842
5.06459698901676
0.753019601750906
-6.0330038363284
-0.727291169378513
-4.80125101175599
-11.6213841351857
-13.2627681829346
-8.01213665292272
-4.03280690380451
-3.81320201161784
-6.74384742775093
0.608520744182654
2.66233959265056
4.6587142264856
7.78455367236659
3.01127993004781
2.13406022395183
10.1493928060207
5.57202951243369
1.21069448798029
4.19187928922397
1.91243447068119
2.47956147164519
0.24925461881921
1.95178477297164
-1.14496789726343
2.46758328528566
-0.415414521100329
1.32647843297112
0.900685095786184
-0.387964763772974
-4.49051910342885
-3.90090404001625
-5.994788239222
-5.17983379182281
-2.91927726931933
-4.80928747686653
2.40774325518375
6.63631692765892
5.56157617241195
8.46636959847389
1.42568710863444
5.21082185322976
3.68113094146772
2.55782197215344
2.86779122269488
1.63133425312343
-1.04169127182949
-7.01952730488821
-8.5269267691764
-5.51458175195556
-2.01718467658122
-5.47431351591835
-4.12597788648756
-3.48483724210554
-4.68179000473372
6.32703600219128
5.06474134548495
2.81063741381812
4.90978642146464
0.380430060530195
5.95562584098303
-1.25434889489052
3.92697784195744
0.275394925690662
-0.498859120048119
0.165621052242745
2.30611041610004
-3.37091691966724
-3.72833339284032
-4.61427591599629
-7.27694765676519
-3.41463051413482
-4.40676346893275
-6.102215711822
-4.21888111392955
-2.1122099686105
-5.79833555918695
-1.06145374943404
-6.01630892990085
2.60838581877191
-0.0924788526079651
0.346841866871671
-0.619508143711271
14.9076765181826
1.67941024423454
11.534760746306
12.0333477521245
1.08365844004809
4.0833446258363
2.02585095479786
-2.35469205088906
0.0554549994745148
-7.4512116064637
-7.77906031773494
-12.544831440752
-9.63908576139015
-6.93689327905095
2.51892932437535
-0.153716694303254
4.01579485582119
2.58148328217407
13.9414546383381
6.47777713219082
6.32434440581291
5.11330237889703
10.0821023531409
6.97513527957552
0.536613890725606
0.445611105776298
0.858306895669419
-6.46252993562759
-5.78555424211754
0.165146530758986
0.759991400261463
2.85882625718084
-6.19018051557339
-0.106591055326467
3.4199959685888
-1.96557989626984
-1.18399348074974
2.26115286965134
1.75457952358957
0.427052130597528
-3.27859715609219
0.795098255988627
-1.86450379011261
0.100861696450711
-2.43861493915772
2.43501645559415
6.46252326027223
3.83706311431554
3.13107499917418
8.38289355403941
3.6499496255376
-0.609116138170679
-7.57964046750209
1.3390164551454
-9.74498530266031
-12.3454249445428
-1.6127467468257
-5.29645405417883
-9.56221142840252
-1.16661278742379
-1.94493467378495
3.96187756594404
6.56864825696683
13.0151550775366
6.36959451396144
7.14051779875314
4.50725493352212
3.74605557177294
3.55430177728492
-1.96716156943919
-4.82748155755678
-5.57294539542942
-1.29737232972046
-5.63025734033701
-9.67971518456214
-6.72287785405809
-2.69220140569529
-1.90330691306103
2.76773348932845
5.59628799296094
-0.111906408456106
-2.98642310397648
-2.26913705868898
1.865538221243
2.84006087940037
4.23757760543281
0.636916368459439
-3.91364858528042
3.32205134352525
-1.47437561290385
2.58593357515977
-0.224189312926932
6.51405096574625
4.30275258644412
3.80898808788714
2.88097485805877
-4.2300237069726
-1.55345370619359
-4.00724650465245
-7.944257369577
-8.46741284827147
-11.0913840741907
-10.9219652765071
-0.94267030482878
-0.0452638281458619
-1.07235247144444
3.60115931414354
6.81485109416013
14.100638350262
14.8387605550287
8.96915365888398
2.43199199547744
3.20534321538574
1.72841052955382
1.23329702934936
-1.02000827685863
-8.31090231182969
-8.44900790434769
-2.08854927067987
-5.14001664724677
-10.313720862547
3.4492404056682
-3.89195594006483
0.670753088012033
3.20134278037707
3.12267335874954
0.504371723078961
4.47698474786846
-1.31214906527108
-5.28161251001965
-1.22066689713218
-1.60747844328655
0.36801580028908
-3.46555721384852
3.54531949336104
1.94925859689066
4.04020556103902
1.82698364698928
5.80366467379451
1.11544662124102
4.81075439014416
-1.11108022004329
-2.47172441842448
-6.72850013338154
-12.5625775915363
-6.50083797847598
-12.9247657210233
-6.18561648812119
8.2375064266138
4.95525141583238
3.33241568487878
-3.95079636040523
-3.28936152179398
0.604685459433836
-5.01416338657448
-5.30741405728649
-1.12990327021517
-4.31783533585517
-2.18682282874122
-3.21861881607288
-3.08827419359919
-5.35793583178796
-3.52175826033943
-5.47989910396271
-1.1002440724558
1.4111818652615
-6.22023350425625
1.84248311622655
5.89859205826391
4.40135232601945
5.97780817029014
0.714549836535401
-0.387491059284535
0.157731598610754
1.69519862344009
1.54770480653967
1.23835360706329
-1.14739684882958
-6.46548053737301
-2.71724058892074
3.70505279130741
3.19746992121371
-0.373292158567142
1.18089386052329
1.60145995914902
7.47279105019412
10.4509338060246
0.226596886644641
-2.57092872716566
-1.1494277265544
4.26364872413166
0.00117617600104269
-0.67109391151321
-0.990611969396479
-3.49658807039479
-8.49734581028876
-5.11151835529484
-5.22037219347069
-8.88744137637229
-8.30690145459967
-5.94933714183631
-0.548311512480705
0.650367106657274
-0.79002295524851
1.90573291021797
4.00201120825315
-1.12710969096094
6.31506069941931
7.66229689758117
4.00167396101856
5.69715425567879
5.62272109244212
2.73443397462804
3.88682486131681
3.68514437061895
-0.629927224942382
-2.97454924991445
-8.3136083063439
-4.8744833507349
-0.297977589661083
-7.02512387138376
-0.0429527012637458
-0.958206568572717
0.538716315843748
4.08918496618736
4.24326649695681
3.73782648944384
4.68309050267614
0.70701406251858
0.829125517958219
4.90241985455869
-2.39158106421862
-3.01985763153905
-8.43937095043768
-8.05508797143207
2.03735111219104
-4.78595044196827
-5.42724307905833
-5.38136662722892
-9.06376345965231
-5.98500174598902
2.84002256512307
1.3350379024059
-6.61175290590134
2.19415469113994
2.75019032717737
5.19957892729808
10.5434013938497
8.54304776864986
3.45260498941489
5.75414545767587
7.91664496964915
1.97154148505454
6.33238772927898
-0.811989156906927
1.12738963926346
6.46537080852477
-2.75655756865962
2.45256622151339
-1.86529992198719
-7.7406855006722
-11.4575544678384
-5.32204402779381
-0.864933920165535
-0.365872278936115
2.47308573011419
5.58934436367151
-0.675668213030903
-2.07169141607485
3.60167448526047
-2.56939120789294
-0.656878325135497
2.22774402844843
-5.32838229387146
-4.8331824322593
-2.25043905650866
-0.301650858444272
-6.43969176589767
-0.778815954939359
-1.18316416788961
0.894748967011812
-3.03022153901903
-0.0375341334384258
-4.27179234852436
9.28667215318738
2.7165681944478
5.49910029518723
8.78264311039806
12.9108545900214
6.65560049712275
9.37135809359856
7.81490755874403
1.60610710211861
3.09084519304666
-3.90110152671856
-0.754353171863648
-7.90688108789065
-2.0791466330472
-7.36718075223683
-7.46643220121925
-9.00935156666177
-2.01765688223151
-4.69167832903225
-5.31002812012388
1.6541377881206
4.44937427585207
0.991377600746397
2.74942856181145
1.31033119855413
1.53570161570884
2.96849635520376
2.67670897189247
4.16203876367609
-5.66276347498777
1.5394503828712
-0.136462241232772
0.0043306343479117
-1.50221332725021
-0.998002909234344
-1.00804775676996
-2.93492316023452
-5.18433250525438
-3.34896201735967
-0.0782189325562477
4.5274855708637
8.430226485023
-2.78315295697199
3.1340206204277
5.94902122178049
6.47100299064168
2.29298649271606
1.35959779626583
1.16561409628369
-1.06528314261571
-3.38719195778242
-5.87622963677121
-10.924859796957
-3.88981905367781
-2.10524889849081
-3.64864825908594
-6.70334119983451
-5.56574671421199
0.18541160178901
-0.585451429856069
1.93546414172948
-3.86016209035555
2.69409706633179
6.50980797153994
3.37671285449861
2.94571399180662
9.17293106818607
7.75562080627517
0.623860719275685
3.50536604167635
-6.24003422422891
-0.453618111273949
-0.277366302397633
-0.705591200246201
-2.3752831464054
2.15351029880243
-0.934283049270807
1.00468452001956
-1.27136778546176
2.06624828075311
0.934722654577843
-4.1807802209479
0.695549606289135
2.21659204129522
4.09273398072082
3.23626415572582
1.82288339777336
1.90159372352166
-5.12105918165393
-5.07840770877478
-2.90621562371178
-11.1174216448197
-4.64970128817685
-2.48607010749851
-4.39445995107494
-7.87674158662255
-5.33132032691346
-5.48572952280625
3.07052654173656
-1.13850830189526
3.32029043687849
4.97721664305878
3.16970691132377
4.55352165166475
10.1152365794939
3.5839444468254
5.58994794388192
6.40781134607619
0.132528994311435
2.38390629055115
0.584322680003529
7.50614526544641
3.42934974054734
-3.34703684284287
-4.94100672037088
-6.2265243283737
-2.01505418888301
-7.71352326018724
-2.32697596795105
-5.34975854528878
-5.25834151220959
4.04929746460065
5.07961105539488
-1.24405134828347
0.88819733977911
0.472574930083973
4.88230455980354
4.39524872191042
3.53883228132071
-2.86147069862533
-0.840181664595891
-3.44998708091242
-2.77144328220991
-6.05588748543707
-1.20997882717039
3.83343378776434
-0.496368460385252
6.44522377752853
3.33397873364611
-4.16627529640904
-2.67269954244338
2.20777614763117
-9.3607175787997
-5.74989684665585
3.26044301895342
-1.68541063176081
2.67294097329594
6.13461375729557
5.63022626145748
5.22821537839021
3.8354464435514
-2.84097729578269
3.09714731500906
-5.44685379551759
-7.43488200415541
-4.45276529476309
-2.30656420808188
0.129955671657251
5.64770046854318
4.74014226328526
2.71721961842594
1.39718017291419
4.61263338025296
8.27732479499391
-4.01629535596846
-3.86383696446052
-4.31786183542165
-0.647815975735404
-4.49569288664959
-0.741783046554157
6.83469641338754
2.33310070646464
4.44607660175452
5.18069549834678
1.09082828543511
1.94083603775963
-2.17573625318619
-6.22674897169758
-5.01076849911477
-2.26207419548344
-5.39052886544952
-0.66297745158566
4.52344423440813
6.95298389052606
6.06853005686775
6.32467900263322
-3.17114017477525
-0.797580053712583
2.79940947519817
-2.90313885941019
-0.569939611796899
-9.20530794694962
-0.61477934775291
-7.36251697937016
1.23958003521684
5.78929139736941
3.10613680661464
7.33375248737125
-0.655797943714496
-5.94338957543285
-3.16496454143707
-6.53867866117024
-5.06112068087265
-7.66455857864471
-0.9656502539874
2.14471319521265
-0.908087395835806
2.59411787652096
5.15146762537958
10.6575746985263
-0.475381555611998
-1.4092445908283
-3.93869805460765
-4.42527469461695
-6.42372180376187
0.105578989152015
-2.81965714438851
-2.1486636969089
8.74336117518245
5.42884485573578
2.60662806190125
5.80579336306176
1.68748504068299
2.31142785973929
-1.61962155652551
-7.52364516822158
-1.92240618830689
-1.8103294861205
-0.8316574034364
0.283237097896618
5.87201714634652
7.51339307968237
8.60962911263548
2.15376735275748
0.670693991264461
-2.41626156400653
-2.77563636370393
-9.58348592886578
-3.75618331720389
-6.54574990646091
-2.91424067119667
3.47308274354235
0.336571670887619
5.39982437803487
5.05750510502941
1.69595820327827
3.14363915636669
-6.34535698428665
-2.53559939084291
1.77776681024152
0.258626696127269
-6.39187610867602
3.76086184713887
-1.0755010215574
-0.399456239581352
2.61966274390259
1.53618963258175
4.16577442691759
7.72334233221051
-3.731957493704
-0.203096020036955
-0.896795042802
-5.00983630648041
-0.19825720889281
1.86433761778957
4.17201027745955
2.35000939357698
8.83941852196921
10.4313114861121
4.06701098575272
3.24445467745387
1.54838078536995
-1.15285023599339
-7.26859269493908
-2.66177510362021
-5.0393360895498
-6.79508637492221
0.753274737479647
2.68861105228276
4.30865465224957
6.13770046543402
3.1655655971195
1.90684794706976
-1.04184841399031
-4.41538714525575
-2.98983001203688
-8.03946842039496
-5.01352199197064
-3.41233608914845
-0.110548003673944
-3.50685823137437
7.91886593789376
9.44099148220392
9.06238069228004
-0.19582457002134
5.4099666947881
0.0602378181520287
-9.92126679933866
-7.55314166678052
-6.14998929493598
-2.40410656074258
5.88356597685126
4.15900472044302
6.50595734276146
7.94175314260208
3.56584696377574
1.81803067806138
-2.07059476284823
2.34229814871638
-3.93888821773188
-3.60375254944357
-4.64842294998459
-7.00882346429244
-5.9916406216568
-0.761095518332204
4.89395573541446
7.50758658413177
1.55545851194123
1.38214706906597
-3.31725836227772
1.1829695386904
-7.46122185693763
-1.41887697164765
0.420963806136707
-0.497637067045687
-2.11226430294223
0.0795066095152621
1.34104815546725
2.5619107496851
5.81233532139033
-1.97663634680199
6.69658456375749
-6.19758436018833
-8.25630477512791
-7.64086782967948
-2.82029834510035
-0.126232607371673
0.383610408433054
-1.26516682665231
1.74286870199152
4.76400237145638
2.51704794538512
4.3933406754916
1.00521338600107
-4.57642065150823
-4.77872951054327
-7.00959699365053
-6.99467035862937
-2.05383427320978
2.57595085533545
-0.636510179825686
3.97613614785574
4.59481723410078
6.57987868806164
4.25339778239816
-1.13092910887884
-7.32634833441772
-11.6965994655534
-8.66496395164317
-1.9107507327459
5.7956858778151
0.645941244477273
8.82402244504744
3.20330630206258
1.52946471649002
4.6263500301803
8.39165000699201
1.8977446660455
-6.79498655956904
-1.32530793184733
-2.1653980814062
-3.21016762281601
-4.3050622409238
-2.173823157174
3.05501880834947
5.03216338039774
4.85934247571907
2.42883691025636
-0.418820939026837
-2.66819964529822
-8.79737509188531
-3.12150554839047
-5.85345137312898
2.28805770437816
-0.458219502201935
5.3357252356215
-0.236204096563486
4.23364933172077
8.05685341242447
4.27473307613173
0.910398462431209
-1.0723245769775
-2.42901989285111
-8.33732286184996
-0.791840991509893
-10.5950344822475
-0.0888933628604522
2.44697775962049
3.2513577469475
2.48455986511752
7.86015503958354
2.17861691720855
0.769113743014378
-5.89677769639439
-9.1439156405206
-12.209124175264
-3.78281758779513
-1.56149099840245
-4.10347548733221
-0.0730481932867847
2.19565287753102
7.39231490055712
5.16960173489963
0.983492408024091
2.45728185320382
-6.41898949343657
-1.11627798586695
-5.2962704726237
-5.77853511924033
-7.70027497627558
-1.4795687343059
-0.834326527307526
2.23628532956986
3.70931751938646
7.77041242947856
1.22679656707495
-3.5059973363321
1.00351677833983
-4.60524915273279
-5.33159745041699
-6.56347997298782
-4.33774707725313
0.827844580126203
0.393888834768668
4.17754838146079
9.91700494640065
6.78596254136302
1.67590008196299
1.15514938420767
0.804534918301552
-8.00876573616732
-5.05924254342899
-0.873321178462684
-7.78574062172235
0.291449768460323
-0.169462126682058
4.05291953179214
3.55089958627618
1.33085455254512
7.68889653986112
0.840938583204227
0.419534102824202
0.803104686431091
-4.43587486239698
-5.52692884388017
-0.456386468593386
1.74581654965108
-4.98634294276954
-1.29666661845162
2.83525954304676
2.61280643917955
11.0111588634232
-1.36945871089409
0.946131172084724
0.672229028171879
-9.43716156135265
-7.21363689832977
-4.07218407582322
-3.0314338791278
3.38178514640065
0.791174735959749
1.85425144037558
1.58017144908694
-0.644928270018411
7.56031733092507
-5.47495412287447
-2.85435343164381
-5.35025175269017
-4.70393212806656
-7.58426147545382
-2.01920273038588
3.33014136484541
1.52359388415675
2.49912353186401
2.19776895817805
8.40438731646924
2.3330226843686
-3.09290302032841
-2.59732236418104
0.171196419039315
-6.09244651491403
-4.58118857197033
-1.73624981418694
-0.0793149549664903
2.41711680755288
4.98249504093107
4.28631056571417
8.63959185854174
6.57107594022892
-2.78956189729443
-2.50496480886397
-8.7064578987744
-6.92980769180734
-5.98557711992444
-5.12562252963431
1.73056144317384
4.08706586215544
5.56526614086526
8.56256221893183
8.57188986411239
6.47403687515469
0.637199877959375
1.82806655695324
-5.15249500758163
-7.78973127468163
-10.8386224377269
-3.4486133940621
-1.51852297050743
-0.650603740573449
5.86009743741928
-0.0995137790686664
3.52326877263334
4.54033447323798
0.303830426358565
0.342167519461908
-5.54363498736409
-1.05981111641483
-4.16081329232323
-1.74566253889953
-5.02479716920915
3.95734170399029
2.49298693790362
6.64604615544783
7.02462338720342
4.78816403008884
-2.16531862390108
-8.71423910026662
-6.97182282737023
-0.627362353984827
-4.96642957958804
-9.13076308755718
-1.26903231981656
5.28806440622391
2.44981592586505
8.14869551988209
4.81958046299871
0.942385393359015
2.97688337015072
-3.49043816618224
-6.11731119244893
-7.41744750745001
-1.26889599082533
-1.54212195049993
-2.11102694020118
7.75502111957401
4.15790183496624
1.95875372775392
2.93204937829
1.0759152611373
3.1475024942288
-3.42250517306961
-6.08233960979451
-4.42877658006318
-6.45331703736367
-0.8636717089584
0.589645169770899
1.049634235798
-0.249876758719711
6.17596127661371
6.46722756139907
3.56612609257047
-2.45255810754893
-6.50245866960496
-2.30841583765574
-5.64081760254486
-3.01650167635236
-3.76215664961812
-0.957978989629801
7.25937920099981
7.27652603465427
7.43735533667981
3.72414315312546
2.18984696995872
-1.16804461461842
-1.9030253898229
-5.79435494795474
-6.76778118238574
-6.72663636363954
-3.59663011480689
2.53673498733792
7.17105140607645
3.10651526786144
6.81148632007205
-0.234128113335474
3.46575559152565
-3.60788217774449
-8.2166381918466
-10.261048369272
-2.11074691570402
-10.5467567884742
-4.20847463972971
3.20962253201126
-2.7290477749109
0.789566805282666
8.97841453429169
7.42468868705
-3.79501925511611
-3.10234147128267
-4.45795157949432
-4.63870719378365
-7.27720949496433
-0.631506178278149
-1.08090715601236
1.26745419352429
-2.08387867155165
1.84307103153626
6.27300989651588
6.27703124786594
6.67869291864306
-7.193554936315
-4.47030509112891
-7.2282571022677
-3.19509722268908
