"x"
4.52603448074679
3.1752743184137
6.81320107327157
-1.01872195642979
4.66880671563561
-0.449253144308408
-2.10216034747013
-4.19845268547262
-4.77302599091411
-4.98937701038739
-5.12381871077389
7.54174845490214
5.65167924503547
9.14630277312415
4.40714366846148
1.40089479713483
-5.99804861229833
2.08394337227196
-3.05075149313815
-1.07880231356711
-5.84363983501105
5.08722130583679
3.57059521744244
3.01889661171844
6.6996950008526
2.96027365182349
7.69624509711877
2.70784763823508
1.23722988810879
-3.70931853816308
-0.0329261190837329
-4.38122002641356
-1.38451910286969
-3.12629390609385
0.530920244235578
-3.99141513155179
7.73612386169528
5.87110377414951
9.43691693835143
4.14464301710863
-3.57686873230693
-3.01969134855809
-5.50109998089054
-3.81666769998171
-7.43723528644698
-3.07817481328026
5.18705557421308
6.63877562962221
1.93325199476348
7.85330019169817
-3.9723613851649
0.735857134575214
0.565667295449454
-5.07054226629614
-9.69527517397153
-0.660207736473712
-7.06672077524875
5.04482778269262
4.42801098269247
2.05536020903267
5.60405173161865
7.88315307569585
4.03230534113579
-2.07210690994617
2.75876549188705
-4.91995246143951
2.15395613178796
-9.26185680409118
-5.39095962770943
-4.96087168287527
-2.4808189662461
1.36855390000576
3.33446566575622
4.20415443651111
3.74165641210135
2.05965330441122
-8.76552178040249
-3.18003158191747
-1.07356995694905
-2.03582655230206
-7.44286714349892
0.872575743008178
3.31093414313314
5.80572035183542
7.54065320833726
2.86537421261302
9.0405480850743
4.32344932132026
-5.63027855152964
-0.182516666040022
-3.90890496772158
-9.070801931488
-6.18995984285391
-2.4984884808611
-0.0820136033572809
1.74865014630067
8.38588306818201
10.7105195850009
5.23249428454487
2.99380650597864
-2.34137264520086
1.5236193789882
-3.92152601863665
-8.89950379448896
-3.98506930524318
-2.82246587944172
-1.03221331119062
0.989813699124208
-1.59805053831812
5.29127344660339
4.37318983757507
-1.8169908294359
-0.799540962891577
-2.93287878583725
1.73424017676514
-4.36367944078951
-4.98467810611826
-3.26657927208207
-1.17158165769559
1.48354280672641
3.57477340408952
0.339358295312451
6.83386778407958
2.14803925097019
2.83017967837346
-5.87035870342288
-2.73967866670208
-9.28939873221247
-2.60091391209796
0.302926221900009
3.36904888224028
-2.67520152954504
6.68175727249501
4.74204056220407
4.23766243226483
0.826801936829369
-3.51696362562158
-5.19174766946491
-4.09149206627233
-10.2300867462288
-10.4443257759418
-0.385967789420117
-0.43369677921547
2.35320939762289
7.25360166126292
2.23462042208694
8.49805555603461
2.83103791611336
-8.35300253978358
-6.6454395103117
-1.70966441606526
-4.36340458497494
-3.03322065478303
-1.31865208830108
-2.75510149831625
2.42855704368507
6.02538681753651
-1.20116807321358
4.12361988310912
-2.06687188799042
0.657822574131748
-5.31398243430527
-6.7436830036698
-7.35542664569487
0.188346849143945
-0.777924900796006
-5.84257438460194
2.92946287902066
9.08346762990342
7.99314388413638
10.517676344538
4.32933661513499
1.2889328875016
-3.29353257010342
3.15278860099696
-3.71067262349913
-7.96418661891051
-4.58278116234772
-0.19199125756715
0.146331360019866
-0.323146214304342
7.2667688315343
0.490192429743683
4.0334022065355
-3.24280070429735
-2.80990413229125
-1.03414490532528
-8.427666279192
-2.72739635719117
-3.45984448271157
-1.88164866839487
1.47581233275582
3.26173200328831
8.217041770729
-3.88178774201193
5.86546730228605
1.22694253395322
-1.47063911132053
-7.69460900303235
-5.95703162054449
-5.78341639461305
1.31578174139005
0.25337642266314
1.48597167387794
0.93178196585272
3.62925180744326
4.87676374089882
2.68066783124134
2.06706668741155
1.19373218074136
-6.53065063293718
-2.81709001296045
-13.0456455200874
-3.34460627723089
-6.96557208599621
7.08616905255252
5.57024235016464
2.71551799387561
4.94789490886745
2.3732222268103
5.34744140341256
-3.92600568849575
-5.78019126649577
-6.6808425829973
-3.44969948730873
-1.2044937481741
-0.254123753348451
6.20434576553346
4.33048229633267
2.61438681062007
8.22113372028123
4.97933071884022
2.85952904598679
1.17764054413012
-6.5295661807399
2.66000031756315
-2.13925536082742
-5.97692407933067
0.933141063249801
1.87023913018005
4.12415985283041
5.30670374910043
-1.40414350681505
2.74994834486221
0.78238148134638
-3.36443027448218
-4.20277690592617
-1.727939640372
-2.87296910852584
-6.56402281452374
-3.1597967348666
-1.11154580534451
4.03371248456114
-0.471022761294808
2.9170512224041
2.86585924617689
1.85715246113262
-5.3640133641747
-4.00897606079241
-8.31273643995748
-6.30446716912224
-4.20455599930239
-2.94758352919784
7.20686843692379
4.03621084651808
8.57937333677975
7.73662977359538
5.95935511599826
1.56665161951493
-3.54032225761019
-1.6842057051037
-6.4163394428377
-1.59809608565513
-4.04947171302922
-3.68539133294803
0.345817547158372
10.1742631715103
4.62525004527923
3.71621386672838
0.30287418145978
-3.71767668751802
-1.42800021434667
-6.04046704915989
-3.66394116266923
-5.56366397723002
-5.08756959207226
-3.27493741982038
3.98510306645145
-1.33809934813123
6.00891254248753
5.13834475082251
-4.38470559013371
0.226142672225992
-0.00550752688009837
-2.84143888451877
-3.89178332492886
-4.97091312546066
-0.927757237050388
0.163038852492472
1.4007614267177
3.10072504226458
9.32029198736977
2.07274143030962
0.831195135931428
-1.99914907557762
-2.15187452237752
-2.20864135962335
-3.93570652088733
-0.538162619880246
-8.18314627498145
-3.06576180581739
-0.669874057207054
4.97792122055287
5.10628353757372
2.8269439206114
1.3337839242014
-0.953356704658119
-1.96289861953673
1.00369085121774
-2.92821613471429
-6.44452563864735
-0.910641354791685
5.00962511697642
4.46642468331752
4.10329983736076
8.68596433839938
5.84708714828029
-0.805376835415651
-0.618301672065613
-4.16444393726075
-5.83030010119408
-7.47125698460665
-7.82886939648748
-1.4840628656525
3.78655140358583
3.88971018727125
2.97407492884005
1.86034242645122
4.06447692023503
0.133223247140721
-0.567393966482879
-5.408313690132
-6.7178204190419
-8.71240238511192
-5.34923198989164
0.773557087741347
-2.34392550998506
5.52765964236852
5.22236192529603
4.10514022884094
5.26208011563137
-8.31989827863941
-5.51422378187667
-5.12614183955997
-8.58610543011993
-7.57049257356357
-8.03935670202013
-3.58073027712244
1.35160278792049
-1.23601860178064
6.52350930964654
3.95059121366721
6.63347319291293
3.75126759277799
-1.52156708793285
-0.317516857712954
-3.92240125498066
-3.38448932900054
-2.57296723711581
2.87886047906088
2.97839181348839
-5.23679262309132
7.75555960692985
5.34011273681252
0.589966137031078
1.50653150934989
-1.40014589506286
-1.5007551231963
-6.83274112864942
-4.75099574841651
-0.770503528584113
-5.74134375442528
-2.86784304956028
6.68981501406136
4.9031942326226
9.4909176264903
4.49939811967992
-0.332267656442832
-1.54699775998306
-3.75428698940825
-0.581130305085751
-6.02025519556855
-4.81138702255176
-6.2600682367372
5.89737565870201
7.38808551489952
2.73246244375285
5.56645722285702
3.10577938354911
3.77216310482997
-1.9011318528801
-7.18564067854254
-10.9712110001005
-5.26358403496724
-7.46337111814488
-3.38744786601733
-8.39910979279029
3.85798639021719
4.08660732973331
7.25414282334616
1.47334902284744
-0.0888604471369649
0.531733619443411
-0.907855741643938
-1.05063644814074
-4.13438483110154
-1.85707728333328
-5.24679935230704
-2.73183293753417
4.31482552079816
4.55640712531472
3.77413757846826
-1.15186572209696
0.689588684679168
-2.22501123703356
-0.904123634038532
-6.07517822294543
-10.0813646852965
-2.37701791236061
2.8919344844087
2.91625632283894
5.55243291216905
2.48176632379085
0.396198337918795
8.80022219523704
5.9771910012463
2.4914903812815
-0.0202712406453349
-13.1177998927314
-3.94330487509437
-8.39226989044643
-1.5789026859351
-0.579879668145898
1.45643268834902
-1.27085620652418
5.70940622091945
4.06765687809253
-0.976106054400489
-3.17203598841043
-5.24091618904421
-2.47532068888808
-2.8251729022576
2.09902292848557
6.90511535667298
8.95185695373103
2.05025129558186
-1.02994871290461
-3.43080875491779
-7.34424607805294
-5.14818099037755
-0.92654059741058
9.19522671167246
0.848827138886888
7.42262952100457
3.54242102954338
0.873979663193659
5.22741995043183
3.39649723672967
7.55215005041758
1.39063813421247
-3.33108269779709
-9.2427561178815
-9.45183727015936
-11.9626850091316
-5.71055748009194
-5.66686776238722
-1.4298227694295
1.50366432775725
2.02113833044835
7.66349808934437
7.59773466080987
13.501619818372
15.7123572796835
10.1211101409108
9.17096202883538
3.72595339068144
-3.68251611699482
-8.20539478524165
-3.73194933305985
-5.14321036322367
-0.82506969674162
-8.05445599333869
-2.0955147871845
-4.79393747708959
0.663275569966014
0.512372600022036
7.46705980198931
7.49397880653391
-1.57928422797269
4.18165007687676
-4.21479491665578
-6.67886025223339
-4.57764102421237
1.25014776982265
1.54821000740185
2.84964822020109
0.591689464208215
0.201770220319137
5.78020806754477
10.1470972939917
10.3170909462798
8.84653945411783
4.14569916521951
7.64284946826778
-8.3684880869779
-9.15184447601
-4.51631722177129
-4.29432806456731
-2.58856121324247
-5.13283401829332
-7.48819379109776
-4.30399983376586
-4.0110835088796
2.09062967431097
1.7154560693074
12.0966184809883
8.41788061714264
8.56408597649556
1.97153640103769
4.87956262121809
4.15631807802458
4.17894179934144
-5.59619090063093
0.834593622706895
-6.9300637471237
-5.62814026101395
-2.39516389314428
1.53187533426286
-0.214357165510618
-0.852288503196029
4.04254759551138
0.833859736779879
-2.94542736948026
-4.04434485835448
3.2246653850546
-0.673378783239509
-9.86235630312452
-7.15104814379967
-11.475824685407
-6.72939443306279
-2.9577675322769
3.17478543954672
7.87429233893051
11.1340710116626
8.93493447064915
9.34561515176929
11.4609108339492
1.66261643107487
6.65761416697253
5.00560224925422
5.38484206098822
-4.49778836193928
-12.3027007865804
-13.5710543040834
-9.35905846172887
-11.5440886932781
-3.24574528651597
5.58712394412335
-0.721927725775556
3.08845590424806
-2.87818818294912
-0.167677211537598
5.67455721594447
5.73737975434132
9.25222927269899
1.99561832372552
-2.01928376674931
-3.45120587332865
-3.33802633116907
-1.32563498181134
-1.91701719625333
2.25997675898965
3.55251437528575
2.79874244933756
5.46492356114921
5.08363331133904
7.61857683855081
5.45992836080637
-2.83233134862974
-1.18150670384081
-13.6555378641767
-11.6646366401788
-7.42477093496346
-7.89282635279765
-7.75688460847407
-1.60362678124119
-5.47046183735224
-1.31615331705786
3.36118106178494
4.8910049957872
12.4373380030999
13.8704367005513
15.4683041551295
6.33516275395075
3.65568055301743
-6.75371964615888
-4.44762191443607
-3.96967367064151
-6.70908074284705
-3.16490837150844
-9.07743806262165
-6.72531610561875
-11.5191600993096
-2.77183208663566
-1.78694057277986
5.45597855135507
8.60382185641163
2.48774405105503
0.277094175387295
0.268238275118994
1.30832040751322
-4.63227816635547
-2.59166606329973
2.92388514075679
-0.0718324998203483
-0.0877337804530094
-3.98927967350102
6.60442317009026
11.7985139518249
10.4847211884079
5.89074392779965
2.66662118180126
2.00792956894242
5.4598366143559
-3.69821097159275
-8.32393605436967
0.56772411473339
-10.2760684685849
-8.56689057349712
-17.9717858519701
-6.7098046003333
-7.07086069673818
-1.73995998050839
4.12939049018827
11.044908884474
9.06295801899816
-0.235354787839547
3.10962202979189
7.72523895686337
6.55560207533613
4.2524958770512
-2.84691248022222
-2.34929803877768
-7.12740634922593
-8.12332433516997
-5.9891123943664
-5.08514992590327
5.79312977265053
-0.876315004130069
3.42043836659965
1.90621958753035
2.0139414998659
0.0145747866460149
-1.00193260902106
-0.274131880351673
-0.935147584379208
-2.5687845481949
-9.81115545203275
-6.25310821134059
-1.70528656512105
2.30151913428734
0.353677873355448
6.68675138507664
8.54941567228749
2.22159402576363
6.04456136158673
9.46716047396222
5.7383777369147
8.07597538327123
6.00046578619518
-5.64108292790862
-2.99963035018071
-5.70101669067059
-13.7207019633216
-2.74154635042367
-1.89181261437478
1.03097362884715
-2.896880224425
-1.03734190191161
1.0256395312382
-3.1178859817392
9.41931261529723
8.7004927265194
4.31147615161457
6.19042605931811
-2.59606149331825
-3.24428724369379
-6.87673976110374
-2.51708396997066
-2.49901794470658
-4.04864278753921
4.82421555390641
4.69588207344681
-1.97975094703966
4.06041727272284
7.25774751277523
5.24876849362477
9.06678437087159
6.3700018898466
-4.4797135304953
-6.4320800959471
-6.1679714622551
-6.03060222669956
-5.83566206099572
-3.23290380866789
-3.30901113870705
-3.60120788115585
-4.19436047363112
6.65267858696545
4.31538896050679
13.3995553441859
13.645438206815
9.52104301503857
6.10892091702094
3.16451834766911
0.690795073259159
-1.11649971197407
-1.57154511467205
-7.31675984346332
-11.5413522898079
-10.174506372731
-8.24823319227557
-9.72194093283619
-1.5265496538362
-2.0099895353479
4.4753760525426
5.77987165425614
0.662569348992742
-3.14219658335148
0.377954697842203
-3.42416592167653
-1.64046984204145
-5.51321187042202
-4.7774340486989
-0.252267319715569
-2.1407426963346
1.80678881575829
6.01885197647448
15.2692990490921
11.1111493348936
10.249200052854
4.65993948332103
5.16668896124203
6.24882700577188
0.716051597817606
-1.02150732960727
-4.02588845043575
-10.5282442631212
-11.7888453703345
-6.31346256336959
-9.15589711214132
-9.11853950571045
-0.344500307543686
8.52134199473312
8.39834710069479
8.83632028291518
6.22918999430121
1.58485431625412
9.43017529386646
8.0103100864317
7.72701324589198
-6.19086488082596
-6.63873792846218
-11.8140682578145
-3.33550652829643
-4.08887503051067
2.34735346724652
6.83482701420842
1.7439804461378
-4.39688434520307
0.323659087174124
6.36109059048121
1.85172618065421
0.399450141264138
-2.87145931667357
-4.1207850584082
-4.55999997426295
-4.72059717615742
-11.4381221539193
-4.02430585339097
-2.77141376658326
0.2589922795731
4.30021170524105
1.7418434484186
2.51597472534608
11.7486917551911
8.22781316040725
11.8129780927707
8.04107647099235
0.880008887035196
-0.452199998351502
-8.13329086957679
-6.79993266066557
-8.95171584338968
-10.3967731827313
-7.41037065972689
1.12069175104743
-0.616046904614124
0.145409728725365
2.99227102671346
11.1904496663933
7.42559580408788
5.67506869662406
6.23227788287532
0.451289000251825
-6.4055911419725
-3.44008489409773
-3.75006942571295
0.996328349632387
3.04852663049317
-1.48802829272883
-3.95993084690559
-3.56392565612295
3.5560728620446
11.0960441913904
4.79245452819221
3.86893714256217
1.73132566222843
-0.612632556490074
-1.88346240857001
-5.172636442443
-9.14075171012682
-7.09362929045397
-4.89064128575672
-5.74319619595388
-6.84554509533942
-4.6342865694974
3.43289562336732
10.5771067960554
10.6885099572081
8.84268680975367
6.67798719752954
9.87739811376803
4.20563696255001
-2.70262558954014
1.41069815235679
-1.69800346633301
-10.1429356332745
0.356172464495766
-7.89522629641651
-6.76465709368983
-8.92196326244749
-1.4689351028153
5.05785020367851
2.67744437685472
1.50043005517034
3.43303976242778
2.97244151755473
2.48720666317436
4.6697339094542
3.51547542004102
-0.273828659274921
-1.71952041556086
-8.95997215077328
-9.53905686989236
-1.11457623961508
6.16419228237633
3.60686048060083
6.23697896279685
8.85923399421458
-1.97383443297637
5.75968436060846
5.99846184537117
3.54258194054111
-1.12508562796344
-0.695871365794342
-2.47447686294705
-14.2616331241228
-13.1593802800719
-9.72835982366351
-2.82294065033597
-2.55568460453586
1.34644416025911
6.15153346302686
9.22611974822994
7.13984186604923
4.46101175173968
9.14886652356072
8.63146853563899
5.79273115177417
1.95568342623264
-1.82151254687891
-3.37739582969672
-6.59540664920814
-6.93272590801759
0.082737225298166
0.425544071876024
-0.149802303946112
-0.825112573455826
2.28782662230478
4.28636019853926
-0.466963237183139
5.73946318431508
3.17323046963635
-6.66165693029736
-5.40227416793855
-4.31977516672652
-8.71617380317058
-4.7930072219137
2.68147194914433
-2.36541290729877
0.103330787918095
-3.64338788611924
9.93805495376141
-6.79562039520214
-3.98716554799622
1.00644833022559
1.14063689637975
-0.468960422875222
2.89406064345675
4.09931752611073
0.757264376519259
-1.35204708515766
2.64850065312873
-1.6381827095541
-2.77333999281661
2.58432028101148
7.75470184940054
3.69600294459149
2.74073966724495
1.72845473251523
3.45003262513087
2.99836470307097
1.79314975487767
-3.02047029702896
-1.28517162164897
-2.54399909401156
-7.0856859886014
-10.0241952677633
-3.85232495297773
-10.5728147480802
-1.16223180172273
2.64542265307776
0.00121289587280593
2.91006344304147
4.43386516241236
5.31544850244666
10.1947642006264
10.5048812626194
0.287375234215849
4.07758436222679
0.638786669343867
-4.21098155996911
-5.74966383155158
-0.59469059089531
-10.0276815096418
-2.43175718505384
-3.51623623016534
-5.7150626843129
2.71781655866548
-6.86045265727267
-0.679474914733498
0.336735166557136
2.38663148801659
2.19163358279025
5.24974237442528
-0.72914159088073
3.52983437465229
2.84709241221323
-4.26771344551507
1.03719060982049
-1.56028112291962
-0.377416623858633
4.02568439110506
4.13632008987808
2.90120614317308
0.949246221431371
3.55079052457663
-5.09350925589903
1.78343133704704
-1.59698439096771
-0.687585893714327
-6.19147557375523
-3.98437367276812
-3.91469324019922
-0.434613276507509
-2.31347016973446
6.37733661473365
4.73932933685681
4.04538837164588
10.2196952338937
11.7391492094988
11.9025463059048
6.35756543281837
9.23592798300807
-7.4564119808782
-1.30558911884807
-0.605352985644097
-9.59139802915781
-10.4424138010338
-5.69506577299928
-7.32048770280473
-7.11351994607729
0.29364461248772
-6.40169133887782
0.345927041524743
1.0292867872588
3.93411840854341
-1.27133112277788
7.85243662562907
1.72632617020831
2.45866832599112
-2.0236047081381
2.54558976611895
-0.0927634403042801
1.92224541982876
-3.31717857448446
1.40376313115105
4.17268008113356
6.66535345230753
5.84039714551853
0.754585290505946
0.182100980889327
-1.10355228342862
-3.27177870904409
-1.62414738921586
-3.30217632014132
-3.50847462547921
-5.92295269127545
-1.19402281223783
-7.79290834918586
-3.22202774304187
3.2336372158376
2.32534591576295
6.19974039993339
9.60666440573538
10.556152867238
8.8199463637525
10.3911179590076
-0.563071555675016
0.457372775697731
0.177392490166911
-7.34966331741849
-5.16924918892743
-10.3509128739695
-12.3701428048658
-7.94955874017434
-4.61717843043305
-2.18050670200364
2.88977118227133
0.249222949821794
2.83649637539097
3.96916648021451
1.2110392808485
5.7915974378994
-0.0477677992328598
3.41785575144027
-3.20021373206547
-3.88274716194958
-2.9582470142104
-2.8764034788267
0.202804254238862
-1.45641874749843
1.16439611152887
-1.89723872242732
-4.17809238127419
2.52403275133809
-0.263587577103122
4.66475585858507
-2.56731192272609
-3.6906081955235
-1.48526354645949
-3.2850574555188
-5.87515320028035
-5.07239839984681
3.68901878341603
-1.61576970257998
6.16150729335468
2.02375871778535
2.07635316582725
10.7785890197948
12.4657960769899
2.89890676326803
8.94053444704572
3.35438191887158
-5.51325918106069
-0.656439279579822
-5.20657106890796
-7.75669292261953
-10.7557441222554
-5.86840068393191
-10.2390000920264
-1.49326927989764
-2.28884344913831
0.427794221975698
1.40780234126396
5.79927670648332
4.17681535249192
7.79114304115281
6.6429726752137
2.94685175242049
8.73221369142966
2.2834862038902
1.58559010174364
1.56776500842997
-2.61267485208558
-1.72066156742752
3.57136312732371
-2.37523090730672
-2.00759386615872
-1.06009815467783
0.934478476537862
-0.801916589744772
3.51764011465986
-1.80029733088707
-5.62404951656859
-5.11142494560907
0.429227949495993
1.17236749108485
-4.13370450373362
-1.40460836442487
-2.35220850142015
3.04011142258246
0.352772561914348
3.17300204128487
9.56258347966814
-0.336894124542046
8.90178731828473
2.56750991858863
6.11769148891545
-3.22462566680388
-6.13960383629771
-1.58658385169557
-10.1099969936067
-13.011834716119
-3.37633300617985
-8.26540997419671
-8.67302926966299
-2.94338085200452
-1.9213549815435
4.83368688877778
4.6958681475487
3.20011975601224
5.8646801162874
6.93114924654893
7.68286833229737
3.61583251542371
1.57161704404066
-5.81386239190544
-6.36392107749006
-3.72577265076712
-4.25541101614255
-2.93111673964421
-3.75554922167392
-6.39638766414369
2.65858709544238
2.22908910304201
1.19379109520178
2.97525126145602
-1.10315183318946
2.4568512975769
-1.83882681238337
0.146861693681543
-1.01327496725694
-6.77187822178861
-0.565782034486056
-4.62204413633927
0.0424296746486692
3.26966121069982
9.36812467909215
7.92113972288313
1.95329996972601
9.41949810451199
5.73165847956676
2.83373011314363
0.0935160886232036
-5.44537627349384
-11.2285507594192
-2.4980483278217
-4.89364194531668
-8.17885407333831
-2.78992569022832
-2.77374384637403
-0.707607431116482
3.96069913287416
4.90977574034709
8.13612079866865
5.10813503720636
5.72310690149852
12.1852455579861
10.1540039427143
2.95977701075689
-0.0921232507468245
-2.21636030600826
-2.96721660522195
-2.12991510600556
-7.78305849367961
-2.53996025346797
4.60241718921558
1.20058105030636
-5.72649862016365
3.36450238734433
0.798541349045999
-2.17975064720315
2.98141625387677
-0.443951880120651
-2.44971144812645
-1.73938977553884
2.1914165902898
0.158122631034622
-0.138323555985798
-0.288014432445885
3.79320507227997
2.43791438998229
4.44513653412456
7.34757399806954
5.70753710917665
2.44074950648664
-1.94375645281846
4.43873635211994
-1.89158456932398
-5.47382887781
-5.39799372138965
-11.6971713871028
-6.55697102941816
-9.72040073131231
-5.32307139747306
-6.42859628830546
-0.5954216991643
-2.48308709270322
5.08637336457503
7.02549221124545
12.1266226959577
13.0843237696621
3.70674884971543
5.63843864394643
1.95358008573701
-5.30871614970243
-6.35746246903408
1.68271473288634
-8.84307319664707
-9.05026448977641
-7.26151666334139
-6.40952194424181
0.133690392624423
-3.12522919516057
4.4212217971557
2.84694021646269
7.05499521986048
-1.63637660902185
0.682837979539143
2.45471679990941
-3.80257079851752
-3.27168535141185
3.59246295176338
8.55418683823692
2.18818361349499
5.54416833699815
1.74862340010229
6.1150321202976
0.981730180395824
3.81618969938546
1.82054052534975
2.38262951926238
-3.04349381717114
-2.96909247861533
0.531178281633506
-12.3804045980667
-13.2724356254294
-7.51298678938546
-6.34577665637556
-4.19897517153466
-0.679206603946613
-1.32061554685418
11.3775032015588
9.14577614387198
10.0877165572316
10.7268725555981
1.14058107719871
15.7499691532803
2.16708477236659
0.541360421593505
-3.76974583167198
-6.67569547637334
-2.44376820608904
-6.40456697287217
-8.4829541850737
-6.21414461480877
-3.82630343783045
0.918902035846552
2.14372622456196
4.26383210130753
3.77000361545542
0.299124814206889
6.67075395034526
5.18246049859267
7.26730757899935
0.0763779082492015
0.717357956967287
-0.186481914459827
-0.16406744843529
0.0329442978535007
-1.04134960790047
-3.20499121316672
2.82749193876786
3.36983258812172
-0.144878553289062
7.77431370713242
-2.40439541149943
-4.56751444427211
-2.63720542594219
-3.35149269633111
-5.88439311553889
-7.93125537868365
-2.54092378093646
-2.10687507562775
0.246984037874959
-1.55731830798168
5.6006960755096
8.97819640848479
13.006238950286
11.1010220924612
6.29187698344025
6.63411794559849
2.34707881065794
0.236314363868505
1.32474792949397
-6.59493416980629
-4.33681105911968
-7.35895373612023
-6.36136807256275
-6.91381850095706
-6.67216209877815
-8.22181641806994
-3.03270949981704
3.36682493015782
-0.708516333982417
2.12925120649646
2.91887910081995
8.47471727804764
0.964443969653396
2.99187388598075
2.5000180215979
7.68502287399154
-3.24273439436472
-2.78018232483275
2.98891948329104
-1.22390629124602
2.21841800732496
1.38161288854706
3.25820249639214
-1.6635044074579
0.565160753194593
-4.67432574416695
-1.80236926314025
-0.9361229029999
-9.51980767034021
-9.63545198257766
-3.44261986030534
-4.84660924459458
-8.08651320424349
6.56739668488311
3.74226379426735
-3.4677204388536
6.50910802338334
9.68388300876325
7.69349328251798
9.09915146701459
6.81788324627908
4.74758280191128
-4.70293063825428
-1.16592352375808
-2.66811255127935
-8.02006402735716
-8.90922213708876
-10.3902079607733
-10.7077143950459
-0.961513624667227
-4.79257859031422
-3.51823390135991
-2.12461513672093
2.82927518220884
8.68775922644847
2.76831173611671
2.40145663086903
3.5277159225973
2.74628150013123
3.13853689362622
-4.98157134543083
0.207781098506845
0.922529758577442
-1.34780213651512
-7.06518168859802
-0.5845884508861
-0.942251065186622
-0.748082071648387
-2.23967358986789
-6.77037902561467
-4.77763769190236
-7.36196246672689
-0.315193341772106
3.02641437921477
0.558263311197759
4.4509279808773
2.60718773778747
11.6741185830792
0.158201311809187
5.30961141141725
-2.24975208647505
3.1679369088477
-2.91948360507708
-3.83073330454069
-0.486396470685905
-5.73521143201655
-2.66654417656202
2.89044743827771
1.4737884676922
5.32559699804316
7.53662734993375
4.65328012016228
4.64233031458876
-1.25433772369913
0.404382660705084
-3.27116370076446
-0.50272467414417
-2.19615222509551
5.92400442830541
5.94820408657402
6.31455907019755
5.63757064463056
1.09217647335613
0.94890071234453
-0.28642961100457
0.811384191841369
-2.35679911169111
-4.02434055856019
-4.43024937863591
-2.00776755016241
3.42758895233392
6.80021374357903
2.75714191944603
3.62947448927353
3.79100456908443
4.82198320754111
4.94861076484229
-3.49397576550705
-3.88254280317332
-6.18421746107733
-1.75677380830064
2.5000991859436
1.02415056611242
0.960891052265756
7.61240308187667
4.05795043516054
0.513322997349768
-5.76924583680941
0.734735667067658
2.31605737762735
-3.59675263782048
-7.42215783156894
-3.99132750682208
-2.47414925669527
0.689344540374308
3.22769531249047
5.68354495149088
7.52232527169696
3.90353952458824
2.26865741043386
4.33623165989853
-2.419175944927
-4.58910973768509
-7.09198303973632
-7.99107907367562
-3.09523686249879
1.23910337750565
5.53787324635223
5.939566031804
6.17248534743145
1.30080697937642
0.666498698951308
-2.62673719973936
-3.66051417376065
-2.19644974611439
-1.26265309324813
-0.108877508691126
-1.17834461006012
1.66216807007357
1.45801722083455
4.14247391368868
1.36666207692263
3.25817716221612
5.56626059120381
-1.43636965832593
-4.74017825376674
-5.10446566602464
-5.87158281023371
-6.92198473084941
0.0106097501202778
1.49350829241524
5.59845621813248
1.79990214744888
2.98505516005611
6.38026039754151
6.53236717897089
2.06861374376084
-4.46561019994075
-2.54821248344988
-2.43888047090477
-1.92242385092333
1.52421360341745
-7.03354014266384
8.29454082680117
4.62461702352161
5.77283420076261
6.38887207680569
9.21014410527353
-1.94752598193793
-4.49713487089478
-7.86052827315039
0.674946072440599
-1.69098985900491
-3.14639782506056
2.66631594609449
2.7403044851943
8.4675857480065
-2.43518989524259
2.28444819747809
-0.477878797519037
-0.335594551886515
-6.11018557162851
-6.46704203821202
-2.14757326202897
-6.03020151227829
-1.87199231254202
3.94843651532445
4.76902052922052
7.33595070149665
7.78349348536717
-0.166531779521097
1.58978505299423
-0.36958937931646
-2.43893383907995
-5.50976721116752
-1.80760836888584
-1.19038580630499
-0.246499277628507
4.83676570304349
1.59082010260404
2.17413160638575
-0.200276444409385
5.23308617007829
0.0188654105773132
1.25749631640752
-3.03893501200199
-9.95228795555737
-5.25982978856028
-6.90956397468559
0.250514924913311
3.92673636658223
6.7909791789538
1.39964205485206
10.4290285789716
7.2969348900301
5.3999864193415
-4.67919471180728
-1.7680488722284
-3.08337452314911
-11.3165814278998
0.60250600352201
2.25243643733598
2.47284813321893
-1.17623581223344
-1.10850145276986
6.63570251407475
1.06371427683849
-0.341233763506783
1.66384485743467
-5.06258644941061
-0.790371279169548
-9.18591802055308
-4.71281019344175
-2.1211349059198
-0.146531605561827
3.72502776563749
6.60641186534342
4.74189571391666
2.76706378415116
2.85443571209928
4.67162614287359
5.94940591505489
-4.33634654014896
0.100374516310376
-2.25396458272615
-4.12741489121405
3.83857357752491
7.77748296940009
6.24469387682603
10.7462664123784
7.03286828046858
-2.64646941525888
-5.01456217003794
-4.41559906505188
-10.3722224571656
-0.678073068959687
0.0306914651736321
-0.7459308434274
-1.37345912313149
-3.44208126663565
4.25029852597051
9.50976917333371
3.03368779390238
1.82730947929165
-4.60534398171637
-5.05243271241297
-3.40322498834931
-4.74046903670937
-5.73117748059961
-3.16228959698567
2.46115468630847
3.26969309695219
5.0770653018275
4.15789850326082
3.29449738446247
3.91981673403685
1.4013576424548
-0.771673859358049
-7.01849522415764
0.745086546697853
1.2285178648125
-2.96874287464258
0.692756728785916
0.906317500736647
11.6904112504015
3.14568468962362
5.41759454402496
2.53078234418366
-1.13142763227979
-7.07493410783402
-2.72459554675437
-0.321784116233456
-8.03755781657545
-5.300370401399
2.11182142133121
3.67834623140998
5.78678337969944
1.06831881818312
2.19180004636398
2.50083953670489
1.27015809824776
-6.02893165516218
-5.40931016458373
-0.314139928255168
-1.62005600728882
-7.23412777195302
-1.12002991821142
-0.375000467756698
4.82052106639722
3.29944558626416
1.0379512594947
5.73856513620881
-1.71840711311245
-5.00234899122227
-1.99598228305837
-8.99225186166241
-2.51500052030171
3.7204375986871
-0.96464494466984
0.349546140381154
4.24968919043015
7.03147840236277
2.60317318567899
-2.28749271511656
-2.53774533133446
-5.45623193976999
2.04747443034666
-0.632034701867099
-1.94287907129812
-2.84202109217662
-2.09334814486723
4.78822983218718
2.41107808707018
4.96097522643076
0.875449663691096
1.47842602695981
0.241835875147283
-2.85281732509056
1.39734201077216
-6.61310850796469
-6.56964762024376
-1.27192674266962
-3.99861065373898
1.9292094478802
4.7957606650288
4.92144775341656
9.77598115314647
1.26983686848552
-2.32691940457406
-2.22095474167077
-5.58419966896906
-3.13318569290781
-8.34130218788603
-2.28436203892445
-0.487965938996886
3.05544221180981
9.83800369651383
7.81993244927065
7.27604474825387
1.7046851055772
-4.41820865598829
-0.874204574250845
-2.6329502180826
-2.14138604350036
-6.47454727701503
-0.494075600039073
7.14117229871252
4.16687069292359
4.08575225465578
6.58275697752102
1.66387149918844
1.64294174401892
0.48438146013306
1.63135855100904
-5.74097467360343
-7.07408978060285
2.38190031850492
-1.56929159732776
0.589975983466494
2.60836909758249
-4.94401716861509
-3.62424601844817
-8.15498434560544
-5.3617048221487
-4.36804580774491
-5.88014864078891
-5.22712421316232
-6.32292008445984
-5.75744794451397
-3.48751901014737
0.330656001298559
0.333936229036754
-0.378073580780681
2.81330135920528
9.13127504724239
-2.75853111674064
-1.67092884991151
-0.912713018729946
-0.311885265723045
2.38782145114881
-0.923063880107034
-1.2514578908495
2.34953529236637
-6.47055765628915
0.279699194904808
-5.27641664203602
0.886830676097672
3.10468698791606
1.48874706938346
-0.372654067429498
3.14155057167984
9.20197980125484
4.88972988082614
5.41295165888737
4.05801315234887
4.00660999406428
3.80184050190521
-2.63380068817014
1.97928766867813
-3.54922212198136
-4.6353571461507
-5.03432285433292
-1.11896473009866
-2.80411761230186
-6.88079230758281
-4.15088365456533
-5.10506382597978
-5.15589416033671
-3.55724839850149
-1.02689963073814
1.93883030898679
4.79070687057452
4.48173067167224
7.6876279775409
13.3741410493496
5.50722393894263
11.0642285785096
-1.24716764062801
0.841804057772517
2.53587716563651
2.69838461950882
-2.88497056394605
-2.05197823669856
-5.90860341871404
-3.404448875298
-2.18126618645727
-3.75453695673188
0.206373992220405
-0.959238211008614
-0.783404852138564
-0.771120103711249
4.53490101311633
1.88538797235235
1.51616205568772
-1.57380385212352
3.55924040564429
6.05160493441255
-6.75187568155993
-1.42960291302078
-2.92596302259615
-1.9400020461823
-4.79269557760646
-0.979954905732616
-2.86069368550197
-9.55833322580511
-6.14899952437894
0.0742867197417296
0.955961320155605
5.26608061366927
1.56053218627523
6.54374193458424
5.97409508802028
9.48698091748979
7.69215246688156
6.57076264403916
10.647747475028
1.66735504203153
-1.33823821375333
-0.824220711383104
-5.54411082465347
2.63499398084295
-5.07973029772299
-3.32440670069668
-3.47132627229643
-2.13490959353923
-3.35389879610034
-3.73135591193954
1.99483976277578
-7.93341352111196
0.108267326819689
0.261532463676077
0.334457751040733
-2.14970666750035
0.999878968507017
1.50014097556656
2.31060555464415
1.05866264322042
2.13437107069798
-0.701635332012702
-0.937371369258248
-4.6751650353746
-6.54342872365398
-6.71587858267669
-2.30362769550183
2.42007843452075
-5.8721842802947
-6.61892257714963
2.5710170967584
3.40619131770946
6.86626362571346
8.90038834760603
3.26558632155019
7.27393878531757
9.56134237494642
6.70706181941815
7.88133440050875
3.68337575925205
-0.708600382711816
2.31144065115543
-5.32984010228516
-7.06178859521828
-2.94428207650155
-2.99627049036895
-10.0937337790933
-3.56996030407395
-7.76006417923773
-9.76431894736142
1.83014998042125
-1.78570975841459
-4.36598769743268
7.44853156765786
-2.30401586680187
0.571321041123455
0.599673268649856
2.25629971550673
-2.02695022456438
-1.3646177245241
-3.96299630825022
4.35966356789852
-1.57122705575447
0.225111588164131
1.54629485493279
-2.62593933788669
-6.19593886353957
2.7394933590448
1.61514190549753
-3.12909126285919
-2.55379964383911
2.84651024204347
6.05150944243303
-0.335829402304576
4.63798842983932
3.78466995710038
0.183055024536594
7.05343656902113
-1.75606842082582
9.11880625691947
-2.699964357581
-1.87360018491687
-11.9316980194966
-4.95280510455724
-2.05569333267682
-8.54310663640726
-10.0876320401794
-5.98123207077067
-4.97630756699636
-1.58990817703728
-3.29429221858948
1.18689352181792
-2.55552097109701
-3.75805339113512
-0.258007215061592
4.89064877923798
3.92467198730844
4.06671122420032
1.60144606270265
5.91321312302284
-0.829597521473677
0.652546533833596
1.49379756446554
-6.067983549246
0.272556817136722
-0.664709227140125
-3.44222077951607
-1.45802843494319
-0.531057315148502
-0.976294275925966
-2.78361372294832
-0.697311779865851
-2.36680490380086
-3.52476853827969
4.62128308304477
0.354922734329658
4.88807682856527
4.14070957917492
4.40413716530838
1.0303116722528
-0.576755848397063
-0.124067824312647
-1.98160290205251
1.29551145983687
-6.897736772618
-6.26800357937198
-7.7134028604562
-0.922000498786564
-4.06995189191824
-0.537883641589248
-5.35645718466261
-2.07106953078257
1.47895135826369
10.1878610213839
0.0157590906534537
7.95534941519683
4.17299264412103
3.38201898268404
1.10809151030152
3.13430687377894
6.39864500068682
5.45091983250484
-1.43610335845553
-1.74246647348512
-1.57829199166256
-8.00248367073321
-4.89382539838982
-6.01872258101649
-9.89614895600439
2.20902809429951
-2.66537694435409
-2.06212913336918
-0.332105781346886
-5.40547677487532
-4.28367397299549
7.97875780881765
1.86669855912003
4.96285493380678
-1.85549343033642
2.17887292996731
1.2242509574183
-0.395836250092819
-1.31962728093711
-2.24221692727038
-3.86481917065783
-2.8620753994746
-3.99849130993517
-0.781387601203308
-3.4153097564428
8.58499843089246
-0.928667704285747
2.38387200523188
1.96803512133311
8.03761433338193
1.98772772083507
2.47288738909615
7.30745002237809
3.94571325667677
3.75737834829084
7.82473507678824
0.970708628102283
-0.132197025366484
-3.32453692276501
0.385035360900081
-6.50244332209096
-5.43800788771467
-7.44088772111272
-8.51107405123407
-8.77593680770999
-9.42877065722445
-2.71700293925294
-4.60141473770273
5.29199622078701
-0.154034324715621
-0.855244597503257
0.531888412773545
3.07674702728092
-2.17898189501158
1.68957911051642
1.68781921902631
2.60329349427027
0.0769431879621627
1.57058954188413
1.78856489266025
-0.960117121891853
-3.07962243035363
-0.0522273430821421
1.74567605249997
1.37236506836449
-0.419868924163568
0.961176779403592
-0.648395770561911
0.551555070424619
3.98149515228709
-2.04947418511357
2.42713258511263
6.96249715118164
5.65056741221906
-0.195651029268948
3.23088673027794
0.133254023430461
-2.53301096698231
-1.46044418050727
-5.15804080730682
-8.91999203222142
-2.21838350994932
-8.54315211194703
-6.23434583299952
-7.10372101448791
-4.30325509212488
3.92130541435064
-2.24631395151896
4.49624173016755
5.46346493514027
2.6233221456104
3.7517698305104
7.4263772604903
8.07492954519438
1.34950822789981
1.21463102094641
5.02460523216923
0.330987848214867
2.01396200628486
0.686088074070479
3.92553905298173
0.870324096006721
-1.0530846395399
-2.08094439180713
2.64635367509885
-0.571683539782737
2.7150765242207
-3.26915102794877
1.13456694625401
2.18109739765449
5.55404233849257
7.65209153470442
-0.128110658716901
8.06784354740624
-2.11334979309544
4.83383580427467
-2.474418208195
-1.60624546926155
-5.0622299849651
-3.04262437277679
-7.77716883924387
-1.92048590047245
0.288469359858245
-6.57039554596047
-6.93825952889925
-1.1349290143708
-2.03405238158566
-1.46532944547665
-0.560007229714882
3.09713151128657
4.64180730932837
11.8323912481504
5.00676575169555
4.81041146351051
10.3348328020519
0.863669607580707
4.78802041900939
-0.925587939711982
2.51988906156018
-3.99833162914452
-6.47582270275489
0.339554224530929
-3.85659038360687
-2.72896381703121
-2.82502733747693
-1.65333458768043
1.41820619636834
-1.25664169563316
0.483274207565779
-7.77506262471053
0.797343623138584
8.59583427163938
0.284193531436306
4.08598037537045
-1.03346299098476
7.57402681999776
3.61344666230843
-3.97686800648709
0.102076766081995
-0.414186301144119
-5.9573923129553
-2.23208885075197
-3.6613918739916
-8.36342288180314
-6.05583542725713
-2.05230813795104
0.939129283123816
-2.53060266659782
1.32601377594084
8.68366437921501
8.85527810375021
7.43832072452117
14.4580855759201
9.88414698487681
3.33532492220805
6.50233579215326
2.67927268839675
3.15224337094808
0.0713322377708319
-4.83566640594238
-6.91102006109965
-3.7881993396487
-4.53762180251295
-4.16865097420455
-4.83160759302218
-5.91326967155398
-7.78054832802574
-5.81731142147324
-1.5720607899718
-0.793759432290246
3.6774174388252
4.99956874762525
3.74805171148084
3.7284200557706
5.33482348005693
9.46246877640715
5.46635295748531
1.12885437638346
-0.746409963604846
4.0266185360545
0.841111397760721
-3.69463696576687
-3.12502130858
-3.17638535872705
1.67871660666092
-4.6567724093545
3.34514889515127
0.363162371102502
2.05580905264175
3.04030809666596
1.85184546493699
7.95544375843126
4.15580748212569
-1.61628135342236
2.00230552662353
-0.0532907901820057
2.68380444140078
-1.24286162997324
-4.24476749187569
-11.3639754626733
-2.25383750944429
-0.416293407354657
-4.7099224729823
-8.16035129144763
1.15431715389021
-7.2969745014431
2.07213280588699
-3.19153527688555
6.06105915943212
1.98362340980035
5.19133212260754
4.95605076141278
2.00912988603861
8.37114553691404
5.19381718381614
9.74598736440799
4.08072805826602
5.06615280329743
3.16322236231337
-1.06398495189877
-1.97987567138582
-10.4758953079462
-2.78792620129653
3.11529879523133
1.77114331830577
1.50094008073841
0.381124395313045
-6.05169588302202
1.65254164266264
3.43978960783419
5.44969706978602
3.74763890255832
3.3909604201871
2.54353217421633
5.06915336672588
-1.3809512171474
0.0621208132849307
-6.75661281898413
-9.54299137774196
-2.42063711093016
-3.74574766685411
-2.30769820554473
-3.4844486042412
-5.58890738095696
-9.49868043405166
-0.517354017770918
2.28937260922841
3.09047147229563
-1.45374224117318
3.49920224433483
7.68686278149955
10.5097944667875
10.5663712385661
4.95819242772097
6.06995701427334
2.98197595509489
1.53934785699119
-2.2700496812033
-4.00227833777948
4.15807124032932
3.28028739733674
5.63018507958262
-3.87143682502818
-0.0683869457824153
5.41411536156435
-2.97802981514301
7.20904831608949
-2.4994606678109
4.64112119045351
5.35185468048955
3.78176749776238
-0.364156425496285
-3.82984424543419
1.33890651110841
-3.00399556239268
0.368124443975457
-2.7944617506391
-4.33699610803295
-9.65615589632015
-1.7374062334126
-7.98213513948294
-0.02722395910709
-4.51328228784982
-1.93035427798508
-3.99642694947491
1.85364574030247
4.51349066614539
5.84762700126523
3.78177784477782
2.21526537852994
2.9919883779962
3.94068602256187
8.83994413338702
0.0575767821690456
-1.71294288356871
4.75049600403809
1.83893821675375
3.96292653918847
-3.14779006195931
6.7718279316943
0.407553493308726
-6.71065774004027
-0.473766158661887
-3.79487593443948
-5.64746099952525
-3.01862876300174
-2.95115050522613
0.573262189602397
-1.41866040965223
-4.4132952250417
-4.08734408004182
-0.137723727129909
-1.55687339250341
-4.17040125462625
0.208053303396713
4.37166977021311
-1.47348342028144
1.68956814839859
-1.53953882110972
0.100301146220363
8.12091813025664
-0.0904292888281089
5.36861551308339
7.34156171872801
-1.92379827873838
4.44419882977259
1.24346264942399
-4.19315528124746
5.40084568868395
0.815326715883539
1.22700398800378
-0.0755544202168659
3.94797911575555
-3.43827114906487
-8.98107309086918
-0.719721533075625
1.2641159680668
-6.08947717407831
-0.497820917600546
-3.70237112551955
1.1990098676439
-2.17804390711
6.12053631704911
-1.75255918976992
-0.0970085456346312
5.74507124000433
8.31012661899891
1.47670958097099
-0.51956547661492
-1.59384889525665
7.1783482921976
0.573919992368753
2.41306245781877
7.36954853276161
-0.726747620314926
7.33221514223939
1.5037635244073
3.96818480157269
1.66348996526578
3.24276268939535
-1.84057964515467
-2.34806089874347
-4.00129406352016
-1.26440483393566
-6.85637292351659
-7.48588443139211
2.21759800570693
-6.09529492193969
-3.74957390872204
-1.15408453034274
-1.46816636530594
-4.84012697103722
-0.403493740934437
-1.8768135887102
1.04674989313594
1.50647551738135
-2.37029130343119
0.222962002052925
3.57446064009044
4.58406643003398
0.721697847344574
7.94003347662261
1.10031372630969
5.19140233266367
4.65740324512014
1.23946825438671
6.53276631891711
1.83879484436795
2.87089282917563
0.970922696693853
-0.393241554076022
-1.27760436128429
-2.26573966998869
-2.73735739415456
-2.7767737312124
-7.68301961935837
-5.14571180464402
-6.78635119699512
-5.09389873313032
-2.83078877580233
-5.05834839360001
1.54248861667033
-1.50137543954496
-4.13377750345846
3.37409032997595
4.34839734017984
-1.78953705371627
0.77677316637786
0.47313412237815
1.03995215136896
6.45450851020387
3.97908352944336
8.37589656281916
3.57929516983647
4.26099853383638
0.719970854801364
1.48175057860203
-2.38852732080752
3.06409254593455
-0.873049497859697
-0.392468265792848
0.598357214314073
-1.46880054946491
-3.80514167147526
-1.11945812676151
-3.42569612235768
-4.08616481486446
-7.8758823096064
0.643144875447364
-1.75582382523148
-0.510227206668275
-2.68042718433518
-3.76430029791531
-2.32729946409145
3.37246832436745
-2.92454719692668
5.12906594925894
4.56831127022713
5.78500021047699
3.96277144243138
4.40718135401693
0.417070613431799
7.05566937157966
6.59913627743547
3.67549314183788
2.17954125240093
-0.354714693449621
-0.0249455081564922
4.89336911576763
-2.22881566078812
-3.56609046281497
2.45157039693749
-0.739820181156597
-3.50561413199082
-2.25172412936425
-5.16852404630811
1.26357127231273
-2.3087190585675
-2.29134791443378
-5.68022786018703
-7.47029218706668
-3.25619797766017
-7.26760390475129
0.780099692426538
-0.531883593627118
-6.30365639590369
-0.261253606505115
0.725833470662574
0.207625806196179
6.61749065580646
5.99732551490084
0.950792915035588
8.4071630125492
3.10902768788985
4.99782250241692
0.762187422239929
4.10007637479007
2.97364200501072
2.67864514376162
-1.96389376554885
-2.79248037365882
-4.23114783978368
0.83899684188839
-1.04056198857097
-5.90730343927492
-1.40746111632892
-7.62827095787901
0.176857196114685
-4.72665685190308
-3.37914357239842
-4.99386241042612
1.1564461574936
-7.70744529666511
-2.90592979945531
-4.38295611792684
-0.197298063335327
0.545896061252545
5.56368880859697
1.10643906796196
5.33774795286851
0.750747813318088
4.68577924374013
1.01163270257696
-2.64763914722931
4.57693099650065
3.01467301572154
2.04189258081517
4.66639794319762
2.60481609814524
3.24975222969808
4.53559982917278
1.03000744434141
-1.41006157125568
0.345110236974602
0.0752344861551344
-1.85223111964812
0.40993053321569
-1.7894991618446
-3.96413488220987
-3.30940908858223
-4.16083151140329
4.2351991892278
-5.11359017166862
2.87416238208136
0.234567841824816
0.368539775629838
0.884634844153253
-2.96468024758087
-0.483556666720326
0.102983951122622
1.40907882923543
4.96920592039809
1.90982442093856
5.23403856737149
3.95398890802193
6.19692813737895
-0.679405393731391
0.593583987479322
4.83499975929214
8.25646577056024
0.773910207764652
2.37720221646812
0.222409920076473
0.600924746403484
1.64008774056727
-0.321845420208086
1.88117919567398
2.84296870273882
-10.6244976740626
-9.53119594604175
-1.75840738646527
-1.67796992361372
-4.05763330141014
-5.84932612598064
5.51232052709293
2.90230650406512
1.54193353344532
0.536399442237574
-0.338656681877408
1.12578377856781
3.84825665028392
6.62948558127135
5.93750519340471
0.728103318423527
-0.857442527558038
0.0211518782979971
2.42116855285808
3.80532871808216
2.56742293739565
3.50818380526185
-3.55518235194232
-2.25877053950904
-1.53233208474133
-0.209329201048962
-6.58693518620774
-2.90138008042509
-6.65295263827613
-3.81699292743539
-6.18384745261295
-1.96818247579962
-3.40513139784424
-1.95488438466213
2.09302168726154
-11.251638219879
2.65987582733401
0.441328039599236
-0.69500615503009
5.0137142082628
3.05027940254978
5.75108122897735
-1.66941791384879
5.91912411670648
-0.777490265193555
3.48818521850223
3.8055893421031
2.51310439258419
-3.10241646894452
-0.586260364176733
3.16813340240949
-0.787073593037208
0.64218913939326
-1.04992855882042
-2.34667429511596
4.78295889772769
-8.06720059065709
-1.36522610504396
-3.50835043553688
-5.66731686779734
-4.72442102811448
-8.65104110803437
-6.07093629824862
-3.01842581186611
-3.17984679342139
1.38715692543639
1.4107888065679
-5.14456251741458
0.598328025063056
3.21703266021312
4.7402695373873
2.22106485530898
-1.24909197522332
-2.2375335056482
1.7237304672909
4.84070712072145
0.777020279480552
2.86619516904681
1.3558983901876
3.20702021923159
3.69815529252259
3.44613240977581
0.0376273761089017
0.480802185527341
4.1612432475242
-1.26399770488248
-1.88296369630233
-4.22121199767886
-3.85090972624874
-5.41221345493556
-4.48265130781086
-5.20726258444795
-6.00866841381717
-4.59269104807259
-2.36688347658232
1.87394639313632
-4.92964933506643
4.06756525391983
-0.732354841495606
-3.95345547474078
5.33848378749585
2.79307280274206
3.25609288371829
2.08139363873454
3.34965699725599
-1.17480806994515
5.34708261789051
4.32304388295236
3.54497191818014
0.671860830306221
1.09139743882613
-3.18763550068196
4.90982072060695
3.38158435707703
0.0854254590630663
-7.14059547243125
-5.99768154039222
-0.456436045876148
-2.42004625873863
-1.44357933963001
-4.83345869867182
-2.27101498661214
-5.79386855943046
2.97021709048261
1.85761432952889
-1.4416588775445
-2.02804676185103
-4.21310642577063
2.77194865859548
-4.31879057709251
2.68816024914609
8.38302371130147
4.00170698933772
4.51980063515024
7.05588052974383
10.7664322006784
1.57544573761291
1.35647887663858
0.33412215013978
3.16411232392746
-3.3864325623324
-0.234471509855152
0.737095116459416
2.83471906831538
-2.97012981388638
1.10016710222612
-10.825532926173
-1.70850389630747
-4.00087831176181
-6.85569486958728
-4.84579845504787
-6.18414838697379
-4.89985683291027
-2.08111547729123
0.456239335713461
-4.20107228771905
1.89162736461805
3.66514442810084
-1.17140427283248
2.14527566845834
3.08307747292321
1.75507287329381
-0.308398848050628
2.98078729414113
4.41012228994765
7.97921831453444
1.3236541142478
4.30180219269474
3.76468902002546
2.03212208373869
2.25209316129546
1.04337468551288
-2.60218987026567
-0.818176247864118
-3.73110835863183
-3.37525380202026
-1.68326045561777
-1.39456090405266
-6.9314831340144
-7.07122990095515
-1.38686706223953
-2.17719122175532
-3.94781734570714
-4.23940699208513
-1.93321749463985
0.311372900162264
0.601839439402845
-3.7265027971392
-0.198142326386221
1.4883913880424
4.87823054994853
-1.50189101953557
2.63610671131736
6.44704563932181
4.31428932739417
4.12950104091651
5.53439303069299
4.77618782415317
1.944635898944
-2.32873599152616
3.24226465889441
-0.382307594836821
-1.46611159732172
-3.33476669106025
-1.77988467322027
-2.55513445276382
1.46639084929138
-4.09002597219711
-3.65844992499535
-2.37064913806455
-5.15182865743782
-3.83667898828969
-6.41270746612707
1.25035803977669
-7.54856711573197
1.88587088412036
0.737259719563858
1.65207925506707
0.437997791539383
-6.02279271678773
7.5763103608562
6.20779905345016
-0.56512656499429
3.05229177646295
8.52377612371661
4.2802360004691
7.8252630822398
3.22319889617887
3.20471644244576
-1.70014897779212
5.81656112535667
4.13531976725359
-3.42697822262182
-0.506954592702674
-5.50454034862229
-0.961247593696044
-4.01433800540733
-5.14235613629837
-3.37385052558471
-0.344380660704465
-1.38558640423483
-2.24414672516429
-2.63768106040228
-2.22385258981344
-8.61873655814313
-4.65631559500491
-7.22277693143852
-12.3945570402337
-7.51754681931227
-7.49006947866306
-2.79812934953219
-1.66338339650335
6.44306347513129
2.06367497871354
7.5584971205119
3.93883063433695
7.0761047494466
7.08642539470205
4.3760790159605
1.21644482494799
-1.55701086718931
-2.12055310360129
-2.15438902754272
-0.212254607534081
0.300576869064683
-5.81564350155142
-4.98349005693967
-3.86643076197651
-0.215846766185556
2.66372109661778
0.325851313806852
-7.93450909927656
3.77695676192533
-1.68997939207896
-3.32503576493749
-1.55687833350729
0.825588287716521
-0.843350347145013
-0.463709457723256
2.66035864336361
2.24205834539703
5.02938826784688
9.31439664586793
5.90086193793424
5.8655422613281
6.91538096345623
1.90241538178589
0.37903039562253
0.84292762189637
-7.81562963047123
-4.97036065965031
-13.2903890751506
-10.257508571061
-9.80689017303481
-6.8059966621371
-5.5332294387732
-0.153293255545923
6.29292920327957
7.52768205720199
8.11467644258614
7.01692925297535
4.40466819445723
4.76428578460303
5.58743049653906
-3.82905845655866
0.796783798977151
-5.19445085466055
-3.76130272426505
-1.41198588506867
-2.43319967810839
-5.64853083490747
-2.88259735756063
-1.78152261836962
3.5037448785065
-4.12254030764648
2.02306880455214
0.557085028683162
1.12177290873822
-2.05379379103801
3.09969402743577
1.89546223813247
1.83782265175805
1.597631146424
4.42752406266634
-0.728986907845187
2.05847533320495
5.28360514999033
8.9037309834989
5.88836419455615
6.16647136942827
1.05434067936973
5.17487036342716
1.83772141033248
-5.14258308326905
-4.49452873908032
-9.69937701464945
-6.5539446706998
-3.64855182293212
-8.53001958630811
-1.5259675581987
-1.58538697889125
4.98293984139117
5.33109324240344
6.45496245045693
12.3329685682176
8.81523837485215
8.57742999541279
12.3176052961896
10.1789367126909
3.79524033296349
-2.06070068098829
-7.48446770921761
-5.07750070540533
-7.70299164410719
-7.0446879721704
-4.74968075208619
-2.61992563777037
-0.51985954785256
-5.86996636896324
-3.66210110746058
0.178067541350595
3.29148167985095
5.35479092909116
-6.44029496575003
1.95402255597706
-1.56872719657594
-2.38663988557041
-6.61978571395566
-2.46339575110173
2.72741245978951
-2.78153880991197
2.96565198975723
-1.43675430167959
6.86172548652553
3.49818516090308
3.78611607951623
-0.483144968145434
-1.82942878784988
-3.25926303838879
-4.77889183166758
-11.0868874384581
-5.09375972368423
-9.73950994377743
-3.02031169938968
-5.04010230050046
4.05546423898443
2.07173185419586
0.294223257987619
10.9211823248822
7.92934825338091
6.96189563306307
10.1370398399924
6.13118666133175
6.83143790295702
0.590898502529084
2.88727499593801
-7.31198384089074
-7.45174033970349
-9.44065761663803
-6.28183289185267
-3.40702234716954
-4.90579251120563
-0.707978343024629
0.152098305874929
-4.2040379978836
-0.0262789566836648
4.06592721269503
0.565291502643785
3.94788275791473
4.19955728835524
3.78842016501258
-0.994654530587424
2.37752742055021
3.57276458500107
1.28362218622329
-3.3483328276394
2.13346313116514
-0.90313919244046
0.40451078708133
1.40189087847516
3.68694216842745
-2.57992857601883
3.51936740128325
-2.11470493436319
-5.91292201281198
-9.01245748200178
-8.63477161536901
-4.38319503779509
-0.778073474540823
-2.90192737996092
-3.53832387667624
2.19164255841223
8.40264631601996
10.7250151517551
7.76019516933994
5.74543281741304
9.70964917169449
4.15184541672435
9.35701326012836
-0.0785818416058086
-3.64123953010562
-1.60789295812261
-10.2683715415774
-6.76596872417074
-9.3622724378496
-7.79245769152073
-4.87289675849656
-6.15709455053845
-2.36350611100371
-2.52185775108492
6.7711004451563
5.33044228525058
5.02978937964771
5.3371676113584
2.49351363326782
0.172752105480772
-5.0810639741654
-4.94844493060406
1.33641091497548
-3.44949208418282
2.36234251781344
-0.797810463562771
3.02303904073226
0.607550338252904
-0.362754966536497
0.578345785821874
4.02377999991879
-3.69601276676287
-0.546761971593462
-11.9502576793081
0.814316236243403
-7.81596239418268
-3.20618911561622
0.641600848854241
-2.54691409841614
1.23304780494593
0.0466278107662932
13.9435731251638
8.99280076522829
6.50420285443984
8.80745548325982
8.15367012375746
6.75240612494938
-4.16486439774216
-5.33371516079688
-0.703482318784128
-4.7314024705661
-9.14249858801618
-10.1679528025949
-7.75082073460397
-7.02820129972919
-6.02967003374458
-6.22381267621803
-1.46458641056239
0.125596390246439
5.39049331444977
2.09719617751295
6.9324992334319
4.28189443906874
7.78198234862207
4.26551818142499
1.89233457675828
-3.45448415289278
-2.01288194918096
1.28767062463693
2.88664043188323
-5.82866211201525
-5.54073013367174
-1.48915457851584
-3.01068857489495
0.942710240124044
-4.63942689783592
-1.56087397421072
-4.65911473160481
-4.78920576886725
-8.35501411234318
-6.19430348484015
-4.16205316639005
-1.71017440761193
-4.35560292763669
4.35260521479931
4.71595081016996
4.52152770588441
9.0465128467714
10.0649364110505
11.1441239782531
3.46049092873119
2.81435438419122
3.96595673945918
-0.937235829967523
-8.12884503287504
-14.3847372236166
-12.8864249627169
-14.9088434266673
-9.13268135336975
-5.6127716966266
-2.89613945365225
-0.689006429745233
0.723734908122398
9.74163626149853
8.68830504319352
1.49345689633517
3.90089456586669
12.2576550761638
2.29941890555371
0.763309119196058
4.29582409271081
-1.12721245342201
3.60989189575218
-5.6674267289192
-0.601003843352296
-3.07154289409956
-2.3596986281707
-0.937949470444459
-6.12750698261166
1.5850085861313
-0.880305820191813
-0.976968973554606
-0.989906254899197
-3.70054516853828
-6.07712853374522
-6.48372737425298
-1.50968007456956
-1.4086945055354
-1.71334405663883
6.6052028319479
2.79305182540276
7.14486442454294
6.34884060639053
5.33731771832305
10.4091859043891
8.46532560866259
0.82082018046314
-3.9948930794635
-4.8433059890633
-6.66307113762565
-3.38722089624617
-8.17816929348573
-10.1769454200162
-7.57640964480848
-8.53356428423947
-1.43257501003918
5.86389867244946
6.06955658179321
8.06314265629412
5.15262845333479
-0.599313882998997
10.3294594142611
8.32758036850323
2.88562619815082
-0.335506130677214
4.82615565447569
-6.13198043107753
-2.43071384035033
-3.8315960756416
-6.69365930472349
-4.40455458548265
2.39857534805201
-7.32555628700433
-7.91052829269166
1.36256844048273
-2.85007385015384
-1.55766376327069
-2.48120412358578
-5.6473670167403
-2.49500309048062
-0.0902445882155787
2.94940830147043
2.52026773825418
-3.5615021994328
2.94946832609245
6.59437533855828
3.30180149994693
11.9999930468491
6.36744550229424
0.119190229481656
3.92095923501649
-0.725941135065372
-4.04483456285243
-8.52330595477408
-5.90583335411053
-5.68479815379205
-1.94865529659769
-8.36093859894861
-7.73235276822287
-5.50217653656315
-1.14064708617404
2.192746201441
5.59026758334557
7.45809829416398
6.74746825293948
6.38587108752181
8.64220110821139
2.25479933049832
2.27895495135603
-6.95587798367738
-5.30454999976775
-1.70576722591581
-5.72518645962218
-10.0636192303054
-2.83274469767546
0.12944746113278
-2.55804664148972
-5.30095898079736
3.38404830798441
-1.05168153250973
4.83444287028261
-2.98256819079178
-1.95547848779744
1.2391788959909
0.450483864060138
2.37213961435362
-2.68375865822169
3.35811768841747
3.53218354165528
0.0451186906993186
7.75230323539425
4.47096027692421
8.93232051316916
5.99188421879505
-1.64764421963414
2.14966619455479
-3.66397207021269
-5.32765111336465
-9.03002081691318
-6.11897947878332
-7.84372117289272
-12.0090100587009
-8.628690401352
-5.35503352144047
-1.20579324132599
0.905482228803224
5.87856861737372
8.54130730582586
7.40158707457716
5.77130533493958
7.02230933659806
10.4896369633442
3.91928742407166
6.52988949764403
-1.64772780356077
-5.75451849285493
-3.19791486898628
-5.93480416250207
-6.09960709210645
-7.48145820902285
-5.79941879238319
-7.83858031784684
3.44163518047433
-5.86721212185762
2.71821767049497
-0.904843171895617
-3.07107506754597
3.88984140623182
0.202023503359382
-0.99519306832879
1.47547018674881
-0.840104884581709
1.09396761824598
2.33392692582301
-0.210891347558754
2.79186391440798
6.30653448605249
4.54338948324623
6.88124069948947
5.08609912675082
-6.32910061869769
3.18652262409759
-2.85467223272926
-9.81619139574357
-7.80090373332629
-9.72825627884962
-5.37952001675532
-8.010823586891
-6.26726487830369
-2.16519666753766
2.00755611804595
3.12375086758386
11.357292516024
8.26367917143579
5.58786680703475
9.93564574165565
6.07375538473079
4.28767436434769
-1.06854070204937
-0.363808159176837
-4.72145239694448
-6.42253175350826
-12.8250170252491
-8.61790837679077
-11.5393679543775
-2.07805994116462
-4.26848144212669
2.59008315401563
-2.11225159397686
2.1955050395131
2.5790238627518
4.81502999743326
2.91294462295674
6.91521753685585
-1.65927996903873
1.95718973543443
-1.0171583060154
3.38189792360863
3.43833494264737
4.14679963283565
3.95026353062575
4.21848340608087
5.16202080460602
-0.970844130227724
-2.8125526646561
0.6122973158091
-0.850667157699163
-2.11874803941085
-2.5184017079153
-2.71477546877927
-12.4171773277953
-5.73210401685313
-3.99903140311016
-7.11715893769556
-0.554580035273245
8.74752041728761
4.35453998986437
6.35756629628724
3.62196415775123
9.08647590251177
9.44362188098702
5.65244712837559
0.126819488500238
-1.26160341651519
-4.00091922050791
-0.1486899806615
-4.10375823930839
-8.33533334323817
-8.11902719364868
-2.44932097229635
-3.64744204530638
-1.88625650620877
-0.0759371796851843
4.14711541135498
0.655765187630839
-0.990699273939558
4.30654224062697
7.72719658968492
-2.2191336859509
5.18552284719064
-1.03098250835878
2.25977955933274
0.772539978198667
1.19622091207854
-7.67641935728225
-4.02331418641685
1.32219153970364
3.80833493828332
3.43130134236919
-0.761790018208976
-0.334884738038901
-1.36703003197232
-3.23002495080985
-1.69999306761448
-8.88703762488694
-3.29644149547187
-2.8833798783534
-7.32726700666107
-8.31743831939482
2.65921887983382
5.12238502864574
3.15613158260941
9.23225392871634
6.94754569136057
6.28667446508313
6.04820752686032
4.76772864109004
5.9970573424491
-1.32260969994267
-6.65906912757844
-10.149475293714
-11.1818656348344
-10.0448615069234
-9.39114504866111
-7.43122694073847
-2.57573552445609
0.14737491734611
0.82462074949603
3.77969131854067
11.1008763635943
9.60949930737288
7.61843452256869
7.84406987824663
2.24622604608823
2.47354797986936
3.06497572129818
-2.50345822972543
2.51163942033561
-8.36061094153897
-3.04939473547192
-4.15513893069861
-2.0309784674496
-0.770458522310262
-1.76215350104933
0.335381860429454
-7.13840935686408
-2.78538837096159
-3.11503587914098
-4.64525519301622
-5.38605335334181
-3.71284750066393
-3.47565660479086
-0.664910907018581
2.81824130083071
7.16503596966632
0.0360763930039258
3.25695550055534
10.5109334956105
11.7764876746817
8.96891749582137
8.11577180781853
7.61903241209498
-3.01842874901534
-4.68108889927952
-4.40307061905428
-4.94491247514395
-11.1523633367618
-5.63087744314425
-1.2195817133444
-1.70560726513785
-3.05158331300336
-4.09686752532211
3.73850107732665
10.2737279211992
8.75245090669369
5.67235179301507
7.77200205639067
5.95064336985347
3.39279048347892
-1.30615609721125
5.33121989709296
6.09258825014369
-0.289788980821911
-1.31195748953391
-1.13601660386775
-3.88641658957801
0.640330965320822
-2.65042297884412
-5.30708625105634
5.81114031894397
3.07526012175846
-1.73814462576427
-5.27663122930283
0.691048595811488
-3.39602439796106
-1.15615648771332
-2.26089649954443
-2.44394080603139
1.76716554215643
6.56128979374525
5.05128237677861
4.1330097382747
10.4200326728289
7.71908716844848
9.32721490157456
3.22824952531319
3.46105952114232
-2.28720988563033
-6.28129331551938
-5.30543927870363
-13.7702789173606
-12.2512854642533
-3.13837077207884
-7.39481526067658
-5.44525855354504
-4.82310505652207
1.96558456196633
4.96746065462342
4.78205401340905
7.50326486930074
5.86604676167986
7.67073558000156
4.26941567024265
3.24921027274489
3.44369190908319
2.65908144016108
-4.86245724793472
-5.21035735308727
-5.7649053296546
-4.44190203766607
-2.47780565569431
-8.06850376440129
-2.71127031364512
-2.06166963870606
-1.01369168017437
1.00459475975205
-2.68500144964247
-6.4292233609073
-1.97334244189565
0.319239292241559
1.21550959619924
-3.69483311469843
0.696639980409391
-4.43482123929285
3.2639752318969
4.43661714086819
8.15710185535516
3.31979861712172
4.32362198580075
6.64458032639217
0.376942153175245
0.976594238228745
-8.44391336267427
-2.62176726950332
-7.86364215298235
-9.89116704557564
-8.1007028305284
-6.44179575402867
-8.09606422138035
-4.83161916430208
-2.35299317118866
2.25539731643042
9.75182065193275
9.32547918777425
5.99582760155736
6.63777133311372
6.77743006077103
2.25256644004664
2.70336637646148
-2.12981323461782
1.20633292783948
-8.46252940640351
-6.55781927606525
-8.97138811735995
-10.4966446585538
-10.2009804804972
0.775992987893288
-0.970330230390685
-1.54120870640133
-0.222497887956202
-1.40482566809738
6.03410073200172
2.25698748673319
1.59635836818629
2.84753340975401
-2.47997220945592
-3.1569322579129
-1.56441842516763
-2.05703722709557
-1.35576634548177
5.5542098917998
6.73369768362452
1.44741170460462
7.7661475826087
6.18748638783862
3.34813556943148
-4.80604275250228
0.959120496760179
-6.80934523693709
-7.64105230906331
-12.1064384834445
-3.11136473152505
-3.8340651278131
-8.5920743885296
-5.41042983474206
-7.40421749214906
-1.50317194191171
9.09546251353407
9.92952393031845
11.7440189108508
7.09434795084736
6.11117048759625
1.58219091557623
-1.85934772973501
-1.17883163967337
-5.49200397363815
2.61184279769245
-5.88880873255491
-4.65138692175254
-2.6322993694165
-4.56372821242392
-2.53408245738912
0.697099380635961
-0.182294719018494
-0.91854487704008
4.70469815424592
3.34384678058161
4.30494285923801
1.34259542052045
-3.17801104386283
0.837608148545513
1.13494298864026
-0.406381921791535
4.69434145579365
2.11489563515685
-0.0465908400032942
2.82713767438217
4.52051191748782
-0.719744513268167
0.803827203714765
1.82746142767793
-3.31090567248894
-5.31605970167688
-4.64304974297643
-8.22164004408713
-10.1981547243738
-10.8738740154035
-5.33332351660838
-7.03303413919303
-3.19008949816953
-1.15617441446522
4.64910372771376
8.03258162758349
10.5147331012755
7.65019380990854
4.25244250709718
3.29814910257566
2.20056942210969
2.21582869184771
-5.77207941336704
-4.08825695956931
-4.62466364573176
-5.2266657949793
-5.34002472212855
-5.0273024663147
-11.2018559732819
-0.726894715133137
3.26605600776001
3.86916754795491
6.60618449218715
2.0560225418671
2.98656928258365
9.18067620634401
2.62856794143874
5.20418982038739
3.23808381197888
2.20176591295069
9.82094239897964
0.690820840259321
0.387490465305833
4.26897217936768
3.58015909166478
-0.972153997858869
7.18639845285617
2.65153964917788
-3.88242578770697
-2.13824577942674
-2.40603785195799
-5.61448726483969
-6.81920049040351
-7.54378096454681
-7.92282688217238
-2.68561712662488
0.805459360735778
4.33707036717132
2.30072611605794
7.46302841611472
6.59692450017081
15.3463030442646
8.15503695864079
7.35199072932071
9.54774783007697
0.0337172514310073
4.11152578122133
-5.93997400573167
2.88285436805533
-13.9835615578111
-10.0367367890456
-5.3903363834757
-0.942126416942743
-3.66004032084633
2.46813094232226
-4.00583072417184
4.30813785290608
1.9429763445699
6.99944113334899
6.11826741062366
7.34910461097122
4.71758977681948
-0.900290619289736
-1.16451046981546
-1.94896882287098
3.45950233804162
2.02532444062652
2.30682208546007
5.44447520886311
-0.73182423480636
2.35962303875765
-2.53058687465706
-1.6577896423173
-5.12599719265726
-8.23416888875058
-8.09654259817754
-4.91406054644693
-3.44946789059557
-0.252286759122972
-8.24277674983681
-4.27227911760569
-6.36004256158845
4.19751635078519
8.88595008322029
8.97434877409994
12.1464157772779
12.2043161653156
10.799726128609
6.90915845270252
-2.74210147694302
-0.766041918169952
0.0927551109227416
-3.76828453212711
-5.56898520078069
-2.22941624623805
-8.96528062052149
-10.5864784491655
-10.4618187891285
-3.28610769880472
1.08446238105415
1.29367453816596
5.42363503702268
0.873117534738214
10.4261994476222
3.20384801743546
4.08356653702643
10.4582348242316
3.42235270008016
-0.998016621297218
2.67948255811655
0.936024985206386
0.470447572206885
-2.22249684200597
-2.22599941040539
-0.898133040681773
2.58055213050577
1.13575743849003
-0.97886472005768
0.924364818478083
-4.8424681678566
3.27748923190687
-7.11419475302392
-10.1237929818404
-6.26859115323408
0.165167352386383
2.40431131505265
2.41585907081867
2.35604868203358
1.39900909949296
10.0743738402124
5.36545331126082
5.14352026866926
6.68905783114721
2.87011891333847
-1.72800208292904
1.90960185700495
0.399314941564035
-7.67882149785726
-13.3703471631926
-4.33309768175432
-4.21818528118875
-6.57104760074874
-7.36692384656746
-5.05962036878799
1.33986719726248
4.61126892205486
2.33043988670459
5.26316443676791
3.2889496401501
9.75155045191606
7.26390342777666
1.75097683863656
7.46396789935062
-1.43810894634268
-2.598650098587
-3.72537343571342
-1.65587676789706
-6.32108446758733
-1.02864348011683
-1.08010186391685
1.16527078182715
2.73679541244032
-0.505217389791105
-4.06576715089593
4.50964843342097
3.91857746255396
-0.517073682357986
-0.535663750743419
0.00923516000405344
-5.16310019257954
-1.8642532130522
5.18173255580223
1.07759250370035
-1.28601096584069
6.55985839006099
5.05096965130865
4.62257903866213
4.89999670317288
3.05887357731869
1.42994997864517
-4.18911992668343
-7.51102329124912
-6.83599805696904
-9.38713476392574
-10.1538370903327
-9.59454935283848
-6.182684147328
-6.33887281785607
-1.4676906370782
2.0033424036044
5.14380420100829
6.06230322219618
1.46755712378948
8.40171969315374
3.66157381914651
5.11208742245997
7.08010530913758
0.297758273686667
0.0156684037000513
0.191575711925883
-6.50029657727845
-5.77365523969017
1.94940694054667
0.770782908411322
2.79527609510595
3.32781246724308
5.88083854469311
-1.67289097715432
-4.57816208141933
3.61405000740538
0.720289245895758
-2.41743693924754
-3.6879486101787
0.894178663810242
2.65405555465374
1.21764942789739
-0.379764379786466
6.05827640865725
0.212247962634005
12.3013672803321
5.02301763844857
6.03470378737969
3.22350988137391
6.75434759716533
5.27658290637535
-4.74723446867992
-6.00053425997825
-6.84500748166958
-14.4655080531836
-7.25123584281244
-10.2124902251031
-7.86413225878034
-3.8014502295238
3.41280652390341
-0.411530247176675
5.25608915451787
2.56180902198045
10.2897027465148
7.01082533496819
9.11768872443491
7.38012946692077
1.88804065469489
-3.19330663652655
0.888737229296891
-4.30496429834225
-7.86892892816302
-8.45823008144981
-4.89794789489593
-6.5167494871899
4.7952559007146
3.53318220371459
0.826496347996644
-1.11404774686519
2.41957136988798
5.19034665885844
1.32390912840103
4.79093378400517
2.16879067484793
3.31198499144734
-1.9780388822156
-5.92997010173174
-0.387230221044875
0.559146457806404
5.05401906780408
9.31714593735185
8.53378495004243
3.03638647378559
2.78994663476254
3.71742701952537
0.0894947576308769
-8.54495914842785
-7.71706093046203
-14.9982252151259
-9.20586183815084
-10.1183414251002
-4.93579637599539
-1.05814606202322
-1.45828915991825
-4.29418389494941
6.41497796216971
10.9567245457933
10.4967186430318
8.37246683338818
7.69274369034542
4.54317501397462
3.23277406435719
7.68300020284716
-3.97147999931522
-3.34654991282653
-0.601031814399152
-2.84954997156554
-6.28820232922269
-2.21464109401869
-2.57756817912921
-1.45302790608764
-3.22636597621642
-3.10597091711024
-0.861012058542429
-5.36056204389179
6.39467042824985
-1.3442576166805
2.17856209885558
-1.02839309748147
-0.107597710727768
-3.07838106775528
4.41175708597365
4.60212590215787
0.230670809181071
5.64313351051446
1.64303517067086
4.39948723707727
3.10905301087194
-0.563965938908117
-0.0588901446023437
-0.304641980106545
-4.91026192263815
-5.02708377694458
-2.96279569774144
-12.4381429603838
-9.54698544398418
-6.32401962605308
-4.59850460019184
-1.47328498333101
4.12009463883122
2.78397519758689
10.8432595683929
12.2666249920668
11.2507027791736
11.4304398912286
7.40377618012771
1.54269435054667
-1.97997900960448
-4.30061085757294
-7.19862830890684
-1.92184274707227
-11.501018702048
0.449127753074572
-4.96768912725
-5.8429677894286
-4.5185223432149
-2.02509667433644
-1.19006597472896
3.14995977622018
4.73470022100407
-0.756834842803599
4.35043030061787
1.20901245326599
5.06318180226454
0.697809247521711
0.043249863081684
0.657658131966787
-2.24220192115768
-5.21415841156879
-3.39982459663648
-0.833036286947081
-0.0827004636505619
4.61818473988523
4.06051681188902
2.39869516973939
-2.13461534370013
-7.03956228500862
-2.74510820231796
-6.80351067704881
0.183357308888082
-5.9941386157077
-8.54051024784314
-1.80508016561313
0.229031619659328
7.67540442483825
4.12317231527336
11.3493612464837
11.733587908915
13.1393327844511
7.61004589946589
8.83071710956726
6.42206923542409
2.58058507495945
-4.94952120773628
-11.1131872244952
-4.72540146237474
-11.5862226177397
-7.51739013125111
-5.4557723882943
-3.65606716665143
-3.88271539699389
2.78606811646773
6.00521654463403
2.41137289021468
7.04387193934782
2.95556913873279
7.69129435797969
1.2250043534136
2.49516828927536
1.01909127942993
-0.229220329719288
-2.55771981895497
2.1319139480039
-1.84774802636296
6.45069092690505
2.0954774650734
6.8306252547183
7.01870917683612
-0.452461785943675
1.28754739986561
-1.74601034981449
-3.76652117842211
-7.01442289673662
-1.35595196951243
-5.97683623933517
-5.90259419277749
-0.074542716828133
1.07542028034019
-5.10265847139119
2.73943503681816
3.66843495904881
7.48223394952505
12.1878796586908
10.5745759352217
9.02704604278502
3.65462804673457
1.95807911692247
-3.15269089372684
-3.86267462991927
-7.58813228276167
-12.1339412955199
-12.2762981326872
-9.22486588118207
-6.38176758270423
-6.1331463695905
3.12359599072736
0.903079889898243
3.90868199953413
4.04861567153883
6.73121090400222
4.48825837709847
1.56859318217661
0.814173798634947
4.92626966642014
-2.9073241239301
-0.499926402078565
-1.71944129451087
-2.24823211849486
0.794076890754321
-0.428547575042715
-0.509924757133615
-0.730837970097423
0.954723932514071
3.12741680162504
0.143089211161366
-1.65339209894301
-2.76689242364244
-3.77453511224201
-1.60131140875027
-6.38371401071667
-3.49866383585403
-1.72735407929154
4.20165119012501
2.6675597949476
3.42373320673945
1.14702632997837
9.02265701694017
2.18547605593835
10.4105426768263
1.65511588873929
3.0162157481337
-4.10423804139051
-5.98804472905157
-5.20701034918673
-9.01301662816407
-4.39189539933419
-10.2626253543847
-9.79298278499995
-5.89934550228847
-7.1848192875466
-5.02855618635334
1.30956594652401
3.0149378761685
12.4356029617322
8.22853051432936
10.4577961424537
5.58514215925364
4.71160488413487
2.21602577232189
-1.05934702382822
-0.502249817676609
-1.49189041122071
4.17353808291067
-5.80520550080355
4.12271181614607
-4.61778230267116
-0.776033112466879
4.59431529289484
1.72839376062506
0.0578908259830272
-3.08686259030322
-2.0040666100992
-6.18410269950238
-2.83652272939342
-6.34415872465011
-3.37638958826534
-7.21055570055121
-0.193709796779288
3.90136835424147
5.25467668285585
4.82993173425857
6.59917834658108
6.53957998628818
4.46905988811835
6.44529679091714
3.39869981614153
0.239239575254215
2.38153861185571
-7.41802814264697
-8.42808103544974
-11.6442832632428
-10.0472957841622
-11.0585972523917
-4.43630130193597
-4.08457073010382
1.45435251900439
9.14271827760185
8.3641190688894
7.48004443056506
7.55968004041253
7.83592789524142
5.84987249661863
6.68816080329094
1.26386422074667
-6.7433188538989
-1.05255851515458
-6.29128388317705
-5.76016441217901
-5.40636483833557
-3.78786912632879
-3.18279524776712
-0.830171969874218
0.90922261751048
0.607289689532148
4.72091160510453
-1.33699518806002
-2.148206051506
3.11531009397455
-6.79819800095568
-6.57749674881632
-1.93466251958515
-3.17708836189821
3.47549328711451
1.52552854596556
4.74907695657646
8.07586247308905
3.21913744301708
5.42699473521983
3.9488783460561
1.56798714751055
-0.632834185974042
-4.66701149068263
-6.69455468995691
-4.22060987159603
-9.42038545814647
-7.28458087577345
-11.294207405736
-6.91148122549018
-3.38733278328306
-1.46007167677969
2.57776615598677
7.7750884777117
5.09304408558236
1.1307859046099
10.6097835206374
4.18439201212335
7.85242386934958
9.95402753283184
4.85116020727061
-4.3380646144966
-4.54147122179811
-2.81178254484999
-0.133674960484421
-5.56500066974684
2.47121440914565
-0.0817001374228217
0.376150063753441
5.57936481229578
0.840991448704441
0.880824277342422
-3.66211958745577
0.93877800115209
-0.201308727340722
-5.06844173518005
2.33410164107638
6.19401473982986
-1.88251003885532
-0.177456621158905
2.78421895862618
5.79449635751672
4.29288870065043
1.046970167109
7.39917737728109
4.07288852568817
3.55033403304066
-2.86062343054202
2.40659540589369
-6.56246024710437
-10.7446523053829
-12.08953796759
-7.56430100358219
-9.85116672325058
-5.24676109359397
1.50049205377691
1.5419284728284
-0.341551942223607
3.63889911176896
9.52417201431702
10.8510503409504
9.77961247378486
3.99172596695777
4.7511627687541
1.12660409070605
3.15945377973898
-0.55269894258331
-3.02596090095848
-2.61540017022184
-3.34391618154194
-6.21780799312759
-5.00302080319977
-2.28005682988807
3.83806678541899
1.13399542475896
-0.629983270088676
3.14000047854236
-0.834778163336961
0.751914975106017
1.44684279068219
3.88490018456252
-0.316321946294208
-0.414344146281751
6.24314055665418
-0.489998934620632
0.796792916276229
2.84862540620943
-2.13445419061136
0.331650097390825
1.31729536747291
3.23714983242506
0.626663699344054
-2.77261784464178
-4.37899514184515
-2.98236820126756
-10.4386971334151
-10.8763938254437
-6.34155026801747
-2.65561288488243
-2.50975845788806
2.9775767901788
7.37584780285566
0.570387382474766
5.29168087818521
4.60373284281681
11.021585297334
3.27428148334129
5.67582331139359
6.94843358812978
0.300200805237802
-2.9637803011221
-5.5801084526438
-4.77393111099984
-7.39112675268379
-5.20013392997439
-0.719618578231557
-2.62487493436399
-6.71644460540604
6.69183498697757
5.5470113389055
1.01857685669459
1.80156352248666
3.80008449823589
3.58552156829811
7.43570898528526
1.80126555969461
-2.58017180373565
-3.51851732030716
-0.677373634509375
-2.30141735770529
3.1816002744176
5.82669075863973
6.25672753824278
2.49647450766937
-2.05827059289135
0.275089713654444
0.637166157560037
-3.95318289065088
-0.333913740144528
-12.1050379781642
-5.94390849258039
-3.98117441358849
-4.97505613415439
-7.55699780399571
0.741311157607052
2.18911898297388
-2.90422897657185
1.59430368171112
8.05616243775226
13.4992230084419
8.40082963118657
6.68941741019322
-0.562025953895228
-2.03674686154382
1.7761818816826
-4.68193066850653
-4.84115650696594
0.741017081463037
-5.28007557512243
-1.12279136384944
2.12879034528323
0.727461286415721
4.35792784380675
6.50518389766108
-1.68007118601505
2.34128747568553
-2.28649375648604
-2.64579409305775
-10.5502071161667
-6.02616574229073
-6.87840356644993
-9.24618256027646
-12.997617001024
-13.2611243027457
-4.56331553593432
4.02327587066445
12.2977142742426
14.8012241860621
8.28606498539679
8.329336402282
4.43685953667805
10.4047636421887
3.24200572663156
3.68888869071133
3.33382662836701
-3.05885666097878
-11.4874909338924
-6.07608245029992
-11.0240073809427
-3.06886123646625
3.04725211562488
0.181565579677645
7.99305517408131
1.29379015191707
1.92357660403687
3.02396762520729
2.58109330559195
6.56661106533161
3.8957215461717
1.02331158155097
1.89641747369405
-8.46808289503658
-4.47981314715139
-3.8239496053528
1.51010688638362
1.30546187238406
5.41624062095251
10.3107442140965
0.318516264399913
11.6529512080593
-0.678792100678129
7.23578140339258
3.616686610085
-0.189275425453308
-5.52249571062788
-12.156451495299
-16.4772983415305
-7.15531899673426
-3.13461942682623
1.30631331222846
-2.48730452600366
2.9569493831889
3.84391785146205
7.35078179122145
8.78764620058135
9.52722563401244
8.97228939462522
3.87178443158564
1.96404941249331
-5.43419514151891
-3.59396749661267
-3.91574611975295
-4.84046857482563
-4.62420153761041
0.803970280189701
-7.93776785444964
-1.68234444083684
-0.0157468029133218
0.0992502868358316
1.58451820865203
2.5067664995914
-2.69555217098833
-0.80235125024406
-5.9294271730977
-2.67523571760222
-1.47133008522751
-9.01563272499774
-3.61004209207854
-3.36883136474011
-0.355803227196546
-0.199633110930193
2.05553943833997
7.69254200056941
11.8099210762888
11.8692531521771
-0.635993372864906
6.13507519830356
0.97682942239949
-3.00742068156469
-0.660345383102229
-4.99056445276581
-9.71625674705482
-13.9921235794773
-12.5987612741338
-6.0823540133149
-6.70273052422162
-0.875514784140426
4.1734021325559
4.89875388708596
2.85495092376423
-3.13331150048909
5.07223654125403
-4.55353354578053
1.45394417704028
4.95788653921295
0.436035251601911
-0.793835802532475
-4.99980016175231
-5.60127146366589
3.55146027112262
2.58345237069382
7.17485688840684
8.71244898376674
-0.435105108460707
11.9623206279048
-0.18225973025838
0.563318155708381
-4.19050360505957
-7.29611971492067
-0.869323158980253
-6.25257597756541
-9.12351029448991
-8.90669958410571
-4.02015623172835
-4.7534376864207
6.40365339170731
6.62109452829752
5.44184166412825
6.93846926414321
7.75280710152541
7.43505655052815
6.14151269459249
5.36395766910628
1.90245816873081
-1.21443553681384
-5.30602893934421
-14.2037453814182
-6.42533114726533
-10.656146881606
1.80783957933983
-3.87096789789296
-2.51326898978392
0.315139572560916
1.23309889674375
-1.79820016302916
7.29950743631349
9.81872383375313
3.60259073983896
-0.432468173555105
-1.29480984682522
-8.50998680427175
-9.00977577988705
0.334821669833328
-6.81814644499298
-0.611846409388877
5.03372020280747
1.83328877795935
2.98363187028765
6.18844360526661
8.28591311965385
10.2054190851243
0.0833237989932121
-2.17806192751551
-7.57143974018842
-12.6420088220788
-11.2760018477799
-12.9749583875975
-8.01121350662881
-10.7201423505856
-7.03517808036282
-1.2249492821694
0.0861123141262142
4.44163571422834
6.53990752350982
13.2882421801349
7.53536074986766
14.5869318424175
1.83968304101762
-3.2378704507374
-4.89719952552345
0.431153895055727
0.827052979615591
1.53460748221758
-4.86419398448719
5.63765433873562
6.93081223945373
1.12468132321968
3.18218491104098
4.04094802610769
3.94439560726895
0.598881502769514
3.1908068087344
4.36578594802658
4.7974733936621
4.86551549919745
4.45928694838851
-2.21970344600203
0.0900558518365969
-2.20542501597322
1.53045536578903
-1.90585897886072
-1.80983663790542
-6.09225025751529
-1.77266892968359
-0.680704692731862
-2.86125130266327
-6.42325927818288
-2.80302342931216
-1.66422730949885
-1.09092021154316
-5.69794463398982
0.725378434351045
-1.61679612143088
3.1962300654999
-0.403698462792321
3.68858839042042
-0.526919941229281
7.67221698877748
3.32114095641509
1.56378701265234
-0.0515896334122514
-2.40477934967646
4.33830051332912
2.41230904710501
1.39452518642007
-3.18848641117036
-0.753038284897583
-1.67223143355645
-2.34988270932386
-4.40657863345782
-3.13660248490546
-5.165687407267
-1.42425928888151
-2.43111475462033
-0.292228368684766
-4.6261201488823
-6.01360368063346
-9.20033224371016
-6.3082566730798
3.6367551138131
-2.22130493819649
-0.0524592462884559
2.83471926166531
0.0754400869815335
6.38074332185654
0.603050574937033
4.28088847122535
3.28916617930452
5.54779887863244
-1.77938751059486
4.04457753262467
5.7020065022065
5.43195124615291
-0.0640322149350281
0.891822071843998
3.41067204908481
-0.324934403547719
1.84996307853163
-2.83973482022978
-5.80689017084021
-5.62438258229148
-0.50448262915028
-0.148251708994455
-0.845919219606111
-8.74161771735905
-0.416648456610699
-4.59758659130933
-0.103923724856823
-1.02919925084422
0.236209605520632
-2.21086074787991
-1.81311838310335
-1.18782360750095
0.422936097565828
-1.16297249691778
-1.18034636454966
7.02618459905986
5.88860509924762
-0.0567979764564335
11.1635306587916
3.51939459702622
4.93783860857499
1.35099918211022
2.68890761276246
3.46441661124344
1.46792803709038
-0.988570782679611
-0.612710108735886
-0.773678853686095
-8.07978309461996
-5.70022681702344
-5.05351560777048
-1.58520072844155
-7.65571337255613
-6.26728053301861
0.673546627811877
-6.05716989555363
-5.47272682089957
-5.66458314702249
-0.415179233577183
-1.53235009343085
-0.892914952934633
3.80146355639072
5.15985048860033
1.7048353409536
1.66463486028953
1.44449170613962
6.03141430464679
1.52006763158713
7.87930412863237
1.33311418204235
3.32953961254611
4.82001342415007
3.69431524618735
-1.56337029018472
1.22856727099355
0.466137998656735
6.74983703384701
-2.96446391566083
1.96686757571317
-0.0826718018536599
-3.87127930128279
-2.53334827936187
-4.40684161952239
-6.44111590571714
-6.29879081059427
-4.21546206186205
-8.97144169814995
0.638134622515773
-2.43686074611418
-3.4586521852932
-2.88085768126358
-3.20923840676815
-2.06728801449187
-0.275117179768847
6.70034142952847
4.09959998128264
-0.252959008741645
4.38938883100465
5.15155517589406
3.72856454534644
3.93354184825663
7.58765329201437
2.36928700297534
4.72326399999159
-0.747950937648423
6.22705700411324
0.545772865838376
0.900328007344985
-1.8399276055296
-4.16681397630665
-4.31376997620728
-6.25972750132837
-5.33418937895678
-2.26687720769307
-2.77849156555337
-5.87011359699525
-7.15464373775385
3.36876776781116
-6.18395175225579
-6.41623327987049
0.753444274924298
-1.87236073204698
-0.232130847285673
-4.99177385459908
-1.29538066595984
3.33268186677267
-0.253287830209883
8.36382717670069
2.13140256262826
7.13242448409079
10.204578431688
0.906516482514237
0.622360853321862
8.61976974125237
4.28859391409572
-2.8264521545078
-4.61834796417295
1.12508293311981
-3.89319001826691
-3.50570240588953
1.03159220827216
-0.511246965717259
-1.09090316633662
-4.88564365441844
-2.69560319753905
-4.2119509468167
-6.48431025445519
-2.95121382936543
-2.38259912245536
-1.07478594309388
-4.04341988227835
1.16974028003789
2.83787023118416
2.19751348169394
2.44736787307752
3.89224149087919
7.49209813469031
7.2818536786042
2.18681581261434
3.2337311158817
0.827196362841206
4.17133061703419
1.24645347115649
6.40298922684306
2.42424226023075
1.78139238989864
-0.00443549225112409
3.09038837489288
-1.43828651674694
-3.04051850511394
-3.2597766588305
-3.8713988142639
-1.93961393860881
2.46709774557142
-3.26545749481885
-4.87144884653914
0.355629988727429
-7.83126152991785
-3.06874079975255
1.24518613185969
4.49138308761943
-0.0864797186905646
-0.0969716631352306
2.22448557611321
1.36450498767297
4.72388304358012
5.96667701299129
3.41449494027332
-1.07454928908265
3.2901410375983
3.05152996846401
2.35997853185917
8.3961094017863
0.239033420999513
1.97681591939728
-0.0778443212680837
6.1304971563886
-5.24121849411493
-4.04737774984577
-6.17059041394607
-5.76048124668274
-2.50914714947842
-3.5440538746333
-6.52147568689651
-3.1048201807458
1.28279296712488
-1.26923632753387
4.17043972680757
-7.23665921014016
-1.3729799343398
-2.28292460143212
-2.72782794860454
-1.48428949860206
-2.6797049272349
1.01866301536156
6.84080273187639
5.1946900192109
6.48991267461227
6.79922628543205
0.329216610362749
8.34390764387231
6.51245724445983
1.33129099290926
2.69823083081906
5.43720510312918
3.74094737346298
2.5340624991109
-2.92301463046716
-4.76731098450182
1.29035399728032
-4.70470391513776
-2.20337465198731
-1.33110906265053
-4.57503642962125
-3.85725451318786
-2.62573786556689
-7.61986241987238
-1.87777370301927
-1.38059574876382
2.82658877372038
0.683727501100114
3.10698393655801
0.431678430660907
6.183178678589
-3.48230013852644
0.624991374836417
2.17936244201506
-1.04436963548515
3.90681606405956
2.24828720772674
6.56409289109485
7.70427830778201
1.75872342330192
9.12016413023806
1.0485189628705
3.83899016112074
0.173134070831917
-0.645849005899127
-3.19783652867629
-3.93976675873943
-1.49187091823508
-1.52441278745807
-4.35297353452954
-2.92209954727783
-6.26754777845128
-0.795009957512745
-7.27166125277563
-2.39286711705698
-0.943223707380653
-0.343182301658083
-0.0133691044060323
-0.0612007285314985
4.73371987255387
-2.09949162272815
5.45909249781882
1.89499290061649
2.64684207594533
6.89201918650991
3.8752585658732
1.9471656558228
6.39942301754485
4.18995229306527
5.64262403101454
0.768801850832378
2.03636264304604
-2.64240892148949
2.47932677895927
-0.88035531740464
-0.239633882324097
-2.08650946402203
0.94450441315892
-3.91346927083574
-4.93406928613587
2.42826455638206
-1.72641302895255
2.24882337832269
-2.13904123121428
-0.0824508285624468
-8.69017237877086
-5.46512537452858
-2.93161242983635
-4.83895419942047
2.63241537026616
0.16021718271198
1.60939282317142
2.48737386689155
0.680119944124514
5.25314223474602
1.41425781460555
2.78582895098516
1.88532714591428
-3.36796202787807
1.63633361318151
4.77174965561774
1.9823628881642
-0.791367608525049
-0.214534438534227
-5.2971806935505
-0.86344560831821
-7.05611769866427
-1.18858048654031
-5.50391715444132
-2.92372865347605
0.181544799368259
-2.37717442674306
-3.37738417682368
-0.526733488375454
-0.615454317118147
-1.06270223974846
-2.3795817188599
5.20562942424557
1.16639425742561
7.8106877151941
0.659388685714995
7.49803133969671
7.58350232594178
2.33247906742284
8.38102851194452
1.0328646861222
6.96238873856107
1.51773345454498
3.02936106513162
7.23489133027865
0.748588854013375
2.70207350352851
0.503822210991204
-1.55697815799134
-3.94884292384454
-2.07589629539502
-4.64917692675088
-4.69289719450528
-5.76936180798487
-7.31753769925734
-3.29321237005851
-6.69829972137723
-3.18737760112049
-2.91726730147596
2.26299228687424
1.42969981475738
-1.69037366881151
2.02984125222107
-2.17021130913605
-3.25794365999098
-2.80212809384181
3.54821437458209
0.374763172604589
4.11559033878835
10.323071313999
-0.376636609909655
3.76345998273701
1.98120269040997
5.64133561711096
6.52672887682074
4.36593369781331
-1.72277175771367
1.88931867511019
-0.877882349707422
-2.83555549969447
-1.05919991386453
-0.108466886734771
-4.68768782906
-5.01654893325906
-4.97656129109549
-3.2378710295942
-2.28096070478653
-7.66590125573422
3.23608326504771
1.03535447380829
0.796235715149553
-0.978012421254753
2.27043424704646
-2.3695860268059
5.64780398041423
1.25217616023453
-2.24540205492252
4.96056129230831
4.83531003589078
6.04908170197075
1.09724401981266
7.88274261020114
2.94332936143138
4.15809912023315
4.13391717792031
0.855009323532727
2.32693129394708
1.93012721654218
-2.23125787237234
-6.40489003679089
-2.96058671310574
-4.12684110080046
-5.98787049316154
-4.77341853256476
3.07516725389632
-8.27406364495738
-0.00954071106271437
-2.33846911252032
-0.821698973912158
-2.64393630797421
-0.150969137632602
-1.52215442377695
-0.629668587316581
-0.488580616877345
4.14886281063485
1.77401210029154
6.04318038129037
2.54825623368627
9.8278606932877
3.59779167261916
10.7154449273459
4.01590434926206
3.05902460895354
4.16278106116781
7.43845105754801
1.68835161044531
3.80953577203832
2.99973310084282
0.412090364578088
-0.220989805942375
-6.63798771835922
-3.09176149302609
-0.255770391080286
-2.71516647502311
-2.23671728392032
-5.85944569785685
-1.35119691019761
0.133995834607743
-3.64937490248873
