"x"
5.90223574253502
7.45730574550687
6.94689551427966
4.59575380726901
2.48795766367783
2.21514678515941
1.24499075582183
-4.59702155903648
-0.874872928921753
-6.71142364609914
-7.44143580386649
-3.26589151535065
-3.64136098776098
-3.84056910216905
-4.87374581593
-1.48857955935027
-0.615926380075007
5.1726346644356
9.62750358580311
3.78728199413421
6.62875865432924
-2.3189796337087
6.40068820237497
2.90945517561904
1.33803097217133
-3.17177337332469
-2.06995824759261
3.58699259916247
-3.82896234740268
-0.342878101988448
4.04011622352671
-2.15428904007728
2.91773083474142
-5.49516889504507
-2.43487187040996
-6.86137146058117
-5.65853227124795
-7.94463144226589
-5.6993940045557
-4.8807883777024
-8.33056298592405
-0.448122294862088
3.10353342864333
3.39226459800312
0.0361458657308891
5.12807870516776
10.3289059595403
9.42495204142144
6.96572644015118
7.88405533463677
-2.80649472560059
0.525384652846314
-11.1970929554301
-7.85617781623344
-6.55259312451234
-12.1351655670712
-7.59198079938355
-6.32078606110122
-1.95605198473586
1.96900823291109
-1.47197209513917
4.4002968168663
2.885154941748
5.55912798626875
7.27518263957016
3.76016663574497
0.487456398277858
2.62632769860356
-3.66921421176034
-2.90029625473657
1.91963322613376
1.77569295931877
1.99997738416455
2.75033316659389
-1.36157238913844
0.155282309854908
-1.01352712079007
-1.68689434211652
-5.17263069056085
-2.9074176484238
-2.96180172527412
0.139564203719693
-7.26595466269117
-10.5050404554074
-4.26788359170795
-7.3023399501424
1.72191537325513
-2.92188360578301
2.88047844899296
9.4313613102426
1.99600125205301
1.39057983631882
9.56464936800574
8.02144604203381
4.97097691263234
-0.775913772572992
-4.63972932931549
-4.6773416809435
-9.6277916831601
-10.1822714869408
-9.55738820239803
-3.6372395464404
-11.8772244510738
-2.93175469463444
-1.49064698211952
3.50518020277945
8.74579913710321
9.9056994919161
12.4100258812545
5.79094964845139
4.16977665695184
1.24221856173092
5.53413111248473
0.0827171610153431
-1.59932742063957
2.72648429060685
-2.83671418750016
-2.09854879559885
-4.46046176982131
-1.54860656834398
0.123505084345476
-1.74342284311593
0.262404795727958
-0.880551703458063
-1.19999980630715
0.270186608685172
-6.35075040907398
-4.54365409878807
-0.579907448087762
-3.40289994344301
-0.818157161405121
-2.5902343800391
-0.569182387356599
1.16804921779525
5.21341121758786
8.92075000531767
9.71811012407231
6.50686399638286
3.55276073123786
0.930172272845678
2.02589917061077
-8.77860569951605
-4.27110355694217
-6.93750365268213
-7.31254443048721
-10.7237506269277
-3.49439137476649
-5.46824661375684
-0.0233261317542741
-1.61796892523917
1.39299865549459
7.83935177011252
5.02869762047226
8.05459239453475
6.91760049152462
8.45672170918064
4.91536512897109
-1.42219141979737
-2.95623988600647
-1.98912961055858
-1.71090289887289
-4.05478939456549
-0.267138255221314
-2.10309130727316
-1.13039878875294
1.9273128337081
-4.55097303050897
4.82334222797226
-3.87601222346061
-4.50349194288372
-0.0458056235468931
-6.10850166985305
0.0499824144592993
-4.0485095730013
3.56159818602751
-2.59290130434787
3.64759474647068
8.41255223545746
9.73437140969081
4.02261670692898
4.70418954005241
8.9264839810243
3.08535014903461
7.36880763140886
-4.6369773089502
-3.09178799212843
-3.87896585298418
-3.86330942235716
-16.7737111235677
-5.91797699883375
-11.0626238317017
-4.4373530887101
-4.86007694489618
-0.376773917481962
1.14610578063325
6.46713531522463
7.25948921267251
9.3559987280344
4.47317523946749
10.6177681922481
6.95102199712876
-0.38352406308788
-1.78952837512623
3.43170794396952
-3.40655676903091
-4.03898730345901
-6.09864136257081
-1.70376355346866
-5.18998436810278
-5.83276709903567
-1.75970975526485
3.09976039894188
1.22232528132671
0.816448198181294
2.44413484772707
-0.592601571217946
-0.784504944061561
-2.16267534191177
-1.14395471517066
1.38441610408442
5.03380866815302
-1.26541806702817
6.62631327310715
2.31748115919778
5.28127027173212
10.0916238020598
3.99956637701369
4.74491383974052
0.117711862696552
-1.10300734484794
-6.82295880852403
-0.460641846870567
-9.13372978671367
-8.12238478549424
-4.4496439447175
-4.09880231418754
-3.27169806539762
-6.62644273767086
5.81484953213833
2.23196224767133
5.89555979833727
7.25794683327205
7.84802224086568
8.59804484255524
10.8812876557887
3.33324829633494
1.80654234167563
-1.22280570714416
-2.63217102106506
-8.74869423184342
1.59302340074683
-3.55865814613759
-2.80765561488813
-1.74117874369687
0.899623143095571
-0.647666658508846
-1.19832196838825
-0.46374978313983
-0.408511821605755
3.5457424381513
2.60038240644012
-3.92467978441695
5.99895501985063
-5.99907015037468
0.339152167633126
-1.01539086973412
-0.132241510086157
5.24287406833691
-1.60584361621779
0.377658415216399
2.16178339352739
4.8161905155056
0.787294791507553
2.26482652363192
-0.0648411119201628
-8.4768738987757
-2.16841919396034
-9.60705937808825
-6.36658332985328
-7.74271393448204
-4.4139063577249
-4.23106474056453
-1.17704498298261
1.64134668742809
5.4829691812224
7.30897118180532
7.43670189014554
13.7127417778773
5.71349744626044
8.7284684297571
0.126613797129191
-4.05599368479695
-2.45441981887443
-0.00444079655642415
-7.94475954307521
-2.65064284805631
-3.75108449386207
-7.83640777208104
-3.63487562739283
-6.98722151042539
0.24204854477051
3.11983242581275
6.83578035806682
7.19526678801101
6.65611860786152
3.44052892116577
-2.42985858448037
-5.13087293382258
-0.618865631773774
3.23532505594528
0.538184842493308
0.390516008888611
4.11534859093977
1.82924825727508
3.35103222367611
3.72787083386622
0.110436840462588
-0.40014454789829
0.516466305254607
-10.1634298990307
0.0451253009292354
-5.69349468616773
-5.06429650815508
-7.93423282263935
-3.52640215344655
-4.44881792125303
-1.31186986241284
2.08839820248304
-5.80708260017189
2.56758263006256
11.9114662244737
13.8404634346212
4.47936031258372
17.4396681883922
6.90151373191989
0.33274200788385
-1.47604430609976
-2.42396068652341
-4.64835648095501
-11.1040394845395
-12.235974708599
-7.93427334490208
-7.60403008317472
-1.16297882921452
1.48892359174013
0.491276360426718
6.84118926152346
2.08834793782166
7.8742251962909
3.5606337435125
3.49488416596899
3.55261983864222
0.559095816155441
1.91868310040012
-5.04198251422288
0.591085197691885
-2.60446163315234
1.78012841485047
0.237312278391243
5.5614155336906
6.33093782739567
2.48529433686801
0.152403138967938
-6.44407226182142
-5.1691394198573
-4.47396267923351
-9.59460020456705
-2.5658026852715
-6.28179551604326
-6.63401221152682
-2.70398970770282
1.00210761297625
2.11656960876468
3.32660916256801
9.83693457251486
9.53130895930372
9.85339000695515
10.043674764083
6.14244021237385
3.12322347566048
0.945236494886407
-4.16197787655068
-9.71056781149966
-3.21962392134832
-9.78765111882859
-5.9418840829988
-5.22256427359949
-5.57058522026338
-1.9882259053122
-5.06562275268411
-0.860275444547419
11.6929246597788
2.44407707936832
5.39079685626473
10.8536041787948
6.95474943802204
2.50993489978627
-1.11174880906978
2.31565003037988
-0.212788653182833
0.976249408961599
1.28395315981624
0.638063973482055
-1.77449020823345
3.88997926248352
1.26196005019627
-0.944871940082308
0.77652422314853
-3.416635917692
-0.860087483919384
-9.02274524174675
-5.38041829171859
-2.82975260504793
-2.95166830843756
-5.04888662805151
1.58222771268805
5.23554599871935
1.49907405077881
3.25531216750449
2.59053563571435
7.55483292280757
5.93069300711453
6.81590976468327
6.0189602207891
-0.823055193117941
-5.5248513483776
-0.820351106212573
-9.55102809534523
-4.68253611949102
-8.60452513228648
-12.0974017865215
-9.9637996571447
-2.20435756092618
-4.55934398904017
-3.76492745690716
1.2993255544494
12.3919293539655
6.05595017724325
7.11020972148337
6.36046215408995
4.45996794866532
3.75149694772585
-2.26187797193935
-0.57023140190849
1.73198546629517
1.19400432284983
-2.11291577178497
2.34316304349275
3.73150627474817
-1.15166393527465
-2.45573757160728
-2.71950751870285
-7.35996906561998
3.30707990063336
-4.90446595244452
-3.15726399987073
-5.4506858662911
-6.92567105650326
-6.26828974514898
1.20060016119939
3.93307061635046
-0.0617853984581558
0.724842737733605
4.27357308043942
4.40384098083269
4.81471449038624
10.9215544767181
5.64281317970676
1.98599049329006
2.27559973259968
-5.86646681958286
-8.35359800431879
-4.14409863620128
-12.4018940061063
-8.93805415689747
-12.227336500357
-2.12335761596697
0.0512159470536595
1.00858772105759
4.43288566803001
4.55190510118176
10.1780951055112
7.99413546504581
11.4236450834981
11.5140707929267
9.78998352634841
2.09372001167878
-0.985555788348234
-1.39083813605287
-0.223499614636262
-3.03182203392564
2.43694019797014
-3.19287992916357
-0.927877789331976
-0.928340291792814
-0.54336176426879
-1.533315793374
2.76896882034354
2.09824097401658
3.46045091429386
-2.96395619607574
0.179352976985454
-7.21308814114264
0.0980603523243171
-3.25027326624044
3.87034572475473
-1.39237279508212
4.2544308854062
5.92594997317184
9.57766299010197
-0.100870226558206
3.41152352867245
8.20656204834714
3.79826900086831
-5.13361982505988
0.198408770315311
0.330671345430566
-9.97007438386087
-6.86652212511917
-12.6473990063109
-11.288387016464
-8.86873859754416
1.21459007169415
2.94823378307724
2.70412044019277
12.4624855444397
9.0708926201136
5.69226869221699
6.63567081300795
2.66156185471818
6.93188080637106
8.08967113948614
0.821113465994426
-5.4385789124951
-4.53451362081225
-5.40560721117147
-7.26934312201181
-2.67681166560017
0.471101828597337
1.91843712923996
2.04110367450558
0.380498112334765
0.653387351661017
1.9353548483667
2.15285593465718
-2.02241466981561
1.29330866255856
0.717994752998264
1.20226945881466
-2.38902024581227
-1.17981977466111
1.96486315318928
9.84828929586582
11.6540650029933
10.9896910904597
4.69130244138293
2.75563307230086
8.44271185287388
5.19423616394232
-4.39073564421853
-5.05213149922637
-2.04054851012082
-8.98684665691711
-9.43447456722882
-7.78140373927496
-12.1980413181204
-1.73365142799296
1.26177425583536
4.34276178451374
4.65261892470851
8.78966356687213
5.74229419194273
13.7029800084779
12.9129286970764
2.71290599319592
2.18436417529071
4.01414585953317
1.80541584839648
-8.58710777293797
-6.52490867580424
1.58546302261523
0.928611208843403
4.64723655744701
0.532751785364459
1.32689279408228
4.33000295254995
-0.441829855208447
6.04130865210196
-1.92261791703459
-7.32625080137627
-9.45938913187669
-10.2989802015648
-6.00813877021255
-10.4421331561919
-1.25318352055937
-1.15940035488732
-5.20045210335831
5.66615059891234
3.04432474248162
6.13331415811907
8.14224274992861
5.16670675852589
9.43620173725776
9.56668079265155
-1.38616551025928
-3.16650861247463
-4.73598503139465
-1.99347600562984
-5.19584033367932
-12.0805754268955
-2.59712000127078
-6.79917203682304
-7.7303307338199
-3.85519816103253
-1.3577643865633
3.73381908669249
5.14530974119276
3.90807597620844
-3.28700284953784
-9.23663229381927
-2.62145763088854
1.11311125873769
1.36342997280939
-4.17070456577152
-6.18239618572369
-2.4062355837671
-2.54463939263111
1.4994448144427
4.67862623913473
10.4589029893434
9.94499586446287
10.4960737239744
5.35219077872991
-8.72591717132304
-1.74885785481251
1.30262228437111
-7.09161789477139
-9.78851981094303
-13.2147429730046
-6.05134829097474
-6.27231752269246
-6.04447684355996
-2.41680733647108
7.73107080016818
5.53264943316655
10.9432140873703
8.17775202454691
7.14388203359169
9.34785812165251
8.36238129153429
7.71362895855631
-5.03822567961809
-1.99607136249761
-6.82306286146564
-11.0997157224128
-9.49355455657472
-0.102175981342842
7.42125024791558
2.01617272913991
4.89048190742375
4.77946026620997
5.41770548194921
4.9462406131424
1.26885083457564
5.25584574593571
2.61025389391526
-4.48537398162472
-6.78251861412249
-14.3721227193105
-4.84239610074561
-2.11378454815267
3.90366642089919
4.11910730682068
3.63026023397515
5.50891795411245
5.50955577462087
7.80295588409914
4.94736239807982
7.23210178466058
-0.0377467832043292
-2.03135701164746
-5.81113209922455
-11.780819751244
-9.67302835238798
-5.22258597072853
-7.69838077281377
-1.20923801819497
-1.38120727285655
3.91169784327508
5.72061882799762
3.95848513474579
6.39402871138673
12.1531586679643
3.31143125456885
9.16713242706527
0.371711138909017
-1.09015911566588
-0.641741089407267
-3.6576421162686
1.29399336942403
1.27163479063922
-3.39156641063106
1.56737294022731
-1.87631686071974
2.04442887445559
5.24762672194071
6.926760622303
4.32059276389397
-0.560985728816828
-8.2269574377037
-8.56493095657891
-11.4188467190145
-8.50714904926997
-10.9419806579805
-5.49502950521703
-6.01616624373369
-6.50154355225588
0.313671380355574
4.98807873625453
1.50024656162402
16.7772277249319
10.4491250590693
9.40239202212874
8.41963645515932
1.8757326504047
-2.33930541385302
-2.97998624321663
-3.27391272433112
-5.4594101727816
-5.61238133665548
-8.2549447320286
-7.62697941778727
-8.33457416579195
-3.8797966508271
4.94178311758766
4.64619506690195
9.15939094653539
-1.60894922101079
0.0779442848066696
-1.94193076133363
-4.96714461292349
-0.0797940880087009
-1.14962078847878
-7.96396735056176
-9.1305091354242
-3.94152587743907
0.376056550928924
5.90312706890407
12.750892750917
6.49692239245965
9.95939754839603
1.80695869569865
-0.546099247788395
8.51660616522159
-4.30389075122961
0.605672991369909
-11.5538118652059
-8.05794398117379
-12.5024336143912
-10.5610577599281
-6.16222091693755
-5.30800249132944
-0.416573929658639
7.14154696790914
9.91040479472884
6.60680225426152
8.52578670112592
1.43117371251497
10.5373042951593
8.51633007840675
4.30912022738939
-2.03491160683548
-8.29082883168881
-0.86889929951697
-12.0677794193947
-6.50791613118043
-3.3739428317363
8.08915243562514
1.42066166166724
-4.91345358179463
-1.96442758974
-0.319407315172994
2.62821145503821
3.70261564588757
4.19674387995594
-1.82005756396802
-4.48616038388171
-8.92580546304261
-6.21895539203585
-10.5497165954838
0.0692811627802387
2.07882624698136
7.01841432180214
3.2786831406441
1.21434843239932
5.14956114806986
8.93250591334089
12.2924308246394
6.88634118196206
5.25221514044819
-2.2136615279124
-3.09334685568359
-6.5991086891871
-11.3367812369628
-6.82106355355162
-6.63725376726475
-3.41463207860265
-7.84901009868211
-2.99105373300765
2.95872220643453
3.33361013251546
5.23222745426333
14.1236474694964
5.89389213588725
0.294386723465482
2.73464960403499
-6.1431248858452
0.00418996833452723
-1.42588047651382
1.65243421444755
-0.892148308257289
-2.79135832233004
1.50096768652316
7.39328026732971
3.15360868926886
0.434966805950669
7.53623326189519
-1.33112808918248
1.10501137122278
-6.74578133633224
-6.17683966890771
-2.36617568224552
-8.33168126603225
-7.30006795229719
-10.3106512579179
-5.98843140846379
-4.95803498698158
-0.693472675891846
11.5046835572927
11.6564857340156
15.7333595589197
10.0170174620534
13.4934775100022
7.22729366070721
-1.33519426013049
2.55030762282055
1.80772543343481
-3.29766471844458
-11.93036343392
-8.50956118996726
-13.7326517167845
-11.9301377587985
-3.08514550772313
10.8174072780177
4.1785219355282
4.54692311348347
3.81251632926312
-1.7207906358559
7.05536690634489
4.16369472881325
-0.902241983160697
7.49157412269149
-7.26518564267566
-6.246347186776
-10.5210968641005
3.69674040436225
-0.72965178037612
10.6156895244286
9.42315820854747
10.2084150943433
4.14984451538131
5.57717477685427
0.433396575075571
-1.60236255594882
5.8036675933297
-1.73306089282873
-5.92839605127802
-13.0174746013231
-11.0744320666561
-12.5681130316909
-12.5957814426701
-5.91276514817178
0.142366592115709
5.34631385200598
7.05338288605974
10.4003078833866
3.61694695381171
13.8942943885913
6.78781298357147
3.58501235538633
-1.6819620328602
-2.65152223525737
-8.69306599743341
-2.20666362565264
-0.741998193219756
-3.25435384201906
-9.65283298110924
0.655447615477298
-6.38196638540917
-1.78301953964751
0.182981384111594
7.49418558524902
3.31124981756547
-2.97635105148201
-5.10101509777108
-8.02016567849291
-10.1138898867325
-2.88511842500942
-2.95973550613935
-1.27388968755798
0.712657807456043
2.5976974732625
0.994284340834875
-0.132079493174298
2.98386430388944
13.4824547632614
13.4034211527988
10.781637293065
8.2353521813852
0.0362941627815099
-3.86060439840618
-3.05005089552317
-8.89157726918306
-1.85476845665039
-9.06563705248549
-9.09231451135363
-9.37774640581435
-0.960129653516825
-2.25693571199646
4.8330942113581
6.37995799755249
2.02168540188713
7.24233449216546
3.95351477092827
-3.35552663815131
-2.05687783510724
2.87373071855198
-1.34075066863043
-1.64621043987524
-4.24090064032597
-0.623028341149109
-0.638085826243533
-0.571336300377248
2.68394189407467
6.1959922755982
3.72437558401756
0.194831792716673
-0.69095860650215
-3.95046686017882
-0.610469060075988
0.418767135736259
-6.7450019167182
-6.51983126370451
-7.81837162916174
-8.23690046263499
-9.20264966434694
-3.80948071774997
1.87944242838271
8.75110421844521
11.3847374018635
13.8819233320634
5.15742288987044
-1.98179637377142
-2.89712414132338
3.1802843453032
4.785796033503
-0.762166807979484
2.46688278526524
5.40564510519588
1.45236129946377
-2.78565246553407
-0.24257791774833
0.77217125248175
-11.8969411145041
-4.61993689033339
-3.4909715660749
-1.59288155218004
0.503820281133319
-6.55034458876166
-4.43868453549133
-4.41417260717533
0.213090495980434
-4.31783370715478
-4.22323441484765
-0.218421341032165
-4.60321289148785
4.55057549436185
4.15058503023417
-0.533007892831913
1.06373267771687
5.40575614624174
4.62619920223282
-0.724010753963741
1.83660782659143
12.4274493667054
6.22637780828525
4.16206599614185
-4.60603393971468
3.9441826115114
-1.0278970317825
-1.14416227942637
2.53428675262155
-0.514105722138176
-3.11058478043703
-2.11669345448844
-3.75385056828057
-2.92842821270764
-6.6335735513846
-3.3284630283393
-0.366043220708091
-1.09749813685442
-7.13031393365587
3.59277139342212
-2.72730199432839
5.74020444559643
4.0343969815131
2.14341475351215
5.11728914359431
4.79544328911107
0.95722972514986
5.66418056597822
0.858989969053497
4.32566730804181
3.47617032055877
3.2250513410146
3.10980127232083
0.256855214812044
2.32492907909668
2.87409082214657
-0.228422168954011
0.658366606385984
0.221005808809802
2.07530758467054
0.0979264553121002
-5.89712733292681
-3.90279912849887
-6.17968165375403
-3.09956885846415
-7.91320482680222
-0.871242514362892
-3.22164030748987
-4.42726274386354
-4.88037047480339
2.59787658488615
0.452323788708702
-4.52747329778945
0.129841870017399
6.08771186714983
2.9509682184239
10.5495832167344
4.19277959447903
1.35907030356365
1.12384480859201
4.93576883402969
3.99229008211293
4.51821507077665
0.164389118843165
0.817942888087058
2.77261640276979
-0.247091944291378
2.33005602655754
-2.1678859030835
0.1339485136632
-4.40387979548151
0.445559148076768
0.553881989694402
-3.20284193469731
-4.96023881309972
-10.3259227187599
-2.53579157024006
-1.29367816872722
-0.0832434209760313
-5.18926088818028
-2.48349623984187
0.656138838358758
-0.21286555622786
1.20083989285732
0.266129622634023
3.24310918684958
2.69750168383611
3.81749374151416
2.23580997783828
3.98063583355552
8.27005802553262
2.86975425573575
4.1007278741767
4.49411386889458
0.0511811362116086
0.537293107115468
5.91985038329803
4.57788618803431
1.29272094559538
-2.75280462245793
-10.1341381171563
-5.98855296943885
-3.57723286334461
0.755983351728617
-2.64727746514388
1.04592231440413
-0.870247581594213
-2.64941914227312
-3.16582815201965
-4.8712533611506
-6.06533974506592
3.64585082059037
4.96568225746709
1.10244072434393
-2.58788921604858
5.86418051855411
0.635676291555455
1.49469417039337
4.10546030223824
10.0303352076806
2.55176528933773
7.77075944539507
4.65183037253669
4.36942621458776
-0.240773678579662
3.04989403410164
0.877589489214587
0.660015837632258
-1.84874865984358
-2.62988187470439
-5.98622241585173
-6.93127364898366
-2.03201156118193
-9.35068061751533
-2.11574202130204
0.00367480810386089
-8.52063569233249
-7.16595094458535
1.98664623901129
-1.20418021898491
3.28563528630964
1.92001103021675
0.299494750228842
-1.42227087581274
1.17520640771945
7.23238646445958
-0.102677007277863
2.70346915376275
0.257170223051739
7.5834499281109
4.9591348089666
5.29722148188965
2.96243425135245
8.32300623456237
-4.24977919204626
3.15952863303163
0.619348183369452
2.29709917814571
4.51158175976215
2.46375477220089
-1.97265940736592
-4.63345505442587
-1.64216390820889
-3.46263957071729
-6.16958125969087
-4.9561548927788
-0.810626545365057
-1.34748699151306
4.92964437090284
-0.17700388894417
-0.232727295222843
-4.96863712478091
2.98150867547408
2.01013403565099
0.348209313364099
-0.953277478289869
2.02532781633656
-2.45528333092463
1.5408362988124
5.13645621239072
6.5694232723378
2.29078134567002
1.41980435973303
3.12027520602095
-1.53445038483226
2.25509047950992
-5.57723060657148
0.254441343433094
-3.18976948632478
-6.85812098944521
1.26299325797555
-2.29543578989776
-4.14948957122847
-4.94844547316068
-2.1169379151268
-4.03463020151994
-4.36933440540523
-3.97256936006115
-6.45635671750202
-11.6232646607234
0.757900180791115
-7.39027066548835
-2.03695728403545
4.26894537892594
3.66820405787279
5.98849420963833
10.9992486117598
11.1184780349962
12.2939185577799
7.71983589613863
9.93686314463291
7.06466666160111
2.41792852051612
-1.19589533181628
4.33611909979234
3.97718382513148
-0.635480605328103
-3.16893844300765
-1.49628279906628
-2.95151078933529
-2.38195756794076
-0.517889295316047
0.853034211942865
-2.88200970431879
1.45868195940916
-2.9559752186132
2.79520230076649
0.427601561452917
3.74443670909883
-1.28500453947242
1.43508036747623
-2.68574402911059
-0.0138011683689365
-6.22916241506906
0.581810752524159
-13.1933996928124
-4.85217641129338
-3.56782068443056
-6.56751661399248
-11.4056106072044
-8.92091134943826
-1.60683456229759
1.12809075545401
-0.550377886535184
0.386882936856431
5.32772494236737
8.27214489069821
6.51121844359493
4.40160808831389
8.99674426581038
5.90061146334431
6.34578460941211
8.19757139939411
0.599401169292841
-0.373734109896016
5.02747501502894
-3.76932468423654
1.10107797509591
-2.95673038019356
-1.98876266274203
-5.69678128264599
-6.91300181447788
-2.45995297084046
-4.31908090945663
3.13736181217907
5.57150021190536
5.19255265087664
5.46593461564006
3.28591318187744
2.16919055030148
0.284609811600818
-2.66847994493213
-3.2273601102711
-6.61011155223543
-8.29793024328872
-6.42618438776604
-9.95857001810609
-4.27552862753826
-6.39726024743638
-5.47421318926572
-3.80242745429903
-2.03018649212568
-2.03113369713424
2.1129103405363
4.51691110375879
4.2744687138896
6.66072785686718
12.2221600616226
15.518396806905
9.97961071460769
6.65337479611094
9.61785991780475
5.56401651047714
1.37701530289102
-2.23343614650283
3.49474456904126
-1.33117876349382
1.59365556019479
4.99634190611726
-3.11272030019026
-2.5012866468988
-4.59312761483837
-2.57533847490732
-0.616892104672508
-0.834010677614064
-2.15676878823121
4.09767603846105
0.254378142523607
-1.29151784125861
1.53536862017171
-0.254787439226558
-5.40049951223711
0.241252405510213
-4.9439899792835
-4.5844756199776
-1.53970537277198
-3.58760535982162
-5.25284816742786
-9.79760952857052
-4.28831607819201
-2.68070020534983
-3.58754389989528
-5.83807241263844
-3.70842973986552
3.26069577852412
1.42793018118738
7.98564196224667
3.67553627283047
4.03426257376269
11.4303898985999
6.09769630149134
6.21339820968881
2.59517396839164
0.93617404543249
1.88674480647976
2.99748537288272
2.66292802987128
2.18888662933704
1.40849871545952
2.75902661110569
-10.7379469948268
-8.83869388688557
-8.97319955510141
-0.387246042625197
-2.51174526119584
-0.0646422549752188
4.16004359059596
2.28351190616634
1.2176154177528
2.40041477741608
7.06451238500813
-0.969483646201632
-4.60941387770872
-5.18425006011021
-7.23168957177118
-8.17461055925145
-2.41793922636204
-3.91256845686725
0.415017220673965
-4.9619898015048
-3.70229570145113
-1.5795634572946
1.05783803408549
0.969716340928934
4.81628337204452
9.10303996967881
6.70461153104169
10.7221079566661
10.9296334346285
5.34055481807443
5.70107722503101
9.90843767385513
1.63502488572285
4.06905613188104
1.19139962006262
-0.379506674480304
5.25615452258041
-4.38964835646436
-8.02072291741772
2.82562851202866
3.02572929037319
-3.08817401388642
-5.78428820364148
-2.95446810041049
4.55730826725496
5.75015149069013
3.99201515967653
2.83998605068027
0.162407451188333
-0.195698207131353
-1.66722466114456
-3.63338487985853
-2.353552711665
-6.68088204415429
-4.37231733278427
-7.71148380051281
-7.16663702341436
-1.64150943528721
-4.26831045879904
-4.01727497758289
-5.78457562669641
-5.78137555741611
-8.02629656395657
1.38462930400107
2.83894301817345
3.88760592934133
6.84890407430763
5.20470467971927
12.3548365463675
13.8518539635521
6.43064185831917
3.6784837627246
3.34319501027326
3.53706630887074
-2.51813017769454
1.79410910041905
1.36285044629354
-2.51712521932375
-0.681839694508965
0.464389949958729
-1.41463970421051
-1.3686565850666
-0.0217639533986156
-1.97000459396193
2.81620386285761
5.15305851828461
-0.493531229363446
5.21342321393083
0.385657505778841
4.22876204926847
-2.19771478280682
-2.49736937013406
-10.5180094978797
-2.5362955751246
-3.91943213964638
-3.39082113703876
-11.8977804200879
-5.08173646052594
-2.88484984206359
-3.31325167599535
-7.06289330782173
-0.985200040401585
-7.92032862526394
0.655027969512252
1.73139053278069
6.16857588457401
9.50063436655201
6.33502918287503
11.2493696546969
8.23562405461369
10.435877423735
4.72854106803096
0.646160526967308
2.16383525495154
1.7022273449736
0.13951000059038
2.69779693224142
-0.373347553210479
0.883889472749356
0.314769522059222
-1.26918529371597
-0.557033338289866
-3.33008369790564
-5.10837298490649
-5.54729882305524
2.32343611312793
1.48436127736196
2.78323858758817
-1.71145943213564
-1.20209621410286
0.747963971899926
-9.75286282084165
-6.52292208746312
-4.11965608805885
-11.0297042708292
-6.50307941968536
-4.14887460520345
-5.52032672686899
-4.01757030495468
-7.84737383192643
-2.97500269844209
-3.17602748816622
-0.825780239147324
-4.98621934762067
3.08323383205748
7.79011782377076
7.04834297704725
7.15732201019184
8.903518014415
5.34579880897501
7.10126616321241
1.59241050997252
4.35100504737893
5.57328452660862
-1.79318059447682
4.23774309142277
-1.82553992202597
-0.103472181703254
-1.44904332847039
-1.1040870190659
-1.26375955863166
-0.965065846610405
1.25489432837016
-2.83015448237449
-1.57340618745665
1.72349293761884
-0.722631178179091
7.98929175990039
-3.73487085526164
5.69704359434063
-7.88198699072063
-3.4560779864814
-3.71403553546185
-4.73737905433396
-2.44963895539804
-9.44456343415181
-11.0473741600642
-2.84453943291934
-3.07097592197965
-4.68674146224188
-2.83960767579566
-7.90507534073825
-2.29612708174847
5.42898007538338
8.54799998375855
16.974554294549
10.1618393121084
11.2240865368661
6.16236868032427
10.7414681481848
0.584991366068111
4.9979480970511
1.5245720697691
6.395594390107
5.0017497541409
7.36357109203689
-1.64090424392151
-0.565532563075617
2.27165356808409
-2.24729208616042
-0.368028335818786
2.06741460768865
-0.636845279357152
-0.128227444773199
-0.865563917250063
2.17265852262764
1.40629206438504
-0.784659882175615
1.33509122225521
4.18361542732255
-0.498340040444952
-9.24686944885057
-2.74964917685502
-7.80399532983752
-4.11418664254826
-6.02694288454802
-0.833656388384891
-5.77257735566721
-4.19205950787295
-6.33577875195704
-3.96799206958804
-1.94372774398779
-8.29894819710388
-4.67274997674176
4.23563888688593
5.31044884679646
5.10443602496069
11.5808627095677
9.66876286614954
7.86477970967117
5.4334807910522
3.14614975995738
4.95713908772863
6.96206470526951
0.448871534323379
2.06884387995928
5.55140376292054
-0.0558557882732725
-3.08195141872763
-1.57279269650172
3.10707629564973
-2.81448447164672
-4.22872525902411
-2.24072199846488
-0.768997483067473
6.40017692218706
6.31782873415769
-1.76704780490399
2.22258140583636
-2.40305220232342
-2.61063696539231
-3.64213647381461
-5.20695435769731
-8.79024458044321
-5.57741405461582
-2.09810059067277
-8.38337315570773
-4.12658187409252
-7.35656468433782
-3.47405946171934
-6.92984680777774
-4.53920534388549
-5.71220261721204
1.23013771698317
9.28698292450167
7.39682049758315
5.65054677900042
10.0314547461219
3.36751196739324
6.18326008277258
9.10952920702574
2.39671639294025
4.38946630704731
2.11302145969147
-0.405389991350142
2.30460888408786
-1.17875940221075
1.79736738116833
-4.00816869294392
0.0454815713182588
-5.05998787500308
-0.818243018951184
-1.08316286047145
-0.0266779684216036
3.36720763347207
2.09510740877273
1.43106599643619
8.19115291107572
-1.33932801904529
4.80683636056172
4.58432471098395
-8.74665479442765
-0.566065479266558
-11.7642643152509
-7.99921766455355
-6.14164230948721
-1.07911238208604
-6.50995194415271
-2.82581223061018
1.37516782060777
-7.58631215173162
-7.6567143733292
-7.99463021100978
-0.127496633729455
3.83298860755619
6.14516279605442
7.79795772709049
11.1836017739237
9.13301117509521
8.0435650743825
2.84189335006537
6.79030720164538
4.36796593224526
6.17295565374913
-0.174317801486676
7.40429754821263
3.40370838823804
4.09203383439277
-1.56487512166063
1.76239186195298
0.869387802584386
-1.86686889827241
-4.76009556269928
4.73574689251301
0.122246521620696
2.54935128750882
3.33326493834617
6.33232956956676
6.39524823136288
-6.20914665754201
-3.46639561714157
-4.85645486980333
-7.4423316784506
-3.28766297847316
-6.71652766578654
-7.27826899786024
-3.52508380291983
-7.78548751764334
-7.56388836861772
-0.964092055296932
-0.279177635726137
-1.27001518556343
-1.3622521842628
-6.58719627120216
4.21540835656941
2.92503138388285
5.30653558597822
9.07966233174794
2.75248163739323
8.18686049810387
7.48165363209088
4.56560955293463
5.90502683017914
3.10097872547496
-0.518385133387825
3.88087290271874
0.397261889906119
0.456147325791106
0.239965304714181
-3.00335592127241
-4.84132347248227
-4.93601806834897
-0.817692033861274
-2.97317946755917
2.84899003149229
2.08516522311445
4.49428972920255
-2.59246706337407
5.76563398196984
-0.594727626721152
-2.28942556736913
-6.30990775703233
-6.70568421446716
-4.563335465476
-8.41721559895866
-5.822859687894
-6.79641802229113
-5.43478675037802
-4.08941315477877
-2.18166064466746
-6.49562517159687
-5.03940018650832
-4.03246776213063
-7.2019842684685
6.80338685451326
4.07766588444914
11.2698821532938
16.6722574035177
7.30285330797271
7.82979092840118
4.07143418221548
3.47028303653477
-0.222997780685553
-2.12851856941183
5.74622158931515
3.60717362905002
-1.94521815517758
-1.28644729301253
1.68423404057818
-3.82856786394358
-8.83407431498918
0.424173671758831
-2.77172947878887
-2.68958838482937
-1.17399719827413
0.554103764605916
5.35858693362744
6.82682919554677
8.2848431095822
-0.0674596800849843
-5.33754966324164
-0.686429761801208
-6.07403681879594
-6.99154494492759
-2.32875939876398
-6.93267687344992
-5.64107613810304
1.53886971575753
-2.22020390961798
-3.41017820093985
-0.855811345977392
-3.61270667729344
-1.47533626117008
0.188345666890936
0.553430231319947
7.59664822426602
5.74157068282102
8.9421071190977
5.3670996204157
7.35322502619516
0.607854879603078
5.04438961141546
4.62456289319317
-1.38821610916393
11.0163869698397
3.793740618568
3.33243492415637
-4.53769389666779
-0.0214889956559247
-0.273749528194595
-4.82386155478083
-3.00117657513736
1.41559315901998
-1.36018059890202
-2.55860050197493
0.57777403978923
0.697854673210735
2.67031920648165
3.11699442260275
3.74100838624847
-5.48438796000204
-1.20001682498562
-4.51399913496201
-9.35268558872746
-9.09556045777827
-2.90544594127145
-8.02082920491124
2.39903150160713
-3.83158036824688
-6.21412397020359
-10.3743842525944
-9.54029234962109
-11.4588006424206
-10.8493115392305
-1.56965756337139
-3.02254766818732
-3.01932262574481
3.07600775669885
7.63376310550781
10.7380444224484
11.5001478270364
7.15408012399015
6.12410716709648
0.372762578664314
2.45364879623756
-2.46221326740154
-4.93851637101107
-0.837732460165232
-0.60790543254142
-6.89833524125746
-1.70694402997298
-3.10915153863534
-1.22908611079344
-1.07868377745328
-2.72241167045469
-3.08573266724691
-1.61014215658954
3.58173537994419
-5.83584807946905
5.32395618920168
-2.99787334845316
-3.89248754881225
-2.32141612613254
0.690598576018593
2.67446007319005
3.62201397110577
2.80096730963763
1.98729788938996
4.00314002146776
5.20858960440834
0.219185098866977
-1.12149711780764
-0.297276340619351
-5.30491428882489
-15.4606150097029
-5.81800533762017
-9.68717126098315
-9.63201336438787
-11.8639835705392
-4.75385927521356
3.46470315989415
2.93073017683884
6.73513325298765
8.31743780808597
8.44633908858463
5.41683379431297
7.11511036383669
7.4876401778975
6.95562057203314
3.93018455272204
-1.48473508423873
-3.77435474436348
-6.16675154774136
0.378633636312982
-1.50658625873974
-5.06526866172994
-0.539110706764322
2.3296536278527
-4.0116101119193
1.86238900327725
6.1480417949748
2.01568909450428
7.4177661780691
0.575586456801705
-3.21256833809796
-0.687776532730917
1.45781085057516
-2.60930187030985
1.60919278745183
-1.64334228935442
-0.193667279990667
3.14633383447206
4.94266213967124
5.04964963642297
3.66736470434376
4.2552605529024
-3.4951656394175
-6.63449120071446
-9.50615309778062
-10.1932271047932
-5.22855256615052
-9.55290842203895
-9.5865707893711
-2.83814808684602
-8.3142300950537
3.56303419935955
-2.03923435486979
7.89376391746949
12.4827327724959
7.08476782820943
6.93418476815456
5.65084428330592
1.49142903314673
4.54222105175989
-0.291420669009589
-1.4243272162464
-4.08872545667503
-9.59921237726161
-3.32313895719073
-7.21286154249418
-6.08342917251793
2.3878308572817
-4.00179786856099
-0.157719610360688
0.275839209339648
2.22279664441615
4.58170526424048
-0.209189737033052
-3.77315936157635
0.323738524086857
-8.36840825046547
1.25407784903303
2.87281368241018
-8.15559090257588
4.25907950124234
5.48523958672336
2.91398974096687
6.92923048023277
3.06943148678678
-3.96677275426594
1.41856504630984
0.120178302775504
-5.33477577886487
-10.339555961207
-8.82007805042769
-10.9435346704374
-3.58580005669553
-5.76092525431484
-5.45071104554865
1.03916632558668
-2.64254684060388
6.04209262279196
5.26500123612009
8.06170215032419
10.8770175728987
6.22038471151361
1.53598755690213
5.45014834439527
-2.7578583614467
-1.82659993305096
0.205307760612374
-6.85734774083036
-2.50178306456223
-10.9658395491593
-4.97391051258646
-7.80307015620089
-3.45491934901634
-0.0916033230336694
-2.58755558430606
1.35351865736265
-0.304634561106068
4.68900052185491
-0.212316747915158
2.46000230733875
3.47685610472977
2.61791795694698
2.64536117434023
4.02028414284193
0.815035754438832
-2.432488668259
2.8959629743493
4.60297460744583
4.55249557659109
2.17263902785141
11.7881532363831
-1.9311264373972
3.36427424779284
-5.494280959495
-11.4321246366307
-5.61203920155499
-6.90480213638346
-6.86596368285217
-4.64765279457951
-4.47184403070688
-1.80276710564586
3.31600029335157
5.62713123883782
5.70341216830285
16.6435852488122
9.01498034461834
4.48944575208546
6.40925405863055
0.438953977664806
-0.239549199539237
-4.93000847374756
-9.42525497300766
-7.06390757577379
-14.9769180583277
-10.2998309075395
-5.20308183932418
-6.49444816667916
-1.79710408639081
-3.06715942670064
2.6907509600517
-3.7672202043319
0.989005822397942
8.64361605209016
6.36376904068705
1.49751415693823
-0.522688320017342
-3.4038631777503
-2.27177099944103
-2.7091452054375
-5.23000985556042
1.53407610029282
2.60434424078513
1.24504889616348
3.60742917478486
4.32248781909659
5.51982989349509
2.34262384632228
2.57131181215874
-2.76802157115136
-3.57793387998476
-10.9977781015024
-3.44186738643499
-4.55645619651781
-3.49096601791178
0.214118987041859
4.17694406064497
7.18522960760987
10.5877904793637
7.07899759605986
7.24790201170256
6.74965043800079
10.4274523780398
0.404743542836493
-0.206926468777707
-1.20063036358038
-1.9952335318322
-5.10261174974129
-4.51850293814074
-7.49348136750433
-15.8784780743308
-7.12762246201026
-4.12771962115522
-1.80904648981039
2.33602498269392
5.6209636612697
4.96376803772526
7.2224833143021
5.79008572999957
6.37799610645481
9.04586349803506
0.130538562039201
-3.29474803088999
3.07221319104539
-4.56986335753875
2.38325333512572
-3.27250496649195
2.23980522436516
1.08017856107944
-4.74111088765998
0.308210493315864
0.669029751100374
3.28296414803054
0.78036652822921
-5.11236623251526
-4.98929840066568
-3.98618059798537
-3.96592246881055
-1.75929371538627
-4.9508096208253
0.074498571406846
5.81919023384402
5.29882179547634
4.91498234561505
6.32774228663064
9.98790031387344
10.6172592753468
5.03624921902616
2.09947601503446
-3.76702831368184
0.297916819429533
-10.7083264822649
-8.47248820163411
-10.0327749736787
-7.51550412868762
-6.87385330377485
-6.57802969801584
1.6217780207269
2.63970404711468
7.37937099493347
3.98432735238447
4.11886927838902
1.20822121035564
5.35413151474995
7.2444818431707
5.54287291160161
3.42597643658584
-2.88225022183169
5.08288207129477
-5.14286666972955
-0.206734910517458
2.0244045103602
3.27223194655664
-7.77671702575602
1.80541990725947
-0.344666548798647
0.301223632923937
-3.07319518569015
1.71727148107119
-1.7420257684339
-7.07337052889902
-0.117170303380812
-3.02444254734884
-7.93965844828696
-1.43757291763293
3.98391646037558
0.760709223133644
4.41502832883749
8.19406443612462
8.88114814284851
5.80078978089073
1.70165815298499
9.76523720171027
0.418842087258225
-1.37090645672655
-9.16709924848847
-6.36224064715935
-7.12630033357841
-8.88257579759044
-7.78356455614867
-4.44366466668435
-4.73564166974848
-3.56839520624644
5.14174163255954
0.309691093571202
3.71273784655159
10.8279248920982
6.72720054023008
6.14895175529012
3.49598782492162
5.0663828998133
5.22015744635562
-4.64536247023331
-3.08678006448525
-6.20636027128656
-7.64219446721652
-1.43023517195203
-2.06579441350835
-7.939682907853
6.15610701548997
-1.91816370462117
-3.92994491155776
4.42216219843385
-2.01739895084841
2.4923218166154
-0.00563277206658808
-1.71865467131216
-1.88048815144336
-2.4258061165121
-4.63697086239525
7.81062763741743
5.20971971332009
7.42883204297619
2.40413589809861
11.0901224046782
8.49403543297308
2.458907343088
1.99524993949741
-2.1108620394052
-3.68627917174901
-1.36364130007789
-5.86577692766773
-9.24280617146262
-10.0172454960848
-13.8873274274845
-8.47323874422973
-5.33150645269349
-0.916930925591003
8.66194636823153
8.23207542753103
4.92693637224779
8.22986863056921
6.13296611691481
12.1509618131861
2.5706335127134
3.09617169824445
-3.43941307159818
0.213917882408474
-5.06479030037191
-7.24539978143103
-2.01837568604553
-6.66953724838971
-2.15887220512092
-4.60902677565577
2.06655289898901
2.48832652234903
-1.2103608035532
0.398306882816667
0.605485809601762
-1.50087924604886
-4.9560519393774
0.314526959928895
-1.41178099271453
3.75048112497471
3.43414492261769
-1.68866124647617
4.92304291054823
5.98760892705505
8.49541997727342
6.75701046094274
6.15099968098315
4.3791189211795
3.30761619300932
0.852293573620901
-3.35831527902812
-9.98378372607635
-9.27340882755501
-9.16353198242404
-9.18725009889834
-4.37969764405554
-5.10089371287295
-2.44020783355644
-1.82656323785603
0.818958829948757
13.3676441200593
13.6591176238355
8.49994172982989
8.23137042646956
6.98760056220749
6.19455787039095
-1.27640842000082
-0.446721310472665
-2.48685025146485
-8.86296176726528
-12.2384877458071
-4.4448121837422
-6.51011256893884
-1.28334942761168
-3.81284445742648
0.500694276776058
-1.51164439106368
3.184356429739
4.26600462724587
6.67298160324822
-1.80787146529467
0.102915080454272
3.12711273474589
-0.62111253858305
-2.0173636757262
1.13540577914343
5.14478175316565
1.1719675125951
8.20826361798492
0.38404834383687
6.52196540662241
3.33460644346668
2.12619919640655
4.5962230699887
-1.00508801671405
-5.72500156155431
-5.51414778495487
-8.56623554124228
-11.0410813619675
-6.32363483497406
-8.93239989472937
-6.89511887035826
-0.995867757816862
1.88629811466075
6.56523175154102
7.02544185869728
4.70077881155814
9.39126392171879
11.2890083140882
2.43601809829011
6.31908145071844
-0.482678271254398
-3.12017382480526
-3.33767665850123
-8.48353072532591
-5.14692203244773
-4.12606162877239
1.37767094876655
-9.55956721277338
-9.66647318992811
-1.81939660842143
1.02203084621184
0.471141716577657
1.23152722241599
4.51457708582882
1.70901503789142
3.6628092900175
-2.04781849553352
-1.00073126512337
-2.22999105881233
-1.94579503043323
-0.80399067123858
3.81268344666188
0.758986748794082
2.83531554312239
7.49357503676659
1.71003054894652
-3.62886935007157
4.80927760206999
-4.50490102400706
-6.24189240762514
-7.4650097022343
-3.80232748334087
-10.3178881129954
-3.26830523450437
-2.35950737107763
-3.91467635034675
-4.73613206233025
2.82292989364259
3.08423778689755
3.01732675665467
11.3098854130706
13.4624045797495
12.28435315101
6.50975185484798
0.974171410796057
-2.74474536871733
-4.1667756420856
-5.80971864229407
-7.02658854423941
-8.86167533180746
-8.33484516067034
-7.51936249915031
-3.13195192834295
-8.75343523667083
-1.7821987876175
7.69872123027872
-2.28378517633861
6.79207845011082
4.31328862141266
6.28789979816615
-0.0382595837570259
4.89232951637093
2.42461170789894
-0.674732355968394
-0.584615709348243
2.37492771710151
0.806499724345075
1.28700547736872
4.30997327682303
0.925877829475986
-1.04832153791811
0.298586795383926
-4.05980378485755
-4.48274189773731
-4.45312041680334
-3.15918133754553
-6.44975195533603
-8.12678590060226
-4.1639617324371
-4.027098447591
-5.73233743795906
0.923827599966862
6.27608869678444
8.26136827500032
4.55209484763837
2.41000713258835
8.10663656217196
4.5203991365459
4.68517620328222
-2.74359833825287
0.0749008939535247
-0.576204872959808
-12.391663907195
-6.41643782199081
-8.3271741990008
-8.64011282595301
-6.52272017828429
-1.42352055534102
-5.02416075064074
1.28179739510137
1.65192846672214
3.35361827552068
11.7825751273814
2.87936376628257
6.34021589374684
-2.40658895899365
1.56290424314276
0.724607881345759
-0.685008805947876
1.84539155471192
0.34329617182725
-3.47063000509165
6.53311313199018
1.23854398272741
-2.63370108273095
7.48085093011671
-0.899322702803657
-3.41964502401165
-3.42403855508537
-3.26576242726668
-4.90309803745002
-8.91247549492781
-2.66517976911264
-4.11597307657956
-6.82650257408025
3.11329176584496
1.92389068997672
4.68848305430575
4.4017853164295
10.2045568239586
8.10207072338548
9.79135254719608
3.46527872288476
3.15432465315071
-4.26957274152375
-2.05216713073525
0.460989977748958
-9.2299313784925
-7.33997162445448
-11.6443527722346
-0.0560265604190722
-1.02982261409718
-6.93877830945691
0.905935787394238
5.56720723511191
2.59707676348064
1.48916486828624
4.86313202970934
9.79201957821565
7.67286192887931
4.64806363034789
0.831441702075739
4.77412400742837
-2.66037002248618
-4.00444254398186
-5.83627413105626
-5.4662123065512
-0.716158092576294
-1.86934609755641
0.743535484056954
3.19644316347495
-0.205091635506847
-0.131496048547679
-1.56359734323317
3.05373017686863
-5.60264844066913
-1.03923162254772
1.52894559351427
-2.5183736371601
-0.955672494813852
5.08509678389742
0.199806421387166
4.35879481077515
3.52328910080882
10.3271792266222
9.39905802190903
8.32934718773881
6.83045526716972
6.73937827270355
-3.54604994750508
-5.0884569613935
-6.44183016978663
-6.24160811521402
-10.1155865565485
-7.16525517848104
-6.60621043627589
-1.88231793473805
-1.90589525942817
-1.15982515720027
7.22949531749813
5.13261289534047
9.64356307636336
9.14319416951749
4.724062514402
7.96581918770843
3.83136137050306
-2.90296285448703
3.61933957681573
4.08110962735402
-4.04515057809716
-6.67987890878889
-4.69370934771098
1.27556389456633
-6.22673738202456
-0.355235537327605
2.80888189032197
-0.499471578583104
-5.19694676123436
-2.87289854300652
5.82996747589863
-4.26124164326411
-2.4477511029326
-3.36623488624526
-3.79367902502582
0.73242182848056
1.5167213128858
1.69535213708599
6.82432284221118
4.82677870252612
9.33058881310219
9.49491194810146
11.2484433254507
0.842699792636037
1.86675707005008
-3.08022808301818
-1.37167922230754
-9.04245872194733
-9.56777058968815
-10.4872471494519
-6.37361577428043
-7.48922837553545
-9.38683096190075
1.86255124853485
3.49734658370582
3.61508188167962
8.18174992114751
7.43806278220593
9.37142189083227
4.72838866938628
2.81015081901908
-3.36424642378775
-4.51135508721706
-10.0868402860767
-10.5952650146254
-8.03297600864725
-6.10010748661693
-0.935458363608444
3.74026627782621
8.64081437105128
15.3077787138049
12.6835814026126
12.7892381866479
4.46194685142219
3.88723433506633
3.79803700438165
-1.99469543794598
-6.2326416872592
-1.26583034355216
-11.7429737902424
-11.2405419430018
-6.65236484561454
-1.42656454021715
0.939053135757115
1.24318278752164
6.61615449954604
-3.59930704459321
-4.31305886452578
0.557130007177586
-4.87523868988192
0.976628582243518
0.215457648999584
-4.096548117669
-5.5705784382831
-4.50807354503234
-0.489987730776882
1.82604506791755
0.694831897186686
6.32046395208823
6.71298316563922
5.94658415049032
0.470356265227042
7.19063948937067
4.34686433659293
2.21549630537244
-4.07015399261112
-7.30370399149165
-11.1784151592823
-13.0853460282475
-8.35517395641594
-7.14369582627349
-7.42651727624987
-2.76639513111902
3.82614000915777
4.33788628976452
8.89668141795334
8.76140250511621
5.84141350320552
9.78628322430321
1.06571926325667
-1.63685607699151
-1.22248977785946
-4.67046588583818
-7.82922133149357
-3.56833431832668
-0.0647321887988259
1.69066120639164
-8.07446748597731
0.432834881270211
1.01635696732079
1.09653277237966
5.53766699250375
4.03298941611721
0.867303408896202
4.9060877949761
-5.14306946229708
-4.96569825847835
-8.25922296622373
-6.13470798704945
1.49945673848353
0.775929359874688
0.400316236801027
3.00901546807403
4.74226855185602
11.9018560988973
10.2449591611747
16.2580902963226
11.1325476573844
5.94711668647704
3.02640531020538
-2.06313692888221
-5.15617258770957
-5.84981064717646
-7.28322612688978
-5.5676039432936
-8.97790246654752
-7.04061857300455
-5.50018253509501
-2.18522724558049
7.70892268068243
9.47073185768781
9.16061299941065
5.08025466742126
1.91350720534445
-1.48134599860793
-3.32299908056205
-0.726770729105058
-0.567146818438428
-0.67714129771726
-2.55945779963091
-1.32200703149137
-0.0225680692940018
-2.07618254551466
4.04293046193127
7.85115280706433
6.07772622188939
5.93703232252849
1.16277233530731
-4.25058196020751
-8.36621070226738
-1.23695742987576
-2.64299061709717
-2.65790678621037
-9.48233363574577
-9.2651484892533
-4.21044073377694
-0.789562269241026
-0.000658223209017539
10.4348028548932
16.7075156843277
16.3681274814635
8.60292517521326
4.10296370537371
8.41078002988482
5.18793513841695
0.453067460742455
-3.29438808562528
-11.6611303250459
-9.32063638785219
-14.0101727663789
-6.72200253653866
1.03355665225028
-2.70099166218833
0.13193557015781
2.75424397774779
1.16739821206509
-2.30673377159387
-1.31990842427743
2.79359298874026
2.92756513843803
-1.17567905121784
-1.98164312697561
-4.87957777216696
-6.65131725943466
-5.63454287092108
0.561514020301023
6.25883961194031
1.08908957712488
3.97622369478677
3.66757835008125
3.56672966869883
0.0653083310845028
5.33819079069672
8.49849785450231
-1.03865948049751
-8.35681978429495
-5.66996966565487
-9.36153557442071
-8.84869665687483
-12.6698912617032
-7.64772733660566
-4.04289409945616
0.608414275105316
3.53573283219658
2.88155099133489
1.16011280620166
4.74446195366624
9.01453384920223
5.93169658228533
4.51525529444706
1.17694533694969
-7.49315596781374
-2.02818737114392
-1.39905784569689
-4.22411544950087
-3.45514390193622
0.0596124239212052
-0.850400231446057
0.272187777120391
0.496252803495111
1.61979733678187
9.19754214632452
7.31307833319427
2.16246981471745
-2.38044286166313
-2.69660900535963
-7.60123738535349
-7.23097016906662
-7.0926851090053
-4.97915202678711
-3.05153541267895
1.65543860007196
-2.43822001075011
1.82298698605738
8.61996031207817
15.3780686745171
11.5490629748356
8.51678594690892
2.86845646185211
-0.0576085006955933
1.01348302171042
-4.41906980999821
-7.92617537046134
-6.63823673225811
-8.96643494501734
-7.37973435051509
-10.1384919802015
-9.05731763476027
4.53863013974412
2.69475348563348
8.83831026711956
9.2275968626949
3.35799060405859
0.775938892031595
2.67112303437507
-3.76844376855952
-0.438636462880489
3.61712428465434
-8.34575136901588
-4.73806543381889
-5.65850478328437
-2.06344795097496
-0.75694653090082
3.05526806414498
-1.30181019765625
5.64040290747944
0.734726609013924
5.7267194221705
2.87408022461945
1.39808110380533
0.0197346246673749
-2.26493249479312
-4.03228506097757
-14.3544566225962
-12.5325648288424
-11.1815657949938
-3.12910869061125
5.90557077160669
6.64831367419466
8.91236874149392
8.24308681240112
7.82375985633391
7.95746575304608
2.91218962858929
2.72215597237213
4.15001442917021
-1.0850488680754
-3.762016471952
-13.3901487878758
-8.49452978811317
-0.633084609660911
-0.205102135668533
-1.97586854363705
-3.50326347985583
0.626111647262567
-2.50410868900541
7.78812447628388
4.12770301265563
5.4155193308908
4.08627967404078
-1.05964943696925
-4.74312764463781
-6.18790112446436
-3.71591195628581
-12.822089341751
-9.27499707510331
-8.11766372627414
-4.91951560075404
-1.71284780870883
6.32719617577528
11.9966515957164
3.29630792609715
8.24422264215975
9.07395444411724
14.9075990244085
5.47684492716829
3.80034565954952
1.92107208924777
-1.43584248087908
-5.0004325352947
-2.93820938678805
-3.74061779103288
0.0466289091987333
-3.36530504848664
-6.2148121014827
-2.17278101654088
-3.74058113466213
1.03070753545913
4.03309783090968
-5.09401911743054
-3.05159981945288
-3.04711260855226
0.936628667861502
3.57365955622329
3.72048633286102
1.24545449096915
-0.769902054011204
7.39902263989221
2.88426425620025
6.52097856090056
8.05841660286104
3.87221709096955
3.77932730435967
11.4724637384921
-1.5206322083766
-2.157381558015
-8.84747473956716
-6.90868443791117
-4.63419092943638
-8.0465881568959
-7.85436047575021
-6.96455143346176
-6.5013601838286
3.32875585076685
6.69216466841436
1.7271615763285
3.15674683485833
12.0464861594199
9.61353769385455
7.25296161067337
0.20175594079474
3.00734761310859
1.91094345066811
-5.50710049471646
-2.77568261284693
-5.22850872416021
-3.58739763368084
-4.01322699812424
-1.44958848535844
-3.24752422672267
3.40154940128349
7.53259641009925
-1.08585116470981
-2.1577369578918
0.0083410409336212
-2.77406184962587
-2.92181361568182
1.33220534994304
-3.1027573645122
1.32251201769596
-0.205835893981148
3.62508523312355
-3.10296031449393
7.71132671765693
2.4762258687908
9.60477601287475
4.28157161202602
5.97189658888957
0.159795435953815
-1.89904246484655
0.958680270041761
-9.97907975449497
-5.31958440233286
-1.44782446523509
-6.76943312474903
-7.86101491905236
-2.51375021031073
-0.382725385963226
-0.473132852315953
3.05113167486367
-0.113482584624536
9.37470037944404
5.06419103269496
13.2847600427886
6.12932812334881
3.00745851609509
-4.94138620472367
0.147654823946487
-2.67402010196891
-8.61168101021319
-4.30379148823356
-2.7358409945125
-4.55010165679315
-3.38297996171145
-3.80340028113939
-2.35327943388199
4.60147445785004
2.24478572373535
9.37932507442177
-6.00189582838
-1.77088164617912
2.4301220311504
0.554203976379408
-1.89086395094317
-1.12514872382814
0.956476099243659
-0.173711128232699
4.97622108923354
3.85382378953399
1.94844617383271
9.8677054490622
1.51204426151536
3.79253274101039
3.81684819732443
-5.93748175515165
-6.20449633997366
-1.72198966250561
-4.89735570138202
-6.74360418768923
-4.54741763296352
-7.74336069548425
-6.52090620886651
-4.44994575739944
7.28628469410087
4.02891959557222
9.80779769988481
2.7729044259959
11.8842018792543
10.9961539010184
12.7730062902805
-0.000766727734551775
1.90986920239697
-0.593106135480998
-1.69173983674501
-3.0556921874428
-8.39164339714341
-6.75754741515372
-3.837405419695
-9.93149174261802
-1.83991346291779
-0.740249867911617
-3.23273195447906
7.37949412610796
10.1977410971847
4.9728217520432
2.82606800212975
2.77488955090637
2.36121022030519
-3.37348838825742
1.23939720154578
-0.0739941232850206
1.49553206664531
4.502737256403
-1.04871665191362
2.33569631460859
4.55890894110158
7.68006813813497
-2.69987289195186
-1.66150947569959
-4.75332482886275
-1.37897185026865
-4.59858790279789
-5.64601944828685
-10.202839393006
-4.34256129068009
-2.88322328897302
-3.90257279589316
-1.03886654572961
1.30552017642791
9.99721521103002
-0.305242474551863
7.65788686102584
14.4259798173753
12.4182793081882
5.5028920203892
7.1495802205615
0.706980871235811
-1.84000256197279
-7.00537223992157
-10.289003820874
-13.5645684233671
-10.5090212389498
-0.619881795448957
-2.68948926017353
-4.58567137878691
-4.45101864264763
8.24982246264311
5.34281187403386
1.27870333305635
1.71886886566073
-1.23128551626001
-3.3095635779148
-0.125995193197738
2.76397442283727
-1.0783635245495
-2.73130966202111
-3.40256107742346
-1.35801985481726
1.77607755825644
4.81607087017571
5.91794854330591
-4.35036928976987
-1.80377292086034
0.0940079865831718
4.8121694742337
-4.12272321967599
-8.2911625896623
-8.54120889202148
-5.69178849033808
-5.81087651203924
-7.52108168477394
-0.401914282247865
-0.765116300118873
6.49930994878824
11.5490763170765
6.7867344803926
6.45134016242424
17.897161637725
4.3876633198555
6.70478891571329
8.087453307249
0.231227254515753
-11.8927366647355
-11.3035608867292
-9.1020322588982
-7.75783540668436
-6.2297054523204
-8.99051295413344
0.624702167496284
-0.68019099747754
3.52040422568395
-1.48474089515519
6.44328798649442
5.84257617492012
7.60787836413279
3.54416669484435
2.40126417582587
2.70224903412918
-0.428407986353943
-0.556106372425936
-1.48786695134771
-6.51908315678987
0.48311288782434
1.79941011562161
-0.990152378977851
-5.84804341212244
0.605472345335936
-1.60569919390934
-2.89602789051105
-1.4900831046125
-5.73779407288941
-8.34632281491998
-0.0914770770909961
-9.79584766126133
-6.23600433714247
-0.475100982382527
1.81323501630191
5.49297592914191
-2.78286148663113
6.7616111447632
11.9727994932623
8.45061429690475
5.33242807954773
10.4323122964797
5.81110924810854
-2.33786187450123
-7.86706988478832
1.01167551275235
-8.95736793181677
-7.61728240356049
-10.8733120265345
-6.53198165512987
-0.617439283316341
-2.5239273899705
-3.52624104398628
4.45747722388114
5.59618475079885
3.11373788255411
0.13637988811082
10.5409235871874
4.83498040732653
5.58491969427921
1.82936011084903
-0.50476014685745
-0.196923854849114
-3.37401439249841
-1.16231176163895
-5.24717727637863
1.78711763877855
-1.84287493656874
-3.17814206323174
-6.46608164292026
5.65627134430253
0.584341976163267
-6.00134234199526
-2.52998590492653
-5.6486015349491
-5.05510537221126
-1.31355687820827
-3.39006340933796
-2.45665338915129
1.13370843113977
-0.522956914784835
5.14968291531471
7.24778539533696
8.85378525976112
6.61985954516465
4.85807886330516
1.68240735006942
0.926555362270288
0.688849012725781
-0.439616556061927
-8.8455864487197
-13.6426083440655
-6.45179908512872
-9.8149747601312
-10.8125937023342
-4.13365371343474
-1.26936276905497
4.82926373694464
5.47690140561889
2.58358905242808
7.55520563709413
12.2421250023596
7.07780553915595
4.66163565765812
5.04162499588521
0.0405356335328808
-3.60358125414254
-2.06531361145786
-6.12245667138646
1.83017215267798
-4.1227490501776
-1.45101194620853
-6.39607852600039
-5.61957379732218
0.0486788835102783
7.86238927413034
-1.40595826850744
-0.43493395696324
1.25418976641499
6.33057968853098
-0.330864813106221
-4.34531372929787
4.05909777009839
-5.76003494995709
7.27323992226209
4.69615248628046
2.3208156277603
3.20626214065032
5.58128964293506
7.31154839043819
6.94610257071643
5.62714771464965
-1.26123212567176
-5.8744628261877
-0.365618504355981
-3.40349720762626
-3.10971266217813
-13.5526509448332
-9.68522725999535
-9.24133290049287
1.55778897682005
-5.25587243883558
0.986422700260954
9.09637163168641
12.0296565412525
5.80227391678904
11.682434889624
5.02634202726477
4.27003023398898
-0.524705933813649
1.95510771226489
0.694950097749736
0.883450176807035
-4.52639117491368
-4.85187579952143
-4.73423917651712
-3.27700941001469
-1.68732736282627
-5.11207801608761
-1.47127726846363
-0.174803327726975
0.0739587580498544
3.83581753945858
1.63554361534206
-4.50313948951896
-2.32652336353622
-3.8587044017169
1.27282705686191
-0.0815025622704398
2.69570181465221
2.03759677103108
1.51659188205644
3.46695346793671
7.29619610731218
1.7579426879095
6.04743271948562
5.58336294611541
-1.13966752112158
-5.74082788182413
-8.9818911331063
-4.84447600630179
-5.5368328879478
-13.0895222648386
-4.98142088172833
-6.38948416050116
-7.36170415733737
4.70053345414605
1.2401447552135
7.25704660859167
9.40041807018816
13.4166579459457
8.63840282648292
8.91571632188743
9.03259066077287
-2.02265621789161
-3.61275511782791
-2.87625137111263
-6.80827271085857
-8.53826511457714
-0.397041601928788
-1.43961593538345
-6.13847393647606
-2.62982510395333
-0.379041938393522
3.09464687315409
7.68946462409397
-0.134898843768836
-2.01541789831253
2.20434318532324
2.71695940380777
-1.01672696924701
1.5924497061886
1.60259873441457
4.30339261226289
0.208090702037811
1.69791032487715
1.29146693068118
6.31793458362038
-0.277300128917346
2.92079772612951
8.24684891753082
4.47886043188386
-4.09578383759987
-1.01287347826381
-4.17459548348259
-4.34633251474007
-9.43709245208895
-11.8626287195587
-3.00336830594303
-1.31351397016493
0.871509724892731
-4.20588163344571
1.34832282775765
-2.0617520465334
9.91406054117589
7.60628159970541
6.41574655872669
3.18027020126716
10.2056254059494
1.48334786085049
-4.27999430674765
-4.21866888610931
-3.20901970969517
-11.6590330886257
-8.28032692239418
-8.99564546465125
-10.6897791967207
-4.19689466193221
-5.04107082454546
0.24636814343536
-0.135448902931442
5.12284857417638
-0.481183799012962
1.63109799753945
8.7108901895546
0.213932377702954
7.2393091108354
-3.13175207112416
-1.70255242163993
-1.44315106584577
-0.291825352218113
-0.787676757578134
0.802630635410139
6.79998671048482
3.96560106115762
1.77535863419439
3.1108417796378
-2.77052596028868
-5.38486981438399
-8.39878576325385
-3.02165563177603
-5.76674446326479
-3.63472296699827
-5.6979326599945
-6.2252636108189
-3.02536935017851
5.64594339312677
6.5996214252354
8.7049132999469
8.70789967943288
10.8288590163013
3.75971076175624
0.238913763769641
4.60925328899981
-3.65939596450508
-7.85802005350568
-5.05982693579967
-6.3428243862984
-3.0016217934151
-7.63498524188481
-11.4509889653564
-2.67996511011124
-4.24149490464193
4.94912909173329
2.56132296691642
2.22609710641588
8.25172593464977
2.24909734735728
5.91192568958202
1.15517173656457
2.72909112995055
1.40444882313289
1.01766568085277
0.523450831481242
4.45204508352868
1.37376093545247
1.49341535779646
0.763346292896399
1.49786878346916
0.362874859974209
1.87997959813026
-5.20509789687022
1.15782000688136
-1.60328363532138
-7.03589507726627
-3.11999957190059
-7.44882887426472
-6.4521437300594
-6.9555391522204
3.57034070193337
-2.38746101205271
1.22509935639803
7.09034336084681
3.84801077748349
3.98710314953141
10.7314493646051
4.41882924829798
0.0385671931335647
3.70843406953531
-1.5698118993172
-5.69864107228176
-9.00106604096699
-5.01773599089074
-9.14954109717002
-5.0179018277403
-6.50974793137614
-4.03108844879061
-1.535710006615
1.70286014635367
10.0446381942964
1.68704299686995
4.87187022416306
9.78598034677025
8.6719660814374
0.123984309099442
1.83461513586624
-8.24560024793894
-6.78590384875769
-1.86962438146224
0.102775301986772
-1.34413903785143
-1.69239271627236
2.43007250061177
0.495147655180867
1.18794314474228
0.511260923505296
-1.67065017741058
-1.33615164766159
-4.20904643846163
-5.48620324223456
-5.94773570818501
-1.76039807627283
-3.24130155212115
-0.920454286927184
6.03262149679335
1.67762391130812
1.7726692717779
0.567553528126234
7.39053963715169
12.5748373739429
11.570425847695
5.30836772538777
3.44557620849256
3.38073106097345
-0.694154212804224
-4.1341007688194
-5.36435253668743
-12.1119008677931
-4.85841747640524
-6.09543009217721
-5.52954273104703
-2.82913642066477
0.254924183486724
0.260088335047824
4.10367640981375
5.84069130170971
11.0913081552387
4.16516408314206
4.51175513478422
3.44312517608925
2.62507936120322
1.5288389864398
-2.41115063497337
-1.6574416043823
-1.62184700800169
-4.94569639992389
-2.1596157671956
3.28677476508839
-2.29686146377153
1.11314659876853
-0.0519914223319676
-5.99767709384809
0.384768840638222
-1.56080326079226
-0.530693739275172
-2.78186095685086
-2.31002444562152
0.862709091082334
-1.64795361806615
0.332049232048127
6.51165747667649
0.940714022457722
6.19568382138253
11.8184548300045
10.5759997458696
5.97189635468198
-3.09523727210237
1.25107585132239
-2.93743132979041
-3.8555176892672
-3.12670632797492
-8.80156825212204
-9.54658097755356
-5.62985975040803
-5.21160248645949
-6.04026753982475
-3.90720394201881
1.78678676486377
5.23702590759351
4.54002436686956
8.31161232071432
6.7567863968966
10.3698948295595
9.13559597745138
2.31157578979369
0.306026718645945
-3.86745271021888
-1.47672768027154
-2.10231638962996
-6.42724346582394
-1.18035396375272
-5.71669113185737
-1.88521365064612
1.73522512166278
-2.27144429211247
-2.3303111191588
0.59178186739379
2.36666740235387
-5.32328031334468
-4.04535539006231
-6.26425768609603
-2.41592528930924
-0.630062502136538
-4.41234909731962
-2.87833133730278
2.46105458763336
7.32395546077096
3.80647690477305
1.09878490395202
5.27044204140736
4.84332659268417
2.24397381897936
-1.05138996297384
-2.13770207667138
-6.0931689749787
-7.17470963684109
-11.2451452019112
-7.99422604416086
-3.04931399558378
-5.17758963320797
-1.64753832673786
2.45899361357155
2.15266620730758
8.58440063964148
11.0754843945245
11.9910488861856
2.22124514747662
8.87277133601178
11.2394073913757
3.88557624078044
-3.25650357992616
-4.50319870842627
-4.24166625744884
-9.61155145937532
-7.56772512083006
-5.27695941123685
-0.107943253055073
5.932353548751
-2.00528853613576
2.54679218420544
1.38226911607779
2.72945291376671
1.15055309587037
1.30376034177315
0.561967593126837
3.70624235607174
3.28483318545672
-0.560058297890195
-2.04714502920216
3.76579367834251
-0.480034932480024
5.80236153629684
2.38112956711589
3.60014142552319
5.54106559697017
6.71796848049633
6.1724876095532
-1.13205214535942
-3.3286259422568
-8.29913170262595
-3.7955965765602
-8.76611240298032
-13.4003890522213
-3.1703392520221
-4.16508451710856
-3.04147465398175
-2.61882048258155
5.8502097854867
4.92880877258492
5.78781592988632
12.5255457013916
9.02089998642601
2.56026041647928
3.14192631455215
-1.77801207164776
1.25748584349164
-7.53921963271653
-9.58734034226662
-3.90634641889298
-7.75184291640638
-12.3063117358167
-2.41736519195919
-2.62818274711147
-1.33356384168363
2.70117230755459
0.259710201403753
1.60264237351329
3.3814322555708
1.758035849948
4.55893902024642
0.0697585218144234
1.58384508829829
-0.167118529608049
0.811331677273135
3.2117896645065
-2.35021844246634
3.46226735028239
2.66669604483858
1.12397155413674
3.72570434757692
7.8511874640023
-0.353801254026347
2.41055954339216
1.74554453340793
-1.63670979593204
-5.13808883008633
-11.9830285230215
-10.0854606110908
-4.1406726354068
-7.69825608850299
-5.481304462669
5.77175255316904
5.75313508940661
7.14642317158322
8.62294863889471
9.40382383211126
5.43989035416525
3.46727984123738
9.50049492345165
-3.39921284154573
-12.1031097999512
-7.30497278110742
-13.9463168477176
-8.69426573038946
-1.73662481833463
4.32564596771346
7.37345067812787
6.47119329723812
8.89744356521599
3.45138366245739
10.0547154031541
11.0250343124691
5.74212185321717
7.03007716298875
3.17151444531721
-6.01613334859481
-11.4515011087777
-13.8413410260624
-7.10674896388047
-1.00452936225396
-1.69589919331958
-1.88939902682621
-2.25590785677268
-0.0134419916040511
5.55755008619189
1.96254323417136
4.22296423142651
4.58772121372479
0.322460773664247
-4.78629295928359
-8.09785328465511
-4.42333145448248
-1.69118217192513
-3.32475085114264
1.89267174025898
0.984534927164365
4.76200282302925
1.86132645428579
2.45928457096762
7.53884865470104
9.24128107653778
8.72040344044563
-2.09726353338117
-5.8045857996837
-11.7597512673142
-12.8304984695787
-4.48228288711377
-4.16227851924461
-3.87083753102158
-3.98665806443805
3.59841248398353
-1.34141924065005
1.76118457397747
5.2502139500231
10.6646749338548
7.27482768799284
8.16397789010675
5.27850410558406
-2.0111695136483
-2.21360197856015
-2.3279018997474
-0.654956231827906
-1.64772481758448
-1.62131649975169
-4.40007389472694
1.27680237950537
-2.68490650299454
4.41368272975566
5.18723154415838
7.06742998568219
1.09469714105755
-6.41289311973046
-4.7942205734839
-1.55069609000463
-6.86953029468513
-3.02357629097015
-8.15022587234152
-9.6415417429143
-0.2223893014064
-7.28006259433702
3.32324279637428
5.36662342130645
12.748513619458
5.64718477879623
8.12992538518889
3.10789271139735
7.22224674921591
-7.09477744296749
-5.58897056041313
-2.60852762532889
-7.49060050476615
-6.76249459617809
-13.8643577988873
-12.5124003035756
-1.12445410183917
-2.30298060472345
4.03987889832916
7.01597950420467
2.45189983731164
3.56605847809362
3.28266551853279
0.0284716400280693
5.48028903590999
5.75031096282847
0.309107450442213
-1.08272675699534
6.84748515621444
-3.86537256380181
-3.73645154392128
-1.50482569022407
7.7747520135687
-0.698864869636754
5.25161627265602
1.02729856814349
-0.357855106037655
0.820939143413421
1.71176233872328
1.87211967971364
1.2265335087235
-9.27513429912759
-2.29066456863065
-10.6801554522377
-7.25147974309436
-7.95641570085861
-2.89002995136267
2.97381033303044
6.10647689673423
8.45824474764724
9.78271180428775
12.7320131460819
6.4169407950757
7.20532308439417
7.32681345194607
5.83847682447768
-4.18879945296984
-7.90043667688788
-10.874470456871
-0.834538484620387
-10.3897310783724
-5.10417382598241
2.29418723561696
-4.54539274752965
1.51115573140382
0.658454229399335
7.93116283057016
2.59529557394118
2.29720431204711
0.404946242859513
-3.8123406267316
-7.92179430069924
-3.12013621060526
-1.9195177734748
-0.908995264992537
0.450755935030766
4.36680726354349
0.630225082801237
-0.42323074826879
4.89837958207561
8.4408964441643
10.5662928942347
7.40643152924689
3.71103892245692
-2.39710157453165
-2.38320239854122
-5.42113469889218
-12.7682240305893
-8.24900895379327
-10.6576124400219
-9.02223656428565
-5.21882335041456
-5.75530715635308
-1.59452076217907
9.04396425086107
14.030089968556
14.1369853889573
10.2927874502127
0.542431915698254
0.098446035158519
3.17935019175571
1.83240639811257
-1.60382337941176
-1.84575991421013
-12.2044656102303
-10.2430762703396
-5.35396112031687
0.331850609080346
-1.67680489905974
-1.37569450027188
3.68777740206654
4.37358787229689
-5.06553680279118
-6.43024419436015
-1.81001076299698
-3.36622827958922
1.31932285931778
-5.98367183853943
-11.2010073171568
-5.14971015516235
-5.67262962860066
-2.06397185135307
-0.17030102499036
8.87156933862839
14.5344557723615
11.8805536719881
6.78246591594906
2.72407687064628
1.69994414871415
0.787979630520062
-0.321220473357732
-6.8776968121186
-6.25517584912008
-11.0726925770477
-9.55614811731285
-10.0909120749524
-5.8386331259186
1.51970611352287
4.957188195263
2.69702008652988
3.96356086756424
2.44860972902124
4.39792412039753
13.2034390766463
5.15716982342862
4.00689429194583
0.258153698684044
-8.35624887885107
-5.52936446190068
-2.86470439203309
0.622184784367624
0.689714772788983
5.9907345747424
-1.85061862282394
0.0655821893787452
4.04520013625394
-0.319608762189278
0.0292566464669446
5.89790903196713
-0.760594758561062
-4.5887878397952
-10.5268892490644
-9.81627078370616
-13.3161234773305
-7.58818230635243
1.02850308167867
1.77743559403662
8.97763002030079
4.32046764400571
4.46402239626714
6.29791484508622
9.79436021285535
14.7699727706804
9.98433857821844
4.67657726752251
0.348770409155894
-3.48931614802372
-5.75843669615087
-4.48050269500079
-5.5786754762024
-6.33306540111459
-5.12171643207271
-3.17171584400424
1.20123461171947
0.771501873095217
6.34676284790455
7.53025286771788
3.07601635668769
5.60210551397654
-2.86255231289664
-5.54646689321052
-9.25488520275308
-9.73495825625632
4.87110438058422
1.17479380012604
-4.64495961936687
1.1834788329014
-2.14506706694051
0.851599411706536
7.37935245404867
10.63847782677
3.95235810229452
8.21778833477737
-3.10387878825281
1.46755227658319
-7.59455005677548
-5.14815046423392
-4.77882605999418
-6.63474714432618
-9.1036544510402
-10.4843868767122
-12.8765307583606
-0.899388862582757
4.31711966451613
8.54755079887059
9.48928037448099
9.90971054653623
4.28313840826481
4.30416368254893
0.353503833872847
2.6546725330878
9.28055051592201
3.7535316261215
-3.48085458857173
-2.87867712408595
-7.66458180765508
-4.99110304162314
-0.723809386694449
7.58367062741872
-1.02915809354252
4.55696373688118
-2.8328128661929
-5.46365236328156
-3.59424990097585
1.79694436556964
-3.29031700269002
-5.66564932595853
-5.55781551265871
-10.7046310423331
-11.0112497223758
-6.35138429382681
0.563998656902989
2.38609700167908
7.71011522288179
1.68626371829331
10.992566337367
6.45178381919942
9.75837804114593
5.40853499331809
4.38463253676815
7.66716484778747
-6.64183972817593
-7.23214652942617
-13.2928259809828
-11.3019331356602
-12.7703531621753
-3.74497079174644
-4.68393449654528
2.3435977146073
-0.413042372149079
5.03809446849944
6.37912256441598
10.6048583376305
10.491515217676
11.9397440155528
0.322206912735674
1.06186790153601
2.88655572568751
-4.35949505521423
-3.11459443392008
5.79216617342798
1.56135260036652
5.72535030767034
-3.16483918191229
0.869934182772644
2.34081533885824
6.29557216957766
4.7436247594642
5.22464491239976
0.205465611274919
0.090807852209867
-8.21063015962118
-15.8976804605039
-6.09685950307698
-4.06130709389689
3.85224720351498
-9.33162805988041
0.200969946383945
1.57463508327236
6.66104938133859
14.8087126532879
13.41655431717
9.82488345435777
6.73628441324006
4.60011843879748
-3.91037197798213
-2.21737098376697
0.1584324094102
-5.39709176357827
-3.08409144774644
-4.31394477092032
-4.06513391581582
-2.03825154218968
-1.93020561458602
4.25881598574135
9.29557248291265
3.56308968880073
5.94435785499198
-0.80757738995465
-12.1605102442707
3.01610180793467
-5.48949711128453
1.01635274299115
1.29344442854449
-6.50645100517461
-2.8947747383299
1.30420831848383
7.81529810918962
8.21626523532043
10.7148945573755
13.0474978553701
6.72922663565493
1.24865317166168
2.16018468919661
1.86717029638588
-5.91733891160427
-7.08132529133813
-7.92540295378105
-8.38508473859915
-13.7095774900993
-12.7417455281109
-12.5582130986311
-0.964266458575686
4.94230425357061
8.1063589036781
10.8741329211357
2.89163977427187
8.3412700459553
5.02852982718371
6.57473036112707
3.70599921006053
0.282735697612412
3.82109327853379
-6.51383639273008
-5.07548733465689
-8.22543600502206
-1.01983730596458
3.33283355462056
7.78951797658206
3.70556231259661
2.26351916248106
-1.22271496380835
-2.40856001889687
3.84061522756759
7.10076576263193
-3.79829857535695
3.10565676938743
-9.02004405626119
-8.21439484748618
-4.70340703345434
-4.15766573145524
-0.192709914594512
3.50782692465
4.86976359359206
3.04954807514551
6.45802703555729
8.1606952398044
15.8886410052226
8.93096647885305
3.74616395250673
-4.03700248366187
-9.38652331788302
-8.78751234638855
-8.7628122149884
-12.4977903424133
-13.0163284886967
-4.03557853738439
-6.41046443506399
0.495171051217535
-1.60759548194123
4.98981560776905
7.45496773806341
9.91221686846646
12.9030503518948
2.03112773151618
0.688957698990746
-1.81283378964786
-8.57726216744213
-5.07362605719654
-1.46366729285456
0.0128390462807303
-0.182147460289239
-3.37890049945007
0.30340933122692
0.886103816495701
3.67872214440254
7.5226125331864
4.3354249488315
1.72250363730809
-10.1314955821602
-8.9162322491796
-12.1431365671931
-6.80896476746302
-6.28963601663436
-4.62153824547591
-2.86143049366034
-1.79281513888569
5.32769090762907
8.71585456288674
11.4341308767505
14.2610460609924
12.5905905358236
9.04870283805693
1.75764102658149
0.288364383088205
0.190512563887628
0.0735877024593332
-6.43135059107842
-2.42242541382167
-7.36812032307113
-9.35074052092703
-12.4314681945568
-3.36370320379736
-1.06478987997222
3.31323329776842
2.55035040599195
0.675072048819694
-1.82491053371555
-0.109275202224716
-1.51030080799106
2.08224973008501
1.25310484448205
-2.9683325053385
-2.90156061635368
-3.38287622996785
-4.31594307689508
-0.970751012539072
-0.938703442726596
10.6245963266586
11.8637996319144
3.27532113332911
4.08050367251409
2.79462534947282
4.83157508369594
0.939845912661456
-5.8948363697256
0.73842315310538
-15.6334233407233
-6.8790571575654
-16.5207963842066
-9.52327841858131
-5.80230239553461
-3.36999522828032
1.6489407760686
2.58382767602945
7.52768757117663
3.05874996251596
5.41270817174728
10.8569715263146
6.09323743105589
0.94249039575535
-6.71514798113558
-7.77917592484336
-6.16785730306518
-8.43730773511878
1.3277422849608
0.261754746042685
4.86761173471449
-1.18062522959556
2.74177520905448
-3.36827605966788
3.72156557898249
3.70473131035261
3.99603742580289
-0.907871374822248
-3.67179943824603
-13.0461606683444
-9.80236529242876
-5.61086297163473
-8.47733005993897
3.05871138225005
6.17145002146185
-2.17075791419394
3.25234989529883
5.55887907889706
5.38041859548888
11.8370390213827
10.040536654424
1.81580695894731
5.17080811044871
-1.33662024294765
-6.50857099861169
-4.08104655560432
-6.58460094954236
-8.60902097836809
-7.20735811819091
-8.56658475312668
-2.25153056035889
-3.98551369025331
-1.22106839015864
0.347490747462878
10.6667803062108
7.09637096396769
9.25781461506186
7.25156627619592
1.87397733934476
-1.65709322078342
-6.35833883466494
4.08461079011908
3.29031894733127
-2.32371859002972
-0.0945181369063564
-2.84197149043576
7.70367880831196
3.55562485003296
7.00714643654279
5.7063603580211
1.95810192588525
-1.22326938793803
-6.69473366743381
-5.00928672621199
-9.23217841390797
-7.04773875986231
-1.94732588753561
-6.38982330029315
-1.2346016266521
-10.4846721347129
3.48734320773573
5.07710548012745
7.37583850222447
15.6924107978409
7.59535765038789
3.63968398049687
3.54668992220616
0.239758594913524
-0.974945563152112
3.50129041659675
2.52333014854234
-7.80251296711377
-12.5617549313059
-6.4204154536411
-0.764928033303992
1.36779898617084
0.427224858355203
1.93292993678921
1.05821429124182
3.83179633737407
2.34045443119939
3.31027567266785
8.50432887599617
0.205655512444073
3.78349989163816
-4.4792727752255
-6.38974024294356
-3.43049852353415
-6.42104583089593
3.18317434896389
14.5586948323022
6.84500607108684
12.4643319236471
2.46694438027445
10.1548064814572
5.15442458115111
2.53854683320606
-2.32103587211569
0.340935013096045
-6.27870322554507
-13.8106529616257
-11.6981832611981
-7.66035179123619
-6.9161445407935
3.37219171355594
0.500844808712131
8.14934797941265
8.51127255451972
8.7858102582758
8.55229348278342
10.9270541668071
14.3340589863246
-1.70606504155518
1.6524404993976
-1.29908956830397
-4.31874634195007
-5.80915604875575
-1.6170835570183
-3.30970653367822
2.72030758213345
0.09852831528008
-0.991250839960731
2.52523332033523
1.82019657247614
8.46547720642226
5.47702313385833
1.58784002084646
0.793066218502063
-5.82199621014542
-10.9934195326495
-1.76994598734544
-5.98613455740903
-3.4422654230197
-3.59510595956233
1.60399050599099
4.25970615762303
5.30961086616477
12.7829787216616
9.5650542429898
9.77501660647919
10.6763552872923
3.46186199518923
-7.29995359383079
-7.22659712567254
-13.5423006476133
-5.71578801931282
-3.75963233218691
-12.7550504246361
-6.60587681206987
-7.35049463346359
-9.27142145415318
-1.02589424266264
5.27596056012434
5.28519640178378
9.80471746909883
3.04750057764389
3.21033685019676
-2.37387709072727
3.56070884247943
0.320427616706976
6.88163505351165
-7.71916867991991
-1.70780796440284
-2.23855186337191
3.46629779041011
4.74867541562449
-0.664265743153711
9.45454516226604
3.35985671305291
3.02388327101847
2.99734479464098
-2.28594134117499
-4.67178405473547
-5.64019557390359
-3.80997133476765
-3.1464776962215
-5.40432679691485
-10.4619138300932
-8.75264179262542
-3.5899079369798
0.841452645907819
7.75862897322228
10.1028033458423
10.202671765726
2.18885433864841
8.391898843084
-0.753612027213265
-1.20428502229582
-2.81441240879127
-1.02521003318796
-4.20098878959917
-8.76671090223414
-9.8781616026432
-9.41363027312958
-3.37365109514262
-1.4658678185574
4.94622699918236
-3.0120395976289
3.06949610855695
2.41394160454861
-1.6078963758494
-2.50793784532381
3.47265824265533
4.69933807466398
-4.2283887200676
-4.38668586290131
-0.635379936440348
-3.12648113634605
0.938742557235581
0.415934816444795
1.31283403347016
5.84125365075616
4.71890534046666
9.0604774229507
-1.32301140834497
9.30541756184794
8.50237611692688
-5.41355241470931
-1.91711025968642
-8.74092313933542
-9.96591133879669
-12.3420493334239
-10.8309371554435
-2.30988525848688
-4.21451961195164
0.802285048847541
3.41432595800978
0.700839533753551
4.872070881826
12.2745669188123
9.74651122503956
13.7663305798991
3.24295516508025
4.07941470505185
-0.521964732194744
-3.59908575542441
1.83492637971535
-3.74940538770642
-1.89066140590437
-8.4164231104435
-2.37701339934678
5.20765263588979
-1.84379757785934
4.52776278300364
10.9415788982578
3.86389842124039
-2.12206600853433
-8.49303139160231
-6.62598867519052
-3.93604515252541
-6.27397217278053
-0.0556474326327869
-3.31473565177682
-3.27958708355627
2.0697494679574
0.136610763018091
2.56421493803801
8.24332808753571
11.2280602138189
8.98340097775624
7.28448978240593
2.76169125245482
-0.229743931280691
-5.83590603851778
-13.2688351299089
-9.19208595499251
-2.45609232592303
-9.94155420163946
-11.7124349373194
-4.8264571701574
-4.24151010946329
5.32279183039773
9.52968193536993
15.8546063003924
2.55252668140176
4.09933909044289
0.145083723083543
4.4519396480337
1.20523389470186
1.23617567315353
-6.0972202354247
-6.85891313452438
-4.5299833575496
-7.84049044729916
-0.0610727393829584
2.51720354270892
9.08392698900833
5.34010389614037
4.37798666172457
3.14839529336367
-2.63032929349829
-0.0902944485400907
-9.13245488186481
-1.76050925010909
-8.99815125487993
-10.2797922425063
-5.89400939248821
-12.6263712800236
-6.1674669877752
2.23247264278322
4.28926435232186
8.51518258829981
3.87281111371841
12.6528373379834
4.59715344776014
7.94988689870512
4.61167840465161
1.61944879552249
7.11744864859779
2.17817081626413
-7.8006732169856
-9.90829410275506
-10.8132873550672
-9.66033297283382
-9.44195743729421
-3.27846691392471
-2.18515078102916
-3.32863834516212
3.43771933937773
-0.630360779862218
8.50981959685479
4.04301272964947
2.85387984013467
-0.812556300769436
-8.81407270283652
-3.94954400700872
-4.3042074359809
2.91809586089571
2.50579677485049
5.5892483442346
6.28572225396552
3.59300628924501
3.47060966883836
6.23743253442555
7.68647417356957
5.54166582078249
5.53756207627443
-3.81311928177154
-11.8164785776547
-8.82782198529859
-12.8278693763378
-10.917311888113
-9.17029371770371
-5.15247697246716
-2.0490787078464
-6.43434180087463
6.36705089008027
2.93834217051382
3.1569753706004
10.828501698679
8.83051644977073
10.3279312054478
3.86231968964265
1.85929616468268
-0.677365825572221
-0.748627371937025
-8.808232503383
-4.23898403071888
-4.81470240329351
-9.28675181892364
-6.93748617671328
2.99735569547033
2.84747736188712
7.68667282426593
3.78996966810181
-1.7703837349688
-0.00455730434317436
-2.61264633553281
-5.97970892710913
-4.28021313072349
-3.57416965430501
-1.55493812753597
-5.5963792881295
-5.07070456340358
-3.23501347832938
4.75010525763756
7.51719085926445
11.7651754892998
16.1198587323083
12.461616149466
4.99858104373517
3.7933374373974
-1.48913945144235
-4.28754046808539
-4.83037513395843
-9.63372802335629
-9.58395786464959
-11.1696447145432
-12.0599623545511
-5.17539919036125
-4.59497360998057
1.83007878861425
6.39665172399931
3.81349336360436
1.52611821737174
5.39395340668002
1.37513569474375
-0.669069131221406
4.03121043257884
2.39891119989586
-6.05809367658137
-9.06949220121986
-5.4362743991285
-1.12770766128639
1.24623568455593
0.338530809186821
3.58385899405931
1.19670947729853
5.92756651184529
0.775860030808655
0.243081027867708
-2.76921374438652
-1.34028993945106
1.47478713539522
-9.85014370600874
-12.7976231905599
-10.5932316190703
-7.57174861009323
-7.93734338412487
0.44964882909591
0.290522723335394
6.62057396226185
3.47752629183392
3.17996220032191
6.89541748436917
11.0297455294195
9.13231895098662
3.25592010691671
3.60087389528442
-6.9708492424888
-7.48046416939977
-8.43871860314167
-6.76053105206164
-4.62985493403826
-2.61667014119855
-5.18048851855369
-0.433871224542353
-7.0052832476759
2.8735528524022
6.73499183412867
10.0025992486059
4.79347951009919
-1.93476931451291
-8.07816816569669
-2.96707146317576
-5.77084417645842
1.20887326195544
2.22330212812627
4.87572744575887
0.793301362211393
4.29703250563993
-0.203349142296985
6.52002657242701
6.66265215941607
5.68797182477933
7.45744665999771
0.543874939300427
-5.93844098944067
-5.85732936019784
-8.40761491511103
-8.75413332088335
-11.2351161144397
-4.13241275506121
-8.84206804588318
-3.55172319427103
-0.723563495087434
3.36098235275271
8.01454721814934
12.0009835066864
9.53125077089672
7.57204950539344
12.2729775922085
-1.27742541910748
-1.21156049144257
3.26243184896091
-8.39038726622329
-1.24885090506189
-2.53807045862881
-1.09667573136325
-12.5953495718791
1.40624651439615
-3.11171435237121
5.55292461834455
5.77448290427782
1.73671520468287
2.56974841532093
0.452505135576542
-6.59166454170342
-4.59905619182919
-4.43474423369036
-4.35065005890931
-8.25429218694043
-4.84746914209031
-4.11619444489343
-1.44525655559843
1.98716726451133
9.89227652871979
14.3778557234388
16.3118380262516
1.78427061741246
0.00146310159822338
7.30861803942304
1.05689814113792
-0.900130270117111
2.42924976318289
-8.28577797811391
-7.82737389036893
-6.72177186932837
-6.68036275766469
-3.09457343073164
-3.09782319941157
-0.495400908429789
5.03776637355629
7.3102676470174
10.5227230724998
3.14415788530324
9.30607932458107
4.34017037135701
2.77196479781081
0.0786633806729135
-3.54258891337498
-9.51770041292571
-2.45978418326168
0.332537605949779
4.29703495895643
1.45026318772619
10.0626879606175
4.07423160901024
7.0673379332923
4.03591292972755
2.5185345888142
5.78419798153605
-4.01945768551514
1.31454838227185
-7.63078359830181
-13.2926034447982
-13.1107252700884
-10.2643650557682
-6.68751733796985
-2.68524293888516
1.03415460516765
2.99693098922161
7.37996875680641
5.11577969519409
7.04528536105892
6.61510522046837
2.24759801400919
4.14834415134076
-0.295347501188437
0.167463461471866
3.93431547045599
3.24931657626203
0.318862182765486
-2.51874946516835
0.569725201094943
-6.9338253795811
-2.21514460712338
-3.77118003680796
2.23232928330177
3.00747073144132
-4.95238542078513
3.70312227991889
1.22710750314728
0.707518477654166
5.81676673882032
-3.79393696293491
-5.46002934405957
-8.86349917361361
-2.15147134362733
-7.19232344685699
-7.73624093865808
-1.57385378181824
-5.73483055836434
-7.51597177497664
-8.95696958034068
-3.61442262629317
-4.23673748000319
-8.29216135468111
-6.69255006272742
-3.92379998330871
6.65141573947038
6.45537654113137
8.23940503342494
5.14958081768652
11.2017790295503
9.86002959252704
6.16354940895188
4.29053850506216
5.91020132881232
3.02105042843037
-0.0181719315034975
2.86677341874337
0.583620912515977
2.49535189546497
1.66826850591253
-1.37363765230121
-0.107494124538034
-0.779804549488412
0.497908923619198
0.654498374371328
-0.803629157480334
2.72205621601377
2.11298779337688
6.19932714159525
-2.33864913523805
-3.59982435625212
5.40213876956369
-1.02883564916754
2.42760706760185
-7.27573225813693
-3.91586806422927
-2.27090587996707
1.70539246087285
-4.91529041173828
-6.64648907742768
-7.97890652400487
-5.00166371985125
-2.38446409066924
-0.0964248284349329
-0.538720667204331
0.484524013502278
4.35044083026284
7.07393706121143
10.1271923954691
3.85702154632313
8.93161986383502
8.95778922289907
4.38073934083448
7.92239591971324
3.04396089101277
-4.50125686884267
3.11962518306519
1.10388462842354
-0.0219316279195758
-1.71860644336011
0.586229053349852
-10.9038256936712
-0.557883763339311
-2.27356066155158
2.69693348210222
1.41963917921625
0.940482339498458
5.20812578227112
4.41506304936784
3.6933881275422
4.03137454460999
1.01208132229419
-6.85286019383382
-6.93005948409499
-11.1499020814804
-5.46259748015142
-6.96590132870292
-7.134775284738
2.0426926879453
-5.83875519929296
-2.61132704827004
-3.41166313538679
-1.61028591909774
0.195326325971439
0.413050167430929
3.07100886256786
10.7447610177385
8.29605061606142
6.8364079572068
8.20479072961434
8.41733274246435
10.7206691490282
5.69851273456847
1.09457363855799
4.37831298875619
6.7755475936618
2.51929364807861
1.63887499293719
0.294833918813706
-2.67389924792215
-4.44795470802164
-2.11467461671482
3.67084168433602
-2.71506009550216
-1.29030165508734
3.96445596332322
1.78023720013946
5.98876293781212
5.5645523459208
-0.953012745788223
6.86063628027784
-2.2203183180744
-6.27612272276788
-2.17772082562256
-3.54193583233554
-10.8535012736368
-3.82024938665053
-10.5975874621954
-7.81621366222203
-5.84322134805281
-5.01932768313703
-5.12910766307768
0.442208132811467
-8.38466770150827
-4.32038385547293
0.758505026551293
4.92828029691755
2.16961423250777
14.9187917249319
8.4045856163191
13.0473796119838
11.8179893268622
6.58484662924822
2.22572439008478
2.90351742645273
1.75624258135864
-5.12726572971848
-2.22609551850173
2.13402676959398
-8.41168475867771
-1.40977124071665
1.9097560779833
4.78691621704299
-1.97317851725626
-5.72902068051739
5.08929845957886
7.11615766300295
10.0644826343265
7.20707870188312
2.72958027340241
3.00231417787756
-4.02837016010352
-1.92241252868279
-2.33379138566843
-7.19181170087739
-5.6102840359746
-3.64807084300482
-5.71322852136969
-6.38132285382337
-4.0350600938146
-10.806298332112
-1.26060769221827
-4.38712906153604
0.452057914367509
-2.04234387911955
1.60635483178014
7.65684396242909
12.6502382471634
14.8450594870444
9.7024812128128
4.47790096846447
6.21658210736533
0.974183316399586
0.388736410134305
0.847474409142602
-1.92715886821725
0.143682875827643
3.5694361103675
-2.33918587901815
-2.30232533397959
-4.60438688857069
-7.04492564563099
-4.51845964532656
-5.59807914078041
0.893200298573657
0.0413745011909946
5.86497056049563
4.89635565121131
1.27861279984961
4.52720035681126
-0.655856637974735
-3.02249391278207
-8.6942037023017
-1.58269452392888
-6.05237931399234
-2.25100598852709
-10.0328063582905
-8.06682569267338
-4.00613866803661
-3.49459023873584
-3.27597492845204
-8.87461298018911
-4.85535248136306
-5.3354921525014
6.88540744735191
-6.16047446751691
0.330105968727988
5.48321871090233
10.5980735276285
12.8523105921765
9.62646213492703
0.830638923504103
4.91193033870664
-3.91155199008559
1.0602013733737
-3.22871429912601
3.54717153781316
-0.883877477694768
-0.774808858500231
0.951155421324895
-0.498965830659795
-6.09479080035175
-0.527890415158309
3.50234220984907
-2.29220646522057
-1.95178941784512
3.23435392946985
3.6229248839594
-2.34048577562714
-2.61646328523107
0.335137101574018
-5.56306035791944
-7.35676813844693
-12.0371037543368
-6.48366654506563
1.09423600322789
-2.33211363626168
-6.93693548915276
-6.83263453617493
-7.53557629776946
-4.02837063458552
-8.38742439618569
-1.64290126270123
-5.05374718723857
1.88298483778902
1.92733551815182
7.51216687270046
3.88697724342502
6.40166182425661
6.65228367621599
8.67855892066223
1.60569683518725
4.91814430685353
-4.68712434377775
1.60594748815902
0.576907881460399
2.47431666264034
1.2456555167226
2.01475753629366
-3.06745575550729
-1.81081157796491
-2.34753478002718
-1.39348203980264
-3.93557064072913
-6.59328309972203
0.192818659176027
3.36900568415308
2.61196278957686
3.15894059522054
2.65926760853589
-0.104450815995912
-1.0116240422426
-2.9837231027304
-5.91913083245439
-9.30612175045329
-5.24807964937171
-7.83438438111318
0.772457428634524
-5.3425309850815
-8.57320307141935
-3.86313549591316
-2.90095544502344
-7.871137814974
-1.52331697335649
-5.91858789352512
-2.49094748235734
5.29191631220798
4.98124480263117
