"x"
5.45264080479587
0.776766069700387
2.77474555375257
-2.41724234968456
5.41768207593932
-4.11503669050992
-9.7453802825154
-8.73334196972012
-10.7516640754909
-0.671488833335109
3.84262472332099
6.84167018368157
4.0542646666638
4.56912723283875
5.9605766993226
4.03547881927216
-1.36371698660397
-4.18139799644146
-5.32316646629329
-5.03441886431044
-0.0940400705199664
1.53337985596179
0.287516355904169
4.16289137149187
7.54416316504442
6.94199675053796
4.41978271934086
-4.91858616980077
-4.50830313122856
0.252792653635844
-4.19561425231551
-7.50621348643424
-7.92778704544299
-1.56347423595879
0.522402118324545
8.20718882087799
-3.08081220830912
6.52525554638729
11.8012079087316
-1.81824474271689
-1.26631250451145
-6.71177913050741
-5.53717008191163
-4.01800492245732
-0.540569519465631
-2.77021762315271
-5.22254168272297
2.5943902170782
6.42356245416335
3.42421086486441
4.91379998651757
-0.397066508471844
1.9942757001428
0.406981391638298
-9.58560419557816
-0.588797491190826
-7.50537582278662
-2.54939616367056
3.02970990032455
0.736630486380561
1.75971743545848
4.28497322495959
5.20319829716285
4.68706029803879
-2.51384375439088
-2.82460612604158
-7.38737880976945
-6.57859852388436
-6.94857595113262
-3.14599575044897
-2.35779407855753
0.977050074946945
5.96329237287608
2.9816038192962
6.23736766548635
2.84111719271972
0.329077338562937
-3.24832763385898
-9.33893399605492
-0.00947965287507024
-6.09263336533658
-2.37782231298598
0.0393534270046956
1.78149505609954
2.660643750053
1.71936466924166
5.20325673148386
-2.47832846631377
-2.99493705373863
-2.47588823588876
-6.15496921777027
-1.74247956580588
0.0636429559919591
-3.09762471866157
1.89656033822141
-0.574814846916777
1.82813534804266
-0.612042332263871
4.99854981321844
0.453837633731762
-2.7263589405119
-4.4445621941819
-7.96793197741255
-12.1883268772366
-8.08705850309918
-0.243334188887792
-1.09226148434108
1.18687263989346
1.00873069579047
2.7250477223939
4.27783851063023
2.94197199329577
3.85105101112124
-2.57909512488219
-5.7979661401402
-12.4345764099969
-11.4769444226456
0.699692243807819
-0.0110225450793493
-1.63377778932754
4.71995015496244
8.04079951810004
7.17593555821431
1.86342014602679
0.781576131448861
-4.12158235147482
-7.83330465446392
-2.73157063585718
-3.215046652538
-6.53661586536903
-1.06020876335438
0.864477836274495
3.04493613899239
5.76643724194912
8.97662418570267
1.41524824701166
-1.70176115621408
-5.03522860393667
-4.69294184010634
-4.70647294213062
-7.54740332490573
4.57360431751891
-1.11605909573931
2.99792379876833
4.33434654576138
0.541353970517881
6.42079645805832
7.97323571817844
1.16270411165478
-5.09305847106446
-2.69322902527843
-2.36236460776252
-4.11710907668984
0.804067805206427
0.591893677370095
4.7253587408111
6.82283473300961
3.87459317560953
-2.27710135174452
3.73310706869253
-1.54559647349141
-1.6329114720596
-0.134672883760951
-2.70925074733509
-4.54845949640552
-7.85361881234932
0.0221526692376783
0.870971387211899
5.5014252731995
4.31619558095135
6.50020645342341
6.10156346075374
0.418154060412086
0.854666903225961
-12.5140212006458
-9.47348993738132
-5.54488787256851
-2.44918424826177
-2.62626140169343
1.8511937246684
4.60593642189999
3.76081860631507
0.548160771182203
0.265423144553849
0.226157022522937
4.39368360837477
-4.6910696435901
-6.49710982392902
2.37659715992204
5.15362329380307
1.28445609544626
2.42031963356001
6.98000047044429
3.97969002553871
5.92333823153831
8.55822395369976
1.1723913310887
-5.04103781864052
-6.16605565007305
-5.9539139397342
-2.41538134825224
-2.00396998449208
2.46461157129697
3.71722626802269
4.24220095132625
4.83534244732472
2.23065613982476
1.48211604140092
-1.27951867780304
-5.00962619466688
-8.48448276609488
-2.71671253009211
-11.6655307899
-8.20782297669409
7.94961485483983
-1.19964403993881
5.65555382839596
6.18390043871923
2.50770898460693
-4.9448156533087
-6.09873865754019
-3.98890736617909
-5.61287816676453
-3.33338018861719
2.46286933185616
-2.55883412036177
-1.33500857951376
0.189439935833236
3.46944466598641
1.61898831365607
5.25938892068171
2.23555957411923
1.41641634359885
0.910668883573966
-5.88736750487534
-6.32305818677803
-5.64121659720859
-0.803190198577618
-0.538322644180778
-0.0645396189737966
6.32324229608219
6.5623224772275
11.6503480535568
6.50988702390387
-2.36927700380313
-0.953806913822504
-2.40977682288187
-3.74796205239869
-1.44253887179766
0.798674842747821
4.65232900906128
4.60005960168732
3.99065718280395
11.6125724205161
5.0048584639427
1.30440549386852
-1.32280314866336
-3.35186146517739
-8.17228512425106
-4.39185685300775
-3.48353119238976
-2.60565895209429
-4.96826471848224
0.723657889808694
-1.0934165904683
3.46758231156647
1.58925982259354
7.00343763374596
-1.71076816538238
4.69417787599812
-2.01870979098872
-7.39943125951257
-3.54709519613924
-3.80254121897143
-1.64273330051145
4.07001517119065
0.601460037774848
2.76075637457443
2.65346466874948
0.353679281977779
2.20009624474844
-5.34262799492185
-4.53684295672428
0.964675988321533
0.486263617558999
-5.49115169096778
1.06257393289176
5.56370095590916
8.39265509300584
7.01564188923992
5.45488226837587
-0.663199124612015
1.08346159836798
0.189496882911681
-2.09330241381723
-5.23976892072925
-7.04010833503482
-1.12349499792454
3.2243624245861
3.59059941203768
8.49302476944058
5.35521817741681
3.91828381559486
2.81555130087429
3.42818471787348
0.00230362163189657
-4.53574410475533
-3.25023006705889
-4.39420899170633
-0.967196262982179
2.73660136913835
4.35164756278484
1.87870655471623
3.22912235714121
7.48454533764748
-0.0267500168186134
5.41373946775244
2.66922349343917
-2.48418405853536
-4.02923082981858
-3.95910090891156
2.94252130156221
-4.39806559802363
4.1765480551062
2.06146615875566
5.55574179209564
7.72995640407598
1.92202721010163
3.69586560484706
-0.110104088851593
-1.17599756122627
1.86900020308947
-4.24475789166183
-4.63627073774362
0.948865494955316
4.96407974914891
1.96669505469846
6.51696779846064
0.97370678906998
3.02805423517559
2.70221357456204
-1.81608968568824
-5.71055316822262
-0.579740578824492
-2.72892792521078
-7.70160879126108
2.24487836912886
1.26267891133098
10.3871589408454
3.76637612463588
2.60262077329976
4.07306816121665
2.16327150687554
-6.62180285569385
-4.01931949241541
-5.57777558320955
-2.66874026821197
0.977172212391958
-4.92914007110193
-0.792895629416653
6.73801393327828
4.16430208042999
9.0445773591325
4.22327742407917
-2.04152932012358
-0.803018386190394
-7.36947429036733
-9.79745431446946
-2.12597118763
-0.226350889363797
1.44948253384826
3.41271927957375
8.37482776020745
9.19616799780683
5.87464195617921
1.56610867491837
3.16609895785622
-3.31006428744794
-2.09332596997137
-3.42955368003488
-0.234829263967447
-2.06571683678692
-1.12191589569052
4.1849367908121
3.15980633846479
3.2465971135599
3.79001620362565
-2.27187280512777
0.753805291623277
-6.96084879410675
-1.93401572202827
-10.6114155053369
-4.87954519903471
-4.43974904652124
-5.56355948052486
4.37833852974398
6.13648544533276
6.30616362167495
2.23831648390416
1.90277417258445
-3.90783429198761
-7.20429579519754
-7.35154203269986
-3.30787960965703
-6.48377849135137
-2.43637639929605
-2.62737634351712
1.99964397755619
3.12502139245749
7.86649304750721
8.08805690786953
-1.64555189894841
-1.41674103791909
-1.80582610473583
-1.5437497706517
-2.57508372621587
-1.26114930529542
0.0703426653389869
-2.2888707202439
2.71177783832084
-0.24414478393556
4.62111195047919
7.77178759426408
4.60482959652173
0.72592506190544
-2.06187822642522
0.38746019598956
-7.56548964736976
-3.5262128908088
-0.00282260123496236
2.50691870906672
3.98149035499099
5.0149501066196
5.27726584250377
1.52937225223996
-3.73612720877522
3.89803593925316
-4.02755334950652
-7.56197983315745
-6.04760151753913
-7.8764726026092
1.41056724264273
-4.69553865019228
8.22373099538942
6.71779774829641
10.9633039806178
1.15995052679948
10.0874173694731
-0.99014200576457
-3.76885600874398
-0.657489746496785
-9.64804466234748
-7.45553261076029
0.455283205049647
-1.52945566887688
6.81416947383172
4.20026552805892
9.21673192534078
4.99416983318287
1.24925830351827
-1.79038934217
-0.266905065454389
0.251049670960429
-5.9426715460361
-5.86170832472967
-2.50649855214987
3.28756871578005
6.10032837538782
10.0670513928187
6.61194633675736
6.22507933221307
3.46594045042722
-2.94249743487155
-3.84820483922656
-4.138931098944
-7.80711202130446
-0.75614959990424
-2.74618478246023
3.15081655588128
4.64530972270312
6.67624716195944
9.97246638598333
5.82912787438362
-0.545796541022461
1.77723245191461
-1.86901762750327
-7.9998788431806
-7.15572507808046
-1.77503472790947
-4.2404553202288
2.41428076692027
4.93697981504344
8.09800321931235
4.99759520773147
3.39466722320893
1.25039680485381
-1.13085044611099
-3.17365676160643
-2.36263810216302
-4.80181055788065
-4.47875487382399
0.852935307274288
-4.80244923654873
2.61371373980343
6.45369612473391
2.61742917571576
-0.910157816525291
-2.25570858655123
1.67281184743356
-8.09775517907936
-5.69825049706047
-3.41460728243514
-3.94687557001033
-3.78771662144297
-0.429150185482768
-1.27085882815829
3.34599710312836
4.9986546752868
5.34951964023579
5.7245999329399
-0.288355775053147
-2.78139091273376
1.22765170535661
-6.43695538295798
-0.869677841433013
1.46569289333169
2.88039144237011
2.78228683195069
4.39041496428992
2.62512784157351
5.76655003368048
2.4055073426942
7.41421439471683
-1.20102368238075
-0.764942475825474
-5.68974051771955
-7.71512242638297
-2.06909976579823
-0.427543969279971
1.21664883076769
12.2544014085874
0.684302993594411
2.79735270702367
1.7457245823954
-4.98805462100931
-8.58560559563883
0.791523107142055
-2.57701650327602
-3.61240192670951
1.83262312224561
-0.83552505647813
5.66104935292792
5.95405471797685
8.13812927801132
-1.45983343850526
11.8924630900439
4.18497241895122
0.245104126790758
-9.81583476351012
-6.28331790603608
-3.51182620018027
-4.04158868577949
-4.9971432841945
7.96873804417597
2.94710944960513
7.32178071643643
6.15939136876577
2.38716607031968
-2.05650507307411
3.95940858708529
-3.37781364667246
-5.43532908990541
-6.46005859108839
-2.6834934494808
-2.77348509214022
8.49604154556743
1.81285017910549
3.91049589681528
5.32042855647602
2.16991629642306
-2.71460895587377
-4.10846203332028
-9.09504029326798
-1.81342617556686
-3.76837126132069
-1.29882078296497
2.55399289958556
-1.11840444777251
3.93592129701512
6.64483746269742
1.7649905963458
-1.91967219586346
2.49728279906572
-0.435573511070098
-3.32421774768777
-6.60193934157315
-4.78302063221848
-7.23630987952481
2.42601984878045
3.94656808152178
6.74071962244523
1.26828854642388
4.106262996498
4.00154255854544
-4.40026306988275
3.60155691282955
-0.8950474787604
-4.58575458058541
-3.24478450113398
-0.959329191212198
2.4661299287717
5.89147919717119
4.19473270892694
5.48612039738
3.20689250781829
-0.947468660228218
-2.49042690556482
-1.52724189513931
-3.58704387577504
-9.609013849496
-3.48062598007817
2.23260360398445
-3.09880841207122
4.86734007569462
-3.78850286200036
5.70815690059657
4.93432887763404
3.54965630030965
-0.536780154137555
-5.88458956079321
-11.0114377292352
-5.11918754338007
-3.48122106054978
-3.92201454456842
3.51236426730665
-0.73085694536141
6.05006295616536
4.33693262968521
1.36522058130103
6.79525824754661
-3.59517645497773
-4.46309970523022
-2.51054860717211
-3.826032531781
-9.34798009862735
0.919802103036889
3.84063826961828
2.18084696961093
6.05573624944192
3.50641780282554
3.71184430034538
5.00927954157291
0.387515482559139
1.63086195571909
-2.51602485000615
-4.7432984816492
-2.28923003950365
-2.10327326828469
0.760972323897531
8.17890673638798
7.00549039401425
4.08364506730927
2.95618335703957
-2.03710580302777
3.07855065741359
-1.38312305348175
-1.56646415596861
-2.28994145315624
-7.54557360569128
-2.10809180709664
1.67337735357981
3.48359449458501
2.5877422607838
3.45744369333264
10.9394849243281
5.02149730442848
-0.30008736490369
0.622718635643853
-3.7818067269895
-9.16040102133237
-8.30685946688864
1.45678851164968
4.02672182606764
4.50157013834801
5.92695812881615
2.31929153342332
4.06761856245914
0.0429335182750428
5.71837651798751
-3.73900764568505
-8.55482521489298
-2.70701046427583
-4.87637619013918
-0.377747363235311
5.38699369653384
6.24897379325933
8.8489078911116
7.00986588551647
9.4481655061117
3.96591011876297
1.69004051589104
-5.24810825370849
-3.89481513789332
-3.68420557936097
-3.92388546294087
0.744901456161124
4.15710477475034
6.88462341071971
8.45047531841805
2.76210096614942
3.89936224674023
6.4924468645846
3.16900539582779
-2.43140338620196
-4.11660664208542
-4.30077804095235
-6.19891995363935
-0.666405552572149
3.05582076303383
-2.10551532932785
4.61319457798196
2.62020843726537
4.04783357605387
5.45035888067434
-0.994403201579052
-5.07646605362155
-5.76298104403778
-4.30586779978425
-0.391787300384138
-1.71877608925691
2.62682567937684
3.04813495578693
3.930741196701
2.13793706221555
2.24742437599018
5.30496015395422
4.1655681279479
-6.33142968013161
-7.3247756008501
-3.6419071555872
-10.33758448968
1.35166125441428
1.72281228199096
1.35029476000004
7.41238395982563
2.97472239102493
5.74497557620592
-2.37923084498184
2.69382293853094
2.74886770226722
-10.3457472968631
-2.72886431440769
-1.58875364748109
5.78520640707436
2.41430198321426
2.27976667411076
6.93004138670969
6.19905517756371
3.765819570307
2.36714402969074
5.06740421902088
-2.46679205308649
-4.55329288527225
-5.60125543100411
-4.83522978670785
-1.23971191762598
-2.04289367661647
1.65738326680315
10.0529605559348
2.33337084357489
-2.29985321377963
-4.28821316575525
-6.17394823411801
-5.44423813200674
-6.3321981940546
-4.29620691349106
-8.31169933146883
-4.58074883568648
0.580646965390449
2.72697978176858
8.87009254112342
6.49935465816268
6.19322113383592
3.48348258692773
-2.64781951348682
-3.08050578622912
-3.26593819654279
-4.2993173940028
-5.38599677471916
-5.12454319766634
-6.06679095732356
-2.17938107653828
-3.59884164153062
5.55401365722561
11.1419352912987
5.50701691895372
6.36360039720844
10.1197916972536
2.98937096482145
-1.11812033888977
-4.0271000249194
-3.06080030170129
-5.10195571655927
-3.7334925290925
-7.37102846212394
-9.47307147848966
-3.73539398485487
-0.420320154176577
-2.53108917218344
-0.39459624057322
6.97845895851174
8.80690223183981
8.28502536606644
9.84311489600648
4.79388091163161
4.76082105446321
7.40184892214632
0.303938472224429
-1.9368795042088
-0.327836541266484
-4.00319662373958
-0.882390045794724
-6.47613473156659
-0.367870521500864
3.55900394462553
1.7221921520154
0.876500942014937
2.94862362960247
-3.55919122981311
0.553787195474187
0.270531664506454
1.67232080652548
-2.41098837010323
-5.91207071288452
-2.05691199592743
3.60667983381567
-0.721833265026691
5.57964852801543
6.65512324274243
7.37883127551432
8.64249713589673
6.56859264936365
1.93234356180515
4.72780316022116
0.253143093651781
-4.39526431545425
-6.90081431682983
-12.5189356157099
-7.16418922259073
-12.6772999112012
-13.8917145982047
-6.63872148017977
-2.73996725452232
-3.23641860697296
-3.03839055476781
7.04783967877552
9.91794696775997
4.39825942076699
6.03613271277118
5.91745406322016
2.45927985011363
-4.86544334749991
-1.81730998236591
-6.89294967190367
-4.21433197911508
-11.4454863495715
-3.60883649465404
-0.785938076105991
-3.48639732170166
-2.04540603896204
0.722338605779883
0.601569487118999
1.02113484282248
-2.62242934710058
3.12772164378334
-2.38724397959861
-7.72455367105517
-2.21125234126784
2.03369702363812
-4.05457038875404
-3.1450432109166
-0.0347883959848709
0.32115542486618
4.7345423129962
6.36236414812883
3.32503262727825
7.01727888893615
4.89507676489179
0.31343118163445
0.680164778895135
-0.459985615315299
-8.77438752057805
-8.26408693176815
-1.38950456127498
-8.31546382074488
-6.36489526162489
-4.87079385105036
2.71034062650585
-0.815888361755068
6.05501155616719
9.0376514336419
4.96568308637842
9.44277938565505
7.74673637473839
5.5305272699486
3.31001888693053
1.97951785962783
-4.0111076935797
-11.4670176198789
-4.01471366962953
-5.56709704389155
-10.5683341461596
-8.67394563625848
-4.14175504193279
-1.06537361301144
-3.57348898945802
0.258892819944451
1.72810226508356
0.850553628202527
4.25996820463031
0.438045757543389
3.50285414666741
0.162544777340432
2.33369768076058
-0.169730075612838
3.52983981751836
3.8011733422274
-0.0514468693522492
-0.644226803010242
0.147849144590952
5.89116216476233
3.36675772476331
1.77624034729198
3.57478114571376
-3.11944069118627
-5.32528441487539
-1.22847320510955
-7.98169914235498
-9.8950639114758
-7.56729510890814
-9.36231020380539
-4.1041346003408
-3.45318492358952
1.3002940481629
11.2401635338837
12.3634806336551
9.82380525606231
9.77340868983523
9.97308457977781
11.5512707317666
3.93612629147717
-2.30758879277186
-2.58630665258237
-3.50708130247896
-6.07612111190297
-9.51602980657082
-8.4055387791042
-7.79397437005178
-5.74391810100175
-6.19675489575766
-2.49969802814579
2.26965446176073
0.180114333717584
-0.365334192681757
0.102367712443734
-0.729571533947825
-3.22019345168861
-2.42296082988085
2.6055574147785
2.14892423103687
0.976446010366068
-2.52462566397278
4.71186812474845
4.36228898965124
1.61255040199325
3.97423899629534
-1.09270000262581
1.03042422598079
-0.0570562600240993
-7.9874016106696
-3.45418240936311
-1.78367971422465
-5.61286545447017
-2.42691812995521
-7.47400372853278
-3.08678350038611
-4.0518116558522
5.48734408369257
3.39695594194356
5.11687312383139
7.72078807318966
7.74349104062656
9.12259371818893
4.81304252462397
8.69963350657414
3.10808856675767
5.4635361379552
-6.42473670863958
-11.752314102604
-8.37788278334505
-8.19392154563
-3.49947637579245
-7.05741024064976
-2.01578079662844
-2.26466598721394
2.33385083655902
1.82450571733219
2.84538226764475
2.6070120690082
7.43972616611667
9.75202625596383
3.56178298322068
6.74555421147561
3.19490597734423
-4.58855426810477
2.28093545726407
-0.19706038988799
-3.92276267280244
-0.437357614626681
-0.438847509661388
-0.0825588378687798
-1.8197400220737
2.07256349427017
-4.04600345404229
-2.18820050090928
-5.97244740007686
-8.08363948432992
-7.27349253460128
-5.49283516538296
-1.64669085506736
-1.21060890817135
-1.61433597550829
-0.108063928062182
-2.13112005208499
6.2068320856126
6.58534102596087
7.96492984072485
6.69143704865903
11.7923985175545
8.13189589170125
4.38272893017557
-4.33163630854997
-0.415399542545008
-11.0537029685227
-11.5448387046429
-8.61565043622439
-9.5357584161086
-7.94860292550401
-4.85703681276333
-5.45157515688828
5.72206296413995
3.82953764564018
1.89485795310328
0.761978015174662
2.64900273734387
7.52299797444369
3.09696708782604
4.62473564443152
-1.53866105423654
-2.62998235836781
-1.82343544249136
-9.46402546419229
-5.21259532491915
-1.36061371951862
1.37608723581683
2.9188467620981
3.02336682965189
-4.58459260008687
-5.03056840667636
-4.73629896001498
-4.86024084402953
-6.84722889026373
-5.992210651245
1.04968982135079
-3.73446832572796
-2.18597025956763
0.0830888019122538
1.1617916740154
10.7416142884451
2.8888195040246
12.4400137254899
7.84945844913557
5.98493458166599
4.65241909967103
4.21278847544142
-1.38284490947263
-2.96716208640915
-11.3441069185675
-6.73927910993079
-9.46148983850243
-11.7955641469983
-6.58387347845976
-5.43121340750278
-7.98880721937512
0.0905095089303983
-0.662533036138641
5.47133550683281
6.69512132888347
6.53514615405397
1.54092300497375
7.76653058797273
3.54647046475702
-2.21800205024821
0.85758998165762
-1.48866791712346
-0.863953774241623
-5.53101338413664
1.08171533278617
-4.26312684147259
-1.63149666780294
2.86660739801869
-1.61402764782261
4.0022939654074
1.20161960987035
0.292193704437908
-8.72340096588215
-8.98775717557515
-1.13713983156744
-1.25546364844511
0.0785545023147631
-5.65977280805562
-0.0575495977648715
4.15401151003956
5.72333179425044
3.61425497384445
7.41791037611752
7.85053018910262
0.748602489527094
1.92080059702194
0.587339058812729
-0.212038498495565
-6.76071787603574
-6.24888370602893
-7.02266526013818
-6.47267083486317
-8.74897385964524
-9.77069234321245
-3.23340253684994
2.20824734520646
8.55690875565046
4.21953224678038
7.80861509852793
7.43684706166451
9.00922318989398
3.42707057273525
7.91321675815691
2.29523334196267
2.53319139715202
0.812939872498257
-2.46393467698598
-7.60596354079981
-3.99778643991884
-3.91046808993742
-2.18436898803904
-2.05981100685343
-6.97489607232442
0.156047456753864
0.179588891022304
-4.21308840472271
2.12695106320238
-4.03178349980253
-2.86111083758795
-2.54331289765156
4.7017588074852
-3.91901159964403
-2.84654263745282
-1.4431966303371
4.61219297305481
5.78916678737879
4.6685137057068
6.67948650803098
2.86785686291751
1.89454731255757
1.90478232482231
4.99562900612331
-5.10003476101173
-5.01092533822465
-8.8093307085847
-9.70426461601341
-11.4409767310181
-3.96912812294186
-7.08099426859718
-4.72094097874277
-2.35370729952256
3.84572201843256
8.84949833236281
6.66579622825857
9.44544455973437
11.7040629835433
7.73948184014216
5.77250985928196
0.255130533698698
-4.82376735259263
-4.49804549902405
0.188210947447141
-7.0834410474106
-6.19867136768269
1.0144329189783
0.99347164581929
-2.00767774697168
-2.02297185148566
-3.2615363259102
1.96544934460347
2.62066801871911
-2.57794035521642
3.90902396536681
-2.2492527470724
-1.95113223789568
-1.82900588475403
-0.487672708664755
-2.37458239271503
1.94044360995961
1.44848192523535
3.70918595611699
1.90974480501377
3.05793057276401
2.56300550759564
2.02041270663367
-2.93162876514444
4.08839243414469
-5.2191920296061
-7.03909982764508
-9.91079760658533
-12.1298332512402
-9.36463719850993
-2.9129755341218
-7.26762973124087
0.209513087729872
5.79838136727444
4.51303084883261
5.51541182690731
14.3662482768001
8.58306049936192
4.1606047107648
6.53161403755126
9.42200347480755
6.63829305942928
2.1775911608965
-2.77807373761583
-7.32919645152264
-7.40957444695781
-5.36803026366958
-0.932353861579683
-4.05411218438177
-2.30376997462859
-1.76994845197503
4.58299380727823
-4.16503741504949
0.272844450088913
1.77997307570966
-1.12796955524756
1.87798660980811
4.12424431549515
-0.368607908680475
1.54995535286165
-5.4815135742606
3.80981229925728
-1.87889328056907
2.53577810215462
8.78067300160903
4.97449289632458
8.80140919459057
-2.14659331777055
0.722277994597712
-1.03501367977999
-4.16392776234783
-7.23363848804423
-8.14608373762654
-6.97187998834062
-10.9960091516487
3.94417473935684
3.24485580381216
4.71135461581555
5.1823192343088
-0.242473580680294
-3.57724970253358
-3.16970220668042
-3.41239819869117
-5.38188291191745
-5.21850919537837
-4.44210493471115
4.58140950205933
-1.37195341454871
1.49753865266023
2.24368016366217
3.61472666236891
4.95913566307031
-0.919075526389174
-0.902925940102372
-6.74014191317544
-8.24674471805707
-1.76294181830939
-1.42075553136965
-0.204798905103321
-1.64133749824166
2.47775563797409
2.04119998017797
5.39657822377131
7.99380595690934
4.18036751216766
1.93859819017198
-3.78191788064905
-4.51277026522292
0.734142992823206
2.17541309721052
-1.04623434670129
0.728916110354807
5.61271201549074
2.69542107389491
1.47345603747107
7.11480964327384
3.6625250809454
0.230830009787302
-1.33663765195687
-4.16887304996034
-1.26077301481397
-3.44434483642573
-1.60876054698234
3.60079847799483
6.87716514600605
2.9604334936979
7.22861727989068
0.478266423883213
1.71481086977938
-4.71636969926312
-4.9763116188522
-1.39195369931184
-1.29510715021466
-6.84034863893806
-2.40730348953069
0.634842718616582
0.929694999173949
4.13460979540186
5.80318950786489
7.02636908442909
0.42904574446523
0.296628299361691
-0.198279599516854
-6.56515100679067
-1.82951461566819
-9.49163189365476
-2.83196652455268
1.57034633301038
-0.160222619067749
4.62067962319794
1.82611607120013
9.95657929472796
5.74621698294738
-0.954388289016971
0.237537436493294
-3.95177959492657
-3.45718527612486
-2.45459663061402
0.646085403022957
4.77668740611505
4.32202629124545
1.50902207028023
-0.333500525837933
3.76484508371867
3.0115640623624
0.942678006311039
-2.71839410706643
1.24927050548718
-6.74001157960845
-4.42323391936359
-1.05820583813894
4.51965170979274
2.36159925997009
3.21115860994321
4.87755651313629
3.88055966055853
-2.07060626668264
-0.437445643647599
0.715248711355094
-5.97179109322593
-3.82577524907171
-1.12266995571501
-3.71958577632132
-0.84010229356012
7.64574627852445
4.90459812484738
2.28122816662971
3.78466764254747
4.16553816638435
0.725285676563203
-1.86651194181596
-3.17128767662463
-5.86238337518283
-2.9183726888103
2.38773636684307
1.36912058598671
1.64627211327529
4.18521958044194
5.58736369441837
6.13568979777526
4.47348957971973
-4.1376646065843
-2.70233144859802
-8.03587179539833
-6.75269074181579
-1.15337093548604
-2.2492968425998
2.55107862249623
2.6992326740316
6.336032010174
5.92533590098514
0.229016361343044
-0.386114731285715
-5.65573770514923
-4.18058101550097
-4.29178310472796
-9.83403692939698
-2.04691306486826
3.87001696465894
-4.92514475980882
3.41861840833541
2.11204748378061
9.7060968321226
5.47346343046877
-1.92454749594947
-2.81764675090473
0.451133514980524
-0.422795754642243
-9.3885009745557
-7.1486940079936
-0.583911283279331
1.28388454942042
7.28810409604751
4.49871562798302
3.61843624997685
9.59014004885299
4.88193637709198
-0.815816724147085
-4.93963334872503
-0.385836489097522
-2.39922523474088
-0.727928264575304
-0.826123148138902
-0.945009286394177
-5.81951830794479
6.1841071892018
6.33920836012132
-2.61254325907502
2.04981276658421
-0.813605203545569
-2.80375772218673
-2.21158694656377
-3.56826981597555
-10.1413205736062
-0.905325090518399
-2.01811076515788
6.43714664772098
10.7840340911314
6.90476852700121
8.09963201282293
2.49219048538822
1.08006848514389
-2.83025974695271
-3.37955992491018
-7.47815185491082
4.932700665473
2.32089171574118
-0.567427898706984
2.21632628617447
9.03620007735683
7.51743952287279
3.32463794623744
3.1152359405347
0.369704236274161
-3.27074420621371
-3.48772156964812
-2.79431935933479
-2.96907667252153
-1.87773342271305
4.65730783147245
1.37012567316152
3.15411960098251
4.82336983721341
0.377850242377439
-2.91114361506279
-0.871751523427523
-5.44223088345569
-4.99441165277553
-4.33145512037711
-1.74872943986786
-2.46516956543363
1.15667660214354
5.24351170112722
6.81164946831434
9.50211035332424
6.82447050609699
-1.63882172358585
-0.129341347786563
-1.89469379115007
-3.89913109995233
-4.73806887220798
-2.28063361241666
0.443536912825443
1.8132371151682
1.73296636079269
4.36621494969834
4.34964407442361
-1.34932030014806
-0.693503243013368
-0.508628038701801
-1.15321147701992
0.503188678672995
-6.44083807280915
-2.97634699161839
-2.40726948231736
0.86505741448397
4.93834719258912
7.35595085787522
6.54628122678705
-2.86683062925777
6.11059114922496
4.69961511885784
-2.67441716613764
-0.948782086223929
-5.27287615589457
-6.11402441256023
0.159973537170757
-0.418896993879748
3.08355080661305
7.34873178467766
4.02839129742756
1.10117889823459
-0.816138491159616
-2.68202052734384
0.393679561698665
-8.59193494464114
-3.14527356275228
0.819397895338379
-7.19279118205389
2.94547231362381
1.05079706004655
4.49625670288336
1.2929064259587
7.78603315253977
-0.221981760369536
-2.11257448536949
-4.89620689914215
0.968657961955785
-6.37631520700292
-4.58172207900508
3.16277137285661
1.08136306797617
3.33763787566585
-0.0158667718073451
0.627661131022604
3.372728445805
-2.74544181978645
1.89725950961158
-6.10108428963534
-6.29521370800904
-2.66957586532695
-5.45047440489145
-0.605625712736803
1.97624286782873
5.2439925330663
7.17987346209975
1.01692158071896
1.25966888916538
3.36775022524308
-1.8305117702568
-8.37316650833454
-7.17528246752832
-4.38534579743942
-4.31175609285125
-2.19830420413124
2.19415644067391
0.639365533376624
6.03855662571576
6.40876706964309
9.27246286926
2.18408327625526
-2.69558021236337
-4.73574213980652
1.6399835837719
-0.384039355447893
-4.74052452169062
0.0524402210289971
4.64808693940996
-1.54198075124037
5.50349125234991
4.30725483132092
1.91814168270582
1.05068105822323
-9.70892677012465
-1.02111088505961
-0.59428047872726
-3.46788348689325
-2.4496897820766
-4.92872148181769
1.06147602410398
2.68895282177263
5.84475357216518
4.94725460553085
2.85524894584417
2.56712890134094
-2.97758048802789
-0.760535950818707
-6.09137040224603
-2.38360451818584
-1.78579010318243
2.85826041225558
3.09853272989515
2.00268603341901
0.254796012751841
5.13195616823208
2.71763746900063
-0.543836527710972
0.893822776705452
-4.42050799582307
-10.2353465582807
-5.30868872391841
-1.44004249453269
-9.70696394540243
3.52851992870714
7.71420556050015
8.43661907148611
10.4932800807451
6.50465307769232
-0.779425578726187
-1.30137937996871
2.33839655757803
1.64926113275963
-8.88222100230674
-3.98604386595763
-3.88485755185435
1.37975750189378
1.97488915738749
6.58274854683622
1.50799443433513
0.996017285762401
1.56331877905609
-4.86129146502906
-7.82541734576032
-7.3562977063665
-3.1827860797419
-6.01266561839153
4.08792005500731
1.12975052050082
3.66701012228879
1.40914599559733
-1.34177652541814
5.07478191872235
3.76737557603868
1.19200472826558
-6.51908194483082
-3.13418255964161
-3.83730635039314
2.0516152469955
-2.81564189447247
3.24684894129067
0.388382009593978
-1.54739332125977
7.81627606852232
1.45777599235058
4.54707874993957
-3.92991452713662
-2.34551025789574
-8.97247586842573
-3.96151985782057
-2.79042815465805
-2.78971801236581
-0.0840387402210224
5.80655523511649
9.74122883382614
0.569360739639516
7.61444996774627
1.26134188533428
-1.26486122976771
-2.47891625913347
-5.33075211441078
-2.60741743946029
-5.55094511990478
-4.99655909225856
-3.11124463846948
7.25749429573332
9.85690239074755
-0.207166510805172
1.94146264942472
2.49004695689971
2.6122428786071
-4.29455492134258
-2.89787757443399
2.5602329907375
-4.87517170271289
-1.30998967037331
3.87938971835144
5.59639093240192
3.5498189232395
6.02962091686526
3.92287830516304
-1.69822862824468
4.32558245648213
0.545955122378578
-5.49398025571889
-4.89714818322968
-1.756281226615
1.57017191125364
2.61422205931128
2.97944837302143
6.93448473883575
5.56808611105112
6.48583653476027
-2.89617417571979
-1.34064896777979
1.87710131986513
-7.9904069476183
-3.60378704464903
-2.27512459431347
0.363852827620592
0.578830223348351
0.929767892735116
1.91347490629124
6.66608549135703
2.11253786271665
-0.146901387619206
-1.905004900741
-6.46636056114247
-8.4322554951856
-7.35063032047893
-7.70166915327787
-5.09465253051364
-4.26709923920604
1.85801301131081
5.82983646589812
6.83738032049958
3.80254481867673
2.73279195661261
2.28837504275322
-3.13875970133807
-2.4216286118104
-5.85135454419589
-3.9616009562785
-3.89770463982667
3.23859426274029
5.38419808635497
0.846169642244069
3.56843483994779
5.39429342915547
-2.34421969580062
0.573488914834398
0.147603863452713
-0.494399211159765
-7.26147092998415
-5.3244581244429
1.64490676559102
1.98647788006394
3.26246416570769
7.55673207975959
4.91737738483957
4.06524815879229
6.78690993852486
1.35771117001024
-5.43440123546245
-7.57136794240383
-6.69946591977039
-1.25541030034496
-5.84731703296084
-3.40127890492786
0.865904128936307
4.60227862919889
8.70874373499475
5.1162063676778
7.66270870648617
-3.81806487095938
-5.90844554917823
-6.99349378132454
-5.65175303911818
-9.20139533855673
2.68970973976696
2.88122106585718
-1.17281898619974
4.10830757566267
3.40145803914577
7.79118565734286
3.8224578306966
6.25233312678089
-4.20126751087921
-0.141933730517075
-6.04062799172271
-0.89088427623841
-0.199985667272901
2.88882717554428
5.43402737144931
0.333478260201538
5.56477279033119
7.28838039941268
3.10785028638746
-1.27844027503928
-2.31534387565566
-7.46291695582084
-6.81131385238226
-8.10162901464592
-1.25713567710645
5.4555068047183
3.83251403092479
6.41402490241394
4.838323881008
9.4489094327295
-0.235335552232952
6.9489901189937
-1.58035171914342
-2.58247356086798
-5.56929625314915
-7.81402761900371
0.114932869842548
-0.652957392163369
1.98830695934129
2.05680697873996
2.68653072420401
7.06319062990307
1.36144353506701
-5.44411472823596
-1.37959634277682
-5.39395648705384
-3.40972363854103
-6.32696501903772
-0.713016806509608
0.574746017296941
-0.358644267107289
0.472570810945642
7.70786142031477
1.23491843911427
-1.07741337439144
2.10872713122806
-4.12325924725357
-1.57754368404832
-9.60706050570547
-5.18989977588513
0.606189909129273
3.62984350624275
3.21033609041653
1.3936376369264
3.67628712919122
3.48202823844436
3.15808772778937
-2.22834263534082
-3.24423533560095
-6.34470939342666
-2.44926088704219
-5.78453157609883
-0.310532872770333
-1.83664945151075
5.62719556290843
3.89937032524505
9.29182884220593
6.79342322118301
-2.14187964615371
-0.219351648858431
-7.25281760241814
-11.0222034034312
-9.24748128130307
-6.04959459546228
0.411334606305695
-2.71930100011858
3.60149054658055
6.79800889567613
3.90853697743638
2.09371929969103
0.100274404839247
-2.92000360933676
2.39347935820144
-1.09122175657672
-0.480943685745586
-7.40606219888821
-8.86522835673344
-1.7954108485194
1.19120877765887
2.42624461946094
6.04912825224926
1.79564077294408
2.96719018198186
-2.58648713372128
0.191555839505312
-5.63827781179108
-1.99073133925004
-0.929298672695985
-2.90999310337349
-2.24045045023942
2.95564009727604
5.6077341089728
5.4560976855872
7.13235604886054
1.56337990916619
-0.106259672741328
-5.1324668368092
-3.77097683263416
-2.3154933410427
-7.16368602955561
-2.21242865064515
-5.13914478677475
0.739366060029913
7.50434429721036
10.1388740514152
0.666050457371086
2.31048653118611
-0.532653732968526
-3.68825833413549
-5.74366955972584
-10.5771620102745
-7.12891784812318
-4.5993947804628
-0.293779886992278
2.25326333058582
9.23033824696124
7.14905123971042
7.21738203309684
1.17538037979353
-2.13638023203149
-1.84007037731631
-4.88782764067313
-8.63738942517348
-4.90907944825945
-5.49507393106988
2.76147398355006
0.281742735389953
0.256743516714543
5.69895880672525
8.04038728471004
1.94953202269089
-0.00725885661589043
-7.90794196377265
-3.60052988252876
-3.02055644488762
-2.9165131932278
-2.76028411676202
6.79186339904889
3.63843116155741
6.91250054819808
6.1936846070423
2.45915141642489
0.931221422608056
-1.86516639439949
-9.65866276474019
-2.74259759554127
-5.5929282266009
0.118231892005851
-0.855682061765036
3.26324352531644
-1.60353570032556
6.80294799345806
2.92879858882071
5.20013722006888
0.81124171358368
0.195914437451456
-5.62967503209861
-0.510744849466031
-8.20109420740518
-5.45779860018598
-5.88998146188173
-1.68812573402656
3.88508960875199
2.91076880542202
2.14220061345645
5.42288999870619
6.82938016862099
-0.423401799662451
0.688728699016379
-0.535271194399625
-9.58275262409658
-4.15584570587664
-2.62738498883693
6.15659381271432
-0.512315368866287
1.6965221257785
1.23257490261605
6.98443545162046
1.43270324539874
2.1021482961308
-6.88547560781347
-8.75183478657494
-2.8593063152414
-1.00807055644367
-0.374831809481166
3.11847477045516
3.25839752146534
-0.616291642124344
4.86317070652724
10.0195868652807
4.98293718894801
-2.53277905047116
4.16152436924085
-2.6926089555305
-7.36441766790006
-6.95052835468484
-2.73937058579669
2.31888632518201
5.37197232184168
5.13871729395841
14.8813785937186
6.82084090367764
6.6457684627582
-2.90284555022394
-5.58087432313497
-5.64038209054316
-7.61263791809929
-4.04553492577221
-0.889538027751145
-0.938260015042269
5.58659143422052
7.78600115379161
4.24285085918921
2.33011437452713
4.45442450852757
-3.44705499431732
2.13986936450919
-0.380923693524146
0.443704581921594
-2.8208158921373
-4.81865477790297
-4.13179521987709
-2.55044565338903
-2.77310379855411
0.209703452537913
0.193308082926988
-0.903268164292788
4.23735704079071
2.05637660832507
-2.98155930354608
0.983510095386944
-5.48346489912209
-1.49650396538625
-9.86550106224434
-7.99263276539173
-8.36485343805388
-1.20631832836212
-4.98057549777534
-4.98314050483767
-4.49121867859249
-11.38214146399
-5.28250049861133
-4.36680376676109
-1.37102704455265
2.51143746371161
0.342366688006522
8.0189542968235
9.92205959344735
9.91233102750366
6.81478436967866
8.72024211490207
6.58334485235907
-2.62608516353087
4.31445631848612
-2.3399762944309
-0.777751441467927
-0.328076249317068
-3.47668767434232
-1.34495186289068
1.88832229120017
-2.07400056805955
0.0304056215507384
-4.79348461345165
-0.0964039963865406
6.13538671016059
4.23145253755561
-0.133443127364129
6.42736876399233
2.21992560784562
4.29106680761734
0.699887417888188
-0.950968648142428
-1.14450167722443
-5.75687740423979
-9.48150841700966
-3.69172898741355
-1.88961460475041
-6.3206880416375
-4.68177235570531
-4.68109890076547
-4.53775270107017
-6.38706365294342
0.552687982951435
-5.27578730214223
4.03651815063973
5.83979286633748
7.16448889373256
6.59669125205201
12.8025106304836
3.26214329076118
1.91609968298352
4.40186456866479
-2.14778316133939
2.95556869728863
5.66226711138652
0.579703704803407
1.97180024207232
-2.49936469657907
-0.803276673695301
1.89429772675653
-5.74925842033438
-1.16147310393813
-4.77438419308123
-0.44693465948911
0.831414207435988
-0.52724991544323
-1.58301756352262
1.84104536563387
-1.2550027350461
2.23759895842298
1.40684673600449
0.939595800329376
-4.72605499457942
-8.82910608385245
-2.66013804584673
-4.86479409040113
-6.602404121785
-7.26941283392388
-1.61218101798717
-3.58833453898216
-0.838273030111942
-6.0663983679716
-6.95699241647792
0.111153600516716
4.40148455235366
0.99457201528321
5.29253427694494
11.1955903605506
5.35639715219308
5.9655271802432
4.0902394674754
4.33110653446761
0.417249601219425
-0.239717890588232
4.95738337235106
-5.55602610737304
0.651472935534425
0.167713642628875
-1.70411337955582
-3.71609456356634
-2.25758709004898
-1.42232222792383
-1.22186581657056
-4.77319315157137
0.0949918389936237
2.19556065175064
-1.81923794143972
6.786535634195
-0.844819323563234
2.88090599867687
0.879167776825238
-1.43038677993793
-8.1682397717804
-6.51123753008378
-7.83904906269026
-8.40102343291789
-4.09062045033242
-5.31690985019069
-2.76831064754795
-2.54339583557505
-7.39127346417128
-0.340176111121463
-2.73431132032633
0.618491354983991
-0.16088896119268
-0.739485290674901
12.6331619142633
11.8404810800903
13.1154099152134
8.39145629857657
3.80275890517616
-2.84234733039064
3.77111432409975
-4.23803460689528
1.06313492145923
-0.775302633647753
3.50908088348915
-3.22809948782899
4.71978628156268
-2.25771521938271
-3.68613337246318
-0.223458762164639
-5.27466045154987
0.615171568505525
1.0132317867625
7.79394800030877
3.2148007641554
1.91031670862981
2.25867981418019
1.70598907149467
-1.04631558429785
2.18076610637066
-4.62674052680916
-4.69333265076529
-9.11213910002193
-0.290336825462332
-6.81741869630608
-4.37327189438539
-8.71899070961947
-0.264888017836667
-8.41668036741796
-3.60323828588819
-5.10297368003335
-1.37678141944094
4.10061650556707
3.29719247570658
6.78672486157583
10.3859158942047
9.14512358403468
7.50217213006055
11.8787219305618
6.1360949621872
2.14694422705878
-0.700898127481259
-0.786882163106754
-2.414215052107
1.1078217168786
-0.500415938982374
1.80180750158572
-2.70237351285993
-3.33981480321711
-4.84551126769394
-4.96566576672129
3.36778274558424
2.0896525240034
7.12041690010833
1.20654037670479
8.78392328916572
-0.927430248756834
3.52445379788274
-1.15669005896643
-5.79993128777209
-5.42436329338197
-6.24545006746793
-8.90740684725573
-7.51493070628308
-4.53671350516222
-2.88445380187109
-9.07960243657463
-11.4585497540605
-5.77482078812305
0.283380163717082
-6.09065782389283
-4.45400085251193
1.31992435468167
12.1037166503004
6.51303183944953
8.17674946192883
7.17565130639614
8.09799722337786
3.18821159599311
5.09390056963097
3.42445950639121
2.08840565048896
-1.93609955706809
-5.07140019762501
1.20049207301938
-2.66350246258648
1.00863294488697
-1.27029833719083
4.74736758972299
-8.33500060382751
-2.4336171458167
-5.95061204069185
-5.8636265241064
-2.19437916612602
3.39991038505644
6.0128335320876
1.33122989835036
-2.08316180909451
-2.31276024988326
-5.94569671675944
-10.7969905375631
-0.952974208262256
-3.33666310316005
-4.60224197177874
-4.58508160149079
-5.62053213332125
-7.01390385729924
-8.02530094529616
-4.46689841382847
-9.79210586528894
-4.20014411771863
2.71387674839808
7.55859508814423
4.15046761089295
12.1581385668918
8.63387363108066
4.87406795358565
8.93223493104835
5.0379896440035
2.84550986683112
2.38128192424088
3.69042708402368
-2.23811875911276
-3.67114332089376
0.69064932165569
4.50507170553669
-0.915155882360725
-6.11519063625011
-2.6930166725853
-1.63233184393478
-4.06342499082614
0.367518256439934
-3.53904324960344
0.188529692000101
-1.99027098283419
5.1415464153724
4.53950884237682
1.25919543702795
-1.31604284262033
0.357092546525279
-9.95217283767961
-2.54055206915419
-4.56155920286278
-4.53332952782028
-8.2572961116304
-3.31620622260391
-3.71701289659316
-9.71055325406551
-4.36773258857139
-2.07016748262241
-2.89695452764819
-4.23435027280366
1.13569364082714
7.28961925975177
8.27877299828148
6.51608501251268
12.7744007180438
7.98051238285562
4.24036117403976
5.71888305788083
-2.11782946598423
-2.22027636736061
-2.12667542760265
0.285538236756098
2.88682329517416
1.18964016266351
-0.850831545754361
2.83919508018609
-1.62241121134993
-5.08740114379039
-3.27032055580748
-1.83961511626676
-2.24641161268009
-0.117595129881661
3.19260278411543
1.33962766099849
5.51268657214838
-3.70927984905796
-4.35311937818126
-3.65532172286686
-6.7135864968431
-6.79584677085562
-8.13725063259973
-9.69113585390279
-2.53003338999501
-2.70039598556538
-4.5172923332384
-6.35470053315059
-5.92273015496183
-3.41811223015374
-2.77155338905023
0.945637880422588
-0.684742095319958
8.54983479531669
9.36877718292738
4.26477650429219
6.34503286762307
4.59974190168548
8.23818431372094
3.27901942069234
3.12234445753817
0.88058945934691
5.78733635422633
-2.10193416296663
0.743907130278423
2.3810295304685
1.86097205396642
-5.70292134320058
-6.66268618472403
-9.58984766012199
-4.94886985403151
-4.01325038469783
1.57057839983771
4.08286515519638
-0.0107673552556893
2.06297081709735
1.37546883235015
0.794472075961625
-3.78827605515338
-3.52932767198042
-3.93341032510955
-4.58896039801626
-5.4648020110988
-3.50517163598521
-2.31277542852837
-6.47077333260079
-1.58348305808005
-8.42026999043659
-1.37529174257051
-6.84737343385747
-3.33588684829139
2.56280328113087
3.23709517147131
5.71386206517581
6.17459309668951
9.23163685157407
6.22936188118129
9.95509001028671
4.33224412159119
3.09140326037657
1.87240771877551
3.43611020089555
4.28092637541672
3.15339018966091
3.16208504288687
3.71407509793567
-3.61118549691894
-4.55362269160726
0.769784844316598
-0.0477384647888859
-0.918836943981202
-0.144981404618507
0.396821904860841
1.38303180586232
-0.909769392172601
5.04431776683063
5.59043937615355
-2.31513194624142
-1.91945267211531
-3.27429341393464
-0.288532602255151
-4.90409700640058
-9.81166960659043
-3.59305570097645
-6.80532007621608
-3.81115295973761
-5.21427904809735
-5.28942927313002
-9.85636421448107
-3.69476231841413
0.315253895556813
4.34918076699235
4.91349921969053
7.45142720675848
6.38530828608585
5.13789884107331
5.78137952721491
8.82464991779446
5.34269745483557
6.72360696299026
-0.952632677260252
5.27829656111536
-4.71822939173954
0.835657729262032
4.27109204216691
-4.07591966170656
-6.81671690713623
1.99695875750969
1.73597174055433
-3.41953962998094
-0.804814792099442
2.2450558542336
0.762090001034098
-0.20363698895374
4.95829571843923
7.14391299191738
2.46907957447284
4.31347998417113
1.17934522406459
-4.96304644596283
-2.14865651603147
7.41462376479048
1.80694396732514
0.375380398668599
-3.78140916840482
-9.53472659085005
-7.32062604334049
-8.13469986413725
-1.81676339182259
-3.97119099346262
4.11239652229392
-8.95695646060857
0.367122917282836
4.76602509684194
2.26689922269013
0.321507815075795
-9.93026943139334
-2.48827428414806
0.539673638744067
-1.03045873125503
0.0606873088462979
-3.51723302840563
1.79269223981728
5.70691476592846
10.6762958751999
10.4249563261914
5.02598126845746
5.01495571782477
4.30437675080842
3.75740686881807
-0.745023202247636
-8.9607475576655
-4.40310963306771
-10.0944437579339
-12.6096780424977
-10.2899166943755
-0.3197194209943
-4.63866679466815
1.04645329019189
2.61820380631639
0.317211658416314
6.00055634877321
9.5729442227277
9.48569837452435
7.47197184852532
-0.0556768153360538
1.80670973810947
-3.64334699156317
-4.59618099148672
0.730500960576356
-6.3147755762066
-7.26624425701473
-4.13607588993158
-2.22489861652559
0.493301000723946
-6.04973444365583
3.88531874112071
-0.468577793451005
1.36731715087126
3.04304310454147
1.17064855320857
-3.23597992645848
2.29428923694066
-8.25283217493619
-1.87983809494621
1.49480480983247
2.35300558335308
2.25815385406428
3.74868304760018
3.38110613053807
5.67008279888118
-2.1419417159917
4.46052676710852
-1.81867909708556
-2.2521215337381
-1.16260201088363
-6.13057012657188
-11.4741422343123
-7.00819710537861
-9.45479275503688
-8.70467127038233
-5.07380730997464
-4.14039717003217
2.13678399389757
1.66153664892128
7.57958342202874
15.8120214431632
14.9333268367515
7.48744282590176
5.68438026278454
4.83550359152599
5.93934110774478
-0.0276677003950273
-7.51054159588683
-9.81733957692948
-2.7732537983353
0.844354314020761
-4.14995813470316
-2.62999950627863
-1.57546429250435
-1.66521244243602
4.45468309114972
4.69759343343054
-2.06128023002411
8.63132428847622
7.54678832250056
1.55374048140545
4.68228104446743
2.59556890269101
-0.1416513340047
5.55835727713358
-0.426233942683674
3.05035030563171
-4.49906171936074
2.48938466467394
0.22201330170472
1.4059890614133
-0.81978820239177
-2.23099091729046
-5.43159619289036
-3.49537061152378
-1.70738051067531
-8.46116887957833
-9.22467550898071
-6.98426143225267
-1.67147170989784
-7.67386355833677
-2.26814388880192
0.986415864411982
3.35032408658721
5.72675797183518
8.4322547186369
2.64429156217153
10.5005183565788
8.22469821862576
-0.533023424427213
3.65232065908415
-1.13279930073945
-1.55332682757804
-0.394724687665529
-5.91728237021828
-7.84653599224327
-11.0613499253606
-3.48094252177476
-2.72436338240897
-3.95668914972726
-3.86946558970799
5.16522705069038
8.30293166344876
4.8133670198473
6.74802234029929
3.30695172021437
1.81256055520279
7.10761719697862
-0.870311744027587
-0.935591351252919
-1.41809759104684
-0.629022377943139
3.58704537853387
5.20559603077177
2.0844365422354
0.0757932906311192
3.77635349666618
-1.39021542578216
-2.5574432290754
2.30565473913123
-6.9032582884373
-7.65967758851489
-2.26475713049987
-13.5696009140584
-5.09293344178252
-1.36151169002651
5.04733456974003
7.03496362671805
6.23891459513346
7.63144493938408
14.8727119354381
6.76592636534001
10.195182646847
6.09923782349801
3.82035042002252
2.27853792093027
-4.57060438009004
-5.2026618149343
-8.72174717455986
-4.50269511217686
-1.71232936524991
-5.32530158792504
-1.80865553174956
-5.90043976259109
0.547271214703005
1.82437522437206
8.74825470141736
5.45778345388547
4.17831812267813
1.45219641150938
3.30706930809184
-0.940583230406868
1.41417344345401
0.994994260165874
0.00876545887203883
-6.06312030227049
4.43071162630287
1.856603889998
2.86477465685279
4.42586522519386
0.702725155522237
-3.83555645893945
-1.19651289765505
-0.473999441819898
0.101128208670596
0.653713754410974
-4.80134456142573
-0.230002367740411
-5.95643368485516
-5.69707585819686
-1.60152582521044
4.1108265598788
2.80598418400283
4.06782442264598
9.98730784891971
6.41194953119499
9.313444724473
6.3803114826982
5.53083698677027
2.85460263764709
-3.27826600864274
-2.65289614695577
-11.5405769869395
-7.33474052981629
-5.49648626488187
-12.0762997856674
-4.26847052150853
-4.67790296676091
-6.36003380229835
1.99601956399712
5.2794125635676
5.57394902826895
7.95513557663631
6.81062938508697
4.59606258654284
4.29121597102207
2.99167808516243
2.68561463012221
4.45029667976881
5.15637109667009
0.563483482894402
-3.95811744244313
-2.63068892540003
-4.67042640572427
-4.41814967392229
-2.16038526854015
-1.53520658956138
1.30001617121264
4.29225327282602
-6.53946283952044
-3.73411096413161
-5.76465852391689
-0.0178173831777055
-1.76833782410864
-8.3489859081256
-4.38742121057541
2.21453916840306
9.33464026219968
7.03533570609076
4.61639042051572
8.49793907854999
3.67552327823914
1.63460089468586
5.52041391915238
1.06082570836902
-0.380477714952106
-5.77488661967511
-5.77661599916018
-5.24719249029144
-6.80198825974065
-7.34527307550643
-8.07006683248997
-1.36066511673658
-0.916431842972766
1.66656453088224
5.42692702794909
5.33296114295362
4.47518459217469
8.65865268092539
6.63458656752516
3.35106499348337
2.64175567532555
-5.42649885717493
-3.30239830391025
-0.67381614454485
-2.93807605208089
-1.48478355091992
0.182155530479692
4.48569993063904
2.5573631523965
0.849024762238007
3.36354305878815
-2.35249728583599
-3.41969591915053
-4.36681115164779
2.75406252411638
-7.99666235781361
-3.56366109230937
1.44909212202639
6.01942757406679
6.46716619050696
2.09163388934767
7.96874836187234
2.60111436752476
9.62424736479093
9.96450060958982
-0.648878862953837
4.69252787597326
1.09576924844201
1.21524776539027
-4.20043188856938
-9.04167997776306
-8.48366358802897
-13.0396023515128
-10.0387403933979
-5.24854522238258
-10.1537461294904
1.54876635987372
3.3187107187126
7.76052283908118
2.14306663838823
12.2594701875047
9.52516103373794
4.70807802503319
6.27826763158672
2.18113234791221
2.7179921723262
-4.48835909115137
2.7823330233299
-1.3712714820584
-1.92157000279099
-0.572745469554898
-1.1808081560738
-1.67221209947949
-2.31373303695615
2.94341901760594
-0.554995239371711
0.551510381087468
-4.3988957588402
-2.74859478800037
1.57593095565772
-2.01187635687591
-7.49139804987837
2.16616210060415
1.30897861325715
-0.665253739177643
4.66066644638791
4.39023263962517
8.64066346960692
1.76911666338485
4.95522947636504
8.3386197097854
7.51220635272983
-0.544418791080277
-1.12830106315206
-1.42157880274969
-4.26959327407236
-14.7387847279729
-12.6936174466518
-6.72650674755573
-5.82615459188098
-2.87969416378488
-2.47161097521469
0.777141194048994
8.92300667996891
9.09682223162715
7.67943605544569
7.24728372657427
4.22499298773657
6.83132771809542
1.48687259071893
-7.94829922941919
1.14314635060659
-4.43959152981546
-5.70828322818718
-4.81042160227552
-1.54063988424209
-5.42211121917915
-3.23335563950508
1.43260654698086
-2.17623747726269
0.0133967123199482
3.15915418835195
1.83471787158283
-3.26648556564267
0.56162523946103
-2.25499625548043
-0.916582211700608
-0.532004268158425
-0.689437115135696
2.99178827749182
-0.410964838237812
-2.40515741160569
1.62139755620703
-1.10212726705846
0.129621524646758
3.64538600171455
3.69277164165559
7.64930650149765
2.32478931395774
3.10800865422988
0.0930297987121637
-2.97114690533119
-8.07280295975857
-2.22710297177376
-6.09153179398748
-2.92140684329431
-3.08732257659934
3.45058541450504
3.52383135378628
1.50112802098349
3.94912517863219
2.41967224917504
1.94823999556862
-0.661212070367533
-5.99080793508909
-8.12551205211203
-2.04003217363873
0.835832898478052
0.984122984850518
5.82689573369366
5.53697755870806
4.97691099945865
4.80769503309629
1.00660603748948
-4.69921994419179
-3.60513905385147
-2.12625155074377
-2.4391176432911
-2.56186031714128
-4.49847414372247
-5.50642497023566
5.08796470939863
1.00628322108901
-0.760902027010178
4.49438871660208
2.02529654948299
1.56280477243819
-1.28669147321717
-4.97643038673212
-5.098157634146
-0.937749684639318
-1.23990125002473
0.180467507638965
5.99915227406369
6.83092113285336
7.05565787009273
2.24158527818695
0.754842976203761
-2.56190362047403
-5.84998331565478
-6.30052203948614
-8.35501316183475
-7.29148545949847
-3.75704124910854
-3.49664249188904
7.70690712040317
2.13268955711869
1.80892634712925
1.93771451732883
2.44682688513078
-0.441018943967109
-6.37647939218243
-4.25342842951202
-3.96828792716994
1.40750635391354
-6.06688942888188
4.25039000992076
1.40344063516786
11.726842953473
6.30261885865626
1.99953519611112
3.72239130794503
-2.46930436418073
1.09692442329436
-10.4046797875203
-4.32121814101525
-5.09732842674198
-1.85536884591336
-4.86168343080642
7.09700714002481
2.75315932522384
7.31368721796327
0.208843325181561
2.34204094321223
3.42516927272193
-6.2760975547174
-6.98210635423679
-5.17062017608604
0.12939155241623
-0.732846338972674
4.48979305508738
3.36543212820345
3.47085302822049
7.83860574226548
4.5267493547981
2.00150615363512
-3.44764351557391
1.46031211034472
-4.86658778519004
-6.46394352033856
-3.00736296495502
-5.94948313290181
-3.02887165369467
0.265206556181452
4.77751129695918
6.15107668823631
5.3935020129485
3.65749144456782
-0.506705789259082
-8.01519644674342
0.872893703360754
-11.2087371240393
-5.32583589043391
-0.327460468417736
-5.00023051602501
3.35087832687369
2.18375838616377
6.96784776747616
3.15655584101581
2.68435596581053
1.60022965545212
-3.47027145420956
0.869337081733255
-2.03783064594891
-2.33683695915488
2.01836911346725
-0.539295822970086
1.57869919942514
6.59889915658907
8.83474824206386
0.0278120893618827
3.25902449545279
-8.16503202475293
-5.3505827225241
-8.89195749521876
-10.643623876809
-3.44381737046704
-4.4231627326263
-0.473120574833276
1.95273753114795
5.03850219948379
9.16786738365062
1.68291797948402
1.92566550663666
-3.16454867523969
1.10056736381031
-0.902254444363956
-3.65765232588356
-8.63471902034622
-4.33407919883153
-0.910730469711678
1.24200777547305
3.67002500064801
3.51222585911037
4.09355693730358
0.880328560426698
0.30442099835025
-3.94298601591475
-7.76459523379115
-6.16506131828127
-5.05407139203127
-0.320796170295789
2.40538119271721
-4.77817852609926
5.6566040958477
2.14389066542181
8.42013989261606
2.64719248666685
-3.1122222952499
0.839286771520016
-7.42861807973867
-8.87949953178937
-6.37032021256966
-1.74953214346058
0.566497610794075
6.01736272303075
-3.92417109678314
0.107047574431155
1.37769842221924
6.64066176216873
-3.8652661806854
-0.838386458737591
-9.80483529881148
-11.4512990269139
-1.82663131137082
-2.70124671597708
7.97345205945422
-1.45687694087932
4.75956089067775
5.31701915518193
3.67592657472944
-0.301376563765392
1.01570818385817
-2.19424636901658
-4.74930678748367
-6.87252859863231
-0.545450090035586
-6.16907694350224
-3.06566523759185
-3.48143601248811
-0.993442638361655
2.94220817108861
5.89264638073426
0.732977515101306
-5.16133708202501
-3.40695021241402
-4.37716638895041
-11.3500577343399
-6.09966471121278
-3.92619407800167
1.72516290194471
7.63045062084395
1.07585390424705
7.66504249563255
-0.482975246119978
4.01496108665089
2.49904187354647
-3.76981484124439
-5.4993852026033
-5.77557857082432
-5.71599030555822
-0.561783332541505
3.40827318808268
3.9807824855521
3.65604201312965
5.03366960934827
5.66239933134503
6.42881404287171
6.88581277992677
0.193904045371784
-6.6753374227308
-3.00086673976564
-3.97795982606604
1.63838768842914
3.12803721759289
-1.92610967094798
8.75549602826278
7.0180389075114
2.32965296313457
5.68519201588464
3.3255441632566
-3.62684913853847
-2.99837315537225
-1.23365388011597
-3.14109001827614
6.44045582382634
1.23223814473518
5.94713902320283
5.70750781029944
4.57299278709858
4.25930588979367
-1.67325253264653
0.902618774700372
-6.1568244717084
-4.84690826028067
-4.55189041084294
-9.9199631652857
-6.48845285586112
3.59324764775021
3.33251586633978
2.44857847154
3.58963462597331
4.6536619350707
2.37655673767701
2.66269592279655
-3.95873581345989
-4.08727226465297
0.131051711163504
-8.38099778782388
-3.34671562036569
4.24756486191452
4.27812129073748
6.37276516632543
7.35361899015535
7.1864707307371
0.948804645122366
-2.85462856131994
-0.524786812639726
-5.37432257984954
-10.2713808564755
-5.0381523903801
-1.23712045140981
3.37326551027264
-0.111166753830194
4.57194211628098
3.30805113977352
-0.178748688789927
6.47788388670964
-4.66337363609122
-1.39005561343655
-7.46194557100948
-5.21509379587288
0.222187973160438
0.444058598029756
1.46955815746311
2.12044904440869
9.80520494383699
7.90398545163355
5.60643557121523
-2.39956372978216
5.48697900671441
-4.75193329106211
-0.610858905699429
-1.26070683919564
1.07032160151182
-1.89506895990473
-0.990434600637847
7.52619886367403
5.22179348054661
6.61799734586812
4.98806234354266
0.454264455679768
-1.33674078223871
0.694112746342092
-2.14756652345551
-10.8898801577187
-1.65222884145693
-2.67330349709305
1.04099681723297
-1.54841161901421
2.21406731742823
6.13515003931814
5.8148455093627
2.59734769828191
-0.530654155583748
-7.83149486987252
-2.76383607353831
-4.09312988456704
-11.5505298876296
-2.36662451919175
1.44142563218588
5.34128318953144
5.98224958459945
3.51192572554848
2.36979866812122
5.21092139542144
-1.39675268000458
-5.00162651186637
-5.67588239664556
-3.9213499251972
-10.7638280053686
1.38114247018987
1.89356700558929
6.35716430245129
2.90667248588098
2.64897796786592
-3.13953501474886
-0.0189042012540939
0.863074582192472
-2.85685953775133
-3.81117174561943
-2.62290824298478
-4.25788204679746
-7.12893116802063
4.03495283913605
2.62898427249437
6.96899717265939
-1.10094724457556
4.40632456114032
2.63921407108206
-0.0438149396084359
-2.50865316931737
-3.07453266947844
-1.33142424615151
-8.21491536513533
0.0888924968176577
1.87031337924552
4.22039303487024
4.01743778633615
6.19622073890854
4.83870502775401
3.87791317339827
4.63766445974216
-0.0644002562079793
0.606938632344363
0.355130250772793
-4.2717636609528
2.48509682175025
0.365288904592911
0.706707755371231
-3.04625266578888
-6.93549163053223
1.2380168007059
-1.46165822062463
1.90101660176807
-4.45933858269786
-0.326183914471247
0.562945468502208
-3.99721553691144
-7.62169478379326
0.491875344766396
-4.17392716254619
-0.688249010174735
3.55273455391573
-1.68813754155971
-0.471126282508545
5.56017090987476
3.98395907687867
3.48070863888705
-0.0895681326641542
5.49561495717973
3.92432966927224
2.28575152476329
4.73739119328328
1.75566535920811
3.44787760924229
-0.513940106050273
-6.16656057718825
-7.5678801520851
-4.5576108469078
-0.225193157081695
6.74566424457846
0.511969329609185
0.45742635016255
-7.21766104567483
-11.6990857394685
-5.28474803455818
-7.08685438019948
-0.162345347683694
-5.74583977163539
2.59257944655148
-1.22063174369122
-0.244713748302508
-1.46977562611448
0.386310826716047
7.03756152850972
1.5452812619487
3.78995667948824
4.63057129451066
4.920338242407
4.41451871921964
2.39486812240935
4.26065431450439
2.81031328723156
1.87462543778753
-1.33771188189303
-0.214929947517225
-2.09855798428106
2.16317334780187
-2.3847186361125
-2.01951906551279
-1.12288378791747
-0.394921156927725
-6.124261554697
-4.24728272743594
-5.77128055785181
-0.0348121726594806
-6.17189661698501
-8.09095280021245
-4.94904388683732
-4.96770576036267
-5.16765013892958
7.12005846191337
-0.55781605665232
5.35864961131788
0.359011506502459
4.84126895570838
-0.257775314379763
5.2651235597333
-0.232157303249966
3.90751345454331
-3.47505291418065
5.34415947489213
3.27633447665519
2.52456143449544
-2.01581180561398
-3.66342968678517
0.757276181689535
2.5228431382244
-0.814900777048707
-7.06695358221072
-0.703239396552116
-4.53768133640946
-6.99110699068206
-1.70824617473214
-7.60925789576798
-7.94931003411191
-3.14525575332227
-4.41066283350401
4.15562191686921
-2.45783260780142
-4.11298220092728
-0.600191592702701
2.09087737811087
3.44741949361299
-3.89745045638074
3.21016446031878
5.06614620434874
4.96486442104539
3.48750279537377
3.95220616408855
3.3581950755729
6.53726270682546
-1.33543981550093
-0.776021620913768
6.16873538170241
0.724496410328029
-4.65346426996294
-5.41721319050526
-0.308400700066706
2.90035836903163
0.807933376621299
-0.60334087758923
-1.23352366211523
-5.06452529448314
1.60661231883047
-7.34139716141854
-7.78846909153976
-2.01317032420588
-1.06963025048101
1.06664828529891
3.56449596723284
-0.617927387435436
-1.43090903142555
2.0480064607671
7.4507460259177
-0.98215865035076
1.10869973445748
2.02233678485661
0.069328361839029
5.49817047837847
6.88765270270417
2.01117604301764
5.59184378933427
-1.61237398634595
3.31384465334664
2.240784199124
-1.03522632074326
-0.397804274303663
-2.18058143107321
-6.7293031581163
-1.39250699095738
0.0063562175102656
-9.26895348708469
-1.99459854632983
-1.99063273739719
-5.40652944376687
1.38262271250639
-2.04056079753799
-4.59987826543099
1.70067575915823
1.62299248086089
-3.81685908255453
0.212102639025311
0.27433445270226
-2.28221124741153
4.1113870735035
3.14358926736596
10.4277298544775
8.77733373527484
0.855930369983148
1.21188770625049
7.8287740225553
6.92735835810311
1.12776381386731
-0.88264395951723
2.36588474901813
0.992307070323422
6.0748728595237
-1.14455160558966
-1.59013523717178
-4.39799297417222
-3.11645086067259
-5.29205753583666
-1.06687657298068
-4.35846600007943
-0.798510016201492
-1.00086439522268
0.805780307868792
0.609484329526066
1.2538554548006
-4.72436426073881
-2.43618905167042
0.631877435890324
8.76611869338345
-0.311856216318167
3.4348990746246
3.9210597339696
2.10683204189551
5.34345757277233
8.08923971014367
3.98798450825443
-1.41803907320274
3.20268699072893
-1.01293075613532
-0.221057601899545
-0.438144673110568
-0.844738395983267
0.489148468965813
1.52457724787789
-7.49525160858609
-2.35471225802234
-0.685754223911605
-9.21385277766515
-5.91768213793565
-8.81990334015086
-9.39004018324383
-3.32315423125477
-3.48069910275976
-1.63301670351158
-2.54178381138933
0.855792887378525
1.18840226752362
1.55798051659809
-0.455037138417498
7.90931418258967
5.13220584848906
4.65261112740414
7.67060093053717
6.20905438243789
7.92262376443621
7.13586295173126
0.856429263050919
4.86800224869771
5.7367563007004
-1.1288767574069
0.279636947382038
-0.774357394532251
-2.9200010844623
-5.52825883047386
-3.12983203469468
-7.88119535342684
-7.19184978717903
-0.56354074843564
-3.60989604051838
-1.81039207950593
-8.63017409866267
-2.05521126745305
-0.570500117067891
1.35121306208564
0.976898847948185
1.18829854059896
2.6190436002757
-0.131067626780536
-2.82845527751855
5.12609632447266
4.63308426029024
0.995694148935554
3.56217876639367
2.32218577198793
4.02136530977578
4.74196154568607
7.12250378706222
0.181537884205409
3.14352006415696
-0.915902179605763
3.43519956774486
-5.19419772735042
1.38523856317237
-6.99044417169716
-2.56797690481248
-2.56383176260301
-0.350063509212407
-3.26826770383389
-6.09064956234666
-0.766132897179525
-3.35594597924144
-3.17721512474502
-7.19184793838969
-4.50475779388469
-1.39343268127632
2.40593070405876
0.628511474191609
-1.42410825143211
-2.4028607036231
0.054452857816417
9.12914875579629
3.17505281468287
5.38447905115994
10.1199429195708
4.41845433340502
1.53992044299161
3.20431873918074
3.84474197505078
-2.59579823002925
5.2247565229834
4.23617630884459
1.41369840838417
-0.361405036287353
2.85518811059439
3.6487196080444
-3.07408519693652
-0.794190199883923
-3.68827740979437
-4.32549524778909
2.80804046447121
-2.75204844524139
-7.12917908220097
2.12370064664058
1.72295915968828
-1.52639208406963
0.639202418935873
3.42236871851261
-0.357648126352201
0.80990335494997
-0.264338335451563
1.74528652134572
1.58571109566629
7.80347082596941
3.22114491630811
-0.365523880470941
2.29637151508098
3.53457786125815
-4.89434495066023
5.52160851837628
-1.46336439774455
-5.6167392777278
-1.35151332852087
1.97445134921384
-1.80224687531687
-1.12240087257042
1.70795745291243
-0.0831774515461587
-0.878152471781642
1.27179053295467
-0.377129598117839
-4.13134160571111
-4.66032706026407
-0.810131738768036
-5.36277769799401
-5.02929790831159
4.72814337181857
1.34962179304863
-4.4225880774157
7.4710767322361
-1.74134933886363
4.33822273589217
1.21637285810516
6.43592975223432
3.18643550849678
4.90924028698013
9.12134575333319
1.44503187231006
-0.314902789023514
2.39392062487697
-1.52728899372896
-2.95453343627517
0.298149641887166
-0.916164188088876
-3.71824141115202
0.124100026043285
-1.38985121900549
-4.4340103072521
-0.524541741287617
-0.616763563633
-5.71092440848542
-3.84591944226572
-5.92984748046847
-8.85378939596135
-4.95659475919966
1.95799419801887
-1.08339818167198
-0.827195995342412
-0.483053029403167
0.199831223772761
4.5567869058344
1.2527597326099
-0.261223430287615
2.770817035043
0.547575982657855
3.31784987040375
3.923167119337
2.4063976914841
5.39931620029126
4.69201098534266
3.22658325051743
1.5219469862939
2.32748768642001
-8.04231761626032
10.7610378971998
6.79111192609222
4.88129216972557
9.66869564349974
-2.3566405031145
1.40219327925382
-1.04806524633936
5.07926391131479
-3.85764187008593
-2.17794488615341
2.01993458727262
-5.10167144074993
-5.90530085037561
-3.601254810922
-3.18739842640194
0.612931686910713
3.16332258636572
2.50640127012465
9.0058462602634
0.792803607190304
6.55747644272325
0.172239334434096
-4.67272310545595
-1.34847272715833
-4.16141320796093
-3.21414751622984
-8.45413624887014
-1.12064401615403
1.0067576101813
-2.84754883119812
-5.64304866482119
-3.78806512698011
-6.93163566536463
-1.81689275873802
-4.68621075856984
0.818615441934321
-0.325098917566958
7.63686982916477
6.26460543180005
8.76560521161683
5.18637958328181
6.86470056617167
10.9158917940416
-1.19777965023563
1.10018156005221
2.06393545925197
0.742581914197281
-3.85518122388157
-2.00311665540843
-0.692875652008206
-5.5853761021586
-1.60488522440586
-6.24854018463379
-2.51270274949831
-2.64259396392702
-0.712522547191288
0.983613479507755
1.2598062781067
2.13166433319737
3.05649304651749
0.819542133716422
2.57567415056735
-4.99380024833172
-2.62653509695352
-3.57858068637957
-8.3116465950781
-4.66659613111567
-5.43244578931012
-6.8357801939819
-7.83800466258511
-3.93649040371211
-3.35057373329894
0.614354914955508
-5.6408263023866
2.29676760979172
-0.0597669146744207
6.57651442960312
6.42949497704319
6.92224057070696
8.26357715281092
12.5460995213823
9.90822057699655
5.80298976216127
-3.16519796743825
3.70885810132256
2.42574052565864
-1.43036433684913
0.360797987359406
-2.56667683484045
-2.58846263696793
0.0751358938755191
-2.56151810698593
-1.02378959235003
-2.69693534384371
-5.06273411106378
-3.29516844988127
2.21616021804922
5.39626231112324
4.94164955889424
-2.00727887318408
7.74225417811735
3.16849597140821
-4.16472915416769
-4.16472179465146
-3.19712297805837
-4.25112211007652
-8.16920326579688
-1.61328214784182
-13.7979826978863
-4.77839106818794
-6.9129192408377
-1.95402777457406
-3.02456113743582
-4.55083712071642
-5.47371369938972
-2.22948202501672
2.25714812960585
4.06002186472555
11.6482101668892
9.59880248867941
7.01525074681113
13.1154193576272
6.53907233625279
7.44457761119917
2.44186266291721
-1.00547673666688
4.30140464118438
-2.41707369446377
-0.484550417552345
-2.47511614885457
2.3449977390607
0.601658507914009
-1.9993245691912
-11.8669015994463
0.838442937640449
1.96300906979441
0.625058390254839
1.02829771615193
3.49410038233374
2.03867676856908
5.55512173588802
1.82888691815177
1.38863873643789
-2.89883963047892
-6.33996844874201
-2.14365950995022
-10.0632479009719
-5.7284440969545
-3.76991758869274
-4.84772591208427
-5.39096906081255
-7.20443916308108
0.0899924808723771
-7.1376890179519
-0.474779858389379
-1.60992163531622
2.55687790223005
9.17659998982542
3.95826820169286
0.636429198756076
7.0161357481335
9.13515427404238
7.69236030062351
0.263495274734465
-1.14646452479058
4.0652498376144
-1.01571295804233
2.41567344138284
-0.577345602560289
6.34139310321504
-4.40117459601331
-3.34832713407244
-7.55091318540391
-8.8331875160892
-2.24043015529202
-0.450053465974037
2.90272795752574
1.00296858539071
9.81574369512521
4.95458756549487
9.30502472465333
6.15249118375624
-4.66749251755853
-2.78920868700777
-11.4883053343308
-2.69737947932672
-4.76425650139829
-4.19165570640422
-8.46228831624524
-5.98871241777942
-3.08610491889209
-9.5887281668074
-7.34497885840475
0.611550567135662
-2.05622385748005
-0.849779027764009
0.620224292883567
6.0045285089261
1.84220448457115
11.9631899257879
5.31336515298031
7.39129207108619
7.43328186414436
-0.571273682928174
1.99878039297939
7.58775861137655
3.90730331276096
-1.74887600395388
0.630473729373301
-0.051761128861446
-3.25389656161195
-7.59653855066317
-1.20312391303924
1.68350223693661
-3.93876373433687
-1.0016309671842
4.50035441835458
8.13641472437315
1.75039969616529
0.0750909597957019
1.95376098963696
-3.4576936338553
-4.59970303962773
-0.512258871931653
-4.69937092203374
-6.84665477616902
-5.39290755233609
-6.92152732227498
-0.968818436739293
-3.17995390482672
-6.42632461541902
-6.00080108619984
-5.20990775010362
-0.637543317046528
-4.35554790065066
-7.69631190593501
0.343094422027175
1.50321852406317
1.67793854769487
10.3925433500125
10.4418814926775
3.35165774433984
6.62094956217096
5.62959749171463
4.92345612436773
1.19098699737678
9.30865232586134
-1.51594935020672
-1.12980205573803
3.30217985967336
0.747425832047637
5.83042475094425
-7.51573980284452
-3.89823913951702
1.85415970585258
1.37450322253488
-1.71181004821243
1.3839344147767
6.55285932616211
5.17471100718165
1.41843326010841
0.0417356312855803
0.0425097786221724
-1.39280914159038
-8.92529521003824
-2.36252667324667
-5.58898513104592
-10.0067948469583
-5.28228860951671
-7.23256214603063
-5.13678598602454
-3.53933349727332
-12.720268024967
-7.74876886627406
-0.203660955286607
-2.95830884432355
3.15417966294448
1.54787544723521
2.10309915852655
7.62625755802719
7.71715460654664
4.01863282819567
3.53974503343217
11.6611253341367
4.2433776347
1.19984396985741
4.70333209495287
1.88735692345168
1.96142002523621
3.33810054074795
3.09472716725604
-5.54757641939837
-5.03133488681766
-6.54166683607514
-4.80162792288533
1.2856374509941
0.546750158730137
4.51516498625556
4.66178376527594
3.74181544260638
1.30093418257092
-0.309909436756457
-8.05828898975348
-1.47614361811816
-5.76839945897985
-6.94279732506999
-9.07389948541008
-5.46449490983082
-10.4551065042361
-6.64209105569387
-8.66027117715427
-4.68406862309373
0.618001832578861
-2.21745518495796
-2.70997400575779
-0.212828364480451
9.30738378270584
6.63327670783112
6.31051149838501
9.21247676311427
12.6582443961713
9.6347080960124
9.43514635599074
0.516608606896633
2.88240934473541
4.69423583450033
-4.8353060819019
0.520307079968268
-0.499262314241474
0.648179395835921
-3.16952684990074
-4.21968713014633
-1.89540075349147
-1.73727871206054
-1.81774527586508
5.43566391657487
-2.89976415697118
0.405630098154036
2.11703539008963
6.77302936443605
2.39580902849216
0.39626330340477
-2.91426948731822
-0.451215311120003
2.6189262552948
-1.36669900224456
-11.1344350570977
-4.71098122804042
-7.30072858226441
-9.89350568312151
-5.67798249843103
-7.77681803229603
-2.6165812767649
-2.57778575673969
-2.92055114590107
-4.41771792627389
1.4848928244612
-0.569998792930592
10.3284782031356
10.9819951547224
5.37444090886401
11.6989703433896
6.97757733369016
4.43477070574801
4.65119418030503
-3.59671625286113
0.0779473166145974
-2.13612587018239
4.80728064621434
2.49704255982347
1.00885995058576
-1.20170933829907
-4.65465160249224
-1.97404080823467
2.80643406358832
-4.54914688386399
-4.83184547628646
4.41480427432926
3.77891573720583
4.54843257400944
3.37324917153594
-1.97444461078981
-3.68066780698685
-1.66205004016859
-9.24112194693523
-2.69455446519895
-8.01285556758603
-2.19930687962822
-3.33753432512339
-1.93579668853989
-8.82297694942834
-5.41035820736239
-5.70182301338938
-3.68272420849559
-0.0425974391783055
-2.43249367906972
-2.96335541340073
8.49669445237595
10.6712973454127
5.72461165851997
7.05644826820766
7.33830744135138
5.82932957696879
2.68793544066754
-0.215253354567368
5.8215940542534
4.72364907382283
1.29828152406198
4.86799847063738
-7.3507545663668
0.686101677332011
2.10667854399832
-3.67313019294711
-2.16039797926459
-0.837120068201779
-2.11819627119704
-0.663673525794395
2.57624836338922
7.5153926484554
-0.849454623954449
4.77356175334147
1.52176682589256
-2.65598277983379
-0.613481498553779
-3.18215646445576
-3.49968271482263
-3.38626034743816
-7.91230378979627
-3.28162338060227
-8.8537744495339
-4.49145097357654
-8.69238800376271
-1.40030923038741
-7.77993165938099
-0.611013904977839
-2.41435201842066
2.74829043417554
3.56254317691839
12.1505759280385
12.2242272268992
9.91532574609254
10.3630318054902
1.00012500476876
7.41476171836995
1.35113346197097
-3.61382498763208
0.0118165939957184
-0.933681042775383
-0.486108900564411
1.00962687005701
-2.21357687832603
0.430462734371567
-2.40580312808271
-2.81887788573775
2.16656900248306
-3.08124297654766
5.40599076037152
-0.716270807004216
3.33001663100797
0.400950135512705
7.91435995926677
-1.16730249178854
-0.00571489827763916
-1.28910602718739
-4.57472364523014
-5.65994232091366
-7.64587305986733
-0.802469418457596
-9.57884750573102
3.33895005920877
-8.61689371106977
-5.76402160218047
-5.89109215248988
-7.92973531833998
-4.03826641963384
-2.25916182861321
1.47333272274978
1.30604698736096
9.06738473383834
7.17234716718729
10.5675753735895
6.43709722662883
2.34279168278039
4.62153342228907
2.53307318311535
2.94827009062058
0.30798128892964
0.306577047667371
1.50831257345351
2.35807788453957
-2.15190871600644
-2.1620088374374
-2.19426623821356
-2.92634213842607
-9.57050982202246
-3.63912117494077
7.33581461990899
6.86004426247673
5.83821035886944
0.342018723374542
-1.88592990158756
1.01936574880513
-5.03209865323187
-0.732980385884488
-1.42212903031127
-6.70199272946619
-1.79966643437248
-11.5150690950459
-3.30520860371574
-4.6304152984819
-4.64447185981735
-3.30645818533082
-6.8727315233881
-5.05216143489955
-0.673260474598748
1.93774200541431
-0.747448017099645
5.32258052215104
8.25795075060561
12.4478388095036
6.567797845789
10.9840311472135
5.50970459229207
2.98584015799547
3.78222647986407
7.11853145548783
2.82067217196915
2.72048913322646
-2.6138805250394
4.50295874440044
0.112776642014355
-2.44854310498635
-2.19264283030785
-0.594634864826059
-5.80356760735501
-0.611640792719682
-2.42751038109532
4.956132722515
8.90423308907369
-0.170483905367763
2.46275994470465
2.2373779046801
2.54711164405218
-3.22383515987939
-1.11239990808557
-9.09398843182577
-5.10600413976131
-8.73046030447813
-6.11342949513196
-5.9296130289094
-7.79066380856849
-5.66127719030947
-7.28637474270321
-7.06935566703021
-4.81639655556203
3.42313738858276
3.2780430252257
1.34737551613872
10.6049101202446
13.2843874749434
7.98203596289714
7.23530872170267
8.85942434988822
5.64380117465365
0.388272981784183
2.31335870453508
5.40456139299053
7.22811822884432
3.8420422137243
-3.18776432158901
-1.46478696642546
-0.966908531639166
-9.75548012994392
-3.28347229046879
-3.83718388605435
-0.284395146130364
-1.25278665737755
0.0146681872766345
3.9441332409964
0.80093256318722
1.60270674883585
5.71532110743647
0.336665828744731
-5.39374996492834
-3.05342998243566
-4.54439648020925
-0.909430307671853
-6.0423497511129
-5.9005620609637
-3.29483513850026
-6.74687980754614
-3.16283005424166
-6.42590413339108
-5.88853888858957
-5.1480748088081
-2.00141389872039
-2.35645129573739
-2.79506380676136
11.6989104436143
7.25715837798388
8.87664007536572
8.67840071549809
4.03100961417438
3.72496263229163
8.97791689078366
-5.32678851140086
1.37840646359231
4.78814400675132
1.54864080019997
-2.56986160394563
0.966016923993404
-5.62590565914448
-4.80903152262989
0.220425915754153
-5.52330909814229
-0.731854225578891
-1.19348095693035
-0.747820360571341
1.78524322720415
-0.60090929756934
-0.757193777454922
1.31382532015699
-5.65158491047877
-2.15063893932272
-6.5682412145443
-6.09991125755311
-6.64527750332043
-5.642323439462
-6.03592793061189
-4.67680818184361
-8.06254791449247
-10.1716984656842
-5.85511769988117
-3.37010331788674
-2.07676399295742
0.444469280882102
8.09285634877069
10.103894447078
10.2784659339491
9.48043119641584
13.508669777783
0.0342263382823775
6.13219822674487
5.99193006197422
-0.0117924741584501
1.28567054386721
4.13093453606073
-1.9702533970192
2.15017675467587
-0.672641176090034
0.516445601016304
-1.37325778680622
1.43168830774783
-5.08086441646131
-7.37252854451317
0.081439796227833
3.4006964046541
3.56931712593927
2.20533295722711
7.78605491126569
3.3769947026466
-0.079837800335236
-0.686947821655909
-0.169294442073008
-5.32270273807936
-6.9091475390926
-5.68079173058123
-5.76763395619334
-4.53905706452624
-2.0211477475918
-3.6740499755085
-8.07424535084557
-0.477789002826757
-3.94436364238035
0.0110932814761031
-0.590562853666975
1.9700797474971
4.71116353956101
4.38383413487534
11.0616678262757
10.5871882339176
9.52471468006554
9.18436873569275
4.21146829841199
0.607040988008235
0.99588894640412
3.21448033319328
-3.26846447921284
0.924778902361805
0.695104421390628
-4.09710239171182
-1.40075746595885
2.62635704317313
-2.98715471086314
-5.1840300655314
1.15292060527172
1.01009211719775
5.66632888992196
-0.0628936253763568
1.41537493795374
2.51534224659718
2.04970948948357
-2.23070501620115
-3.64628351845328
-6.41110168210176
-0.780569844333795
-8.44845426346414
1.58897779637026
-6.69357024997791
-8.6143969503974
-4.73789134314397
-6.73120513935851
-4.37841376231992
-2.37392804765505
-0.112552198159628
1.322463512343
4.45336226393688
4.88058761072296
9.30903712986019
6.95516896396324
6.58342998864177
9.14087783392567
7.26971011859143
3.2586315504774
4.68215949488432
0.850343613903803
2.07013009447385
4.37647185823092
1.22771605168393
-1.39686678043828
-5.83559792591381
1.11081274517882
-5.869242091007
-1.26792123910032
-7.53388455530242
-2.00035314202358
-1.19378412904579
2.96466508247112
8.67492954635392
3.4455004262157
3.17993159495417
1.36318414616134
3.95097677434407
-0.862184578945878
-5.78670182299112
-7.1828108765692
-4.39336338519417
-5.54961670918124
-5.6008752193303
-2.86040938679394
-7.63282056040902
-4.99080608638886
-2.17639646579224
-2.60272785932213
3.19686849423977
-6.56863305558925
2.78933415693731
-3.4719585604988
8.10845588103924
7.10051744358407
8.22131387142013
11.6183626846924
6.68526958367924
4.08771943188013
2.19694260772089
1.12751337508508
-3.18252448046826
-4.16657907107501
3.66353827138404
1.63306369178588
-0.614349855256019
-6.1138105283168
-4.83882243206285
-2.47244301468835
-7.02385949075366
-2.46849919333326
6.54959535615341
0.125729972229652
4.13767430080874
6.01638213982865
6.34104814506965
1.48916915323703
1.21237865445192
-4.44260787554753
-4.92772454449484
-0.946909433013347
-2.77502616212099
-0.768184601479571
-7.52063040544463
-8.01598474358303
-3.69045774688849
-9.46387759150413
-2.61182075464385
-5.07758769130762
-3.75491989535297
0.224969907117267
4.81052178854008
4.35458201404033
9.24388662111142
10.0276051515167
5.22727824246522
9.9746684137868
0.306765234083671
3.93387785801467
-5.67172474196138
3.47725763901779
-2.99751601596021
2.21655000150362
0.464219293480704
4.19256631848781
-5.09956708007067
2.54211280869271
-0.2637653187298
-6.76215017096717
-2.18522937802871
4.76807798098633
-1.23659396883458
2.88556482295167
1.3551356972706
1.5091102033828
3.72629321238315
-1.46799674207725
-2.45727150323199
1.97298336934594
-7.00113705391746
-11.4440541209973
-7.68907404180628
-11.7780838360962
-4.00244656858314
-4.59346401576968
-6.43673743885383
-7.16113414172238
-6.26945646376477
-2.47457185228688
-4.08162893623349
4.49097116747028
0.320298219455192
9.63350207296624
1.70289434696021
11.103426725328
10.0400116886143
10.3607650040944
5.85098669568751
6.996119630857
1.93081536467948
-1.47487713502627
8.1776379340187
0.345189500114417
-0.760930626949637
0.0307094816937641
-1.25688302125973
-1.32697581329776
-0.869217002672239
-2.09186241332567
-2.93330465029855
-5.02583988055036
0.793368483507086
2.3725263026448
4.93451506229042
3.46974799589237
1.34235289352751
0.388448659926154
2.16846098143744
-5.12502414347247
-4.82447297692184
-1.69784603076285
-3.86563581923286
-6.99047125642527
-7.45330500218912
-3.56052682502235
-3.52934332184785
-2.30104324171508
-1.22184534764547
-1.02945463007314
2.66809926581949
1.70307538286809
2.12184423307276
7.86221926863901
5.91713977906122
11.4972922579309
14.8732909765559
6.14260309757369
2.63853082349826
4.40263296450544
-0.00924439264373822
2.39724114074528
0.454980646643226
-0.107273495051108
-3.84978065862904
-1.21812624999202
2.83929334104898
-1.04598676699944
0.739230453663927
-1.26724048485986
0.312089961030048
-2.33958498168134
3.53237473476021
3.92746343148572
0.967519808221049
7.57947005915247
4.50706386978417
3.94857843282504
-3.31667878303066
-3.06022218378537
-4.5972790574152
-1.41185702661997
-2.29095999547774
-8.53532765961493
-5.70742413350871
-5.7257241600233
-4.81383391715219
-5.38525679579539
-8.53263984968767
-6.30290748828291
-4.80440617940668
-0.127959923424677
4.03366705719357
3.10101012764731
3.84601742107396
9.58188643333604
4.4668522540179
5.22773171052136
6.27220379697562
4.75300924091122
3.12157212637489
-0.888085174415471
5.81618362890258
-0.656650609316021
0.274328482212415
4.27651836850756
1.42205815849032
-3.40271156042069
-0.853973470092483
-7.60739621793571
-1.84691505195781
0.789294011352509
2.33027866012609
5.61158563322953
7.24834692742536
4.85378924086395
2.18585715830766
1.42032727268741
-4.57532957958924
2.03880419626065
-6.98936183646881
-3.95822776287906
-11.5521871112722
-7.18191514522011
-1.78207311730679
-5.30053312204598
-7.6905178559361
-8.20868802009904
-4.36531472611077
-6.9851359054514
-2.74487559898038
-0.170536902238629
5.40200437825191
1.14449685100314
10.8395568156762
11.3524202964307
9.46848212205997
6.80845745065887
10.555295322075
7.88194121713491
-0.352183830733004
5.38766343607765
-4.3330148977652
-1.50327043566078
-0.786180459020023
2.79012161429177
0.813767233149658
-6.02151689958131
1.03768468043134
-1.60321789733135
-2.01570862129667
-3.96536900763997
-4.69559617108005
6.42204130242697
2.39147370070251
0.96990347002835
4.0800849946431
0.560708489776813
-0.600947623123374
-4.10355416051377
-3.65880755184012
-2.86895388354475
-10.2918781683734
-9.58275667190211
-1.27565485871311
-5.9610841054133
-2.90524418382769
-6.28750233826162
-5.54922430305305
-3.56869018957638
-1.45550468263068
1.10485711876062
8.04912478432706
10.7090927736207
5.89284079216388
7.22343085282579
11.0157348106456
3.45632695515409
3.73225088121229
4.40223265001519
4.09630645945534
-0.0737382209231767
-0.828236618453446
-2.78613967135738
1.7209344181737
1.42932359284416
-0.392871988969924
0.624999082340078
-2.99725104777617
-1.05140164694615
-8.04006200416517
-3.84728604079624
0.756465044842853
4.67824508432448
3.68898823022701
2.16888863839266
-0.741291121807801
-0.252914325701899
-3.4163624357665
-7.816462491817
-6.83734353084907
-7.69695259375634
-9.83287325924015
1.65579676502997
-3.00268245677086
-8.44325282760171
-7.02409358425323
-6.00737969868891
-2.34070887609528
-0.307628867681276
-6.70324802729253
-2.98649228465916
-4.05211098794191
5.84206443111354
13.5058739169403
19.0647839187338
9.13213202416615
13.3226759019962
3.4319759463143
7.44878783897681
2.45654914799562
0.827621822344754
0.699938291196987
8.30909438494546
0.145026993890824
1.7689936360674
-1.3799717586831
-5.31174053685309
-3.83519664828847
-1.87255074838922
-0.242586976764262
1.36232285588881
1.0358549745498
-1.1806377721435
-2.14792822381975
2.61860525167238
2.56218471742436
-3.29287830107347
-1.88631202964578
-0.277435440474022
-2.96499133847532
-6.52511830442876
-6.90593673074412
-4.73750489517008
-5.82501759003486
-7.15247887519874
-9.24236775911117
-8.16463514579665
-5.59321921528218
-11.776712222091
0.957929644571745
-3.9754963147788
2.19072290971438
5.21628829194001
7.31228532627068
5.5739394127354
5.48658114181902
10.674087416061
6.31235363649781
-0.990216679102977
6.9243213795267
-1.41575486909371
6.01762814844579
2.03992372351357
3.37200989228383
-1.25071869078185
0.782189241325995
1.39040096373714
-4.77528586959479
-2.06414397501705
-4.99621738130052
-3.01642780185018
1.94658634760416
2.48756263616881
4.28942032218538
3.29099246059159
1.15130644673839
4.45234155012819
3.51850022902151
6.47493561299217
-0.833369818132103
1.20803758895981
2.18901316558668
6.21661796298458
-1.8239936537121
0.573338153365408
1.28708687408299
-0.402103279343673
-5.32905717018106
-5.58556193507259
-4.06020234412943
0.871178391861095
-7.4669827674005
-2.41162636810001
-1.5446359558631
-4.40518409718675
-6.30821737763148
3.11844713890814
0.756903948152721
4.59342024899303
1.95421021035792
1.46081019547464
3.05763311977381
2.76077250339033
1.4226728994698
4.29639529528242
9.03743872240324
9.88999191944673
4.11167262884625
6.01702635597317
3.96049570803635
-0.590693411025649
-2.28826802638593
-1.57500658471193
-2.00129645286869
-5.61753339158851
-3.93910027089251
-5.66525327876423
2.1692871053316
0.152164053451629
-7.4935515411529
-0.730388129755958
-4.56047644922122
0.485277445602065
-5.49648175715171
-2.41995253563416
-2.83273262422376
4.94505873272513
2.08756855611358
-0.709071312496642
-0.789172331418426
-2.40266598438176
-2.76595094727471
1.86318453048809
6.65811338467578
2.56512685326999
2.95976761570934
7.24575702883224
0.934125759600945
0.633715237310027
0.68995317939965
4.66526896495498
4.93460540602132
0.602475372295839
0.788497003877491
0.923825297004233
-4.2916910331734
-1.35589819525378
-8.55128563503681
-5.24272093471117
-2.52276502718825
0.728994616994068
-7.97999745762423
-4.8655039469691
-7.3446596338272
-5.31112531510803
-7.12180724302671
1.23777614762288
-6.46752103439638
-6.27404634939652
-0.663444855117273
3.27024699718254
2.52584725639733
4.06379220530719
1.39971283825039
4.35733601897992
2.12763864590122
1.32132491859873
-1.64435935996895
6.63232445654009
2.73394155536983
2.82860316703953
1.05835490978645
4.06398218096753
-0.4725276647896
-2.10028014240867
0.0273710585347933
-6.01032471172837
-7.0448963279494
-4.52374924620826
-1.28803329752984
-5.03250347790231
-10.285293968038
-2.197015710032
-5.63547764233735
-2.80398107684187
-2.11039910624229
-0.783199250700454
2.44114592039882
1.62713630381079
-0.535085104620557
-3.93321466788951
-0.914560640474559
2.68481848999105
2.65762851391059
5.71862127753464
5.14606307200505
4.64346164692032
4.31682031364208
1.81824912865025
4.46768645393396
3.2150821515913
7.76236446675967
-2.16198391659759
-1.73816050221767
-3.41853676703027
4.39875173495401
-1.34932419922318
-1.33319883229112
-3.96420294770079
-1.14787821842087
-4.63941451570681
-6.29774019355748
-2.05624933629444
-2.10431515743862
-3.04357618329478
1.51099069512458
-2.06406940951624
1.84689851382704
2.29365206802397
2.37369225732421
-2.18103436574621
4.19541073939989
6.24678223727056
-1.41812235682564
8.86545465055175
3.8447448945482
7.52129248991699
5.0411279949909
4.38177131012734
3.06750964164933
1.82242638633905
4.11852879225001
1.67313032992142
1.14273271414763
1.48475941023872
-2.64761783338515
-3.92869619636111
-2.66014548994126
-6.79423269635173
-2.23424602164694
-3.32454262452753
-6.46048057032433
0.311186869639694
-1.08929804041771
3.18551527200494
-6.65998406336151
-1.80368450915788
-5.62595631711337
0.0598631480459328
1.55113821589037
5.098126319272
6.09387871299902
7.70065476180403
2.15825748566914
1.92625820683709
8.0212106331913
8.76424135042853
9.33507006386402
0.594035549550396
1.27291882902692
3.12151893686306
-4.94396971437098
-0.0800138349121079
-0.214223396313123
-1.7355027842666
6.36427872056337
-7.76336202203397
1.82978714227657
-6.78427142627944
-6.58605018906965
-3.54391298671744
-1.38054101274181
-6.02559315879739
-1.14044696662678
-2.18056654860402
-4.85063863504026
-5.99276292584258
-1.85481469090986
3.99590240859865
0.940333917430371
3.16844616363348
1.23370667463195
0.116918589134281
-0.460958245451442
6.21807765382605
9.0019817613953
2.66229896194353
-0.573588587316351
-1.30502712746039
4.95703793793472
8.71927974812357
4.87251899018806
6.16442549563833
3.65501912632951
-1.38991609432795
-5.13883469491823
0.195526392990739
-5.925649991204
0.0452946778652854
-3.76908724989366
0.0777704093385427
1.45280458303466
1.15670487193937
-1.11044409351545
-5.95528444632354
1.54004000371273
-3.7337600677201
0.221028234274539
-2.56740618988527
-2.11433390961086
-0.460678538712196
1.64865304367709
0.080432048330588
8.17489206939452
7.14034872670704
1.38029512161479
6.32493706352959
4.18200206184027
9.06769608336306
7.17238042324295
3.91027661599193
4.51610933500434
0.789065004213031
3.17061631702795
-0.947822897341445
-2.17156860865221
2.98846349826434
-0.239001412656448
-5.81349137221481
-4.69204819280259
1.4413379418706
-4.47255275928581
-4.10445541674657
-1.63271600246603
