"x"
5.14875291167908
6.03013560664842
0.199495237933989
4.75355823796679
0.168126285509683
8.08116537902299
-0.781285612800541
0.767817848810626
-2.98895859398158
1.86875757610966
2.22445609719486
-0.957634033087629
-3.33275315320351
-3.11634708474044
-6.13246371594263
-7.94189759859609
-5.15609060632913
-5.51819424296133
-0.141819263079298
-8.98910006956885
1.39380717426401
-2.00223280221551
-1.04251639762692
3.17024346907134
-5.93945442243152
2.53373811305608
6.94125605545993
7.46601275192776
1.66112405430375
0.647362558756111
1.24384418232948
4.9739993485603
4.45765682169861
4.3270806127722
-1.21021161135582
1.0823592541098
3.08915520929204
5.18047735578032
2.08149193490251
1.7488610014911
-3.89171351481066
0.254011529871408
1.7528993199068
0.240122883204184
-1.59786263209546
-4.23276980657306
-0.0034218078264443
-8.57990896836278
-3.26847875169333
-5.22005754531657
2.11332241084771
-1.14503040617874
-1.36465736774257
2.6481607268527
0.401512030185017
2.79286284778742
0.0329270354268967
-0.194571555519414
4.08538651947109
2.61174532233191
3.57325098215848
5.98802946145388
4.34584376820876
10.8340085446724
6.82018972270689
-3.36822810638661
0.861557141426843
0.558318574743048
-1.44567462525697
0.279009965216822
-2.40473002941949
1.05953172591507
2.00505157836399
-2.69077225311104
-3.58783720379087
-6.23183473658815
-5.44452671079525
-1.73053098723206
-6.88332128514573
-1.35607623198519
1.16673729188367
-4.28946380340677
-1.31866517940417
-0.371987773564112
2.1525073743235
3.8229086633125
-1.03003088352015
2.00619380466562
7.99449676666377
-2.69836286711142
4.32388412268338
6.90785854742023
6.65194300420855
8.0007983919277
2.11079464559696
4.01521564222612
7.28116930631169
-1.78272852984152
-0.746532995362613
-0.612583507115234
2.68885682871313
-1.1547504915736
-4.35978269158154
0.23210752778588
-1.73949318350196
-0.472370356587942
2.79914130988035
-1.05644038852347
-4.6128033001439
-5.14330309497885
0.329774077331951
-0.725120355504481
-5.0806847425038
-6.54525545969417
-0.24515049608499
1.12302323174733
-0.0412034827986492
3.8736938909855
-3.96304367817564
6.70807998854839
3.15843691066248
3.6079229665975
3.14180765770168
7.13462718565306
3.32545875358912
4.22320390185658
5.09448644458758
2.58848019344472
8.39029616555601
4.53203922728292
-4.94128292532491
-8.92808195414425
1.41071107131774
1.52001032178099
-8.73779585733052
-5.51358234981829
-8.52000096306451
-4.69392648403079
-4.09113190035287
-4.21447927937624
-6.39909029553633
-3.51846156775424
-1.58980538038732
-1.61376278935577
4.11191837944475
-1.53208713653324
1.91970016591584
5.7933060180162
1.88726873929691
-1.33669470565689
7.4888054222437
6.57077545019044
5.06301244481036
2.97030143406845
3.32422798729673
2.03888128992436
3.13134676454985
-0.343135752329826
2.28824093478961
-5.88533077223722
0.491413572630537
-7.49811338006835
-3.56664315348705
-3.33285837442958
-5.35500624790766
-7.71652238513778
-2.57541233951026
-8.36114215528624
1.98129500420997
-0.768877321773796
3.66313397179144
-0.179728233349139
3.04557077927734
-3.12406547494713
1.37094772913268
1.28470440492867
-2.87784657228461
3.15651057982403
3.67476515380609
1.33589368513795
7.78966396663953
0.707055555552844
0.776413578789659
1.5949300898723
-4.85049372507273
2.29757655723012
3.45125598450501
-3.56894457719334
1.7956196969669
-8.59618263244375
-1.9030723688082
0.0395525328451511
3.23096087700191
-5.02961256437238
-5.90749126084765
-5.66987588373105
-2.59764491896475
-5.99162430405526
0.790925022213635
-3.86325226944835
-5.52927714672206
-3.91751712495057
-4.48845711996439
-0.875223262359082
2.24469944659119
0.846836512549121
-0.551558039332681
3.14802584046727
8.8348349066464
0.294227183157984
1.44627041933037
1.28423067286424
4.55220638517873
6.20797406192045
-0.0871132132796886
-4.63448187426522
-0.903711671329154
0.460542698139333
2.41129815015238
5.63976032220065
2.40211194162292
-0.344789300137766
-4.18073812495133
-0.0957014295218062
-2.41292368492556
-2.31264624885823
-4.07787991249266
-6.08408133839707
-2.26038231377604
-1.35736930529058
-3.99290655079608
-0.223670961294237
0.1557294870521
-0.476169868168552
2.78689831724395
0.223045823854494
0.99524417518493
1.0895176104802
9.75982041312351
5.79516776295084
3.30915147595293
9.94080177285116
-0.590736843624242
2.20830416015832
0.254173225678263
6.68476294113199
1.80767100658731
0.662884439638787
-0.754919925705378
-3.40688000565955
-0.113140052900887
-7.2604985587164
2.79290572734148
-0.175292452278157
-5.62593043652874
0.574880783743327
-6.90386798066109
-2.80691239678264
-0.228451446945712
-4.63725144575653
-3.3883923597843
0.0681810998789958
0.558251024656385
-2.95638306764347
2.05626519984141
4.6619082766205
5.49903141716543
4.09615123123175
2.03987937694889
-2.74231405933213
7.21629270468524
9.82434811682372
5.48890687998618
1.81062836145143
3.09707815504734
5.24915410246207
4.36057057986379
0.0681843694201547
-0.624245109947378
1.43431286485384
-1.829853076393
1.96100398188567
-2.40056832834973
-2.64653814394697
0.766074498808346
-4.87868280130836
-3.92805317655734
-1.89575281202827
-7.52239356533745
-0.0986786810229749
-4.35382262561039
-4.40721009602464
-3.60065604755529
-2.00288958977893
-4.19216862418086
-2.00107958639535
-2.5954038078972
-2.71545640198876
1.87381801338061
7.72261280115225
-2.05506797954322
7.52511159428441
4.02359660757154
-6.49876816356174
-0.685507151244778
2.53532622075411
3.54189358080103
2.41484528054997
-0.242822668893314
-2.46391563134139
-1.64322571009039
3.19578808354277
-0.720627721786772
-3.7962760290031
-0.151218635947036
-3.57211122294804
-2.83086889252941
-4.10783522658821
-0.325059031108639
0.291899654253995
-11.1181955289742
0.0912344350787642
-8.57827890031221
-0.974002443123393
0.364039049242877
0.086679264220751
4.37299184335928
1.10206546132131
3.99682125111159
3.23324552159534
2.67904649417505
7.60225802640668
-0.666780290417671
6.59773221031801
-0.392344695595619
3.48418557232394
-0.25118869300081
2.68892569894202
0.704962844035732
3.01905057967553
-0.775260472921711
-2.0255343117137
2.42121786407677
-4.61500332296455
-3.91708035035531
0.518012970149313
-2.68428721828217
-6.79747420209701
-3.21364705878445
-1.42313027976055
-2.37474749768607
-0.343939248777628
-0.916504798943409
2.51527294254327
-1.7447994785665
-0.0747350790444559
-6.55651128928003
1.71791872214276
-0.183784735220464
1.9123305319772
-3.65076201906061
1.72115644140927
2.9995062766219
-0.237066489282886
7.06004488461453
0.437594246856298
-0.0627944865880776
1.47780862211396
-4.56762857937911
2.58820921142003
-2.11392747717899
5.48768339704283
-0.211122622721193
-1.61700780437028
-3.52310228653689
-6.65400828553775
-2.95478906181301
-7.14645381464889
1.43967534132481
-5.70958524221222
-3.22305915070616
-2.0748655577711
1.7649640109333
-3.8222403961207
2.40447136241339
-1.12793080182339
3.53216269540284
5.7298467066048
6.59235042626131
6.69095695891255
5.10353534938993
3.28237923223799
3.76537268322949
3.47935853085677
8.69753060471822
2.98269404445559
2.5102407302136
-0.830863581112094
-8.20750577993086
6.04218416174982
1.31665843346736
2.40670451706575
0.668300230399186
1.63762920465513
-2.94273217236596
-2.74239862164121
-8.39804110935202
-6.9531580709893
-2.86278335332773
-2.93498721041148
-0.229574367507526
-1.93077264271485
-5.96151499173933
-0.422648279341239
-0.444642322277134
-0.888789017283653
1.41630187171773
6.90766055426837
4.0983300110135
5.98724194333571
6.30798197436962
-1.012611052975
0.170267745547166
7.08612062871266
5.9447070573215
-0.0108557999033279
3.04490930382965
1.42900672733844
5.63951640738888
-2.28698597507316
-2.69935463735498
0.0550544568737861
-3.36265831365644
-4.35487852940271
-9.56946278980857
-4.04008635620201
-4.56703981679798
-2.70535832922059
-0.276537493583796
-3.5585505237866
-2.02994194062537
-3.78890034139369
-1.82722297409951
-4.15111413389078
-4.61261296552387
-4.84715326482792
0.88948005059339
6.47741205455022
3.11565393449974
-0.383014176264345
1.53474949804398
4.30453760006846
8.84113000193751
-0.156065016660601
6.74227782527778
2.22604053916201
2.12512926605853
1.18347250638802
3.65550795643232
2.86159149986563
2.34492112670639
1.39429349762603
-0.766232707028899
-4.50483865702803
-10.4319267414159
-6.42070019293125
-0.864891179130695
-2.19780897561788
-8.06646395512793
-5.2804184749052
1.21589862529741
-1.2792696057814
-7.79841871795396
2.20846006493737
-0.0155895504920163
-0.0243517891592813
-4.47699962415223
-0.615349508740872
-0.418493566351061
5.49043893674207
4.91840099337934
6.22123717436636
0.551952591649777
3.61284189104095
3.37930886116901
-3.56609926156716
0.704264781545315
-2.85629400147632
0.0442690230720835
-3.67196000474457
-2.42038650423518
2.77920232952371
2.57946518089726
-4.06974126262598
-5.40624406408983
-1.69813084609092
-1.92503150325529
-4.64922974854881
-0.255186699298997
-8.52648107793524
-2.14973993416122
0.137858689615552
1.71173111473155
-2.70144373125964
-1.96676884779464
-1.16471109636902
1.86306731054694
4.5236310387973
3.73682347539284
2.51320232422216
0.33072493293969
3.19090354714878
0.977658767150122
4.85741437840314
4.35739456772812
-2.63079790569364
0.985053963647516
1.19179197233164
6.2197521863745
3.68731296133233
-7.49863690563188
-5.97729658278934
-0.65934576779927
-4.6438815797284
-3.4229030688223
0.123190409134743
-1.13181966287053
-1.92879504343907
-6.65991015614028
2.07304035132039
-1.59053604143623
-0.569978975747333
-5.91913968521328
0.0967899235848311
2.27037315599833
2.35650276038351
1.63691968765289
2.1630596031682
0.213094092920347
2.21369298686843
5.5783906678274
2.54700174196977
5.58994708186648
3.05071320260715
4.14827121996783
1.48621618056631
2.42309341518661
2.84312038319732
-2.83270849502623
5.93564981032435
1.48766232611645
-4.91584886906203
-5.51618820365214
-4.15623837606089
-1.38812913613107
-5.74396652553179
-3.20984367800343
-6.58412060903425
-3.11118899817984
-4.87304605870969
-0.207254957811411
0.45720889181636
-2.75383360482192
4.30633118403195
3.1708595712222
-4.82366139743422
3.31672021822884
-1.31148009882088
8.09310645187757
3.58440837754258
-3.93917414969101
-1.18469699642118
4.51279914505747
3.48486449365383
2.99729259482458
2.80558119419225
0.0427572006121979
5.40037137416657
1.30533891860152
-5.52059186114326
1.84436974143932
0.342133267848588
-10.2082482770373
-0.024004866571337
-2.73755388207369
0.279022516088201
-6.14225639537333
-6.21208360494603
-7.40332398072271
-3.07969444597678
-3.79891239322869
-3.9936926194809
1.21362657687352
6.78366892365439
3.19471529836105
4.58566544232439
5.07231869368971
0.629350950070647
0.61587815172118
4.45231696882394
-0.369213682446659
4.29291627713239
8.60943927926332
3.32672071305504
5.51615792295061
3.48675123292973
0.0402967211340099
-1.86158495616107
-0.297359265778816
-8.90936506725166
3.82149238417051
2.04786591854311
1.36696884717552
-2.80243374465812
-7.25192824701769
-3.965322624963
-2.22706307144333
-5.86465625914356
-5.75026799876565
0.30122656794365
-1.88284577626935
-2.46739166049695
2.05628752881559
-2.54454343395567
-2.50617506322244
-0.608499843618042
5.66077795879487
0.39791494501583
3.28950993046875
3.82470409841556
1.32823527961489
0.234688597224699
3.35321116250615
3.74955102787446
5.77295423613061
2.57351814222631
5.73836340206605
4.72538963525652
-0.898991707011879
-0.94477527753684
-3.09126695443718
0.194337844541092
-6.01365336066873
-6.2463853830805
-7.06659440574898
-5.22453895812716
-8.26401909516186
-2.31691297950429
-6.7447537991314
-8.59922760005817
-3.36307608573839
-3.04325205053375
-6.06745832469626
-1.65802268114408
-1.90897443519413
4.32957769645831
-1.91060344606526
1.21041448365181
6.1781355684274
1.16000430016476
4.6230134788242
4.80371576340427
9.1793192704084
6.31399470599082
8.10738273175674
6.70573460588534
1.70920723726665
3.36876669537508
-1.23099512457005
-0.640686245803572
-0.860573210171654
0.344151829622813
-2.1369372745091
0.438615853946153
-0.195056454094497
-4.43891417643499
-4.9238726372582
-3.44765006571799
-3.94490342558083
-1.8086889057955
-9.13226752718654
-2.30309339295844
0.49008295272847
1.11061482850673
-1.79331208434967
-1.36155841938358
0.554905377486765
-1.13616373205249
2.12826691438674
1.97121791778139
10.6262351536054
5.59329140812852
7.68742026976787
7.70494795199219
2.41826285445975
-2.37820821901069
-0.598545662445388
5.00008138935373
-2.23137630879849
-5.2676657903866
1.67384250573507
-6.61970728861194
2.11607373490358
-1.24136977755938
-4.16187602154431
-3.39335796021666
-7.47132904954667
-4.27638768275634
0.707152633547683
-3.43394825480772
-2.43567836631858
0.135042628270251
3.70605104313465
-0.827769651479547
-1.64577428105681
2.79902279687487
5.11789015004907
-6.63247144693052
5.35439492387036
2.51682743315573
0.894579051352688
9.13932717457685
4.80718118349376
4.37322827833884
-4.31271402265395
-2.4946695773085
3.43665152770937
4.61160799913207
-0.856266921660612
5.21772874729793
-4.5647889377015
0.13113291898061
0.196960900470677
-0.517173160766841
-3.80361610355945
-2.57673536824871
-5.65633593951551
-2.93915306175546
-0.50301420556143
-5.60296183340469
0.430272497757477
-5.44778017152375
-0.815482818763401
-1.33256188906761
0.273839611712546
1.24754426355366
0.53412561972522
2.88406026031083
3.84127235260285
2.65597633683622
3.64900981657184
-2.4347826935032
0.644990451299596
0.908706276698976
3.48772732102024
5.01927856336683
3.65385124203779
2.42304704159883
-1.49099621591709
-1.3628792680294
0.845404347852806
2.05428495591385
-0.130380136165285
-3.47720895374544
1.87652192312927
-1.67081384093899
-0.269110298848066
-9.13145799713875
-3.25127499692566
-2.37053668532331
-2.98133600913979
-6.48477256087366
-4.91810809870671
0.0113495592088786
0.95194125242492
-5.27556594878653
-0.390227393263038
-0.0531896882831902
3.66682923967715
7.74574323990375
0.839206520904922
6.35323141497479
2.70151630521734
4.27576239134949
4.63543625358436
-1.2744461829459
1.42791620552947
3.47949580020535
-2.24563554736603
-2.55538230480374
0.209959392636
-3.44228869796764
-3.5069326201593
-4.97290470587299
-2.46381940569675
-7.14239976971232
-6.36812745163896
-7.80129482455328
-8.12229750563198
-2.40069294779629
-2.72572525042137
0.735933554515775
-1.75441079584272
0.303977990491657
-7.09294291575007
-2.95861323500672
2.06724289332664
-5.67811311922199
8.09665954415828
6.63772491448079
2.14051874863225
-1.89592211115858
7.90010592637779
-2.51699749385941
0.19925286150614
10.7833533223689
4.60017475463603
8.62612469144063
1.08134123613197
1.73694731402042
5.20058373358337
-2.91825698668547
0.566477617386184
-6.62975332421477
-4.46436878748903
-6.28359731888399
-1.47921501638114
-0.624245098002745
-3.9515171299751
-3.28859819238288
-4.33280394597986
-3.41101972619853
0.310386754477692
-0.715366385685426
-1.85381390169023
-0.743410336806686
3.64193257161899
3.75092324202393
1.30157334198324
4.32369383782721
4.78548136372427
2.33609272787767
7.64685730880272
0.870509132614286
9.66216585855174
2.19330327535651
1.37374446153672
-0.0701689883761658
3.2199093767714
-0.906746141420265
-2.13825351763188
1.18645389683476
4.00768825325077
-1.75022765248018
2.3521468139476
-5.67020188292491
-6.04594906770091
-3.58155486422491
-1.97808735732829
-3.25639952688917
-8.41816503215399
-2.55322776679968
-4.07889541509425
-5.76412455047289
-6.18547934831644
0.0704966537770888
-1.20646592227055
3.83594911173132
2.78052616264629
-2.63041892401358
6.18793358944499
2.18021188135307
5.47330626978449
7.28965793748894
6.58558342350666
2.58161200605211
1.22803157202418
-1.68222916883292
-2.71897970771774
-2.32881644712357
-0.521579200217204
-3.43277200307768
-1.0337250183367
-0.240636593870539
-7.36441278272005
-3.11225252791535
-1.50410556969642
-2.15361610487824
-2.38739557925695
-4.06927641326118
-5.08562388044079
-3.14258087058678
-0.0139952755490507
-2.3556216913094
3.5770430199965
-0.521767550929997
0.468359435563036
1.23005781913162
2.17268463070691
1.9331497663403
1.19766959286324
1.15856468510669
6.03956933300338
7.09767324597414
1.89039164507623
6.97061719627667
8.56271314937615
6.32023197615944
2.77493000439228
3.729363428914
1.03849568190912
-6.08529058391137
-7.72785698379689
4.15047499078016
-1.75164721465152
-5.70505719824826
1.38729709400636
-6.22014559018229
-4.50602475600163
-3.30981140521531
-2.4838567092762
-4.48490512780648
-0.656434164849756
-2.25292228570856
0.602857305422031
-11.5417119704907
1.82760809956554
7.70032132376417
6.31190258319624
5.95985405245596
4.33754706332833
4.54942580008208
4.60017008153386
4.92253081948287
8.17069202478597
6.24076610616886
7.94768120922897
4.14047460051176
-1.24606757129306
2.09493665542777
-0.14661500956596
-0.804280575480823
0.0543645258315761
1.20078292419308
-3.22740874972794
-1.9619611978396
-5.74643360448293
-4.98181131520701
-2.29512290229563
-4.31544935686193
-1.06484836328674
-8.23863228190011
-2.01720678486651
2.63174058186218
0.163860165267082
1.65143332859735
5.51037230175486
0.662290077277541
0.839775548719628
5.89222487731764
4.7048266809612
2.2680636584465
-0.261460368743253
5.65014317407334
2.71527404017262
6.1460166617219
4.70933318886741
1.70679748139905
-2.38529688017244
2.84802596032942
-5.2966281664355
-1.32902414802907
1.07325578134501
-2.25701701498846
-9.95844939864859
-3.69268500676594
-4.34563442477176
-4.24641314443029
-7.43782590543192
-5.83266273268806
-9.46939686700757
1.05047543930561
-1.21306501558948
-2.57276929703749
-3.39457970530407
3.87489292769319
-2.5022177869743
4.31995809584557
1.41517789564852
1.68519140598591
7.99969648654647
6.35841123368665
-0.0856674773074459
3.59162391196994
2.54442305204968
4.9868647041876
5.30808113988409
4.50460908459969
2.48904028778887
-6.51871509142071
-6.08234263683379
-3.00693353691046
4.44363601377857
-0.95612613120094
-0.812548025386985
4.21367635112377
4.11172494725187
10.2157700488842
10.8818611518149
4.70815260192659
-3.49965837967409
-2.08923532677242
-2.01637261843287
-1.28516442311686
-3.67526711971928
-0.640691226860212
-8.02862635594974
-2.55069413777089
-1.42896180898865
-1.30556934240201
3.43775645142469
3.36382795806902
-0.0238250103101025
1.17478453999959
-0.753447158522721
-8.17017976711028
-6.17756843596883
-4.82372373937077
-1.68746630346228
-2.81819663508274
-2.27363102741706
-0.119815440246428
4.2905194820141
5.98381388425471
11.7922789566717
9.19246290835805
11.1362828180269
6.59740856051553
1.32409760952373
-4.26971725886859
-5.75921333887077
-3.23076249978032
-9.32222136714662
-7.54938851949152
-10.2674169019785
-12.4342927632178
-3.76132992138199
-4.4882135182586
-0.0984225871623117
-1.1278779136838
9.83599167393281
2.25667503627225
6.00768570375589
7.17091871389569
1.45266104655963
1.06953459746775
-2.24652593315054
2.31776660945808
-5.75834543305906
-7.75662578210102
1.73484167805708
-2.97641208546447
-2.72438158416281
2.21118138947505
7.40921636275993
5.06385086158168
-0.280406330630534
-3.82303525700049
1.34622370517263
-2.562759216979
-6.53869113570749
-6.69221360561481
-6.08035223592934
-11.1718141505281
-10.059472581899
-2.31011366054824
-2.26343656700182
1.47506087532667
7.85616637215282
3.37291860302332
7.31349810221563
14.8518329555899
8.18014928179818
7.44240049151779
10.4513707463802
7.22803812557986
1.16682017089516
-8.61968792938988
-17.9938150013708
-10.461867305086
-10.4965946516913
1.01688891785061
-1.68765886289676
3.25026399416697
-4.36429395481091
-0.115234388580742
9.87988690105055
1.6686942548977
0.0434192430704137
1.39877965668169
-3.36684498193338
-6.71613434021787
-8.34490651651672
-5.81388024421823
-3.16327430959042
-1.67472854388517
1.26772746952216
-0.911383949662595
4.89773032538813
7.94196157867111
10.8329001110522
8.70116668287311
8.07231931871525
3.34221309348042
-1.09412313972844
-12.9452238497894
-5.06364413996008
-11.2843639172368
-5.42805295008056
-12.1519363958609
-5.906887097538
-5.66401058509145
-0.857704080753082
-1.78373647129738
2.23756523509554
4.60067288895381
12.5334362633157
10.3606999805566
9.38961574374765
5.67071100285239
-5.23850422402726
-1.40546126165273
-5.67134296067453
-1.26953211939212
-4.69529135178454
-5.1943158000552
0.227767348559349
-4.30900830374455
-4.82456847453891
5.2924864443375
2.59174568431656
6.92640308984208
7.78419030749894
-2.08639703927085
-6.07808760491407
0.804409713146257
-3.41756148131278
3.58620170777823
-3.86274302192671
-5.28460323820519
0.7779645667942
0.568873252370672
4.19114936313214
3.50250338118244
8.83613431094752
16.9683931325269
12.9632032110249
2.30657874343132
3.0718981788397
-5.06726741187208
-3.88066791790256
-2.54839162254729
-4.18178008042188
-9.26775964545438
-10.0291578087534
-8.18078792212796
-6.67615713781252
-0.732186988153897
-4.3062738170784
9.72390561038156
9.17138156582644
3.81262755212845
-1.80791499382792
6.01574104988683
-0.0525824735549643
4.30985241934848
2.1929948463071
-5.4254827876558
-5.72556002987861
-8.65467771318423
-4.09389802655622
2.78581471514733
7.44702518974915
7.56987945348425
1.09547692079023
0.386409347562868
5.68662777601007
0.328743970883311
4.97321387956019
1.76718476192177
1.79441541807413
-7.05515365870425
-7.19799505287361
-11.7000481155245
-7.66485772866548
-10.4112740194179
-5.02175800440983
8.63693126097645
4.10238214348687
12.9187221699594
6.28327060878944
8.59525821328082
11.2729963906428
11.2725625593556
10.2640390711786
6.40630626874162
-3.48206361754065
-9.72742491115822
-2.78837744744837
-8.59128458107195
-11.2060398704872
-4.11750219528424
-1.38952577633529
-2.92038194977885
3.88497933157831
0.169923337654567
0.618359850153316
5.93551257309636
3.04562684332374
0.722207715082814
-1.79650073199897
-6.06292555474487
-5.98703553664343
-2.38616501475036
2.56783945657677
3.64458073596386
2.72780895951027
4.92498661227793
4.18483512077652
13.7538561040664
2.29742792185746
14.1336087269632
4.94070485561065
1.82975927019307
3.96703190778142
-9.14015325834365
-4.36819264196122
-5.90752652654951
-11.2130586290415
-3.23504517724827
-7.07689084053554
-3.4325811750894
-5.91820492853945
-1.70361389484954
4.74992446342343
5.32793173441268
10.5779756646812
4.90185917779135
1.08899919999487
5.17925865443072
3.5623234745532
-0.553742409019471
1.02938821841184
-2.95196415252479
-6.06976009382231
-7.64721650752615
-16.5761403125998
0.300871490669115
-2.93236975789115
5.28742730652101
1.88219869312123
1.062723806729
-1.03368732314856
-8.11379494516377
-5.75632839436869
-4.14253082443997
0.108208375104149
-4.64269515697959
-3.70473794817034
-8.22163576961528
-0.421276170526335
-1.50256669438818
2.78058168154943
8.23406898188972
12.7803815010295
11.9010196606117
10.3230158607885
5.83355313873216
0.919066215420398
4.0281381154233
2.21237163042085
-2.36910655197431
-9.0337397342969
-12.4776482045373
-11.825466354209
-5.31218022395472
-2.57875280740499
-3.95507802379672
3.86185911973914
3.4087341788854
6.63804509100801
1.05460063064925
-1.55658683268925
6.93924095866618
1.3947911874209
2.2553499017214
1.80479626705674
-11.4414258174403
-7.55754564375615
-7.06694068380959
-4.54696030804107
0.341171909094223
2.61565241037326
-0.506523840424661
4.41047740167348
0.897820101871784
1.46846562739475
4.22204042836712
7.33852136810157
0.10168723636558
-3.87750614117292
-16.6142735171077
-15.6519116574252
-11.1960367594937
-2.64901203440134
-4.22626003640735
-3.25204647761424
4.84746560683975
5.50755511114079
6.45464794495864
12.3095724074211
13.9640031556132
9.58934073236164
10.5723666112207
1.14765243187324
0.674011726568042
-2.16609045998423
-7.10371131892106
-8.90209485682154
-6.35692429896535
-4.56073393135642
-3.05929112853517
-7.61653404923383
-2.77984857085869
1.49442885576815
5.8094253923631
6.42704283399166
6.5676471654113
-0.970750019246197
1.35214837660272
-0.389620712290967
-6.66185101673365
-4.82384185182442
-3.26020604971204
3.71402711869479
3.29293591746396
4.85036186185677
-2.62822005705303
6.88118365956997
6.37408682736523
12.2029066948625
8.99308373169458
4.34738105317353
-3.39683974070294
-8.34206474152433
-4.73673580833534
-0.749649001704807
-4.64838337770533
-6.33749647354505
-8.81146192552214
-11.5663658123444
-10.3159289927986
-0.51070610428029
2.62099120023877
10.1136259711397
12.2427519365993
8.72291680379394
3.34147831618331
4.84682317394938
1.85180562765991
0.996827909205651
0.794714420772742
-3.21996273329791
1.6472281815503
-5.18236530583665
-10.6974732589132
-10.7805752906691
-2.42818086956287
4.85640751122309
5.21140643671792
4.1529514526861
3.20878175844434
1.64336044300242
-0.424117889060627
4.94932274979853
-5.11498956316032
-1.31988761817278
-8.42171745839994
-9.39703302213315
-5.05587061439718
-3.28182615328197
-2.63326087772865
5.61759485900653
9.9814523316705
5.74146224007151
6.06059038268586
6.22526560046798
7.34840135075777
5.16058483121486
2.92791807487428
-1.06762598361889
2.59624004634817
-13.4603230401312
-11.4794721441304
-12.768599433856
-10.269526320579
-7.95101167403225
0.884563784706627
1.57233079592078
3.36979956649287
5.81648444566493
5.84218525297571
2.64104153080045
9.76709820102419
2.89180837669287
-1.94000104401743
-1.47310953771085
0.0220490198114218
-10.3415535795493
1.36380790067231
0.850512326278408
-1.23959459052029
6.81125777107312
-1.86781459878348
3.33500497034557
1.43020494734019
0.946879332077084
6.72626725555801
-0.94926850783402
-3.99371333447673
-4.01371488756318
-10.8419500665167
-11.1283705392086
-0.102207632671301
-1.80128544076442
-4.73588423739644
-4.53184361067614
4.07104448214659
0.812554495608905
6.16093308324282
12.2342949039496
11.4485038330345
12.2353572517653
2.48658432137657
0.86534103219158
0.160593038536414
-8.37754884353397
-2.3485805110262
-2.98257502093782
-7.92236181839317
-7.67173605285473
-5.95561498567466
-8.48111872993209
-7.63375530606691
2.83527204961387
3.66792864487007
3.73052081053392
0.647930284049026
-0.59483983588649
-3.72703077728345
-1.41759928482213
-1.24891108497984
-1.4017834831692
0.117697595368164
-4.22287056457645
0.730083017370379
-0.948552596663135
3.10561880897002
1.67721052279115
9.80808482289129
3.71398056291999
6.65685306629509
5.9775952915278
1.4264319458404
-4.63567925494447
-6.47107438872873
-4.12940307449699
-11.119205970185
-7.22923837951349
-8.03815875486116
-11.7535876892946
-6.86350007051484
-2.87545883285645
4.6247507055242
3.19862759099067
9.9129911770086
8.99568492179884
4.89525984911029
8.02228706407693
4.15095706301897
-1.64932084602211
3.5408722958776
-7.16043743455696
-10.0568158301128
-5.20155661153184
2.7870090820823
0.624941293707437
-3.52896898673441
8.60886306404184
4.26418359346932
3.82862487363737
-7.42515288693755
2.11562439544988
4.18497297727885
2.38539905475553
0.0596149986909311
-2.37469130010741
-3.06886651887021
-7.01614400403291
-4.07312360501582
-0.699236626965808
5.01663384771511
10.0884846025598
6.4681654161214
4.03262311533137
2.52379947535737
6.68467070030818
6.3913872314586
6.33725758653418
5.08847973473617
-3.09217404666508
-7.98034254618248
-17.1756906135207
-10.9706671798902
-10.3282512788694
-6.40997890499855
-8.97910121537392
-4.04998310257819
-0.875740387499408
-1.57542285717613
-0.959893633289301
5.60017666444033
4.41448747823917
5.16704674905994
6.34478271439552
-0.239729315751062
-4.15920916834346
-1.00026380207595
1.78878727291123
0.53902109068419
3.949413616985
0.310658106207353
2.84722584275818
-1.039417542312
-0.133449732145874
8.33793359724377
4.76867019399364
4.42148865559518
3.23190851757567
-5.37152921439158
-8.98839755600085
-5.75256591693444
-4.69728712790635
-4.18123477970942
-1.7254987152134
-4.37211545543815
0.480197947010268
2.68583975516397
4.26723518687187
9.69558105532186
17.6114582673273
14.5235836972453
7.5782546692373
5.54900848659412
3.8399675065556
-3.18613181543815
-1.1522052432428
-3.37556178238624
-0.526263447407621
-8.34963575810828
-5.55109574046517
-6.16437324429162
-2.84029771235368
-0.962968112093388
0.719449281852738
2.28630611117515
3.92338622948117
0.713127209109372
4.17033030341286
-5.50030849375445
0.628939201583982
3.5590983500494
0.72785294658011
-2.1742342048151
-5.90289149027669
-1.27735993250359
-2.87328286518414
3.23021726318718
10.1783972926456
10.8010980285956
4.75392741976057
4.75012864720678
1.02730188135053
-0.0544988335313153
1.24007477433072
-1.34289872436145
-6.08941904719122
-10.8642883670854
-10.7472873094973
-12.5071069421195
-6.0885814520794
-1.50675328761046
-3.75182212159239
5.49020558768685
12.9641444771637
13.1054089611858
1.91454096057174
10.0324829857911
3.63899264152997
4.81628448895324
3.16759649060313
0.526178720770222
-5.04221183663237
-3.3493508572678
-3.39697494293818
-6.11176685445851
1.95298694315851
-3.20276913018993
1.40336999678617
-0.842230312118954
-4.48658957264186
1.21037410242947
2.09461214808119
1.96445804607285
4.71122932471904
-2.50702193991526
-5.33314582041752
-9.31875768266683
-4.74175971799366
-4.04540369765857
-0.0715228496080101
3.13354012287846
2.03899853839494
1.17379219362975
3.80940846623103
4.68245717094267
9.48444452598769
11.0475572922469
9.04484429994309
4.1261991601394
-4.13467238819867
-11.6588212030732
-5.96860857406164
-5.84593210422189
-3.90846941003298
-8.51460250710107
-4.27024180069191
-5.55021431428672
-0.170107008671214
3.26754837377428
2.82271985510839
10.9987934907461
9.90376132962039
4.61786388818725
5.96014116538981
-2.62922198436699
-2.59715703078357
-3.11090482110985
-1.99191579610286
1.77950531298867
-1.15084688416819
-3.98140017869189
-4.60461929219364
-4.51078498217548
2.25713012037952
6.31188160718135
7.11239896510699
-1.8673235828678
0.409268965776129
-8.30213246862902
-5.34262051139043
-4.46549029190632
-1.60069026688127
-3.97797653295415
-4.01359850709805
-12.4084938227496
-3.28606499133509
-3.17783292047775
0.0990401007713748
11.5641301169598
14.6320702378049
8.39135910838369
6.98475666164958
7.25696444344498
0.761702169904882
-1.63157344167042
1.45705281769852
1.27719437540158
-8.2829391601555
-13.9224394499808
-15.8593621869222
-7.75376762353171
-6.54132570117039
0.243125800577157
6.64986115326758
3.94659462061191
1.32782862933272
4.72788229497431
0.429881901689367
1.10758111148437
-0.138544328638607
0.138063683518969
0.578480650605898
-6.27965225010558
-4.2707488816885
-0.757698692080913
1.56364637679704
4.36320651263053
11.1964744700874
3.60900322475014
5.78105213059559
3.70807144106719
-0.814457128718256
4.55054870598383
2.4152683589037
-3.88455937276753
-5.7609080039729
-7.70664993361994
-12.4476139388797
-11.9597162747826
-6.45176013806102
0.403100602496057
-2.10821240640907
3.81585889894337
1.06784071998311
3.87490546726378
4.15578266653589
7.71663125161564
11.0089526204434
5.25291824231961
3.36140464833482
-1.6695099118375
-8.00114914143111
-3.11396343828887
-6.49995870521907
-4.32707917028662
0.485585480329187
5.18749203490618
-1.22446309897678
1.68460774776172
-0.320155014523112
4.44975534969043
4.77940714918435
1.82510481040332
2.25956257826562
-6.13819752123194
-4.25904676990128
-6.8779930320392
-8.20021826147777
2.08908849738268
5.47893396280313
3.86735338005662
-3.51076049966644
7.53136472871314
5.02362742137266
2.49131194242097
11.5371208133472
7.59053770049373
0.132627688208948
-3.81038697318472
-3.69369957073025
-2.42470593746631
-13.5576126833285
-6.43407213708663
-6.06409365747564
-4.6603000937663
-3.92491875570411
-9.35093899157123
-0.194907387019933
5.02986532763582
7.6852896557368
5.70702530160937
2.04587712366803
-3.19274871394861
4.65526404247199
1.14345313865259
2.73745312360642
-0.899835672599869
-7.51242427767553
0.224253818108465
2.54906958786613
-3.05525134160495
3.07940349165224
5.12262068110336
9.17496395444663
8.04653329919073
6.01819498950198
-0.343246636693444
-4.41310681074267
-2.07948213707654
-0.59053776728222
-6.54564416386188
-8.2116734392081
-9.17642741510968
-9.27387268973365
-11.635810677211
0.773329577972
-2.29798085272805
6.22163613244119
10.9210423494297
7.57745622290156
4.33642409209379
6.48165991796858
8.60722037616631
2.66884567009707
-0.529292687838032
-2.91682465395512
-9.49940168055795
-13.9094595442682
-7.46791022325392
-9.68612867790143
0.566672162681842
-2.24057950198186
4.7416511492877
-2.84950432787158
2.75831895051506
2.98680367863943
6.18189130909219
-0.63016279296618
-1.8130289219396
2.08300754713377
-1.29624859252906
-9.98667930881448
-7.54628180292389
-7.52232391439518
-1.07101581629866
-0.529459422079304
6.14130896492123
10.0209541805617
3.24305345806113
7.22780407297128
6.16865605536473
5.61315761129975
2.56837617003528
4.41626706612972
-6.18498336236359
-13.4800350116178
-17.3591657370926
-14.5133419184145
-13.4374517667389
-2.86033733312393
-6.34085666268495
-0.728046743358204
1.5514510973047
4.559821795487
7.13014508925502
11.2007353331409
8.02837408435471
9.48018044387829
6.63504288951945
-3.95490626616677
-3.49519945312796
-0.74471887196877
-5.88631531320845
-1.16564780044854
1.66243435504221
-2.34708162392953
-10.2128481344457
0.428204729596972
3.47669987556225
1.30955883726615
5.1660232429099
2.13616053221597
-4.55178031207102
-5.68804023502782
-9.94609570523877
-7.43389993463729
-5.61198403047314
0.966725452922415
0.32202275289708
2.57864402489401
-6.08279228331052
-1.88202274794015
4.50784660651731
12.2535065988647
11.3524372396403
9.60366180545805
6.66024959916748
4.04688912499375
-0.522942298399945
-6.14083000254993
-5.32798403991188
-5.05959406130653
-7.91970857465187
-7.85088100505065
-12.9351724679837
-8.21382532558725
-3.02787722952433
0.280514397195484
9.36460081957964
5.93124392646121
7.47120910401317
4.97908592009978
-2.06282202608637
3.44380395870944
7.00342015726544
3.92990291502631
3.47906833846233
-2.56773670590979
-1.14038872375895
-7.95323837099254
1.12695846753118
4.97421377154718
6.32642525871203
4.85223259108487
5.56896381433165
2.58587245008011
-3.15731495123713
-3.44328571045868
2.50899097437549
0.1925131280435
-1.45123396265942
-12.5198908851168
-9.29952547099827
-11.0490248766813
-6.27131777511895
2.5599098933387
0.414449857563778
12.449954877926
9.892634554211
10.4001566331077
7.76718048199438
3.76453164532143
8.77930901195601
-2.16486576136288
0.026457236248965
-2.31157807905631
-9.09431134502202
-7.22369249864786
-11.6019981022237
-9.03074381957316
-4.54182030317
0.789003736222773
-6.60987685165543
-1.71930247397335
0.477115465339892
4.0671981501972
2.76154337752733
4.49564245155721
4.1246991345899
-3.37938296956432
-3.69177612917478
-8.32891756596444
-5.47938111199244
-1.53596847338215
-4.46687713210112
3.25386032309373
3.2356228491278
5.55288534094392
5.21102043847608
3.4256302956696
7.56026142571488
7.1675447601896
-0.494425864818726
-0.0464773098368487
-10.9296916362609
-9.273714262703
-7.17039162083492
-11.8297783627575
-8.04285167574614
-1.83330534433471
-4.67510915764072
4.78204294197464
-0.978889977996404
4.33407099357259
4.26143494585688
10.1683840154155
10.4426916978231
7.6164231240832
7.32213693920483
-3.92048262371503
4.6912562666496
2.48858872112269
-6.39645140933686
-5.79812881372311
-2.86697326975455
-8.67270444839033
-1.88619023255757
-1.88100850118148
1.60572601351748
5.63347449296871
7.2763536684856
6.36160821193996
-4.6483575156123
-4.22554614481732
-8.2587471582012
-0.0332842219044158
-8.20812064726397
4.79749412024381
-2.98682530795625
-3.44447569561174
-0.650063286687958
1.57049101476102
4.89578733948724
10.5055829452783
12.8988162519491
10.4818635787958
3.83963659072033
3.15240753100466
4.6353396830844
1.40332207489485
-4.87701394432044
-3.3908092221067
-8.97405492472055
-11.3257342579145
-9.03158345527294
-7.22276063445864
2.00926373590257
5.86400414399363
3.5161931519011
5.44436093754635
7.23360971959198
3.56001317116138
2.56767166314462
5.99763363831573
4.88202889380206
5.59535725780191
-5.18316705865257
-0.891122074026371
-0.928700420607258
-3.54730559625371
0.453491248806378
3.16221057215263
5.54835429733044
3.23481575610011
-2.17316182581978
-3.01939473831697
-1.20830038809113
2.54356253011448
-1.95407271145805
-3.61347752548672
-1.91790684692166
-7.4610373776488
-9.50868991621762
-6.74001046141521
-1.85671660281898
-0.499624881048464
-2.04804681886869
5.17694591353322
9.30344750584481
0.811066269637681
10.9786800804187
11.8593017484328
9.92345618115197
8.80523256292198
0.0999702953595201
-7.49245841980941
-3.30965489366879
-9.30684114850426
-4.28741003166612
-7.75370699156438
-4.50410060031917
0.964416480016955
-3.00230264122054
2.32145453279494
-2.06779478992306
4.22000510874758
3.44029149554036
2.2366876892887
-3.14280218406564
-2.58887420900422
-9.67253387695569
-5.78747675284861
0.795182772680802
-1.38157432695706
10.0661874665047
0.798269781841716
0.422154947726137
-0.462679045761029
11.2247616048657
13.6649318965883
9.62659841440291
6.91643764931516
4.34681403162054
-4.56448327393496
-13.9939319061339
-5.54072157512369
-12.8130250894424
-4.07922151784965
-4.08755805213438
-9.13831765737563
-6.31787236659669
-7.51817281930288
-0.983850446311396
-0.782844298144067
2.58665218541481
7.79580208387842
0.85113606920463
5.33569230772625
7.63120976236333
6.1263685130148
4.23054524713431
0.205602570644901
-3.39619529498541
-2.14126746091958
1.43681617849402
-0.0622616954226727
-6.09368967063825
2.43502129210961
-2.52827041863859
1.99087588813632
0.782643898519423
4.75437790913374
-2.14712387809268
-2.0142380596864
-0.950413898704674
-0.129184649117328
-1.61552793831222
-5.40952342369129
-4.6538792623123
-2.46961895768682
1.82006225780218
-0.0682338420328756
-1.17078746031856
7.07553532514402
11.3683590452137
9.37095662006536
3.7000699719136
1.68447069208685
3.33500465038821
-1.70746302868403
-3.55868321958129
-5.84108110177085
-9.47896501107195
-9.8076223817684
-5.14364076370766
0.202394338172152
-4.42798221337035
-2.77216935534355
4.42737242334464
2.70816085704837
8.02855973901094
8.07732275111352
10.5016787498614
5.15610803807163
8.85584053680173
3.25605415563407
-2.4041641993122
0.958134555622643
-2.8468981333281
-1.88080571044997
1.63266321740412
-6.22594894519491
-3.28372681273869
-0.706416285350253
3.30015045782795
1.44043430240393
-1.81921549492812
6.93345312340169
-1.06919164512222
-1.69013216136117
-4.39383051620023
-2.02265992452394
-0.333720948042584
1.41264544820163
-1.4665576070713
3.25611616326576
6.43142013761582
2.6582052136099
1.14393706536444
10.2082387466902
3.7560282324392
5.78080681675988
3.14808532764362
1.42978027363499
-2.07092280300817
-3.1912257797575
-2.81466320116849
-6.34787521578478
-16.2206608393499
-7.07779207241453
-2.33197051260742
-9.86102452713082
2.07855509257408
-0.0870251217634448
6.28323707307321
7.57617668279613
9.38002130240018
9.70876855641254
8.68475286922962
4.48563776700775
4.99153714135907
0.750429295554437
-0.0156735052856156
-0.96617264159488
0.272291259833628
-8.39931156621815
-5.4723237336027
-2.11640456097352
-0.883885209150091
-1.72632071116177
1.88899897670497
0.369443680038969
1.00067314844194
2.51654829929682
5.70616326224792
-0.521023472361137
-3.07548047963796
1.20908674874592
1.97745358836788
-4.86570547230848
4.87843795461725
0.0893618928627724
3.8422954610648
6.42074596044879
6.52358707329526
4.70163336787013
2.54273804008602
3.59885532727729
3.0539151723769
-8.64813181194662
-2.84628492140837
-7.40266044264119
-7.21067937610717
-7.97356156391993
-8.63014486067176
-5.52403762347144
-2.32320342443494
4.01738241736617
2.92209986560646
1.73561096143615
7.0767347595868
4.75723154604551
9.09161432962896
10.8137064280734
5.87395456695986
3.82757367470041
0.772919382828028
0.610974781721019
-5.92527520937445
-6.94012056239118
-4.23728426109469
-6.61615912172208
-10.2014008368428
0.512367039820302
3.97611499258022
-1.77757290725923
6.21801798345496
-1.23593309509572
-0.184765305557754
0.03083739379324
0.106560752697556
3.04335488602778
1.80312663581738
-8.06160371087224
-1.35380457343241
-0.317668232488558
4.32525006146397
3.75352754180616
2.41118250779051
3.55299773784263
1.11783610734672
1.88357842109818
4.61678344991962
2.17447294539376
-0.444353932473688
-1.01157134268607
-5.37998110785691
-4.99719761026594
-4.20469530915897
-5.19951594408488
-0.0872335991638584
-4.72403099121126
2.74491815923859
5.04370476549279
8.56869713083288
10.4342948323172
8.6240081116698
9.95595148673218
8.27583959851211
2.44980619020127
-1.50300636652222
-2.49482264643588
-3.21908592479194
-7.2925183338752
-1.71414958609282
-7.63828006660805
-3.78152188120955
-13.0505186704807
0.941908411342109
1.21475930233217
6.710838539597
8.26081631646022
3.01685275640944
6.4853831997223
-3.57433277765455
1.5411399584116
2.67775006139568
-0.294229360103656
-4.54472863556886
1.49063950339947
2.01384816193539
-1.66634210029133
5.00285085281141
1.81351262145808
0.487428772881785
3.28929361652476
-0.550903533713091
-0.051946810769737
-3.08201901678945
-3.62706323669149
-8.63518711344226
-7.51895888541057
-7.84617813375958
-4.69522695045544
-11.460363353434
-9.16201223059003
-0.137362463556317
-0.741855347372151
3.62977777135812
4.41484667788504
12.3570853016829
11.2005533178952
10.6298133488999
3.3498907684305
4.60104102798563
1.37465920484656
-1.00202635284256
-4.56400165433612
-13.1057702998789
-8.02505113553494
-14.5121620542504
-8.13480394870575
-6.23056346794111
-6.06252165292631
0.703083612840022
5.40722547290559
0.508193479249626
0.193429211572104
7.20448159552939
7.7559275712945
-0.262824718225737
7.29911727578461
1.39610347359521
3.15573589291616
-3.19126866117817
1.75386455504408
1.52282807744494
-3.9720830147728
0.589848331366847
2.60073070768171
0.630550864478399
-2.95569189317364
2.51894439656719
1.42245844850536
-4.51621004468143
-8.66080559233682
-4.25277836859975
-0.610248831649308
-4.65531585909328
-1.6891292181362
4.14557341469553
6.36794274672384
2.03865043631766
5.52741954250089
14.5467724482588
9.17627862728337
8.46037076492749
10.1334180453798
6.13729022763426
3.67152073714877
-0.435197941168097
-5.10934732700098
-5.2100033482581
-9.43049868037722
-4.09496174184472
-7.60498445859392
-6.10966796124768
-2.68362554639733
-0.634848008519382
-2.14827637076881
2.20467114866745
7.16898048972347
2.94999269583711
5.22923225594135
3.60377247893228
3.18048524628744
4.81139478197797
-0.752845910307108
-0.801051841459409
-4.25053293321247
1.94097178677679
-2.26851907293549
1.43519391531322
-1.64376732644107
-0.982911450288435
-3.1647699911233
-0.379342905032533
-1.79541052441886
-6.45342012080355
-3.91869843479357
-3.35098443707173
-6.75636679135726
-5.83759638326212
-2.388804128255
-1.25761192544986
-3.25126487381524
6.16020346954334
0.813323412499049
7.74441461312004
5.30000161897733
8.21743835218325
12.5489073023524
5.51498837407511
2.36417563150324
-0.342909599945952
-0.782813813363048
-4.09356889223707
-8.33441437369246
-11.7268092243655
-5.87315506565772
-6.02447227247476
-6.00823409689513
-3.54670227242855
0.343347100925996
3.24863451873789
8.06266121480028
6.43263856694473
9.00504249047863
7.49384164132281
2.85224508731922
7.64942137774396
-0.306332971810726
-0.540902619285787
-1.6844527413177
-2.05158828752185
-1.16738458600207
-5.26547283058024
-0.324258032237356
-0.151231783995615
1.81612557236085
-1.83099006274918
-5.40340746195381
-4.08428107796876
-2.39529800554465
-3.74995466607212
-3.12624948955692
-2.18305638190984
0.491631705507781
-2.05504429387313
-4.48143240410692
3.26334338273956
7.66250489343485
2.74376156574694
6.14371369739919
13.7956058297844
6.24472652003591
5.65629065357131
5.62902774209899
1.07967184999713
-0.548508056358824
-1.85912712718821
-4.69085487166676
-7.7030815316541
-9.42033044927088
-4.90034568029918
-7.43854308470062
-2.57517652596133
1.71982746824092
0.189288563076467
2.60383580880017
8.25534996785588
10.9482355147154
6.01922249760198
8.5087415520272
7.91397261587876
0.187504281988261
-1.10581649099812
1.85867864054957
-5.63569337611404
-4.09144372789875
-6.31099420724867
-0.457326661161578
-6.43007508414469
-2.40798665145051
2.39771879532016
1.16661894777669
-4.78249843659181
0.616552332370333
2.84968321834761
-0.547630487923731
-2.83550291645362
-3.76941592863762
-4.45949347162728
-0.145561628251543
4.40361517628399
5.0325807671059
0.346016571568246
4.14883786912418
2.47287982497118
0.641811213192569
2.06703358122034
1.65902828394753
3.92943626860918
-1.72177872156397
-2.42561607335444
-4.50335876715897
0.496370834326682
-6.48287870014885
-11.5997335867456
-8.33281653401298
-7.36345348537485
-3.36056479971835
-0.165200051268398
1.77404343322987
2.20802057638009
6.53370411534465
4.20943593240081
7.8438477575824
6.03896191926364
4.93547871006589
-4.70037393280872
5.83278059721783
0.970142275280632
5.6736027123513
-1.57396727124529
-8.71523355537814
-6.51015456677068
-2.52165435251914
-6.38994305148111
-1.77520699728682
-1.37432164930865
-1.47172833760266
-0.32505348671763
-1.88756777766991
-0.856671122603336
3.05554217984919
0.217672924509597
-0.0443855899345282
-2.31296039454446
3.3132122605128
1.00903457130072
3.31028067613496
3.11749539500957
2.53208616497978
9.58975010580484
6.14731236671245
7.9661962377748
1.86855257763333
-1.88132733849846
-8.03824629658656
-5.2993807709398
-13.8620052160548
-3.87011064466534
-4.50385495226421
-7.32527992779418
0.398309487328998
5.71188766897629
2.19483298629965
9.81588168055085
6.19550136683768
4.12829209679537
5.59761736715212
-0.938054238407565
0.0545984689145382
-2.95622774128119
-6.91327627336262
-12.9191058006657
-11.0263528448
-7.02011959372034
-3.18222808127686
-3.19234568125128
0.971867083391545
8.01692576448393
2.73469470829788
7.0926515134744
3.00661868619432
12.3058764575821
8.84535897970451
6.06513786004931
5.42867111437032
-4.11578033607846
1.82200057456028
-6.02859400547693
-7.26519525579386
3.41509512573285
-2.2323957534802
2.04900676184138
2.08481223117886
-3.47388990120723
3.1535692599868
2.99697133568798
4.43536786838336
-1.4041136931242
1.43041944941351
-6.30685676330022
-12.8118740499945
-5.60436781334842
-7.33068495177635
-3.69367627305415
3.04979584161555
3.4038950459061
2.00793777725724
6.27917777571347
5.43072124531892
13.7281144694996
15.3739153501978
5.09331223376469
2.91253956763991
0.176111996758691
-6.8955601336457
-0.437242957850401
-5.86855449869733
-8.69720583143146
-7.94805750432772
-6.92363185019029
-7.48054030596178
-9.2956367868946
-3.36109181727782
5.79601365348427
8.304902363171
9.33284760845313
5.104406927976
-3.51506975034649
0.154042042285857
-5.2017415941489
-1.60240124786311
4.97873378147291
-0.33289982149806
-5.39793733920565
-4.11862103243334
-2.6698407248376
2.0036638650909
4.96031190601051
2.67822734152702
3.7776110363604
5.8879758351954
-3.57160041109899
-2.49787136888713
-2.81709377220672
-0.613311010221486
-7.61929626442694
-1.80265131533781
-11.0414546685573
-13.9406373115654
-7.79538517921338
-4.92991577271471
3.28029242421637
11.7090209027265
7.22818978634385
10.1976404239831
17.0598235915894
8.90222629316771
6.9440496746718
2.98492142513244
-3.79843632849483
-1.29948974486276
-3.33807102711822
-6.85473986618403
-10.4086268985687
-8.23495471006394
-1.78291140112085
-2.1619903795507
4.2417771912573
3.06025276513441
2.11592276078974
1.78190646648538
-0.474743956756737
5.64874554957269
-1.02641984577749
1.7250593550295
-5.54938327129496
-4.56286123412599
-7.08281335824316
-0.441074385434831
-3.29888455769501
5.07685041981949
7.60206583929467
9.78639984648631
2.90376389004055
1.98354870220757
5.91620518643444
3.36005630923291
4.97963959129076
2.55202327982896
-7.55089212897647
-8.56036992617459
-14.7122538738882
-9.43909032865048
-8.31600157513451
-8.42128748344005
6.17497127802279
-3.49923764360574
-2.61562228544388
2.88078040798477
7.77908674913282
7.11420793178627
13.5441506067495
8.43740839961321
8.2356904861848
-4.23908900494986
-0.728542102573615
-2.11017573480394
-4.03432653831758
-4.31078521079012
-1.87714507118653
-0.864864735703192
0.678922956725315
-1.21896339763988
0.140087676609603
0.112477890010719
2.29448084446955
2.79214011758098
4.62494744385941
-7.61273068517254
-7.88595734563119
-9.63584900958286
-3.91242210803302
-0.948183220609855
-5.9845310094952
-4.92409657941956
-1.41040286210399
-6.13951260222915
8.59310498550161
7.08608274465758
13.2182666982369
7.99441993413678
8.2184581515624
2.12815613313895
-0.210864406505516
1.18735317208521
-5.92714239732801
-7.95207776823765
-7.24764349211247
-12.7688535364158
-12.333358703759
-11.9687832038576
-6.41823696808278
-0.829733029207461
6.72321666721443
8.75386677205764
4.06226065456548
-0.18228326894019
6.36755227765467
-0.465230600281453
-3.81013263390738
3.30627991599154
4.41245838706597
-5.74027173895903
-3.22270216251176
1.72009871717704
-2.85637391941891
0.886490116514792
5.36772751015338
7.62645677326538
3.48860838612063
3.54215207286947
5.09706024291385
5.57451344538369
-2.89646804469084
-6.01339702969932
-2.14155343210429
-9.42229597623079
-12.9097873382263
-7.96654723301655
-8.52672466901677
-4.32610577470735
3.9986037979214
8.30286757908531
5.23406913441101
4.41994106453555
8.06028012849108
8.04241437095539
11.1554630770408
4.5416375443727
2.17041424254984
-1.21875858951307
-7.10152332686156
-8.26605380916935
-5.81574270666877
-7.47406918825385
-5.62241635657471
-2.05565701503896
1.98328599027983
0.920731826943996
1.80801546821059
-0.30070467645401
5.8561017072399
10.8117056740139
-1.44694971790448
0.0216880671767515
-5.69138171560658
-2.95680902611397
-6.85309799657031
0.927842893168539
-4.04246777005046
2.09653962431225
3.00288484240279
1.29360697310374
0.852400647778413
5.85804087043907
5.12613586312701
5.61334652878288
6.8216400738052
-1.95684546383773
-4.83487251216605
-10.1958161732022
-9.65492148466329
-6.94494808682031
-6.2848237344341
-6.53456343766993
-9.33660213195494
1.08371282514938
-2.69093267480525
2.38411292214187
14.157905032487
15.2166959409161
9.21613278743362
2.87257526365281
8.22574100799985
3.20890676886494
-4.21442257343202
-7.4364356188517
-0.120919898944373
4.22039767337136
-5.71990091917152
-1.93673378549491
-7.32275437655243
-1.15099744768493
5.60394831519151
7.41043807588228
10.2535357540156
6.33963507924968
-1.71858565903469
0.432884230093673
-4.82312211635388
-2.92256143438177
-2.73535723277916
-0.527400892838054
-2.70277713792645
-1.91595309112806
-1.13398768170241
3.27108348880212
-0.131942789780255
9.71068073870289
13.7491913257257
10.9786497395295
4.69584834759154
-0.636478352066855
0.139355117875831
-0.477345729313914
-2.96406640524044
-5.4806648179442
-5.93895701116724
-11.8307679847943
-8.59455986725562
-5.8590822924554
-2.38702074724921
4.03244035269052
1.42108970079792
-0.832595763908887
0.41989845683831
5.3892926961029
3.43688158581624
7.55951135303737
4.52831749562673
1.93973496136646
-6.91695564977883
-2.84667609488203
-0.613605853005469
2.81588660373281
0.793999629837516
6.9340254215735
10.7194215403189
2.76982001016674
-0.120357042786211
0.197442576705299
-2.8017209399472
5.18429246324631
-2.57607861167227
1.77597762550503
-1.68268857693988
-10.407479266703
-7.92467231950476
-10.7897655984695
-6.17072982824104
0.974435512122506
3.33390334913782
6.8904733873853
5.61227863297552
11.9935766869191
11.0303516754884
13.2012482809846
8.38959225428109
8.16316306499346
3.87378282670645
-8.19573533889118
-5.23860300773206
-8.57896705223631
-6.28193824833904
-2.66172647755114
-2.67170050305456
-2.39253733262804
0.0579345541105472
4.20031931444445
8.59557140884809
1.97789734990752
6.37620556295635
4.01561398131694
-0.199813146018085
-2.75263691310216
-10.034199867467
-10.6072011352044
-3.82563113108453
-1.84396017346967
-2.85724575101317
-1.097930680761
3.85142853108222
4.17294983768066
5.48279597524584
7.43720403661466
6.52200806365516
9.23946033248713
3.56544117598886
-5.33489712678344
-7.37622419317842
-9.69377694189384
-9.40448728325866
-11.9794276098207
-4.23374614928171
-10.2032306735826
-9.05253827550407
-6.85201354506178
-5.60954409724432
2.19661640869602
11.5066013041432
16.5735584588578
7.65798582704163
3.06919302892928
1.67285009273394
2.07758192419287
1.47581552070629
-1.13891420334164
-2.41447985382651
-1.7346999447264
-5.7419147057054
-3.53995237109789
-2.95529648295175
1.64866472097149
2.0071182035902
6.53553717476197
2.31367134682455
0.484488975148642
-6.91529036422867
-1.0838638344459
-1.05771853543787
-0.0681668501552997
-3.04594468777334
-7.08068382310748
-4.92833325944351
-8.30651375753543
-0.68570171155135
4.93762716987651
10.2369796962127
8.74825843573916
10.153619645906
7.03237951849243
6.15196990241543
1.18555279002163
1.71448225092393
1.73010116966095
-2.93604168482176
-7.54335841824257
-10.1565656411999
-16.1329196429747
-9.39314133198686
-1.73663483858153
0.741339200921701
5.59511534283153
6.05448248891458
5.55571032155469
4.72983011252245
1.42788720161447
4.20817244699829
3.7286489752463
7.71524387229059
-5.2683135625209
-7.3151295030319
-3.99253985165526
-3.06978482916119
0.719460934180517
7.27912639927542
5.00763593074446
5.64206368002001
1.86544029621282
-0.311017901569803
5.83110053980537
7.51124167237519
-0.866140228662119
4.38817746937013
-2.48641322540124
-5.51427130625801
-9.00939927287625
-10.6575740993625
-5.10574157309894
-1.10800317324825
-2.6086704718796
4.74397624059123
-0.824449838468596
6.97236410478337
12.616907678366
7.2219385270343
9.96531808107144
13.1062148347672
5.13765313194975
-5.44424043985909
-10.68961414386
-9.83707176101852
-2.40433402678883
-3.64692642870251
-5.54992564090545
-10.483027186808
-5.19220659192466
-2.53260713878067
1.85226052312252
5.03547262372172
2.19617749237022
2.74951818914575
4.38273957064324
1.04805246669874
-3.67364716510059
-5.49007486753767
-6.09484183357859
0.358316471238614
-0.697483561855412
-2.25121964970809
-0.855516608285205
1.00258272954336
2.66697106510532
10.0287077820206
10.2480474223614
10.4155035682021
9.97634350362905
-1.68386711239463
-4.92339382743947
-7.30441401689069
-6.31538844121217
-10.5415014311815
-10.2555631914013
-12.8124081718596
-4.91016547211795
-7.69373772574232
-0.66055702412089
5.41071742650903
11.5851651567168
13.9257819830904
11.9006454832174
12.0688392688199
1.80003108571533
7.34895944946983
7.29876002968222
4.77907971912192
-2.05661647256546
-5.7144914726205
-7.64232923390593
-11.1034375968643
-0.0552636325126867
-5.12166648890235
1.3589545325455
9.01933391780367
5.77068240061906
8.15098769905508
-2.1264805913428
2.79199347363606
0.12478474549203
-5.25396116755291
-5.13476400768169
-0.250696334277865
-4.77415744600433
-7.90843283081953
-11.0931987979773
5.71192479887826
6.06984561976686
7.86033159951942
8.03852364400965
6.63395271351932
4.13218100806704
5.06631677605579
0.169777738008659
4.2136859595005
-1.90686801225192
-9.22230355338684
-14.5185730722477
-11.1447455670103
-11.2703958208922
-5.29235045887456
-7.09063085562304
-0.873787519215863
2.04947931907921
0.49342370098536
-3.64037045688083
5.7483806530514
9.77777134143854
13.5763760900611
4.0155712489887
-1.17247685566187
-3.17433148884848
-6.17941104505919
-2.35625765271733
-5.31682784014735
2.06782604496807
3.06372566175416
2.15597940369027
3.68714649942697
5.02288201455968
10.2800889689848
0.808119690335512
2.6371583365214
4.89272458218116
-2.04312893473049
-6.65650633812252
-9.39515853684921
-9.63388095177195
-9.28045645404377
-6.97936455415529
-2.18444644487583
4.06806458611214
1.10740438025705
1.0123303902636
2.23040484786659
9.66517026610385
8.90917790283501
8.88598786045716
5.26324707939129
1.04364634023991
-0.954938481157774
-4.55416889517496
-7.14254683242124
-6.76614578583673
-4.91248250029637
-1.24563631799877
-3.8986033476121
-5.6050550833099
-2.18696661387178
0.0975892042148083
5.47252726509916
13.6159836470761
-0.470394221069497
0.390516946480329
-8.56323276490677
-7.64486891722505
3.24832636539262
0.594615875090712
6.00733149187741
0.907387820272461
1.2688802144853
1.3313053137612
-0.16544599212565
7.16811364147279
8.03141366784082
7.80285412802533
5.29772768016434
6.25725222353123
0.381368570101698
-6.93495489718069
-10.475077461674
-6.63975894380611
-8.34908632613755
-13.9794591518608
-16.8242530332694
-7.69593167383494
-7.12030470565614
5.50196686302735
5.49018120960951
12.0428866922998
14.1174769606866
9.21311446624248
8.64860834408811
3.3481842564478
1.36537721177217
7.63435762208357
5.2876637413306
-3.02992943081398
-4.86158339561903
-3.08035589048141
-6.45925395048824
3.06104974892125
-1.34875722785602
1.21443782000519
0.920747890620177
-1.0930273540848
-5.03802636395349
0.0206216416827344
-0.384623929873096
-1.62225470997234
-0.492773837581152
-8.82954235296461
-15.4107107225005
-7.57071517500097
-7.53220909600165
-4.70994358264089
1.60409594064762
8.68213285049593
6.39253645688403
11.4595427442592
5.58845370483266
9.63736932891023
9.29078605962004
2.81498992382153
7.9778089380581
-2.92874175568441
-9.70193473211326
-10.4155747481355
-10.0013846667249
-9.16625713957913
-6.3364337558805
-2.43634780944873
-10.1480957876422
-0.335516495053497
2.64529541977071
-0.0317566032745424
1.32838928999884
5.91580553397236
5.08066201887216
5.51601549561398
-5.51176447171314
-0.354598810300113
-1.30812660910484
1.92133031670287
-2.21180402397552
-2.18008769541158
-1.58376600682244
-5.51177280114309
2.75973503260156
2.48400270502308
3.2595759157002
6.5878328894034
3.01721231327985
-4.9626558933696
-8.10433296765457
-18.9298527376345
-10.1994121825977
-3.97367029145918
-4.55572039549826
-4.15435436130611
-10.0311560514804
2.20243606213464
-1.2923254391529
1.68648420406955
7.35578955257421
10.7305827442348
14.5397822619501
5.36323293477928
1.95504872525324
2.17776050447193
-2.87717345741156
-1.40788038171405
-3.71199544846271
-5.80572533781526
-7.6917952818822
-6.56155459182174
-1.97561317087941
-6.88602730301022
6.36139925665922
1.3679467987949
8.37962745272437
5.84062751961549
2.41513725872444
0.121426793644246
-3.34568412947071
-2.68315583262552
0.998482538769894
1.23509241668358
-0.749539108586478
-6.42329812213966
-10.995533164102
-1.9333444968893
1.1226923860696
11.6952687819878
10.3038537046597
11.5791537645031
6.21919472658293
3.48552807829084
3.1324740987134
-3.14847805203029
-0.523256334950453
-1.42920682745297
-7.46821776235288
-8.9426012292037
-8.7603980937637
-3.44939416962959
-0.0967088524715223
2.81274388152528
7.79017971502474
4.5020965488237
3.57473565358834
7.90169939867881
1.87595432758233
7.22248647161527
5.5260484898388
5.04514918846285
0.841804279937467
-0.74958884696344
-9.13262448585712
-11.3579724579995
-1.4655213066755
6.24404154384069
-2.93058014809778
2.31386375888827
0.695589707475636
-3.26814883404597
-0.23062853957009
-0.0388405324845209
3.42426014287313
-2.17468354307653
-4.83710535421352
-8.40474656679883
-9.65421733823045
-8.40053318865795
-2.17090884295899
1.34887624705704
6.2456438239609
6.03067909130011
5.06592453714141
12.0018201513104
9.61895765894104
9.60769207263706
8.15693961884623
8.71676269563439
3.89698770595223
-6.19501777889305
-8.76167136521625
-13.9435833640471
-5.80621384621064
-5.92872489775433
-8.37290969274386
-5.96460078865914
-5.78452684827005
-6.33706992488167
1.74817127138355
8.00694793248875
5.46930624165701
10.8424059572537
8.37307223612091
-2.09829400086961
-1.21050364024407
-0.466149031126334
-3.18059862818522
1.03102606898123
-2.09861912951868
-2.39728019517429
-0.37480618373216
-2.5254202046481
0.714977851681946
4.94735109544449
7.79284305737659
9.48921865176532
5.9660282907652
1.16819483268819
-2.71660436113741
-9.71838140848172
-7.99233215991691
-2.03472426403573
-5.24014407552523
-6.728967050135
-5.85978015374363
-5.68743567539803
-0.32424546596415
6.04860022546373
13.7049258522717
10.5535582896134
9.7394143352216
2.12318566531823
3.34174966484225
2.13175459925566
2.97468542137867
-3.06201314386996
-8.73597893525284
-13.8043527608112
-10.2760656654284
-11.8743133042226
-5.87771889407804
-1.49290511367405
5.5616598837443
2.36743863250957
-3.34663057813258
1.19916918591816
-1.27778650352732
0.424135735261484
1.67531626559655
4.50043334644907
-3.19236412485592
-3.32368607116334
-5.59189713219331
-4.68979408473956
-4.82370949509706
-3.09359126257216
8.40193586573007
6.06087571566826
7.45473367347728
10.3263857972934
8.85604377485064
1.44519345882242
5.25738886418715
-3.93554686995499
0.251183697840761
-9.94636904458783
-9.40386912242277
-9.20971642809241
-8.82021703130922
-9.03753694824104
-1.29197250652605
-1.75906403806459
11.3998321225844
5.34432564996777
9.23126546725493
0.212276320689037
5.10647811255597
13.4144278289602
5.73755201884408
6.93221205244394
-4.85254204860249
-10.7662973444888
-7.89012096700534
-0.893161351302811
-8.25738914969252
-1.82569714221756
-6.11406107119345
-0.953909545078389
-2.4008640965673
7.14976724068982
4.59470608336602
0.37767063056356
2.95159111308544
2.25281170284096
-4.99116828659454
-6.21016220427211
-9.99826449518052
0.44206688588172
-3.44284411051864
-7.07106124959772
-9.95264172477566
-5.93109524360041
-4.01162570982089
-5.02749143833272
-1.54210603794015
0.21523582300641
3.08514657048126
8.95537687415585
8.73549188892142
8.90708648360271
8.50246493411493
10.5650768632914
2.99073571910402
3.67016081408962
3.05685676920759
1.08844308865374
1.9198624594429
-4.00714248097697
-0.505873559909721
-0.628201805537579
1.23833218887827
-1.99259418738235
-4.15621095275274
-5.03264865463161
0.231191646684838
-3.22826098189244
-0.460660175136263
1.00858991867432
-1.53367160518379
6.25796988647917
2.18698165847024
4.54983366817894
-5.49174351714877
1.7808001040773
-3.06385361346729
-11.7296472082011
-11.650067552884
0.325081743594032
-7.15424407706123
-0.730489522356796
-0.147244343079713
-2.88891419959934
-5.72035099540309
-9.6974150769327
-4.49105944002832
-0.973998536169643
3.2730488833283
3.4954517082919
8.31185540701733
7.36595177263702
9.21246683603684
12.2749053470203
6.56555166732207
2.5338603760841
2.72564482557489
5.19292062861474
1.47579160337884
0.293525617489211
3.80492039675828
-3.34243200658001
0.103243221752034
-2.91611875217046
-5.50335890069811
-9.95299120433891
-0.028449864727476
-4.31606006797981
2.78847020966645
-5.02305449102745
5.01390234093811
5.52732604448635
4.66178082701169
4.07633522875461
-3.60292939218438
-0.723574886659673
-0.682871154842979
-2.84859747765085
-6.24052335093213
-6.70681968153571
-7.90046633490665
-4.30191625721451
-5.49725617448303
-9.10483693889121
-12.2093270304007
-2.08814473365763
-6.63865230688932
3.43474239551216
3.31421701880213
6.38191027782559
9.24844790639471
7.99897012233995
11.5633750236726
5.84866860021777
3.44753116638959
5.58091373569656
0.819549042167792
4.43412315768255
2.99548131177563
6.87332087408744
1.14187297140755
-3.82426543660727
-2.24974418624819
1.29506867809381
-1.40484818581395
-7.34548321786905
0.819322176605719
-2.7795420887043
1.44200741927756
6.99993253133808
5.89041496802355
4.19634522324719
1.40927564960388
2.8954288563636
-5.77540652651967
-3.69888457715827
-6.53544562870639
-5.79969311811537
-8.01963892687526
-5.51566405364335
-8.47965957459632
-2.27676203132883
-5.99560187688161
-4.01621780691096
-7.93478596608564
-0.434442743390841
-1.43638983262755
1.22803963369211
1.80114018652205
3.06863668267908
3.02310893158579
8.59884707268144
9.15225047644584
8.08304786201092
6.60478947318331
3.62549587181094
3.1081411348141
2.72244746854808
0.251946081147601
6.76175293268866
3.24072062135297
-1.84171993775668
-1.1249314439325
-1.45715110894578
2.19018959273686
-2.17859387643997
1.5997510101147
1.90523784686664
-1.10298712078494
7.5731991069537
5.97156970137118
5.06903111940776
2.10475070939161
3.19531372646706
-0.534108899738619
-4.30116400489216
2.30938299185377
-12.8702486343698
-8.56951420133361
-6.8831520062383
-8.20570034451694
-5.53227489751098
-3.64601821791445
-6.3650164992291
-1.70006149635388
0.964524042744854
-6.72411169560724
-1.09254608344766
1.16551786945824
3.35728022980404
5.38852857311457
9.85574868357157
9.11098346923836
11.5242796753731
1.81156137754473
6.25600082316608
1.37319593693122
-1.89791693754278
2.78172648488321
2.15415349907703
-0.93204696198127
2.40652414411282
0.658873837759653
-1.85339339830395
-2.11711353758668
-1.42334250755313
-3.98501952952389
-3.02729723574933
0.714378295710164
3.17172820751517
-0.16386064604844
4.48830794120417
6.65677565141072
4.92867742650401
3.09267549192438
-3.23412981527696
-2.62565695269041
-5.28022980539342
3.21666196868657
0.88891767031079
8.35335778968004
11.1813221268432
7.60385234330661
2.91095593389154
7.54442390582623
5.70090673474383
4.44072209647311
-3.06335581238894
-2.49457678856418
-4.28740023863825
-10.3169169883952
-9.76988590776771
-9.20348474436234
-7.75367276941008
-3.31143932525946
2.45992954939268
2.10872140224529
5.75580411653558
5.07263012118111
-0.75688398844967
3.88050615101501
3.4328494951114
-1.51220646619384
0.814509165446805
-0.814525963277691
2.61052090669132
0.963743533523541
-2.41937303236461
-1.36500177374178
-0.439341677967179
-1.17549315676383
2.23416105339904
-3.53365059288098
-4.00765373967072
-6.47797183969146
-2.70119207496366
-0.719580370968107
-6.24012000732324
-4.68698791230376
-7.22803542756031
-6.83089893545137
-4.790906202895
-4.12433685425481
-0.0675724971428344
7.31866324629137
6.22926567115219
13.5789551815829
12.5565720140192
0.580654846718662
4.90828242659631
4.59153143414956
4.20539213367024
-3.90478250708594
-7.76949757784333
-7.10244292415567
-8.05525604796373
-7.9129825719844
-7.18361426634384
-8.97071721413127
-1.63739140008238
1.79956775417936
0.904791488437174
6.94897790868532
10.3980749492395
7.91568322479197
1.75933858600964
6.49155625931153
1.8358327195433
-1.69021537181365
0.905434171537009
1.45034250112393
0.963393789108409
0.184047420599134
-0.333989788392724
2.00586495173846
-4.84469218685409
3.09765513505956
2.9041851392573
-0.659006090146009
2.01435892945179
0.935708927774211
-4.62500124092562
0.00289444485306589
-8.97480796122405
-3.65089274877407
-0.120736322424647
-1.78457688539049
2.28355230301781
1.00219288604022
4.53945075853547
13.4438972550788
2.42218165272291
10.1645917732376
11.3700750185285
3.44576979364211
4.56069679521943
3.7964526315532
-3.48988502945261
-1.31550414663856
-7.75001781413795
-5.46641303852216
-14.9762109077205
-11.6795410966297
-7.70984312927826
-1.3659937129944
0.582058936722255
-0.278599656083237
8.44553061137277
3.34947997666894
10.0331463742105
10.3324769599897
4.68131155779126
1.61495581438034
-1.68336794370086
1.68804748970781
-4.03927393782276
-5.46663929412662
-0.205238417583342
-1.00107787427038
-4.35035427105749
0.0950629377776311
-0.343152527545586
-0.535168863839368
5.12285142351451
-1.65729004379385
-2.13333595594312
-1.93993608773295
-0.798603251537464
-5.75145485265943
-3.62912247054477
-0.227740594039622
-3.44457553228022
-0.0589064957532504
4.95585122878955
6.06147640130312
6.91497284534705
6.54977713330639
4.029642351894
8.03432453776442
3.95747416460771
1.61427337794297
-4.48647415724813
-4.89541506472219
-8.62951185791455
-9.02530281751225
-9.99724052759836
-14.0631393993613
-5.88525499651402
-6.45332729908571
2.29079570972624
1.81115745568621
3.94423028709998
9.25243611353872
8.66857975622588
6.35481597479171
8.59721824247952
2.53950084498745
4.9151992415994
5.89998753035351
-1.79242138809156
-0.234796936903654
-3.39592091240191
0.360187646839048
-1.78493595281404
-6.52655602846331
1.69700024574601
4.25802330050485
2.75578780048792
-0.914322143614212
-7.24245172813765
3.48432911941622
-0.0452654637816245
-0.182581389172059
-4.19560203511639
-6.95191394136443
5.26391931405624
5.11992781431123
1.48785534673193
0.0444504209243326
4.43587956311127
5.71051819240519
8.33262216867445
6.98776692618521
-0.874432263601782
-0.81356708278427
4.72448884233648
-2.76686917473394
-8.13511245434606
-14.1605563639509
-9.79262402966252
-11.3941611986257
-7.44094305762116
-4.56013729072955
-1.75019038149804
2.17358691078136
4.03343546267849
7.31534710585726
4.28816637504454
5.57644244531854
7.32474780926311
3.0206994392242
3.81556146507958
0.650497618788517
3.02738215674479
-4.96368706568323
-3.74356957338594
-9.46964490859022
-7.36792349007243
-4.38756835026891
-0.541354677722875
-4.50970864567543
6.76350591981435
-1.32302590145828
2.14038643013888
4.62431923465229
4.26880147777308
6.13174916882389
-3.94353768206085
-4.80070195134935
-0.353879336900748
4.29169299505828
7.23983471494021
-3.19607123520656
4.22435443802448
2.0797088250584
4.76800099598498
6.44178647249726
5.42467503225941
0.293637424424793
3.92179123951227
-3.18149045489171
1.01180098707149
-6.11236182628375
-7.88746236642154
-6.77659574014104
-4.33919894685838
-9.04145275406076
-3.81726756040379
-0.314651128357462
-0.680333822640362
1.31798735771665
5.16383202680927
5.32179794698669
9.73075209346988
5.78871623182978
7.15044158509886
4.33005753927047
6.23155865546033
-1.76949202007611
-8.54670162025297
-8.19061247828899
-17.9730261711433
-7.84885021118897
-4.53261031884745
1.38843613872529
6.36847852446857
9.34436572635772
9.88610172532728
5.81914917562792
9.14941510038607
2.09098612828569
4.02519953354901
0.970025962957084
-1.41109345512623
-1.53738145296471
-9.72703090573279
-4.798028399963
-2.85375328544276
-2.13223868399379
5.20415820445559
2.46084152671761
1.66865948581495
1.87505286443271
3.27790050654098
-2.33446422292815
1.17661322933525
5.72377365950063
0.546896250817851
-9.1801076908258
-4.35971493618241
-6.28494918281542
-8.84306416568359
2.94104771855723
11.9595507931327
6.97797503935892
9.74911193348508
4.16901167886706
6.59957093347946
5.55829393731347
2.70727533506301
-3.92825113430763
-0.00279203681783181
-3.82945080671869
-10.9554719373403
-18.1719165132055
-9.21699376382024
-10.4949457004859
-6.38302482793606
0.141375240810131
-5.3828559401181
1.16481643909088
4.90893068519781
3.46630029729898
2.98701286356882
9.63953129546312
4.58654348872628
3.61164179513718
-0.491653308006649
-5.08991463301125
-1.99110775000881
1.26752217065938
-0.904338245622773
3.97011205819895
-1.49522045640511
-0.372748334651773
4.05201339001832
0.621774877278084
3.86508210058826
2.34573783645076
6.11417395952298
3.51386964741413
-7.11197732274986
-10.343931299653
-7.35225386441646
-9.87551780150728
-4.1331805951211
1.55198050574947
-2.01961177724126
-2.91568631435006
3.19498996387507
9.08480915294072
6.09011406176534
11.661395888471
14.3208029265809
3.52736231003114
-2.59684988516878
-5.81814184553484
-5.2419697024221
-5.09917939529364
3.98908190647449
-8.2893777736749
-6.74483546822527
-10.8596393202158
-5.72789852845668
-5.67968914719931
2.12637059333512
5.842736544974
5.76564683142684
3.79283082061041
-3.21944935538752
-4.74015599599634
-8.44322177359386
2.68138987899987
3.88477949322009
-1.74218381825015
1.96845397427332
-3.29401839731239
-3.23950481186511
5.45454453622304
7.70459726555898
18.2412893550255
9.58387756877438
6.61885615939593
3.63396232183383
-1.47226804545965
-3.54898643520804
-6.06924006170819
-9.77814045118362
-4.1447989581231
-5.17946725029902
-13.8703380976474
-10.4428521121511
-5.97359712470227
-2.09332946995645
9.16871231634916
8.50122053028952
11.8827336292893
2.82622589600529
9.67339741457381
4.86135616947048
4.33898272441557
3.61850641048869
2.3206259406974
-1.30542622078186
-9.36057274515575
-7.37478785128003
-1.88726247310669
-3.10321228091047
5.82146454479547
6.99363051043722
0.764117365684776
-1.98960551424855
-2.69771208690171
1.6300320876628
-0.378652314213733
5.12041890686078
0.774231932246297
-4.20798037241667
-2.43281553925941
-9.0523300839422
-6.20467850310795
-3.40756237732327
2.12337529042141
1.37772875895168
9.00930129070976
11.417788649817
13.2976605638244
12.8702920940464
7.42008381941928
8.6500152217582
5.64469012396679
-1.39006543096826
-7.48164128540754
-6.53847467849102
-16.1920059532704
-5.99419019920479
-6.99860963893629
-1.55099246901242
1.11878993916681
-3.17288080363414
3.36896998893582
5.47635516805878
7.03309087160496
9.6091829843145
1.8006350904224
-0.338784190207361
0.945417452572906
-2.07159774400587
-5.36012999348755
-2.51566100998646
-3.42076511734793
-0.368802479161665
0.561131290820869
4.98819626351937
2.84657941923892
-0.379124532072647
8.92154693290552
8.40332465708028
0.313217227226394
-0.890964666688075
-1.8878473983048
-10.5420921277195
-12.464274263257
-8.22438759780228
-8.72517111498242
-7.44265289196552
-3.04424563950686
-4.19980224352931
-5.20634908658772
2.58615729185421
14.259204608424
5.28271607898691
10.9369244108671
7.49028977210341
7.63524120674643
5.30068141525073
1.28572958638557
-2.54523941742645
-3.4566255696972
-2.2328074478166
-5.11081485153529
-12.1785258800794
-5.79295956630843
-8.20431842480388
1.96231067527156
4.37500291109512
11.7185606701729
-0.42718192787187
2.31806879333144
0.208797184208104
-3.78241430498954
-5.44803489108036
-2.83229181824154
-1.1069565742395
-7.01764013993857
-3.34240518189356
-6.2144829568097
-3.34776121327932
4.66571997648862
7.41854594753048
7.70363671922256
4.84154322603924
7.81664574891238
-2.02784585939883
-3.74025966879524
-1.8978774386909
-2.40256170873799
-3.99555517914658
-6.8763379522419
-14.2632573908398
-11.6159781438616
-5.52533537609592
0.172405083726275
6.59030143792182
0.236171116556645
7.17180256545484
-0.0148582727104234
5.29078719645468
5.64569593542196
6.38267743582727
9.23507413486391
0.119085475578048
-4.44844074308096
-9.98769871887078
-8.82462423615547
-3.92366077223278
-12.7588728537737
-5.810801146921
-1.08829827678242
-0.0943621371131117
6.8170662681685
1.21647999812452
4.43701667550644
0.986014494219309
8.49458671893941
-0.771107076472899
-3.47072520110904
-2.77635783180522
-5.60589038663676
-12.73926923363
-3.61957286642369
-0.910598272712662
2.42857910173776
4.15056215569442
4.02862218245275
10.0384298715851
11.35506783162
12.0354442228235
10.0883656799998
13.1058585372227
-2.07833991399672
-2.50749589350152
-10.6000376891973
-9.52253811346088
-14.4607568303574
-5.02547941016694
-5.48251672506537
-3.82813193048189
-7.42381891150876
-2.97651382747952
-1.2237931982833
6.32403089369245
7.65175832682567
8.54269783031251
2.19880637446695
-0.319916572113125
-2.11358884439356
-0.81707725371986
-2.16253979073309
0.286495065326833
4.44233218643436
-1.55232496809644
-3.08153635066766
-0.710960336318855
-1.07758598443611
2.78718956748096
10.5968719920704
8.34928156597096
5.492027044287
1.66091593482926
-5.65567539976283
-0.999197737433976
-7.03011195498985
1.32481135881922
-6.38009089749774
-3.19953928283705
-2.75582090057993
-6.98990561615369
3.08374761340926
2.45901126396781
13.7773745899094
11.9866735036786
8.3087392286937
5.30514101922125
3.82618601814031
8.44667907449368
6.14968253677939
-1.08268664744341
-6.57860074513813
-9.2553993374826
-12.0663192554495
-10.2442684974867
-5.50535528133643
0.186947245943997
5.94913987071588
5.60430040356564
4.4552357436688
5.53603631253327
-0.556188074074113
-0.193444215238348
0.653010760998813
5.26484037969578
1.03834772579929
-6.00761735333028
-5.71563439131136
-5.66793286233108
-0.571361126192651
1.45957027192678
9.05707653988127
9.27812156680153
13.4290254461863
6.1363736161668
7.2998213017667
3.86108823973638
3.00636067214888
-0.20525994394654
-9.44663181056177
-8.97395740394422
-12.7102142834384
-11.7958648866779
-7.4848909744436
-10.7444390961113
0.164651126422851
-1.30150669114495
1.5962740315067
1.54606450059436
7.04755291894681
6.95760070607295
11.2667728442175
15.8054531916862
11.4426750514201
3.19912996438758
-1.75433635934641
-8.59504555849762
-9.50429520329654
1.44262872087277
-2.7778508138784
-2.746577988656
3.14583758402111
2.98808684682937
4.04771613013203
2.71186589888869
4.49142660847034
6.95871719528022
2.01672060705777
-4.23361307730886
-6.16508612889363
-3.82913317673988
-6.10014554602266
-4.42870894400863
-3.37008706303493
-0.233274384165492
1.53205490660467
-3.4719523383414
1.62240573684935
6.47304429138544
7.84996520037085
9.98595593538519
11.8684216473015
8.31514683000941
0.385573496682389
-5.34242354350526
-9.39864323634293
-8.6253650634673
-5.45938118629128
-8.18349006055326
-6.69034763061767
-10.6407135119439
-7.90541928394775
-2.70892816136036
1.45340769150487
5.37325457899951
7.67773601211771
7.75185868696459
4.66877323798574
2.57231202190892
-0.054681847398076
-0.3515964899072
2.01843794857152
0.841386080260653
-0.758847090477786
4.72269709822971
6.47989216034971
3.29307918279491
3.12797773290878
4.83360390707171
-0.551809902609511
-0.935520142169421
3.16808097372107
3.14925064796891
-6.04490758132707
-7.28943479594604
1.55894327031999
-5.34288972821917
0.580903261665459
-4.22595601721232
-1.01714389329861
-5.61951064534118
2.17384155682313
2.2691743977916
-0.218180197197676
5.59064743266203
1.34767565862717
-2.26493446005901
3.06389149682851
-1.56883230475117
-2.5964861559813
-5.01321287012756
-4.26193201745892
-3.78254166653978
-7.38546619119037
-4.4447387228503
-6.85830284061483
-3.04491104041464
-4.03190612632083
-3.12293129077966
2.38958202023021
-2.92921514643394
1.26464772580412
6.84102031994469
2.64509603357598
0.328260491077248
5.64436839574558
4.1824522170347
-0.22147464727195
4.31036299383649
4.31131583143454
-2.14530010789517
2.65713270897821
-3.42873375737798
-1.91730299676455
0.252222242307448
-4.57058746348325
-3.72722830159325
-4.70401490928441
0.691521796566513
-0.886297395765606
-4.67403218070596
-2.7426269206258
2.70426037276708
6.82665762910951
0.152878166799899
-0.418274956922067
3.70104160943563
4.04270694092776
-3.06712259692665
-8.05287110359213
-7.40316322245989
-10.3701554540314
-2.93421517536292
-3.11739171904609
-2.88476397286398
-0.323612255847806
-1.13612456310317
-0.052429515279163
1.45955305880482
1.00958142750702
1.4669209118569
2.41930332481666
0.439054330045148
4.1614581833302
8.17077885837298
7.2332505524269
4.04389743516991
3.11388059991298
0.816270471793012
-0.198378063423995
7.9905396937449
-2.63544849337255
-5.01803799724662
-1.78108846507574
-3.44636289686759
-1.29560296470449
-3.38792485270315
-9.97649482308768
0.0596331175224138
-0.691096415433463
2.73218439023139
1.61049629589717
-2.2010098204088
3.24727361423795
2.01971282178405
4.64412013677121
4.84141772525389
7.06180819961437
2.1750149240275
2.55525800625047
3.60529912587402
-0.117845989524709
-0.870003556784982
-4.75456914002835
-1.71360966482516
-9.21041583039916
0.829163297883423
-1.44429290885236
-0.738871400380544
5.77548083685437
2.98227497027086
1.64451984421912
0.266371104519889
9.35295045231257
-2.20179901781801
-0.698603636650268
0.207322981299429
2.9520476934308
-2.25270475384013
-2.75442298757274
-6.2267081363589
-3.07620477687387
-4.73426831446322
-9.23629128196134
-7.6375004601886
-6.7531728582997
-10.3198424070511
-1.83676528493657
-6.20511224413241
-1.75588355329378
-4.22254963972624
-1.55917110614416
-1.60515597703779
4.65802011943051
3.29707585934601
1.99327894511148
6.02698540309623
1.6205650645822
6.08120059986138
9.03239174451078
2.13324143738218
4.51778708673474
2.67514642511751
4.06845811844202
-0.278696559131335
-0.699527854334121
3.64286031401206
-3.79881602864216
-1.14606518154887
-0.813681426257082
-8.1035834725379
0.0249153456883332
4.20373151661303
0.719590991146194
2.24562462539231
2.14297883144595
-0.764744151908854
7.10968399075451
2.70902384759847
-0.293694968608259
0.423548525510038
-8.62799265385057
-1.57271963073702
-4.81751732960828
-2.65851362187271
-4.56744286380293
-9.66185060876825
-0.95065647859614
-1.42143689086425
-2.17392109051851
-2.90101908338265
2.2007176400455
4.50709002201581
9.928767815469
7.48510294724081
5.82844612514755
11.1331472854336
7.44490636854998
5.9190575841602
0.583898924345906
1.11175176420643
6.8122418182845
4.96651062680211
-0.183575966224588
2.10203351481634
-5.38038170108985
0.173713694825855
-5.66493689231444
-7.9842349590438
-2.36844310694683
1.01347814647873
-0.0254696099417657
-3.67974352270553
4.97581473071182
2.70277382132756
-0.309924521176403
3.88602875365719
4.37994302667172
2.45443552358065
-5.5925955323839
0.496267787969648
-3.36999751189863
-0.496474778229045
-1.34705049929333
-3.46479644580982
-1.70871323706172
-0.869565085305354
-0.472976908752138
2.804491618395
-0.748706424421903
4.67453951497023
3.28964913141808
6.47822040445369
6.35018052584393
5.38286234152118
6.5418586754887
8.70811876676085
4.80265294807943
8.21880429368668
0.13720594228104
-5.33753450492513
-0.723503906148667
0.868935239187861
-3.20796355254249
-4.83998970227257
-4.77295106165883
-5.64592589902396
-5.81500041551669
-6.49821630720713
-6.40930910924801
-0.165009158758224
-3.41328623208828
-3.42801362060075
-2.2880853179361
-1.94030802884946
-2.09995837073801
1.80561655063742
9.14995953680038
1.06014257054646
-2.85288169244384
3.09273214903297
-4.24006889941126
-3.44608759605703
0.863246682012604
-2.49670982257974
-3.56046452572918
-5.34335198746473
1.2787740023332
-1.39109483451978
-3.80935344825086
1.7921273798999
3.93559172599455
-0.63599729532649
4.85328060006352
8.30569003851612
2.57902810839675
0.266151039904878
-1.59971176690308
-0.770279084298104
-3.7800583631692
-3.89589718265042
-2.43637392283561
-3.32343378187402
-7.22606969897095
-9.44353940770915
-6.72305325787482
-6.80202747949846
-7.34850606540353
-5.16461915175664
-9.19545799293451
-2.5238827896672
-0.839567187415944
1.72886100588116
2.05013726718263
0.88537392359811
-2.88698494885525
6.101918856895
8.5289807915399
5.06250626539368
3.74323911373651
5.25455012561516
2.6487727505106
-1.28643290295961
4.12477725012938
-0.400596395459587
2.30587194019248
-5.79213887057131
4.50909102010453
-1.74251866683161
0.949110057971366
-0.600724526752211
-0.792196188463836
3.55577981506379
1.13120061399629
-4.1000831937809
-5.72071195478808
-4.60048250460239
3.30774018743948
1.01623502029593
0.266997682736085
2.86305570520645
-1.31879102915363
-3.97038672167404
-5.64925075675978
-3.62064583899857
-3.97073274354085
2.10788492822397
0.893649943379122
-7.54208500933825
0.990908122015987
2.49622442457025
5.25492912134371
3.76742909645592
4.06762188858839
6.16590460868086
0.749056599151823
3.52011169035843
-4.55582019725619
-4.79497634011306
-2.74825192882424
-4.47613511247783
-8.738705114086
-7.09733007677126
-3.77989697014503
-8.70785643037736
-3.64864530892996
-10.3380073202981
-6.10205882885177
-3.08657185378998
-4.13916129889874
-0.718519408346302
-1.39078046189103
6.65381099841597
8.45718767630926
9.68913619347119
7.46369490781364
4.99945955439357
9.4341870839973
6.01549782514194
5.95178594356777
-2.23108920202318
1.25942839134878
0.853412618219232
0.244626568382793
-0.696517688900659
1.40697693820328
-6.98909610219229
-4.43208475050372
0.0842833488314096
-3.51011499433112
1.32338903141644
1.60005821330033
4.88982405881164
5.84592882530027
3.26835600652602
-1.76421526320573
-3.00370797419133
0.385019487030658
-7.48119249008977
-4.80119390773451
-5.42844388241636
-4.64340484829707
-3.34276722658518
-7.15746062993735
-4.98974188206837
-7.38261221720199
-10.0914819239032
-5.66167251241038
4.4273343906674
-3.62577439527588
-0.0750000878479493
2.18038763595792
6.62175160333628
2.76128430315465
11.5190536808992
12.6601606391014
8.78889565015299
3.89988145377784
2.69983724257201
0.310351411221401
-1.7064891969681
-2.36659969989946
-0.173014320016788
-1.96283886657902
2.01313517890352
-1.65593230691639
-3.20096814310178
-0.179386618923643
1.15157278970757
3.54245060586313
1.62031020434651
5.54047800084407
8.41926707374266
2.07101365666411
6.66346569855445
6.43764339336688
2.55270775737016
0.877370518197504
-5.1091941154786
-6.01165114484322
-7.72258466461104
-11.5901844341841
-3.869257321262
-6.72737508921379
-4.96407212532198
-6.59084261300382
-6.25028982887972
-6.08508991346381
-5.41046346938743
0.777332637869483
-2.51913552027054
5.29049576924777
2.0019345023356
12.9862748583726
10.253868059629
9.66184118384466
12.2960502900917
-3.07631309855871
9.2473594988976
2.87367066125102
2.3907524959606
-1.58031270238019
0.128069255232981
-4.94320593526566
-4.070256227655
-5.88524321709248
-7.77510415557502
-2.03588393672744
0.363354612031933
-2.92173293119432
-2.00416575314926
1.89011752169732
4.40512080074216
11.0911237534423
4.48302328436351
1.91013817652356
3.06576898151408
-0.18444100149822
0.283636776270596
-3.60384868953172
-5.37073588123735
-12.3331479322701
-1.59098321036269
-4.5931509573992
-7.0911568932654
-12.2184937180398
-4.03850543210285
-8.89713374613476
-6.82310698358096
-3.64999966481963
1.98180092305842
-3.83396223609174
2.48187632341185
8.11744941916371
3.34070980642916
3.509514180259
9.39660526222317
5.14473846558292
5.63285300165861
-3.54269495531564
-2.62985969121613
-0.713031251483852
-3.06167037064005
1.76722652551003
-4.17057613190967
-6.33947783721334
-3.1230311229321
0.0557447577753205
-3.00565686323683
-4.36799007440852
-1.20008764347201
-0.748406995311139
0.139539350518875
3.24177110513392
3.96411895212142
5.26610383560913
0.103266381270773
-1.50334659457989
-6.37507881788507
-3.98621982462961
-6.84622796679882
-7.1252901987728
-6.01783075632368
-3.75939315739248
-0.807916671999306
-8.68134672076897
-5.8166581519766
-4.62699520330439
-3.41886264216568
-2.61599146793166
-0.0921127984991224
1.43453717591011
10.5976232013722
8.52337795543372
11.1833735607735
10.3061189656333
6.40630439835185
11.0582350084704
-2.00496515636268
7.07885619166199
0.856818466384594
-0.53073531492904
2.64517224794786
2.66647366021792
0.501391375299439
-0.723392684347949
0.0943009210275956
-1.25648026888789
-4.38706670858907
-2.49363846907864
0.949572522260692
3.51113429637773
-3.05261234244009
5.72529645055724
2.25528955383998
5.38104227101268
1.07104895640391
-4.77456639930069
-4.81898642094452
-2.02907908997647
-9.78510338878865
-2.28083034788576
-4.4401796441856
-8.45829027293742
-4.435216664479
-3.3302276309865
-4.70608694876977
-7.54086259257937
-1.1465905978805
-1.73145977679609
3.8378488072427
2.71863223202535
10.9465033071158
2.82185970293954
3.04318488990563
11.8048969105717
5.50270304041741
9.18795609121285
-2.11212474984363
4.74003265599454
-1.91218407485886
-0.0152742895992414
2.31527975617306
0.397515829386822
-4.81374946333867
-1.67129963241761
-0.817446158397193
3.29936925211132
-7.5907829680322
-4.87406451818828
-3.25799497967095
5.10213919259757
6.14190489690147
4.62534794673123
4.07037476570168
0.821702535466978
3.92316262202526
4.05064203256818
-1.66685384780487
-2.68502529853366
-5.72948209523279
-5.49839340299816
-9.33690575801154
-6.36928067416205
-3.36719642333081
-3.53948714125427
-4.54863313261689
0.574717478584243
-5.4499648835524
1.01004536534748
1.72085137941679
5.11931436729811
8.87154501366271
7.24621672392821
8.40510151213642
6.82883348460103
8.49940688967882
4.60301318286291
8.3367209777728
6.43576310152838
1.24208086574922
-0.116807389710715
3.77534054866099
-1.68475716811221
2.56461521575387
0.989324646613315
2.06393430740694
-3.78040473919066
-0.915384947877903
1.17581790307196
1.13367451991281
2.54933037254563
5.16279474451848
2.31190151781907
5.16006750243775
-0.767766146567799
2.91368465413311
-5.92865453925865
1.24856163061863
-5.60930288074858
0.217138354300701
-3.28114720774547
-5.26859533721122
-4.07761633498791
-4.529048227395
-6.38163563793135
-6.24955598357028
-5.41481521363351
-5.77644148783415
-1.82983233232109
-0.745899478804109
3.80647284001611
3.58364492929857
5.99363902598981
8.32817429343854
9.73734534921495
11.234454059487
4.54215508426825
4.36712005329358
5.33503895969477
1.24134704172239
-2.11387861473894
0.227522579058032
-3.19506750683826
3.98838090150546
-2.06093989233941
-2.12106642997784
-0.274474197155397
-4.52722056423978
-3.76053166019104
-0.728203566583416
-2.56277199904929
-0.613299735661515
2.08512533814789
3.46983451991253
-0.221793116845236
-0.98867366678737
-4.77019012438064
-2.84728082791632
-1.06855013831816
-4.14236397705401
-2.09208122047365
-5.33337140118346
-6.81818023977283
-10.8065772204562
-4.98460375306222
-1.39308304364395
-7.6374292207638
-10.0546121798189
-3.46819542514918
-1.9576334122658
3.33497012415118
4.41734658033309
7.33772564256159
7.66466281358923
7.5287906370892
11.1745414537025
3.65888685019181
7.76027951329863
-1.29259694963185
3.34420229265692
1.09818377664009
1.15096711613648
-2.41062211367564
-1.93706929499202
-5.72664982035199
2.16663398038357
-4.8411726625482
-2.32756451593735
-1.80677000676034
-0.144933395596821
2.44968291810875
4.31946244133098
0.408503153895142
7.84482361979131
5.65837035119253
0.39706882435187
-4.52131667193484
-4.87196529663998
-4.17534375745544
-6.55208939604902
-8.76019440048774
-5.32850821711643
-4.80776366893422
-3.08158515071602
-1.29735935115991
-2.55477186870975
-4.42879938723677
-2.16386371806753
-5.87089099564744
-0.568765752221917
-1.39540261603833
6.92792325081106
13.5932818393249
