"x"
11.2497432340041
7.53465900074272
10.7564657339663
6.58433597019047
6.84468204776664
6.53186678428195
5.86585372461614
-2.64859761599997
1.20156873413379
-0.396782141897355
0.516705386391869
-0.670062745745692
-6.65631781737587
-1.40065595517526
-1.27846739334175
-5.32424889213045
0.830456136482941
0.252918597654323
-2.06542849240073
5.8759945954677
2.53340574315405
5.92591925862794
-2.96628506819555
0.357507158318431
-3.22378631184798
-2.20162892984268
-7.59421171270301
-6.24320185548662
-2.7182903392621
-9.70593396140684
-0.204522846349455
-7.43091355500999
1.61105718736653
-5.37083675350133
-2.89665596257078
-3.10212779083892
-1.08326506120323
5.67845496306761
6.96770192909054
12.0472433206578
6.24504042568868
9.43187060362899
10.3410909999388
6.62320425880667
4.70271024973462
1.39505358127799
3.47703051512922
3.99019034701899
-2.87897144521803
-0.331106316206439
2.59989869057352
0.158278388348516
-0.629133731805233
-6.23934322478405
-4.18323796711535
-6.14856261761349
-3.80328793063985
-3.36290002826793
-0.807527380172439
2.91846269695271
-0.383951223372494
-3.0012025595379
-3.19221218702962
-8.73672747495568
-3.07667863948259
-6.88005137453168
-3.62670715532358
-7.40173956882291
-6.1627717615134
-4.30438662592931
-4.52840130658071
-5.01477502858663
-9.37620559421469
-2.28884810255644
-2.55978583975958
-1.61439932351355
0.347527450967207
0.0313262641876046
-1.27356180178572
10.0827419974496
6.29292769085942
10.1494831058419
5.09462566733705
8.23832646022288
3.96490450152472
7.36320741679847
2.81636932694291
0.886813367168236
2.58664764952378
0.435560127255336
3.01812056758958
-1.78967164582487
-4.62954700723587
-3.40241549039266
-2.94815146285335
-2.50549154133319
-0.91271860398915
2.16340999080228
-0.194307836908916
3.2227998198997
8.67249791676741
1.4487544423104
1.20622325502099
-3.1571562847229
-0.188575384734831
-3.54234323525224
-2.66973818632026
-3.5317819316864
-6.8351249153867
-8.52084641501962
-7.41109491264852
-7.92648612814271
-9.12002965664672
-0.879956736385501
-1.67339589314103
-6.04642529601046
4.22951508822514
1.22442313995832
2.14579624010823
9.14166030367221
5.40760114981865
9.62751158326488
7.24883151170898
5.5409690018134
6.04472337624293
-2.37628603640018
-0.128971853151253
-0.206293756536517
-2.15349982485086
6.9459315642068
-0.0713759620219237
-1.0136505640097
-2.50357067761192
-6.99167758058266
-6.39767749841029
-3.49826788389963
1.00667276083816
4.18151123414308
-8.47278554773457
6.53071115583969
4.98063942724718
3.50667509906605
0.536961490516502
1.65895223637805
-2.75569151321739
-0.0791198489895848
-2.15718725925571
-2.61150897895708
-6.02544933749721
-3.86719940168995
-7.75909566101886
-3.85562929308203
-8.54523688799357
-2.19441032158915
-6.21999881864637
-3.72914524843195
-1.18756949154093
0.35377059639697
3.01563781932997
1.91096292570529
7.02147501259102
8.54479697579624
8.03637597921282
-0.794138225383721
6.2193140054429
4.23159189089747
1.86803355687069
1.34448621888037
1.67345752401577
3.19161181007239
1.76887782716688
3.75544122745627
-0.192209265919749
1.2207785495159
-4.30537778581235
-8.02365896947389
-1.89199520104712
1.33062641073045
0.820956639322684
3.55103477562036
7.18307548077335
4.92593325697151
-3.25700545705185
-5.4109311462277
-3.7887686578696
-1.30772667318926
-3.99756634280971
-2.00585845338436
-4.71596826930466
-7.04172261029378
-6.30952773399877
-2.73861364827711
-1.69034748552517
-10.788639270568
-4.73788978180382
-2.39535230970329
-0.183153832143869
0.678520316195613
7.53317343193432
5.47518506051882
9.80765101367353
4.01598327183813
8.15557406421362
7.83033167156885
9.60038607183373
-2.31692264231151
3.97379585122329
-4.85771923285072
5.05700245726473
0.846815093270845
-0.646547274479014
-1.03705952051269
-2.64299401694998
-0.255574984138682
2.87818465484147
-1.45000866204926
-5.50858896365868
3.95412868319522
3.23968223925151
7.49948163379065
3.16259984487381
4.54224145170364
0.593344242058802
-1.76426648062097
-9.91472737307847
-3.65508425488565
-5.15782044190545
-7.54180575476246
-6.95213383116952
-1.74192317826905
-1.25177753012526
-9.89905840203509
-4.22540731808775
-1.05699267292642
-8.14900141815575
0.418829432875458
-7.27222725262466
1.13643300016827
6.2592808262799
6.01965750224693
10.7023903009378
10.675401746158
4.7406067532375
9.69827461392789
1.10061818665279
5.92975213276236
-0.809436210963381
-1.18853012269754
1.4546928471484
3.33768138105685
-3.59056330261232
-4.22709289689526
-3.10562737082092
-2.17622064626968
-2.24074003262431
-2.43332694177344
-7.31064408431629
0.653659758656593
2.54412670280033
-0.716691395690979
6.16730894027876
3.74991723095918
-5.51162694041593
-1.90131601965833
0.845671728028638
-9.3527832634157
-6.03686734688326
-6.44982435158683
-4.37931915357141
-4.45294901944033
-6.81037102684058
-5.84216946540281
-3.95110306400686
-4.3251632077017
-3.39497364079669
0.430909312276683
0.983955094951401
2.02914372112824
7.05254869478132
5.2389476102728
5.99424250287504
8.10711278075209
9.13115639341699
6.3443193047458
4.72394657378019
3.07418690607536
3.14103308648191
-1.04192130439049
-0.510596486835803
0.813976026458389
0.374898870445893
2.4115984748894
-1.20722358647707
-2.23705644511563
-3.85875193746315
-4.40336746449763
2.32007683114048
1.13241222641623
1.01297416401242
1.35483936532891
2.15733046919628
-0.0773457885596516
3.10900328292815
3.27546634556853
3.98387887108499
-4.62028787291297
-5.46912385141766
-6.95464381201295
-7.40680837080835
-8.33040035679803
-5.48930363424849
-3.33706539217108
-3.32493348967587
0.187918169491402
-6.79210993147838
-3.92326844820379
-3.47629464149487
-1.96571997856103
11.6579722774389
11.6023019669141
10.0921592325529
4.4266690989051
9.45888185698256
4.59689321722745
5.849725378482
3.10328875831362
3.85136994940615
2.16513279046728
0.387498564556815
6.9687260677546
-0.629953534312166
-1.77735738481561
-5.88830840215306
-8.15936752942633
2.66394984411573
-2.51881838824823
3.09438196433993
-0.675000602184016
-4.74458781385475
-1.65857847525068
5.43279721453637
1.12984729009067
5.1140041725751
-6.08616734223173
-4.19490222331468
-0.345163910262416
-5.77680675462098
-7.96401819697441
-6.12011962293078
-5.75550963518725
-4.95639209584952
-9.40326494194498
-1.75205095913908
-1.02889018806987
-5.13656766586764
-2.13062514019255
-2.00560210925619
-0.234010077295825
3.24645882203051
6.55459339391268
8.46982444243824
4.02673111334402
13.0196359877793
2.47498962799962
6.80854903139852
-2.55498297636114
4.97458453443625
5.35422126126709
-1.22410804069141
-4.16465741047963
-4.38271504606964
0.771378821817166
-0.147817672667182
-5.54782657007659
0.567866148090801
-3.68687856004026
0.351230251674329
6.9323646950366
3.24653068045393
1.3952478000715
5.02855433171625
1.10724412079635
0.527881200622986
0.386298114500574
-2.65217358068545
-0.0578717995908162
-5.238042023064
-2.31152639555592
-6.13408110080359
-7.07196047125515
-4.75854145307918
-3.51254113610579
-2.6095613913092
-3.13564316354113
-2.26936928834726
-2.39465807510981
-1.27120197965919
2.40969458892888
1.75090885394019
9.95133049662864
2.87238094474243
7.72134658645502
7.24513935461882
5.55386709548403
4.02425683049249
-0.875339413295829
4.78068890481021
2.52586250644087
3.01342772913004
-2.15848880128903
-2.79585909809442
0.32939219427795
-3.02127949657186
-4.93964695795839
-5.97254667202546
-7.48265299514108
-2.48557408441923
4.52311245098965
1.87028375810898
-1.76487428495972
1.12864438686196
0.256076607971703
-1.00078703066633
0.609065624223532
-3.45424450071477
-6.54841911734117
3.61467715500454
-8.15104419115434
-4.07999342536377
-10.7446773870488
-2.83023692278378
-5.06158397880396
-4.41824511125888
-1.40517034655135
-8.36357138963361
-4.91572561612043
3.72480845866861
2.26798823295761
5.24688252975476
8.67116335684837
5.74190170669764
11.1197038453824
3.84912243036847
-1.07321839400048
-1.60242446707414
2.26653113722555
-2.09867177222476
3.50689326293048
-1.49080023723437
-2.22745726455768
-2.81635510791777
0.238145587830199
-3.95902506460186
-2.54666845777985
-2.43228647361261
-4.68771192083346
3.19174049457353
-2.56543585692234
3.99077397466871
0.975806493557705
0.710420986408183
4.00782644774914
6.62162953701317
-4.4912766874116
-4.32094909766234
-5.17564541832672
-7.34585511228012
-5.95166676545368
-3.46788298476502
-0.100966488406838
-6.07557562223947
0.225038819139662
-8.25702430137912
-5.79104062734293
-4.10240090812392
-1.41768448384535
-3.24293044370995
1.18737933055904
10.7305501976793
3.65453959186539
10.3500913936553
8.58975059075027
5.88656107218235
1.43618118120785
0.677915172813233
-0.938401626882448
-1.74127103476443
1.86607573107619
1.48872042402388
-0.0226928630086987
2.31850319098918
1.82960007573723
-6.33197805945603
0.573531985353311
-6.35496427857403
4.61188235688051
1.89727359259781
0.996615851026994
2.46179639464967
8.28697653454886
6.09860338173001
2.67147373833533
5.95137958451328
-1.38074840532348
-1.45867724238679
-5.20683623356066
-5.66682186304844
-4.46571806747384
-10.638742796371
-8.95180486874358
-2.73442530048228
-7.56761525646722
-1.64285471577888
-2.18600512275444
-5.92931884666245
-0.0818899357908589
-2.39944011839593
1.26141836671348
4.84374155262662
11.2657882799212
11.2667000382146
11.482342500295
8.59993617450441
2.02607939315902
1.45026627982928
0.84212753930978
4.56890468561995
0.326754496527511
-2.20945846600562
7.64502484631185
-1.99531469348945
-1.82589128582195
-2.08474408365401
-1.04739910302497
-8.10308364514926
-8.57987496817106
-4.69719265435792
-1.8284191357999
2.48853041766347
3.52826591374475
6.74064823769944
3.15890036286848
-0.198039047378284
-4.88142995913788
-1.04649448802516
1.97667748708784
3.00737421692352
-2.8213670316283
-11.4810600996746
-8.74612836668792
-6.01165201446142
0.44191873910886
3.02416714595803
8.58765404860795
8.58066252278803
7.53798552258958
3.16242322002658
3.01022950666465
-0.996720600475204
2.36342987445121
-0.959167440080978
-7.07498904135408
-6.95598301925866
-10.5950123602111
-6.15886930401706
-7.47715273879074
-1.56059852164352
-1.28143435657893
-2.23188714708799
-0.630015443301893
5.47592520326283
4.81304853793064
7.55153395216686
6.32022670334386
7.4303509696113
2.97363583890089
-2.46442486503473
-5.89219224494096
-5.43690567608776
1.39236170935714
3.89757512789987
-0.848709655146862
1.64404889871778
-3.58783658825547
1.94947238599399
5.42938611840293
6.67342384136925
3.65692560202536
0.388755715780322
-5.84153114387088
-5.47996658208392
-6.47850284818453
-9.73180367589502
-5.18226793082693
-1.75940236236077
1.86607384139012
3.75975120311945
2.2579000967604
1.1522664405817
9.06490719378719
14.1065901069034
14.5890216876018
13.4843589246062
7.92712479013948
3.06637584280952
-1.49885373663653
-10.2290092398453
-0.0837477994592888
-4.7036575642778
-2.82364791452716
-7.66018671599317
-10.3816418524853
-6.35231479228238
2.08808659439839
-2.09786996319175
1.2073478327071
-1.31178649580375
3.86214713737249
2.9771242140821
-3.33240371222436
1.18142940607302
-5.64103439273859
-0.511715448026997
-0.624088899641425
0.562599196871706
-5.80946747506891
-5.86595258665482
0.998636290944517
12.6031869521067
7.07830115959656
15.0947249611333
2.3525562551345
-1.24304421970563
-1.75959161221103
-6.49889924942981
1.29871199831361
-4.41134795898973
-6.43015450885234
-9.60672422877087
-16.7967028591369
-11.9247898143945
-5.38279853415283
4.94692736147633
7.18065253460041
10.2210281726445
7.88590747120299
2.84951561972928
1.9130819016221
0.832401317653022
6.34787023778509
0.90802035411154
3.18706347796533
-3.43462657166572
-5.25457999622835
-6.27145520489341
-1.83770643739407
-6.11257463044652
3.03765210557795
4.78561905373672
4.35630246732834
4.96071979392312
-4.62015255766468
6.47099918772676
1.55997491670883
1.31203723642072
-3.9171143707991
-7.0913100019316
-4.96769405520664
-8.95280241435665
-5.00210992526055
3.31766256664489
-0.0723568993829971
7.11732987002052
3.39502797938656
6.84692194616559
6.98543860424608
10.4185625215817
13.0048987808059
5.66128444740911
-4.02580628019822
0.529717213745203
-1.79267646404521
-7.25572211881325
-3.93531795314137
-10.9887772220498
-8.5013519790695
2.27497161823182
-6.02340964348011
-3.94659723987933
0.177070879628766
1.12895205833942
4.98259535294719
6.5300525320586
6.21184149255102
1.63954343782403
-2.48828055546901
-6.40240935440661
-9.18251271137008
-1.85263721831616
0.529384990978688
-4.73186303348914
6.78972262677704
-1.65205990483161
6.32820497619519
2.76159624106335
2.97838590462825
5.27044060311526
5.29512599048535
-0.461830870678007
-2.70858539974656
-8.85232332208696
-6.59715326951397
-3.917932732767
-9.26546835813919
-1.36414948369248
-2.80527229657018
-1.58665069680301
-1.10501409052514
4.6140828574385
8.43558305869924
11.0245001951959
17.5336824495478
10.4228594113935
3.37289937558983
-0.651727103168079
-2.76149115191114
-2.23874087359278
-2.26423913700038
-4.60063896546848
-8.00713635914806
-9.32644906210247
-12.4852340291833
-5.09070874032809
2.89781206508852
5.18286328368522
7.91287766316875
0.286367991399753
3.16109245805737
-2.24624874429408
-4.04947679770144
-2.52008351047656
-1.88080913618085
-1.5624757864122
-3.07436976927879
-4.57929707307014
-1.04522017277065
2.3736093227834
1.19739436154804
8.81104060391392
3.62252135946748
5.03691348760528
3.43667924797114
1.34785129469421
-1.78887736924625
-4.94777353235516
-1.69118407736584
-8.86194948120644
-10.039725458061
-12.6955398071131
-12.8894238694572
-10.3399960537197
-2.87221222371897
-0.622690702864778
4.38312137649715
14.8011865811062
3.12770149692728
2.68724885261909
12.4083234333243
8.85906134263244
4.13522011167391
4.86926215444295
2.7396038274718
-1.06932417819136
-6.10377282727336
-3.15384294250529
-5.06723237899061
-1.88485259832202
5.29197700986559
3.29860533142593
0.808498662341422
-1.75798559307779
-0.458597359085512
5.85332996900905
6.10857779452492
-0.423854772449549
1.11235975157938
-7.10544961969206
-9.88125969026462
-12.3545531582557
-1.33302667574372
-3.98640147755047
3.10187638465095
1.48946953399342
6.39285456028372
3.06663180580818
8.85378965428342
9.50390714863919
7.90517333306453
3.98941067133806
-2.90937194471867
-2.20205495681315
-8.97644494915249
-1.91543462598076
-6.363931246304
-12.289634088679
-5.54302000939001
-3.37816638422241
-2.02223056453432
-7.7224256669145
3.14726681442787
10.3486874012226
9.00220829272516
12.057855887176
5.04252599670232
2.76266243263274
-1.08618804445601
-1.10668359788631
-5.43123245220423
-2.36740825931903
-3.99569925495558
-3.50321074316017
-3.73831549239325
2.17206706890855
-5.87893385349082
3.1090562578574
8.785801614966
1.79947158652975
5.9393758517878
-5.56173908023754
-4.16185369609433
-5.01151020878364
-8.35100735603815
-8.72218639025457
-8.03767275990436
-10.8702997240655
-7.26207111714818
-3.04170455299746
1.49856307726625
2.50528210565656
6.07623025731327
12.2716012246904
12.4837387528364
11.9121493696716
4.19032940834803
1.36190808336918
5.99063456274923
-0.553130644593832
1.89999237715534
-10.7255710226308
-7.47721487320967
-8.95479319602016
-6.33913196174103
-2.0333366975904
-0.63733419396177
4.55832907615002
3.570569346722
-2.00373790735634
1.33505114496151
-0.331382046583735
2.75505551951237
4.24488651575864
-1.92990509299191
0.290628392376253
-4.14451354775634
-4.93020085604002
-6.05893161769785
5.49805150220771
3.77590178376797
11.4618472785611
5.68831187862563
-0.487356000550953
-0.486836948951066
1.60359834822766
6.31985537487449
1.78768407479829
-0.215970700635873
-8.02153663913982
-8.1753495866597
-13.0323836737813
-10.743795358842
-5.10243570430375
0.631566315570061
3.00598798796501
-0.130756774656502
2.49783328450915
6.66749900900432
15.0636735659608
8.59403807162528
7.56961214735603
2.63773213004438
-2.86083344886585
-2.97264684984748
-0.122152480399207
-5.66666137413326
-10.4516275859972
-1.64816291358503
-5.77130383980957
1.53410098994256
0.811869346490437
-2.19718751413568
1.49098943841386
4.20706720074181
4.59468789522086
0.93035299011193
-4.38603954793598
-2.21168138612108
-13.5574252801454
-2.32978477977024
-4.86625082106401
1.78212340128102
1.95056129033637
5.83114551730965
0.784833095393483
4.86485918729836
8.11713581108749
6.53222413839592
13.3761526888794
5.20499308459536
5.29603513205355
-3.16104162688906
-10.2495071269718
-6.02810704092468
-7.16851603636284
-10.0812122477542
-4.47385522493256
-7.37947094351547
-3.06985054330079
-5.87223415694084
-2.35024538169584
2.18360073042703
8.67608665587822
5.89595510599913
3.04788341702593
3.05915549926431
-1.38545924634708
-2.69804603360328
-0.525596748545118
-4.37173230277154
1.36754498536514
2.7314097229581
-0.317487752326734
-4.54059261955732
-0.221928036581015
1.67969431156359
5.31351433782226
7.1675397526415
7.26097314634054
1.68104052946678
-4.70582319741307
-3.69676632368538
-3.94486574778036
-1.13202420021677
-5.9676754232655
-10.3320277178718
-6.55033788827326
-10.199401358356
-4.06767368575223
1.80068216870651
2.29402863342771
7.62127481290805
7.05665338396675
5.87492668430909
3.95992828982115
6.37472740189944
5.67966464141075
4.98829950696797
0.77978088479113
-11.7702536580617
-7.09793724582062
-6.56615111432719
-9.30951610405469
-2.0325507807656
-0.056752367886991
-0.482877055023174
-2.84692672024386
0.105774912563384
-0.405155397396016
4.45056417656944
4.34833490115377
3.31353666332935
-3.71093535233459
-2.21921426569152
-2.8156282537489
-3.18804730079354
-1.01080278845112
3.2810708593902
3.70753325558344
2.54137103278605
4.00719059120053
4.01815284080471
3.26919715593052
6.63847293239315
7.80096062951869
5.05805700846111
-2.2992214838979
-9.96566815408325
-6.82424379122387
-13.7878232311552
-18.1221567093253
-5.07789021034523
-1.41962395409033
-3.99844260960884
-2.98864094756298
0.196157461848207
0.932451602104619
3.41489576397391
8.27212699152842
10.3853807593524
7.25017437497995
7.15110806823934
4.89070234462177
-4.68594180797685
0.705606125755009
-2.96858951580513
-0.630804525731921
-8.05912199271047
-3.66958829514102
-6.32265105815381
1.84677983136297
3.02272072908348
7.36611941477438
5.96289755416557
5.37467978694207
0.335671847557799
-5.62604057108123
-1.44927706398647
-4.91785627364224
-7.21416740102575
0.813272527647677
-2.66197015498954
-1.95152909007756
3.57125295113767
3.5158520274246
2.74139127165205
9.55581457962128
9.63948982407944
16.5435359412667
7.46643420345551
-1.40391973553648
-4.27598573183224
-8.3737555598811
-2.18242018946744
-1.06025014193237
1.04783532241527
2.15416123941273
-1.16637888066454
6.89415546170029
2.46243617525005
6.50430201054716
9.13233946569017
2.28196438922807
6.9937582021398
3.10001794710653
1.81709724240317
1.00273503212997
-1.46982270811757
-0.961200639141294
0.668382455731893
2.83245920394443
-1.66347692035306
3.90391230008607
-2.15103193453021
-5.07468996885216
3.62368582580573
-5.0263539857299
-1.75879406529198
-6.89580957105886
-1.05787007224476
-2.14568804361871
-6.1198615531055
1.02277508628194
-3.69614814093036
-5.62882704019674
-2.75125860704439
5.05893506116559
-1.9037797061119
4.3142304244153
-2.41716696940561
3.09985166634235
3.33524037843509
1.147770147782
0.189706646442444
5.35256886314751
4.62123407557227
3.77566383061643
2.08909459537971
7.12448828449159
4.31524685440617
-0.0107478338526572
1.62370437228381
-3.03055445028852
-1.82633867355945
-2.07517274999017
-0.895695274823505
0.213702898492089
-8.2166239696812
-4.17909603139352
-0.463751704578278
-5.66919335646262
-3.70794706505687
-2.91623385009768
2.39830606202781
-6.09476576691403
4.89526080182075
-4.75802336176463
-2.29996501207902
6.96615564500098
1.67414433231578
4.66944014546349
2.91038355471074
6.52962111498455
7.22282899805593
2.05424755926678
4.79573509199848
4.90169377301558
3.64714357089864
1.29166101402996
0.905735117525153
-4.7047736382302
1.59020360962646
0.0418280216750595
-0.0257519108123949
-1.60563961339293
-1.00530659525594
-4.91262791377488
-1.06581783149712
-2.1067440168582
-1.1079077900209
-3.83988557689826
-4.67653241211346
-4.88398935978215
-6.42222583327615
-2.76120354622485
0.391518724127897
1.39499339136997
3.42531625432529
4.37514882442002
0.0622565457645528
-0.760393076020191
-2.53885198032564
2.56288949599872
2.78786935282721
-0.243655029919242
1.80255505844032
8.49904444449717
6.21284870927573
4.05310729162495
1.10849664663898
-1.58241843682628
0.576044440765022
-4.7042131213536
3.53015509189087
-2.09253140844703
-2.55491352487322
-3.94164030960066
-8.398650787688
-2.38493057235713
-1.18936671266623
-1.79467551569389
-0.678236402748388
-4.64298549650118
-5.56845963375657
1.92478775825278
-1.02266406601349
2.16546985203729
-0.930665401582979
0.358780663287628
0.887710871624161
2.5580011986565
1.20327657016167
1.95543387178915
1.77338487349121
3.83912660446537
4.26484006886514
5.70611879912803
-0.691593334219338
3.45666946680137
3.09373912307229
3.25269124122175
2.25489364962241
-0.491435616433114
0.737601480399539
-0.870000148485383
-4.4372950178452
-4.41941746919101
-5.32169676125473
-8.64288557761079
-9.7318418436586
-5.16440136943303
-0.239075478048141
-5.05632508398171
-6.46371022888942
-0.183954631318227
-3.39908029078851
0.489419991697735
0.335244563246447
-3.40809609565394
1.74433923709097
6.17570480197188
5.244343487404
4.7366001387972
6.51541051899129
0.376018205213514
6.31657949305554
0.496067791564585
8.70157198965672
1.98861396183581
-0.560563866434841
6.62320120542183
4.54868504189066
-3.02048306630219
-7.68332097694247
-1.95351068045013
-6.01430636692351
-7.32743367823112
-2.17882240682958
-3.23256017958464
-6.31685112244314
-9.58805481195395
-3.79970308316359
-2.6233943933438
0.363830916482888
-5.82309920588652
-4.97666375811902
-3.07390580508766
3.39310257264322
0.509668359627216
8.51780595801753
4.39802399827922
0.515008563199178
3.70063337977023
6.80671752060357
3.78876337908734
2.89730048356135
3.85177743080247
2.33573760477978
6.51225287054601
0.879791223953925
-0.191122096954141
-0.337576632344925
-5.74778390204093
-2.46890107626946
-3.716164180785
-0.856196022036857
-1.4129544684894
-3.09719824169113
-6.888434396001
-3.84783584504731
-4.34601042757967
-5.00089860987544
-5.98636423536177
-1.19469626451433
-2.37052295731135
-3.25440707479313
-7.14321939722207
1.05971740156218
-5.24358191615249
-3.4422202845691
-6.02923668106274
1.55209126056655
6.37043130235025
1.24425705742101
-2.54678595326197
-1.74470438615395
1.27619472700128
-4.65506242575699
-5.90909650048623
-3.86454157930816
0.357266454239578
-9.31970074552031
-2.560847881522
-2.32416657133758
4.50081658904127
6.37320736487558
13.8929436463434
11.4483781058875
8.28976742479763
9.63693708869756
2.20334148762058
-1.14462244567489
-0.96654605411724
-2.87731363004878
-7.86176076548309
-11.7200150119528
-9.8718116856895
1.00676111089806
-4.14891131552915
-0.0964581850236683
5.03008360812963
1.5220098808773
2.83663393290763
2.76001765091886
4.69447966429937
10.2899116667123
8.52841272391774
4.86663143788113
-0.166098375842624
-2.48661406243352
-7.23908960709532
-8.41821734461261
-4.75971968925634
2.56932644555978
5.22933416935249
2.34474571918629
3.27190359252862
1.22926317636311
-1.49703321980601
5.42179392992004
-1.78807875891325
-6.84062245101972
-3.17738074765031
-4.25835984613441
-10.0364081808812
-5.62866007862221
0.996012990945872
-2.75255557739728
-2.93140644505296
-2.8083349478711
8.8982498454553
10.4014702640427
12.6660414165345
10.8999344796687
11.407820827616
11.2243653102295
5.45436298346787
-0.103841238184478
-6.67359049238958
-9.43829036212406
-3.9499971986281
-9.44920872276742
-1.0798475583532
-1.78114496915985
-2.43250897927851
-3.67288721203464
3.63802886919514
3.23539988676093
10.4514589641818
8.11310673503258
4.78270926096893
-4.82282963617692
-7.26604860913501
-7.07111994374979
0.284230011093324
-0.835366733569759
2.04722574074672
0.0119092365042024
-1.23759188268003
-3.12288492068558
0.944932025603415
12.4737133151116
13.6007716213105
8.76103707901874
11.4588361015337
4.13969826024195
-5.75919469487246
-1.21450518663207
-6.37577686967754
-8.84077829869303
-5.5582718816943
-9.0079516215365
-7.41696932246037
-4.76244120986974
-3.30761678609098
7.80826440504257
6.43676141146093
8.5707776399595
13.2006020572743
10.7402051881282
5.39201366913044
7.90568628531626
3.06452969420463
4.13332676553677
1.71614388670375
-4.48441707447475
-9.73145917087205
-6.83914305907311
-0.687230906338027
1.04303572869159
-1.66872795939856
5.42699185415352
-2.89648991344601
4.0787423271352
-6.07098392399405
1.92331260118163
-0.983330914030971
5.09955393926656
-5.4952161276567
-3.3374970574331
-5.27053014826663
-8.08474268903781
-6.18199767957107
-1.74559664139345
10.9029503232522
10.2829321027215
7.05954304211309
8.11845286706051
2.17482622093317
6.06216608053564
2.42173192969729
3.96188817245289
2.667881841549
-3.02313022907277
-4.90228293505397
-12.4119760281128
-10.9768761384949
-10.0262803484672
-5.90456042755519
2.42375602918779
3.1690636519855
6.24827867768812
5.76365033924288
1.63054232928663
4.74638029395385
6.95790748277287
4.27985502631892
3.81547992715091
-3.23237926465081
-7.21346266808028
-3.9506247651367
-6.67298517418157
3.04521421615903
0.494465212694933
0.628872905181249
-2.84390352552475
2.45005850213664
3.31488795258343
5.71049363604004
7.23272039337758
4.87631091518696
-1.331009915056
-6.90621146180539
-10.6204906339945
-15.7577504735481
-11.2300880753575
-1.69044513856186
-4.78311202247153
-4.54944644397398
-0.230923177427449
1.82060453283744
11.3462021070826
15.0554860001583
8.39432154441798
13.1609301431771
2.69655926717252
0.365510343560088
-0.341872885481158
-5.91734248527433
-4.83188254935978
-1.88807148462186
-2.94956380122573
-1.01458326693452
-5.5961423975682
-7.28159590958586
0.0630165602440278
5.29665660445739
1.28334274395413
7.03727047724637
6.84813482367714
7.14430913881378
-4.85737824946834
1.8069395849708
-1.63791644735128
0.142205318193436
-0.427555485723113
0.945044088513676
-4.7234961287651
-3.87519367241437
4.76491951641868
6.17159808213264
11.6702434525887
11.7729563221313
9.02400774963043
3.21591326397534
0.492516592417442
-1.51505625728273
-1.12082097467902
-3.1053544495311
-8.72754425802242
-12.2301975662975
-17.5288054437302
-9.5553745916705
3.23071292990404
-1.68366076751181
7.92994401610624
10.8491436381531
8.16196572570654
5.30917463074897
4.42147684690233
10.7186418861864
8.99849896120307
5.60500812189138
4.24529083440658
3.06244051961925
-2.89324315800958
-9.41500832591678
-5.88884793156832
0.808194557590445
-3.36843777926532
3.25270225128361
-5.48231913437414
2.60596124367558
2.6249009797194
-2.92769167937224
-1.03230418431059
3.51758232705709
-0.296106671664182
-2.7529732848524
-9.15584578291841
-10.257492315181
-5.1277684389506
-4.72910813959624
0.126936975734256
4.96068706399066
11.1743655549585
6.38707536532235
9.66954682995297
7.09356797008967
4.91943378162661
4.38567274993065
2.50544758899824
-1.84566572688054
-7.20530801946719
-14.6040176243529
-10.6372543324684
-10.0782870384522
-8.05564628023057
-0.318806433260717
-5.73006676277965
-2.74415040401349
-0.540321354977122
3.12543019814855
8.56244673111211
5.00121603754369
11.988936083152
9.98971254366304
-1.00904546891085
-3.7673219760519
-1.57614754125951
-2.4816857355009
-6.37388242545543
6.91618117173625
-3.75636188160897
1.40870238374245
1.48735766863628
5.57419607647926
0.832857900259258
7.93769176557619
8.14946359286177
4.24595215345315
-5.69704811656359
-10.5099869268805
-14.3989378673503
-2.87271017156182
-6.09508279024204
-5.08254280294578
-1.01805061464076
-1.19844584126898
-3.17069308427826
4.88817090789906
10.037555064829
15.6593430525038
15.6770752270896
7.18500918918493
11.1513027116168
0.450207095537697
-3.61334748821289
-4.82154138292974
1.19646648563345
-5.62529178115298
2.44382489448829
-3.10818949398876
-1.46707538583089
-3.68216281079799
-8.56738339140206
-3.57273659159022
-2.5705662225424
0.506483402180757
-2.08766939325861
-3.27928394821662
-6.19669793008833
-2.2506764654553
-3.72986734984333
2.16487110633394
-3.46567051135774
-1.25198674063527
-4.04989311661045
1.90868416215492
6.73083453624764
2.89791533102655
-1.72438561521087
5.69021175841112
2.11446635827758
3.74862857873456
1.67822162461775
-0.337595189704941
1.85368872075677
3.41814001868887
0.75024261990023
-0.37850281607418
2.33165133450382
-2.87766503185159
1.96350587053423
1.65958929982264
-4.63972612000597
-10.2475318957295
0.925843641764124
-1.75179669958058
-3.60739180398727
-4.74282339773061
-2.09518916951165
-3.83768922771996
-2.61756069548279
-3.19731692370982
-1.13551447115632
-1.21424822768595
-0.967470619338318
-2.56786203897797
-7.4227418773111
4.0965182783328
6.74300938446846
-0.471077829741946
3.56234600498569
5.12684758190408
4.88062356664606
1.32546730024511
1.69128871156219
5.71328183009694
2.13604356462513
2.45937412523242
-2.93578113652897
-1.16861470678832
-4.73902200395166
1.2810216243458
-2.04402757513526
-2.6304227047324
-3.322592826536
-2.1190476386018
-1.6689624606239
-7.19997527850957
-2.30451574974562
-0.54847378593382
-1.50425685717328
2.09327817382966
4.52556580461242
3.26824961830443
1.7124988667221
2.19426511876209
1.15238004023902
2.07926059819254
0.830182471106767
2.26770318530654
7.25151153711491
7.70099114561815
0.454035462063881
4.33529303503507
4.43173820429463
2.73397667194156
-0.243565118419932
-1.07029479962865
3.4632387020612
3.7175755759265
-0.585669995953466
0.343714924538937
-4.86536449704796
-7.30777388558143
-1.77989157931425
-6.50660352881817
-6.74122269440585
-5.59516724296665
1.69807432189581
-0.297474391509879
-4.27569206584813
0.788656521360896
0.0366205958672703
-8.24660692517132
3.41435135514356
-2.64616692206477
2.5068316926526
-0.0778652630079684
2.73345996518308
-4.16157719580789
0.499028803677998
2.42148877547083
2.07059501635009
3.50855498128066
-0.964732875266985
1.78204552586452
2.93575147246842
3.90685881143761
-1.64214112609206
-1.28848172389593
-3.35027904494957
-5.53696215216161
-0.441507257196294
-3.32964602129241
-4.60441374735361
0.992771989882246
-3.41871192548465
-7.62295615920327
-2.33725765094628
-2.09813908022977
-0.621342232638196
-0.782091973321627
-0.10483847486178
-2.3181768761006
0.166927131765522
1.66986179983154
2.2044070160096
-2.3187888077054
5.52686352106182
6.14221082402317
4.41249450132743
7.52174631836047
7.5200931744989
4.61675378240213
6.54385100281442
1.0289172651431
4.64981095483449
-2.81224701316112
3.00166772965972
-2.7825348083026
-1.65845867283298
-10.5654765390903
-2.78528389229299
-6.79905854858966
-4.18521491824531
-3.28113441953285
-2.57226899482694
-2.80783932783054
-2.60678521768449
-5.48356977710866
-2.6864124554752
-2.3303916362856
1.77068623992991
1.31958793555544
2.38060882999302
-1.40792937784719
3.65145522494798
3.79322704210727
-0.505313459018659
7.14908957608059
7.2951758803175
-0.424248043086346
-1.67444292540257
3.54983520234781
3.53003094918134
0.869035994855623
4.5450919968216
0.782907890449797
0.775396301213967
1.75568617259491
0.422900951184234
-4.97546810383117
0.26243291892118
-0.196947761413213
-1.58134399384657
0.029870585126929
-8.27322093121149
-10.4757135665714
0.289445202186442
-6.36341560884001
0.7250253625587
2.27834084727965
-1.09554950114625
-1.69046309304466
-1.38002225805249
-2.6456699709264
3.57184761304177
5.25640309647356
6.74844287928726
2.42731319281982
2.39880745919785
3.07874226890308
6.68019664193348
2.40299210115198
4.53952282109103
-2.81109488440418
-0.0947340104524763
-2.63961927980519
-4.62799698950905
0.49423484518215
3.2034720494219
-1.52471879765307
1.10136379044685
-6.45917528387001
-0.58251237118964
-1.50610732301508
-2.14926131886142
-7.07390760092712
-6.56067255592567
-4.25675212898737
-6.13927635609733
-1.76479531947112
-3.77381471911181
-0.658773290242882
0.550056974522307
4.07104816342924
7.44949372650539
4.47859972231693
5.42966030088287
-0.202729399517962
5.57570545851631
6.96493555096338
4.05368292015685
8.37629251304174
4.4449294611292
3.47376724003673
1.1907268708996
4.43398018591051
1.53720767847027
-2.54332181150972
2.53759034139231
-4.24601633777253
-7.04642773951087
-8.09211844543094
-4.0572042979842
-2.3098567517363
-6.33317128104653
-4.63407519256562
5.46483549725665
-6.74244532439125
0.298685732565793
0.299178613486094
4.79776331966559
0.149840149990359
2.2848281434115
3.67510666009124
5.75207041317165
4.42011802688071
5.23047995896959
-0.0508463164785171
-1.27289034903973
5.8385946266995
7.9450283889304
-1.02358318770938
3.5396221775736
0.438813640515446
1.88851703154065
-1.43218155309699
-0.638060712341987
-6.06779854000187
-1.02781102251708
0.62658721198119
-2.65657008383117
-4.76933800833503
-4.62960874189606
-3.99245905182013
-2.01959286744678
1.18966964650214
-5.5713514138843
-2.89185191556666
-2.26679625823523
0.55196813413618
-4.58645453337964
-1.13676408505464
0.523830205908802
-0.375739246602834
6.47453354459543
8.45519199389548
3.74987354123321
8.57560899168039
4.10317824418345
-2.16640618903361
5.66723162288187
4.60792810034998
2.44784253126542
4.66244177426812
2.09272190312427
-1.62409742734451
2.2160787254466
5.02624266338322
-2.58114146655117
2.14164014152009
0.44448734430026
-1.84989401635033
-4.24714570198955
-3.88257112055741
-4.99613766992434
-2.25666846125787
-2.51126024599754
-0.188476907600043
-2.57063967717999
-3.90088996966354
3.64913339703039
1.15272716367868
2.02185403514629
0.370751262410881
0.383346629932725
4.26966151171781
5.35319550802366
4.83098452804668
2.48608734395746
3.79711234513229
6.97615555250406
5.01590877310129
-2.37009722237364
-1.85624569002616
1.56133781046077
-0.486070505206653
0.981368735032999
-1.47792703040093
-3.41618264397556
-4.43435657445573
0.682959689457421
-6.91302452844775
-5.76163989725976
-2.93135442137265
-4.64973315008185
-4.04130984538938
-7.72899757419976
-5.2543724215326
2.32142203756217
0.259114170074906
-4.22314496770269
4.34217220491248
8.35802205803641
-1.09632694076474
7.59500038257436
0.571564369197517
10.9521673862762
5.01516164239819
4.09561706354117
5.75458923676721
1.32178492099662
1.52874733470298
1.57719975590524
1.87874882374188
1.24883102442917
1.00996556786483
-1.71494253214316
2.35766769626331
-5.06714903997859
-3.13350242620018
-0.0785619121137024
-6.61545102240645
-3.63501392541416
-1.29444338696189
-0.0759111215570698
-3.3517712322457
2.19992544610863
-4.81988788438201
-2.70816823696867
1.70301037586644
-4.44653658943326
-2.65587757519578
2.64640422720886
0.862538887001582
5.64598303243792
1.40628427936788
3.73966980857336
1.73123228794138
-0.276250654187732
0.948713418138484
4.63887081159775
3.74112717708017
-7.4372952921663
2.80416934936346
-4.239312506677
-2.11999671446093
7.14850240270083
3.74518084523651
-1.10176492512842
-1.40430356471075
-4.03783865195389
-4.17859635978125
-3.2854023059438
-5.43956309651695
-3.22009158332728
-6.31317560901668
-7.36967951360456
-7.6282081759774
-5.52931568253829
4.30975204725267
-0.895480573083881
4.83253490198408
2.83784566353615
1.01374787051583
-4.61833915170205
-2.69997976823714
10.1219849998467
0.997160652424981
5.21007446957841
7.7457726064596
5.60174064378645
3.85914113531201
5.41707685579604
0.344325802744742
-3.40550721471178
1.86896779524874
-2.03778780453008
-5.17707856235334
3.52011553933178
3.0688754850928
7.04804723234079
8.01455775868192
0.958918929713193
0.664114623856653
-2.88618901077787
-5.88553738555962
-5.97807978826173
2.07257020127175
1.16841361843512
1.09600654678226
5.13470941083098
2.88361523902673
5.23898961779023
4.56327585286145
-0.216891157552003
-4.0977422067784
-2.27215692236225
-7.47856498253917
-3.00091093778034
-5.9168216458314
-3.52895412251079
-3.23715352369486
3.21637584187313
6.38962279936282
10.6083108800375
-1.41042940465858
0.443973943851578
0.704352963596732
-3.4601208806892
-3.29388387217517
-6.15449198077697
-4.20594837690763
-6.74935705410052
3.3836312198808
2.919259164092
10.971549455409
6.39790607051448
3.44908504321195
5.38089315865204
-0.750717202532365
-3.96625124429685
-2.894325998849
-2.34957956374738
-3.93047256473154
-0.532114071969789
-0.889049729677539
2.71082106528305
0.315830139526815
-0.137390530519337
6.0999278114175
2.15464757920793
0.0318545051779295
-2.47086397867719
-9.03144442210627
-4.73317233695411
-3.39963670831857
-2.63759923218038
-1.34813973278041
8.33718809864851
3.13752501007842
14.9203804515223
4.03683350450218
-1.4147087968818
5.1093284281197
-1.91732819438283
-6.16176189737843
-5.43744188261787
3.58914167877207
3.62204658849935
-0.514309949954591
-2.35587471678468
2.02103821546476
4.15380127143383
3.44656921403724
2.15116907676644
-1.39356942930192
1.28872715557487
-1.21364356946281
-6.9415106155836
-4.31226071332331
-0.579398841937062
2.61615410411999
5.87061481843335
9.19965683208374
6.92319882730805
4.36123149760168
2.05074927855437
0.255256365118868
-2.96913054217156
-3.84143665916073
-5.64207276995035
-0.673339011942916
-0.265105347183895
7.43148623843946
-0.617323751533172
4.99494718150014
7.19202521988607
6.38074329415291
1.24919302420648
-5.43075769563005
0.536097399218279
-2.07005008520138
-4.60084429996418
-2.23276334331061
-0.712932679621818
1.03333767586679
0.565897566661835
-5.25862419617296
4.98756588643603
3.97780842698761
4.09879502880317
1.22939546397439
-1.2830717982567
-2.2527551071838
-4.96377257775845
-10.28399201034
1.98849778478049
4.92397755290317
1.23806486547842
3.75776550716334
5.76330134420234
4.39569464141135
0.178469561877752
-3.49967184290896
-1.48244082571105
-7.13844258020598
-6.56635366221569
-3.07294557259879
-1.68642224785727
-4.1883295595723
0.799517203518172
8.35738090212032
1.71549095773467
5.3435972445675
3.96354951719057
-2.9303008630081
-5.89121709303516
-2.72029214932514
-6.79166121296685
-0.424868118179821
-1.85242735508253
4.81694429462497
3.89218073778945
7.62362006355346
8.31211665578714
2.28798477036748
3.75070578621112
-3.88934206392378
0.252871203528001
-1.37116766553496
-8.04819502535569
-7.85696225121187
-3.34422471842554
6.87897365922064
-0.868160778325482
1.17190498109157
5.58492048781835
-1.7708851490078
2.94344530198789
-1.3274498818945
-3.20846201499183
-5.86501344610499
-6.75052312180406
-2.02375953673855
-3.40439333432255
0.520900820790144
3.80831543908432
6.07769433870043
4.31715305590013
8.23438721834061
1.79254959968439
0.417770161598348
-1.87756318841267
-9.9947950140019
-4.68208559761608
-3.93598105999652
0.946254040738669
-1.7504659278498
-0.242315627375861
0.469104551302808
2.74759687700129
3.42069625559478
-3.20271824623522
-1.16447926230517
-2.80625525186563
-9.81167098202982
-8.44609108571154
-4.05152658683591
-1.87194950718111
1.22470249447344
5.10217685779454
11.3671469147926
5.41393885658248
5.31296346745753
5.10753218520025
-2.95449719340119
-6.78963897503282
-3.12407695702738
-1.5137112848714
-2.27862754257318
-0.348490148234161
-0.17329573980362
4.90492634580722
3.74259604883239
1.47394083394361
0.858886215066633
-1.43898959222973
-0.0345842715457845
-7.72304241898901
-5.26913666185636
-4.18804792553247
-7.9948715324136
1.86845379749282
0.943546903567039
6.32552777943492
3.03535126329863
5.51836940995431
3.18986725654817
-1.45648857575456
-0.23550082180488
-5.56997458882238
-2.47924645839334
-3.51868869368122
-2.30177211935209
-3.64355387006154
4.89419246776413
-2.56559455996044
8.79248139341328
5.06048945428998
3.42405793192865
5.10554707054616
0.0232275613338138
-2.71078861361113
-3.83320054963512
-9.94156129677822
-3.81140885786247
0.339615764014051
3.5255264970045
2.57395299235651
2.70063807433852
2.0038826609631
7.16018526828948
1.56855686725847
1.66458589453432
-5.63646866026223
1.68225602414423
-5.39711961130615
-7.12619741723135
-3.54964585098329
1.15809629701088
1.91733103204743
-0.297689491010693
9.84002129503111
3.89339984023284
7.64475845830789
0.43228688765661
5.33711855418694
-2.45016782107114
-2.11376788013287
0.527571681035602
-1.78847650719578
-1.61387330362094
-3.30205618007713
4.53538455592603
3.32816366182461
0.225504425180981
-1.9501579015887
0.650264467393286
-4.69761759435405
-7.57023403315792
0.281447457518059
-8.39814602495793
-4.27778418447854
0.291995784007812
3.49195307005863
7.73011855472951
4.17442308054747
4.89944781068976
0.449345481519807
-4.20851932612946
0.396393351384111
-10.9265230038307
-5.20033117954334
-7.24938894747044
1.73919230776354
-4.1412625072396
3.76746049993241
3.94713854844722
6.44316498586152
2.66454700471529
4.26258426353907
-3.92745603656854
-3.00855490560096
1.51985836688476
-3.356342354626
-6.78164256884738
-1.32195671074043
-4.54832430873311
3.99442237733911
8.03892650181151
6.83963758029064
5.38916973743551
5.25092888965384
-4.63496285525575
1.64311950967105
-7.94971229690116
-7.53785347099467
-6.64154902663235
-3.65357855076649
-3.84728219452708
1.3222596087904
-0.0817606098424957
3.53707690706899
4.26561927002699
4.15019814994134
-3.58167850274376
-7.89574314154337
-3.34629048474589
-5.17193536576233
-0.649216999858933
3.08770185650605
1.23724013611725
4.03312923661463
2.85235493680605
8.93656617618224
6.83816505977197
4.31484358934454
2.62897751385377
-1.21705554649001
0.203911479216395
-3.33296779882524
-3.26330570166114
-2.77588736031696
1.30366543542968
6.97346968895206
5.85777040133411
2.20698433823561
5.75864696495309
4.73892257236775
3.69100988626376
-8.14594474393323
-3.0512128738371
-2.40761897318139
0.437932050145238
-1.25856878602552
-0.278529180564554
3.99473041628833
3.8558831895919
3.66920296947998
3.64280408051697
6.30188708204203
-4.6432256785678
-6.75842775312774
-5.38075230938601
-9.07524422528241
-0.805312272438109
-0.595287685811379
-1.38790801929915
0.015785108732592
3.38661434707166
8.56918646701752
4.51941306371377
-1.33738563874668
2.11241358656413
-4.75515964774736
-1.19516710127215
-3.41190566543184
-6.37098744204028
-2.93667600865641
3.04440776397201
3.79495944629704
0.486091920747908
0.285981616530176
8.1877807526995
2.68647908104695
-4.39027511068702
-5.43518051195987
-3.96524732915624
-10.070191305283
-3.45894130374514
-4.09209777001712
-0.61972578961413
-1.64203275500919
5.7527221136813
7.12790060338424
2.66939365556208
3.40330023090342
1.13460410493829
5.47685700187485
-6.24960215330209
-1.79457111865583
-0.928095875216665
-0.595919303575273
2.07595952158642
1.02435556161168
3.84527884623739
8.1133956939229
0.687674625604453
6.03035602240496
-0.886713498501223
-2.95410695785928
-8.86737793177905
-4.81037212036989
-0.461152700527884
-1.44342519469329
-3.55699693329008
1.02044238255949
-0.121975907216903
3.31474770934573
3.3042783383161
0.27954696331742
-10.200148529928
-3.85616969654619
-4.88954309062005
-5.08831252902092
-6.83618738250188
-3.55791766714097
-3.54394111816396
2.65411740034691
4.33806053464638
2.88545261680719
2.78334843669846
4.15385486910733
-1.46798522259466
-1.33381090914698
-8.40414929155531
-10.9169515802487
-1.02312717840406
-1.24400203416503
1.74862440589736
3.13365589540124
2.02713985462784
4.48384614923998
-2.29606697423006
4.0581174757566
-0.268679014857767
-3.38363509715751
-3.47768148789541
-8.13957613917599
0.0682602010031133
-1.06284030477533
-3.82238734848876
4.05399782407808
5.96388206615242
5.6937494467616
5.55678494269013
4.90273982288225
-4.12828172934134
-1.22741077042565
-1.69546826042074
-5.42566061101785
-4.24661983035076
4.13001817289376
-3.42409188494443
1.56933108625241
4.01814480129965
5.00179761043945
8.16418712434117
0.920125900329617
0.250617042841481
1.44272360419338
-14.5646731272177
-8.1471697778881
-0.776315038711896
-0.579546171421007
4.37006379178328
7.99785763454706
11.8341808101501
5.10339837100102
1.7812274069169
4.13826723694975
-4.60862482087297
-6.45072296615586
-6.30729021758376
-2.42540775153262
-7.16077997016996
-4.99462092144608
2.07406724368768
0.693403486275841
6.58651651814429
3.50261220494169
8.92164728164014
1.35775118325378
1.99365731999561
-5.00091840494682
-1.04343507333476
-5.61525252406972
-3.85178643872469
-4.24729006989894
4.81576218181139
0.194955187697987
2.38543873895647
9.06325658735139
2.28104977908327
-0.782769240635691
-1.84362617544658
0.153183120201167
1.88159478136836
-2.62859811146585
-3.56009523242579
-4.55375893906064
-3.6299596614451
5.83138466700275
5.95798463154528
8.97878007159003
9.73022218924461
2.82469452523758
0.783935842070973
-1.3470077417756
-0.574252802249968
-1.41790037016832
-3.11121206210093
-1.16024273747098
0.16694862255591
4.10190867942694
0.994681227798416
8.72265357329982
-0.46700513450221
-3.85300326499023
-3.164204193285
-0.764413345440543
-4.24099149923118
-1.04302476525082
-8.6725585707959
1.86295309132053
-1.8994082001381
2.45282349303273
3.26053449893388
0.449921298129857
3.89320364780931
-0.288463264423222
-1.9198943867853
-5.52524769761361
-5.90990386315932
-2.96581267522921
1.77077413250739
4.04791284790842
0.336383859863147
2.87228833242315
0.790755094962062
4.4313839060228
7.81892034507894
3.62653021260311
0.390459326630163
1.60027281273394
-4.63248824047714
-8.33134638185068
1.3577132218257
-5.13597141317288
-0.076925692018848
-1.10043165625426
5.68603501971223
3.74573768625489
1.32157791132964
2.35490996709952
-0.967042591797106
-9.60573144870592
-3.1110833486536
-0.102441571264766
-0.34230780264424
1.85422033931193
-4.23794950427429
4.21455902030368
1.33484401413943
5.62589028334753
-2.74943525998232
-0.724833625722263
-2.68748548495266
0.745308718118131
-2.34026077845052
-6.3316766482428
-8.68556429300498
-7.46717382337103
2.72115976687905
1.51962500426205
5.17147024517882
5.32406980803954
1.01877196501755
5.28567849238633
-6.02024964081789
-7.70855462891461
-4.05539099654263
-3.45580079735679
-4.21254192153173
-2.15641647585259
-3.41554953177102
-0.934328133524582
5.87592988138422
3.6223427152845
6.67268523265768
1.35381233182114
1.53218045381463
-1.96128377945006
-4.53591599414638
-3.62481933704875
0.603203354024278
-3.47412763798926
3.6814599841874
3.3553430898712
6.58446283724496
7.03198164735104
-0.0532693273855243
3.97616946142751
-3.37597577257912
-6.3157246574764
-2.89215496806796
-4.6444655967798
-5.02588758571559
-5.59408746697233
-3.99709623701999
3.17723606862666
9.286091357353
0.814814678988461
-0.817210069573931
-2.00207075151532
3.70834320803684
-4.51817434701922
-4.39537936621583
-6.90581847096052
-8.40458846812904
-1.63293987795355
1.49067111328916
1.36128397615895
6.20641436701632
6.63962767435962
3.19124331197445
0.823437952052704
-5.29103184173906
-4.62716849066706
-7.65262737407262
-0.0862798857116287
-1.84943218600589
6.46599298329796
-0.921419007945218
2.68645739653057
2.01724585039356
-2.43869031659818
5.52555276483072
-0.480959301811033
-4.00877569052672
-4.87366965823425
-7.77540875565156
-5.83465732336407
-2.9224301368563
-4.43881879314379
-6.52409801974126
2.10111920362095
9.6137176200025
8.10232630973434
3.60771102244205
1.80366587438001
1.42299237003348
1.54206050249138
-6.98130567889499
1.67090634912899
-0.242771154110581
-3.30944636184432
0.838088908649735
-4.6269624918668
1.59429993638415
4.34097623250666
4.45282199692908
-3.68826403448678
-0.828974436356764
-0.188332537655494
-9.44843820841321
-6.41264090071826
-3.07017336775615
-2.50143225482679
2.04564174293051
3.107040963595
4.34253270613584
1.54749077092537
8.20412067964068
3.71946265155413
-2.73694075381854
-6.71059411649651
-5.70192257586338
-4.59127184748751
0.0717781792296552
-1.26952341664132
-0.398405028915785
5.32244341983999
5.10271874389089
1.64701046771124
6.04277463962823
-2.01627659943463
-1.02037388839061
-2.65969939927193
-2.53994467815471
-5.52878013223767
-0.27016828717713
0.238251450020429
-2.08858365184595
-0.279900845865141
5.96457466382846
5.76820398773674
2.71428978277241
-0.636224461800388
-0.557976787402822
-0.326405246557427
-7.98763496586643
-7.93752739388328
-4.6260770078394
-4.27217963059121
3.65642791229254
1.15881672419945
2.60942121926703
0.551338710228099
4.06653962959561
2.20029167541089
1.20540299628342
1.25021879786612
-6.05446028252209
-3.10129126203309
-3.35977119655002
-4.07274645524752
-0.129423963263479
4.42829565642469
0.249094457991437
7.7123259621386
6.72179970335182
6.39060487605915
1.00892476389803
-6.52166565582356
-4.94802842663132
-8.2415062487905
-2.98606510226264
0.0870290525734652
-1.90413981139743
-1.14712604735085
1.15622703270082
7.36892685329034
3.49158497399687
3.73106955651982
-2.12904991795579
-2.42974232826486
-0.389290057354184
-4.46857540690981
-2.42895272154424
-2.66912583025082
-0.230075713669942
4.05699255877386
3.31779884492
1.23100728877391
-0.86954406833744
0.767530542969438
-3.58841318684962
0.821343247588763
-9.67171819962445
-1.68907620518197
-5.97287004181719
1.4050992118687
-2.80540110403317
0.275367426814916
3.96793723645942
1.80153990116419
4.71023632763678
2.59554999303466
1.26495334429938
-6.654604811412
-5.12681493544215
-5.31287804392234
-5.9500516247202
-2.93968730007134
2.6904208381651
0.3542101061152
5.80168613310235
-1.82979268884199
5.34669107227016
3.79901902715987
-2.35590365535649
4.95347308993549
-2.29322690645849
-2.05385463624194
-11.842975415509
2.37449961692135
1.90966569543696
0.225610280460711
2.88983289997816
1.8624841424531
5.57629135758415
3.78730001842817
-6.67340944297709
-1.17337442288433
-6.05561503953485
-4.89309809425574
-2.39512688536385
-2.81363354624168
2.08243726620674
2.88753272069429
6.23807236068679
1.63532315082694
2.39134420049762
6.24889648652678
-3.08087841658367
-5.87652571891862
-7.81032761416422
-9.98921799879774
-5.1311192275098
0.0685570689661041
-0.171478318255752
6.07116930866651
4.37202321219197
3.04259202731638
3.25738085238077
2.28781389322841
2.14021238617288
-6.13075564033687
-6.85916433939533
-8.24148103010413
-9.1095231005071
-3.90357807698754
-0.682301487411122
0.160899775280177
3.04265458806756
7.96304872481491
6.90621784634178
-2.35591670317824
-0.800878820892311
-2.70275827929847
-3.0933481295645
2.54286258046066
-8.32358169765027
1.14707592245441
-1.11124808815699
0.850424664918432
5.87390024842342
7.43995041319039
6.94374998934849
3.78769682058828
-6.96372638827302
-3.43019233844656
-7.07886228362349
-6.27812646311122
-7.03035519355725
-4.25750217623926
-0.907571176954193
5.10769483189086
2.62417998463566
8.06304715424821
4.55138852433429
0.364828959304009
-1.31839734710149
-2.45705670846891
-2.48911264470052
-7.89160344210013
-6.40104759320731
-2.62217937211872
-0.119231989900989
5.1791107484137
1.88182048862074
6.75081499274783
4.79374671047604
-6.85298320906469
-3.69482725923045
-4.1971554010501
-0.966030511268282
-6.97815285668471
-0.476093197463562
-1.96735862579784
1.90814241972795
5.10678415277568
12.1173036627028
13.5437290165214
3.72786307855704
-0.62436344532726
1.58757977444248
-2.08929749691577
-6.84653628453237
-8.31122204580199
-2.36082043748609
-2.42435508673977
5.66394915073684
6.29848231428166
1.48279932739179
0.0164571585802129
4.33100264292597
0.626459471914099
-2.25614604951731
-1.53428010439974
1.05513978275356
-1.57254085681484
0.891988016095403
0.116387233925604
0.106383110499092
1.42754889354815
-0.854903008807764
1.84162356638856
1.65506225977111
1.95904457690424
-0.896787016001871
-2.08446600931243
-11.1562462098963
-8.47680207282208
-3.44457608646528
-1.00822040209336
0.519309087287747
3.69441723237015
1.63252317880945
8.55951717867678
8.1395846073093
1.47468015757947
1.58471729336983
0.543052946319623
-6.43954374398053
-1.43811749636966
-3.49534470201618
-0.745897258422082
-1.21538785195858
5.49032890897864
7.36927296172309
9.21733846211651
4.58473970279082
3.15017239238929
-0.782008142395259
-4.16608779576395
-8.77863926825041
-1.6350200719003
0.940630091746164
0.35793338568467
0.898534218376535
4.27039290516554
4.99460832449175
3.7664455057014
-0.740909669759669
3.35659065086927
4.03736386252235
-1.42404939806903
-6.58015113308145
-4.2649764861819
0.936423740129101
-5.02354184520784
0.376273604405796
-2.19251198395457
2.95213944901525
2.39955719874846
8.81269790641724
6.25478797762818
-1.97289494860415
-3.66139017899758
-13.9947471558344
-8.3848800865422
-0.52230429438835
-5.82891764866959
-9.5266418259437
3.86501074055888
7.42326871736378
-3.02841854347214
4.62312129792891
0.0542317240026766
1.06726020693184
-5.18915307024247
-8.84581079239497
-4.40768034718335
-1.44112037333465
-1.91056115843589
6.14551958178366
1.3925543079009
4.11835567671814
8.77805216745825
4.24151861646112
7.01408431353904
-2.87482016918497
0.15644433251795
-6.79220352195755
-4.03739945789925
2.69825500522717
3.01591177367684
-1.12141224982842
-1.02459241367449
8.88189877504874
8.81930694147687
9.0264423981943
2.33902086878281
-3.09805952939016
-5.40542518336653
-1.58147707564078
-8.04098721417763
-5.10865944474518
-1.58359309949828
6.95143190896988
1.83573056017371
2.67216042087102
9.16194009748654
7.63760292116053
4.49659701429758
0.574217790007464
6.5863653136296
-3.39234156756694
-7.80956625706398
-5.80197595893692
-0.988944797357312
-2.63553549582277
8.53011006106063
7.00186641492691
2.54416394605301
3.29611169310288
-1.20899639905497
4.06448656427247
-3.8741251202668
-5.33523733323486
-5.98609427999876
-6.05146704356409
-4.76783618149848
-2.15784798345392
5.33461903583775
2.21491632358549
3.79668703640918
8.37851905162837
0.324791964008714
-6.55646268269862
-1.73781254880367
-5.71404424078086
0.701142957997483
-3.81988162643477
-0.335166849549637
3.01509132982273
-1.1965927907336
4.7516144271442
6.1975182431181
3.22174822352733
5.3858031593656
0.0733770216294534
-5.64860783488489
-7.62852388112827
-10.6945602222403
-6.97406480631259
-0.195438584183525
-2.48016080555359
5.39100945578397
4.05354473197931
4.90901250109967
3.59290553250096
-1.03380665276605
-1.25803591886878
-2.20411020247481
-5.8984974867585
-11.5053984652123
-5.6575486709201
-3.39439381079798
1.90811781944376
-0.123169075895514
5.59005202002567
4.57498567139897
0.461894453808736
7.50371284123277
-4.44937257726245
0.0979036812533107
-5.37858991417444
-5.24573216448399
-6.85579170567594
1.25407530953166
-1.26451222698984
5.3377709389299
1.40846758862774
6.74214572500589
-1.92556989178013
-3.08760205909363
-2.68074556467732
-1.52192759574841
-6.23956078817269
-4.93059225118915
-4.94479826443037
-1.83122721475918
1.06787017207106
6.5190114061669
9.07628283636874
5.12147899354589
-3.57224398751478
3.53422862612985
2.75719578197667
6.12887022695874
-0.961077370429963
-7.32736249297559
-3.65215818096449
-7.42184921257292
0.647327091075718
6.11625782027318
5.12798735627799
3.79861632853021
8.18304393435473
3.75695390181982
2.32501373579752
-2.26106751611018
-1.13358518077696
-3.31605756703369
-3.09432401964139
-0.0127796763974435
4.32289352086211
2.99311401479507
1.94406473874475
2.50908743871673
1.2679213830158
2.54677187362037
-5.51104012399369
-5.32357409821466
-10.2757919717262
-4.25416643338467
-5.34136748894207
-1.2045539463355
0.84556775156221
0.917328935736928
-1.45414163627627
5.31025957482649
8.42154624715533
2.95770524741302
-3.53806150721503
-3.71515549386369
-7.59733116333015
-2.54879794701062
-11.5955327819796
-3.3542357471124
1.71291962823314
1.82928020674178
5.26305719653333
10.0019031612707
4.20774228377842
-1.29488675265808
-2.97676586659622
0.466410132873463
-5.09508040925977
-5.46252366557104
-3.98218501347813
-2.08303132776996
3.07151052799649
3.24387780007323
3.5604033211471
1.79702746519917
7.93354204432072
3.90446247163621
1.15132009514456
-0.285311899092932
-9.09708863589872
-3.60275041402927
-3.86396873672088
-0.437931752179678
2.82423259467899
2.91618134922593
3.24927807275132
6.64279239430425
4.21195092864612
3.14907142114373
2.12111179218377
-7.75630329419696
-5.79084677129059
1.82440225398595
-2.51944531879957
3.27848198897997
0.368254539223386
1.47793904333159
2.46912231172732
6.14625032423924
2.89206385312266
1.78076823390169
-2.56225015290689
-0.86873199786042
0.729203921327512
-6.9673347601394
-5.05129811573483
-1.87707942702708
-1.20770128223243
-1.93620039143506
6.17599775494176
-0.0388192914088545
7.19629223848799
-2.38219044259331
-4.19668558811724
-0.340940571085521
-5.22175637200596
-11.8497228852245
-5.13721610805537
-0.35831376303438
0.73263674036606
4.09433381836991
7.20120703788081
6.68789858509627
7.18310436800692
2.26284124531961
-0.858822219383505
-6.07785448025238
2.10518400304746
-1.57612164204052
-9.16878593339977
-5.84113756893693
-1.66775597803471
-5.44462858947576
1.68574407422937
1.86835299896119
6.64109623438513
4.33974289245005
-1.90316577559633
-3.78665329519167
-2.16070660847089
-5.44768998720561
-2.48076670617844
-2.59645193707745
-2.7798946297303
-1.15886075493443
5.92798261877119
3.71040864137144
-0.928558128377283
2.8160292951514
-1.55631780134144
-5.67224351389193
-4.19908125190025
-6.53794658435253
-0.316205330478907
0.419751528809893
5.47211450090539
1.37094803442344
3.66361879274456
0.321185956644105
9.16530047069478
0.855179376806838
0.993251921923457
0.824475666618476
-0.620943250028003
-0.614181455669195
-6.4727814814775
-5.84910104990101
0.505122774630753
6.40250902474656
3.93317590101856
2.40934624773312
2.70458249168115
8.02356468700379
-0.207554209529295
-2.01774337768302
-0.22074396873995
-5.30574499567113
1.26561410805168
-3.53505529912642
-0.309174284604585
4.9197012718822
-2.05928236382604
1.07278600108832
8.0064683934546
3.01577694213078
-4.07204475000796
0.761583231017612
-4.22736356050114
-2.67707791602464
-2.34620641456717
-1.86213765704565
2.71818230918071
2.39733669827973
8.14002315429831
2.46629155088305
-3.47638379011683
2.38265721774245
1.51074790803876
-1.31797229120945
-3.27052761110175
2.60321054852832
-7.07688374061703
2.4009596663237
-0.386453193013503
-2.40493439651675
3.9877340737959
10.4833972190659
8.14516853115255
5.70790918108682
-0.590736781108288
3.18329675423068
-1.41334279615927
-4.3362010633753
-1.21403312612708
2.2870167228749
-0.0912141112386045
4.30015283652952
4.23394444185843
1.69064185296319
7.58275534603456
2.95907302752931
0.388039619306976
-2.59919958317084
-4.33656078196892
-0.633284933444978
-1.25546283796228
-3.37755223851084
-0.241784026780376
4.93969725579604
3.99822820987504
3.29537619545452
1.49661648607113
-5.58586817686469
-0.663746072930305
-4.40640175948048
-9.16152581358133
-3.46885037898029
6.99848898620158
8.03687990824714
8.1063390227998
7.03292379468336
11.2791833247479
9.08544663101029
3.25792221512961
-1.50198306869959
-0.338538629146723
-5.06580919528612
-7.58624068776835
-5.54129432501281
-2.53202956654734
4.28946490847806
1.21652383679918
2.64809409318308
0.974086894044469
0.150774282562092
7.79501999015935
2.32802931543167
1.38838445813737
-2.78956379264515
-8.23968357247949
-6.07586498871596
-10.4867995131426
-6.18796101146771
-2.89940213571576
7.26666757887104
10.8184341670657
6.83081269896636
11.0837283684539
12.7541309734772
11.2665086103347
20.8061482636657
0.965041374818038
-5.38436145485347
-2.40782272040436
-15.3650738438549
-6.12585915607683
-13.0968067547309
-6.08808573412706
-11.0561446440858
-0.451964585519759
-2.33093971673234
-4.0823415273279
-0.631835254426862
4.18555807041457
10.1212071178873
9.2790550777806
3.93720809689518
5.09564595386624
0.0625331133017797
2.07291186996326
-0.41835313762376
2.22816563486289
1.60125851448253
-6.29181800469487
0.797475831741465
1.48895895522037
0.450098526182651
3.43412787542913
6.97938369743935
8.26659220665108
-0.864256515071694
-3.27513284998436
-6.82873566039661
-11.4582938086267
-10.889678404813
-7.74708331815985
-7.34458903857829
0.0129518449327355
-9.57388171464773
-7.02484289331441
8.86978827592156
7.70321523506082
12.754473731498
11.798509717224
7.36747708967121
8.90463844099398
3.11626024606183
-3.02441766200255
-2.17519454278951
-0.422356054765447
0.0405405929547977
-8.36447528676355
-14.3699782392446
-14.3903099500517
-9.826379711644
-4.13740627931355
0.97922859998527
2.05690220200924
3.9255509849473
-0.387069980934868
0.797668278669127
-1.30545544648864
-1.77667310045134
-0.615326281877741
-7.22504476486253
-1.05554025264413
-6.1745671801005
-1.87694793486613
-0.717852616207936
-1.35296003448152
4.31575954520059
5.13363599564484
6.31976229505146
12.0132151532983
4.7966109666751
2.65976795904502
5.58785834682408
2.23663001501151
-2.41500194925955
-7.7638142623942
-14.344068724512
-19.2246796756212
-8.31310761686727
-5.1210755570492
2.04391016105911
-2.00567873599432
-0.469385546101636
-3.36730716930714
1.81342259904185
5.02203146102463
11.9149396320514
7.94535032627445
10.2640512205646
5.15920081386526
-2.95879466137863
-4.19310849222154
-3.24269990907751
-9.10551178417869
-4.45666447865858
-3.22875244728302
0.516960148597294
-3.15075490618403
4.55936721654912
-2.72292911887723
-0.0249009501066748
7.65065955723144
3.06414128133431
-2.10043406250143
-2.24240242533542
-10.9019183539231
-5.12273243110172
-2.98678343135412
-2.66358808552988
-0.350225994014222
0.569151597192305
4.06064840623697
2.10484465346607
10.2543072418269
2.10034094328388
13.2834381972863
2.3578783383252
6.65160256504605
-0.143907569221624
-7.88726970411889
-4.60264820216373
-4.41301673894522
-4.96497818485341
-12.6021128444325
-4.10830213804926
-8.37036819307798
-2.92117553306486
1.93987972379119
4.6759938870039
0.360940364715818
7.54872859904491
9.57469136643571
1.80139158314095
1.76488764083838
1.0856279986724
2.81040879480566
0.449635675917422
-0.0377966604111462
-0.438226604938128
-4.78698007178147
2.32364196244689
-1.31783585702948
3.16416008343288
10.6611642531493
7.68913564940697
0.386346375055909
0.834604644161463
-3.97321461756765
-2.87876008585096
-6.47834011866942
-6.26149256441178
-0.256383714382657
-10.0866230421059
-8.50947145766885
-8.44323056954636
-7.35034692849576
8.20800778172759
8.27589019078111
12.0027337395824
12.0317088911884
4.49356944177122
3.80479031986123
8.87378506688852
-3.48202374297867
-0.888674082393552
-1.52056870858086
-7.73772635767256
-14.7668550173589
-11.2725675334576
-6.11314591392974
-0.0505689314599627
0.651990334158756
0.429730610281115
6.08249448707636
2.00901260568039
2.00391652349233
3.0186145778774
-1.53782192742194
2.09048670882479
0.182864188181361
-1.44051561906316
-5.58316336315586
-5.24347392059575
-1.15504787632421
1.14394577834399
7.88853646522304
10.014747202605
7.55872037737074
4.73305313169739
-0.214066261722891
6.49245361648866
6.67362752013726
4.51396862067757
-2.3123050741453
-3.31346562157761
-9.17203777373009
-5.83717015909249
-12.4334043839555
-15.2990022249183
-8.36577354856489
1.29777419145295
1.58348139459587
2.20458316758045
-0.286622753738903
1.35467076021067
-0.634228910988913
-6.00895394291924
-0.151586824916231
-5.52757424588631
-1.94545055547599
-5.75132378152643
-4.04833767291885
-9.93048622727055
-2.01866374240277
-1.56900644987047
3.25560685395771
5.21835375486613
5.68637665761882
3.95349813683908
2.08810913994639
9.7627694238304
9.38200669747339
2.29897837504445
9.35313606115918
3.85872603233121
0.638638714654224
-4.31545321907369
-3.09626022792285
-7.3684035819577
-3.77305057017399
-10.0097830956035
-7.81541021906859
-4.09007328727772
3.85659876542711
-5.86100645143773
-5.56015909115076
-0.855971792641434
-2.93160422856626
-4.75089039367753
3.79909582930468
0.47088330604664
7.67479871058378
-0.843301906258731
2.53197256331939
2.87164432384147
6.38810936509543
-1.92566854026709
-3.15042192106456
-7.17465040607183
-2.68758759486424
-2.8550352116848
0.881494906586114
-2.43079154522833
-4.80274327932323
4.1323718425009
1.50126902391772
-4.25157292611802
6.16108238671028
3.46711059083396
7.95661517167945
6.04172291690577
5.06546714127513
4.8945364949546
1.16956168010057
-1.1561403197309
-7.41033174176607
-3.88670313439462
-1.84832027672591
-4.10643832904381
-0.689453839193562
-7.9264494814054
-7.39827220401137
-10.0556217061448
-3.28796630016477
-3.52060867764888
1.96414493360166
-3.68057468239785
1.07777571490369
4.90678333222446
6.68587349670694
8.8570373136711
6.29630189590331
5.3767969008288
6.15996250760216
4.61824460068559
-0.337521272267942
1.10414673841704
3.76896357799188
3.27056265898889
-2.01206116837191
-1.70419917098859
-0.770914052507449
4.1499762313966
-0.150806206748148
-3.5246970592362
2.55019235866236
-1.91246329905472
3.24490099760371
2.26338423694938
6.4867631870728
-0.35747723419923
0.042679868776512
2.54381395338365
-3.95900355066065
-1.51794264896413
-9.30216705984339
-0.23687271963118
-4.85852785719751
-6.23490542493983
-2.82546248076493
-8.38877249087271
-7.4122315897103
-4.36008592407717
0.436099761759267
0.850228267474067
-0.361187171233941
4.86356966788998
0.648566076290587
8.74198699401669
4.68290587888754
12.1845241724885
6.99890354525457
1.83813789328347
4.91818771080963
4.05774141616938
2.59484919998517
-0.0786259436289327
-1.55295595016745
-0.876717103749037
1.86650900963216
-6.79693846796727
-7.25706327025531
-3.53060058327552
-7.76396696012679
-1.15519932605914
-3.08146080462201
-0.645438695172863
-1.9768550135846
0.911973986035107
2.57895392757865
-1.3494943542155
1.41571272893149
2.6165125981861
-5.91304972126014
-0.409879185186985
1.61979532370409
-0.830672108179586
-1.67930963043074
2.06024921486167
1.44319190986422
-3.2718730767299
-2.36297006462301
-0.392584491793332
1.44710016754399
6.38070229083659
-1.14327746850311
1.91817510494345
0.301061941090437
4.57169358554427
2.76269185865134
7.18158101672558
2.60330897769527
7.16236408905442
5.41714159149671
4.87598887466608
-0.311876421294363
-4.22592943081523
0.600580058897712
-3.573748519882
-2.7943053688874
-2.626499928997
-6.20908666027964
-2.32933690846456
-5.6162018942431
-7.34320492504123
-2.95474333444073
-0.32528327158961
-0.210521709328546
1.59221342617784
-4.38499192514799
-1.6835944044713
0.477508060204299
2.22828288375033
-2.07688324659184
2.72998832584692
-0.0986277659611494
0.237509753038716
-3.14890982600402
2.5518261319414
-8.01488721812219
0.836470240532102
-0.402831471534906
-4.73264263733651
-2.97676686729135
0.672277449323432
-4.05026212237788
5.13271453518053
3.33370675417701
4.61143604682544
11.8581366155363
-2.77147805153397
0.639823380222452
1.28264949518898
4.07492809392243
-2.21766136127007
-3.31342667152106
-3.43451991487607
-1.06590481554067
-4.92511708989399
-2.05797136707778
-8.21461996133864
-9.05411984780075
-4.30878549863815
-2.98569136386683
-2.02063352011423
1.83618301662285
2.50154755849087
3.29510722646544
4.85422488886701
0.958960515122861
7.47799821065706
7.60928243369831
6.85642183132314
1.07030261255464
5.73005619557723
3.83631782307638
1.07321811209308
-0.438882676271203
0.461451129677958
1.39553695566873
-4.92701856573459
-4.54057597138504
-5.55072496066545
1.55398599285581
-1.06929249243702
-4.07293694491656
-3.16092641242652
1.15358323722693
3.65678419077942
2.94635452779349
6.97806808081096
-0.152604846601432
0.95461207624522
8.07737401267397
-8.55751293860103
1.99355372351441
-3.03345204578625
-3.47573319009311
-7.32451786986364
-11.132503260335
-5.27185130034011
-2.48602350930062
-4.27592082262947
2.09034686167697
2.20150902269251
-0.0252750792207991
5.3911270173267
9.74320561905363
7.10549041591999
12.5088645132046
0.346348536235907
11.0571017402393
8.9905102479499
7.76098452790783
2.54849178187897
-3.01552325884984
7.2796924774837
-2.19606276043594
-4.77058815260926
-5.14099916871488
-1.32092790023146
-1.22891116629565
-7.56403023659683
-1.9456360024497
0.671640411266102
3.22235012999378
1.93577309177507
3.53127532168935
-3.03423164326084
0.630605166848625
1.15169113062837
2.91374854952169
2.19680566241765
2.0374604162433
4.44489477653831
0.651689573120089
-7.41542282767463
-0.710185378211087
1.0308139564335
-2.9558913932144
-9.48028037845713
-0.020156127507847
2.80320716454371
-0.302083049578088
-1.93597015054291
1.61202002736372
2.05652580604607
7.26329071597608
3.35968167151705
6.18194031924243
7.17601659840618
2.44857455776844
3.44253406285662
6.45212505759016
3.97630968578977
4.49550061913303
-2.45924180569128
-3.657227232244
-4.1911470688924
-6.62481869946866
-3.4565188420751
-6.32142692625759
-4.38335548696167
-8.13848672069451
-0.802821449675313
-0.295076471727621
4.69201839584658
-1.22045847091613
1.25063827709244
3.0298794230123
6.1575892621908
1.94922567694213
2.97202203334226
2.72484567445444
3.37953671855279
2.97226430840493
1.81701935794305
3.36105470485093
-2.75805166788081
1.47616238982543
-2.77802182390073
-0.399827054177164
0.162111563267884
-4.41259276270164
0.64301044305197
5.04181969779882
3.10248839134812
7.61974920256825
8.92912825783697
2.27338528393008
1.2970489220841
4.48427497595702
4.76830554193691
3.52756121829326
0.675796640352403
-1.35187819226596
-8.18491554650823
-4.24172319247643
0.1900967564957
-1.69356860606039
-3.60936304376157
-1.98081867200846
-4.064192182748
-5.00949210240016
-6.29907087712708
-0.0579078352989271
7.50062644489775
-3.25253125769402
0.893662206980104
9.09352488258805
4.85525679640745
3.15077977717037
6.64317823887868
6.49422809190124
4.99765646570291
2.39866380057087
1.58671175529764
-1.96330036246839
-4.08218828307094
0.277756723049764
-2.67215280990499
3.99793385995994
4.29226119307331
-4.39244700610956
-0.949527234667392
-3.2418068237227
5.55591985389854
-2.78295804137634
-0.0356146596865299
2.82475042877058
1.70905439597121
0.916183894369267
1.3127299745373
0.572263759014878
-3.64377150772176
-0.847466883580153
-9.68069522360741
-4.75348836426091
-9.70421481167748
-7.2047707999273
-9.3819860232611
-3.23491897121606
-5.40552463865852
-3.38176345833394
-0.405729775011658
-0.712831174724827
4.34353447608269
-5.73560913901653
2.6187272448053
6.83064855498715
8.54675452286262
4.04542860499441
3.71216068871648
4.99670359617363
7.39084062304601
1.40489247578847
3.48844686447765
-2.20681945446029
0.324085181445351
-0.767740410885903
-7.62792640562576
-1.74446943910179
-3.25978017774057
-2.47054409438724
-8.42622759254732
-5.65338928090927
0.870155262303311
0.636894023220486
2.63455085466899
1.86552879699593
2.95440815603965
-0.304367877278168
-3.3440423835022
2.04262409187446
-2.03832921157994
3.44035079727342
-2.80415819975642
-3.90384381167262
0.664146848001929
-1.46788277825352
-3.97025188385916
-4.27364471535669
-0.80889276251598
-0.118343599852174
1.17236410001815
-3.49122069901753
5.01711145068337
-1.23380799513605
5.83056857816675
7.38959669811392
5.99524802395322
8.29896734616031
4.71083632514939
-0.477192629748791
2.35146204809394
-3.58734040017509
-1.53051845588443
0.484050730969658
-5.18911105874515
-2.33838045231539
-4.42725653068933
-10.2632510874426
-9.7442992854749
-9.81130378082484
-0.180508131373793
-5.73199903578955
-2.36428837049021
4.52044194000019
2.94695558879216
-0.0719494729895311
-5.39448727948854
5.42413728009612
7.28289968342856
-3.76221211220907
2.60773054575206
6.19554948497004
2.67088371212068
-3.5534527366359
3.04819283302524
-4.93827624161303
-4.96721485728042
1.11528012390224
-7.21861523868675
-1.52372031024934
1.88506523984417
0.688633050704858
6.63784887476083
4.98027365316133
2.13778886648926
11.8934245737923
4.50885884485265
3.92708480479816
6.18531655466483
3.60314960644644
-1.24556242181889
-1.74424411034461
0.614080359807597
-6.58084117470638
-6.12705519667986
-6.9966891678023
-6.63144485470617
-5.15693283437087
-5.225192561482
-5.72195305009817
-3.77927882660876
-4.50842687041737
-3.4408116478871
-1.48372136330543
2.02883022318246
7.14009967238068
4.41572468892618
2.36942098638836
8.40947262063616
4.33459026575411
5.9284840164449
-5.2139157999195
0.282308941384742
-1.24199324908552
-5.53861943554218
-3.3802881320573
-4.49516400342474
-2.50863710517399
-1.40412273552231
2.0083354075333
0.794958229104767
2.18827019939196
7.09612580289526
-4.54382203183312
4.86731041633938
-4.71719549292869
6.27562989435937
4.59933564756954
2.90482068671332
1.43063869754637
-5.92309111752766
-4.03710163078152
-3.34556186304132
-4.03675770639886
-2.94015565711129
-3.95351489865987
-1.08909341649179
-4.81207377169976
-1.54891269588976
0.560226252820779
6.91638258452933
2.36387373695893
1.17708255708769
5.40179329473724
7.96428616825282
6.40630822630116
6.64001370612111
9.23625280940797
2.8570306810558
0.832072518103796
4.83509618950139
2.16796065891884
6.3298224065536
0.0850960020087789
-2.14881544500167
-0.485135840926443
-1.45163081390674
-4.01422481327056
-6.07167775348243
-1.61973834695994
2.04150386844292
-0.287950129183239
-0.7406352478723
1.16697086287165
3.02933366749604
6.99589451434131
5.63945135560027
3.93398490970368
-6.39213884138808
0.8046048602433
1.50038886677739
-6.35488689326406
-1.89753650941591
-0.434125611996708
-5.9021641218165
-1.12233135047492
-5.70046660285122
-0.0776936451100112
-0.616648364803159
-2.40599724623343
0.835974273234045
3.60273865332627
6.63367322096708
0.116399838218224
6.61784854962249
4.59221832148073
6.37775943462833
7.97463104002605
1.85104813652844
1.92650363140127
1.00362727053391
-5.76285090991487
-3.266958601402
-1.78229200644763
-5.44887011425181
-5.59704028128114
-8.81423838860526
0.23268957827247
-2.98902428909961
-7.42634429123312
-3.06044724303216
-0.245774923551406
1.95858388823552
-1.17739328201894
7.23998013481199
-1.91342965144466
6.55395844599131
6.75489967591377
3.99021767108523
4.61072736759119
-2.12746962070269
0.892570357676143
-2.98093347661113
-4.63614487466263
-4.05301216444358
-1.44938728629276
-5.59595444206765
-1.45986409888805
-3.73132904411338
3.66805261522412
6.31115807404413
-0.845585085692361
7.76735054359466
0.652557712741588
2.91726907542174
4.13792131943282
3.73434981147077
-0.833704247893428
7.63421022963339
-0.209375556339084
-0.328791823647713
-0.401619590505506
-1.20122902003533
-6.12177740069727
-5.52749909206715
-8.36212483115331
-2.9390498161195
-5.98024204907822
-10.7069587103638
-8.58321204593349
-4.47090181693359
-0.717802598499553
0.306460523158273
0.936663709380375
-2.08163105291389
6.16617641469894
3.29497464425156
6.30227556302448
4.57291516749732
2.16510414941488
5.07388212771905
2.04863681483775
-1.36408907743839
1.18821986468631
1.26889229504837
3.57734895998011
-3.73463989263381
-4.7434234214347
-6.82758426749517
-0.578578715758009
1.45542925892264
1.37386182519567
-0.700583678946806
4.09747541500727
3.01880170798034
6.95124343036803
4.72744348403623
3.71471197076985
-2.08110386426041
6.16823939445674
1.64826256554704
-1.18003796209206
-2.14733965429695
-5.09209592309229
-8.99528492185924
-6.0346856579989
-9.14150412222121
-7.01245074044001
-8.48185253822079
-6.10762747401858
-1.16824084363094
0.0590623704708635
-1.07807316336041
7.20274246409952
7.02797892767487
3.36842019971757
7.04883357013825
6.31116541862903
7.96584861966278
2.88894230270462
5.29229308217114
1.37539307414504
3.62570171304963
0.66579145572225
-1.53901693233261
2.8328436833887
-9.3423118318726
-6.11440711925411
-1.91684200534141
-9.39468404195365
-2.96295640493898
-4.61702874677885
-2.17801220897515
-3.61148005323712
5.40027860906385
0.832427085705636
0.144391456836124
5.16993303725258
-6.03507095410291
-1.84066027311983
4.53756575016654
-4.7352918466923
-0.808358452957811
-6.62950601178359
-2.45823100103335
-1.74695208741204
-1.48928414306042
-8.43422624062804
-6.85909307968152
-1.58998085210308
0.800760544584578
0.192577003437029
4.92910372148924
5.30778826353686
2.78824246505818
1.30055971811145
3.30597347604359
6.54456801638816
5.7332897964912
2.38868518450147
-0.4569864450248
-0.155245388266701
-0.825366727750702
-2.74920536512683
-5.01300895353654
-6.79637484249866
-8.65658404739773
-0.441228927656677
-5.39505009481838
-4.41139099193682
-3.76183437055693
-5.06053610290664
-5.39196429976695
1.3976733127854
2.02648998987162
3.60933158790528
-1.43627093104597
1.17438352759521
5.22905667045598
4.7640265953494
1.53711239241956
-1.05964970827768
-1.26078678098103
-2.03157980708568
0.805454057790191
0.739112884388251
3.50979653978835
4.66875954143834
-5.41943116571741
3.20071442142812
-2.20183787911508
2.29267136985495
1.27388518169249
0.834704865576129
0.71917245392012
6.30987056715811
5.99350282848559
0.950278285322971
3.2169474293149
1.4339696312058
1.99242418768362
-5.3007559688671
-7.17414671380912
-5.89499911152611
-5.51625001609454
-10.2130309884173
-7.29856138185987
-7.35932219728818
-4.16497456817971
-4.68481734485765
-2.10238107062536
-6.59681330431903
2.29704440877171
2.97872891568497
0.552354380529164
1.10172364676834
3.71418647716924
-0.584895921974019
4.16672836599699
3.14513883844203
1.18588843228766
2.77498268544039
-1.11081058409688
2.31741406708236
-0.976038280592644
-2.54333632645898
-4.14933589408672
0.00408272795978659
-1.96253092896813
-8.2405771586714
2.64511097255017
3.6370518501186
2.97018913752037
1.04184575064494
2.29147605511915
2.14006188902622
5.54300714669632
3.96355828721494
2.80315418216613
0.674843716665088
-4.33361646632356
0.304621413637069
-7.91527344440483
-6.35180211983097
-4.71508327315596
-8.15521938217764
3.12307488273354
1.05029258895491
-2.79113288634307
-4.95395951169237
-5.09497755627708
1.44869359790236
3.64446961689381
6.68846996005
4.0216253748976
4.74099639758543
4.51746286315038
4.11529588198573
6.08577537242452
6.12767580066669
6.26912626323174
-1.95891575460212
3.20215178491239
-3.50843422124027
-5.14721694055567
0.856900282316457
-6.55710256659129
-0.152768074750683
-4.47473837060827
-4.24533699782411
-5.73116621747859
0.0693064671114545
-4.43478803214488
6.03823502757743
0.365045409853732
1.36876520590628
-0.306898519736007
0.465265850432418
-1.30877204538114
2.24200002297179
-6.26215005606291
0.0667972667984289
-2.52481497737506
-0.953312798019984
-3.60235072661583
-6.77446479343579
-0.103132658370635
-2.50423187847629
3.04876250403375
-1.27175479099676
-1.45606163105322
-3.87398076158665
1.34918235733351
6.2385064915623
3.65250827975878
5.65241374780457
1.48853334951606
6.3628789103728
3.44782166546172
2.04519835488996
1.04027727446373
-1.24450026474359
-2.08938374562433
-2.0018659724229
-2.28723953347194
-3.55493198156075
-6.57372599719279
-9.33710029451789
-6.86066702538677
-4.82205644141872
-4.42062261938497
-1.30529396903956
-5.42691493718897
5.23769426637667
5.40922035984096
4.80074874034613
4.18556173433366
3.53690678086278
1.06537451954442
3.72026717945986
2.50232070532078
-1.55887741428563
0.966991199924388
1.72958092609288
0.973611835906122
-2.61798960986824
0.583094080867418
0.446026999856163
-1.06974086095206
3.06559901479973
-2.13074078691188
3.63990108505167
3.26243012765969
6.50381435054502
1.95693075504221
3.83645861998484
5.13696344592028
4.33769089948567
2.53570395948727
2.18933632823506
1.36760085017625
-1.66983197536105
0.500193278713606
-1.53320248878616
-1.57577487418947
-4.47172997666875
-6.52145530050421
-2.32953376145847
-8.13342649044271
-5.48680162597248
-3.08412394394327
0.377916397797631
1.25942526265876
-0.603155175823386
6.60001629788734
2.5960621738424
4.59736178045042
3.83950977292337
1.10804505098188
4.21317238140263
-1.32145862235722
4.86866454147649
4.62409527839876
-0.177069652049568
2.39945142056371
1.46888422904389
-3.46322120305565
-0.394636384126365
-2.27284126483542
2.76859187129096
-2.91538248728265
-1.16044955068388
4.57887773226613
3.70564542244354
-2.58687065299086
3.77294553575819
3.64512514648042
3.68870267972042
8.53295011583454
1.21497259882106
-2.35956712476107
-3.30574049559588
-3.13521336021889
-3.96051380814584
3.08172611740433
-7.06657892338238
-0.798791172735879
-7.05278947146341
-2.76003741970358
-0.69127676246811
1.21472268923428
2.92925264698992
2.78593499095866
2.84922342138869
4.49439080048174
8.00153564706801
5.5394724819205
7.29681092460868
5.1952490049139
6.65557871803842
4.21404104323317
-0.511086056022088
5.78744618285822
-0.878231417485591
-4.28565164604443
-9.50150656870224
-5.36499859893726
-2.50417773127092
-4.7541843340394
-6.10557225189626
-6.39947360732662
-1.11563720675467
-1.06924232218014
3.72457910241526
4.15399982272517
4.54967176899578
4.86219435438019
7.0421561246947
1.54831087037899
0.352188210802384
-0.985781245014909
-1.37653664121585
2.68567773614625
-0.0802224968882674
-3.97375635168147
-4.43240111262744
-1.00231582770905
2.9542708609163
-4.13625821849533
8.36612022140046
2.6366314630517
-3.44252278046303
-0.735521357351951
-8.23240158257041
-8.0159816508622
-4.04358332887896
-5.32702612066703
-2.80997890651028
0.979401156559036
8.05737438200921
6.83742432529334
9.67282941107395
-0.212051433521165
3.9337492302028
-2.10558439961716
-6.02400907342281
-7.16547616348149
-3.76214567691723
2.31305279435399
-1.68423343179051
2.30911217252351
-0.2833926960116
5.82897858590702
0.224824478951639
6.19063174824099
0.960511434338064
-1.74448587912896
-1.25057257266561
-4.68311165875533
-1.82941719157132
-3.20569050941577
3.09310523026318
1.64678101468914
4.86295371064155
5.93550283549875
-4.93351278986756
2.15016399423787
3.84209700858223
-6.05248527922727
-4.26808958083521
-2.86237049534368
-5.77561642574635
-5.57631020536637
2.5561825585587
1.01426324378261
8.22405835187471
8.63659037530187
2.76984444069678
-3.83528519452873
-0.158453018675045
-1.35742435053107
-5.03096214877153
-5.00347658112573
-10.6642009663407
-2.27081141486935
-1.48353770263556
6.56674172850858
7.03762070685669
9.22217931678042
-0.388311611478824
3.40427115055592
-3.5094644480589
-0.273749029996634
-1.22080376357137
-6.27720187878638
2.96394405606405
-0.296896449940874
-0.519610490868987
6.85541937173948
3.7755265484768
2.89372599487473
5.11185662536739
1.96747956753998
-3.35125822545465
-0.746314034722713
-8.61435955042915
-3.05890573287009
-5.33755872821137
-5.15827607821772
4.46737573295137
6.40628486065106
9.25824538332818
-1.15563295636671
5.82829361023842
8.9364750166817
-0.346177504083191
-1.81098370795902
-2.45328987773069
-6.90626861861202
-1.68996676039846
-2.06755625784341
-1.83188548670923
5.36886490377262
4.32671301527125
7.21664291476293
-2.89008800039201
4.46104188165127
-6.30382162249016
-6.06351692951222
-0.161747032662636
-2.61374667710122
-2.30457509944316
-9.38073390580059
1.77481358066516
4.91593908555726
6.56836509377345
0.377255764761448
3.25469938948178
1.84104473588994
2.59255950531584
-6.51686745542851
-1.03605747707497
-1.30202520590237
-6.0872916500424
1.07047754858315
1.68346192638292
2.27740072364259
2.6460460824304
4.6335975716493
7.82088472595131
4.12342107362975
-1.40130084753753
-2.83631123801121
-9.06375891621812
0.876051343846126
-1.95978122491043
-3.31242140817362
0.251399824511295
1.67394710198844
5.65679978708001
8.15839313772677
6.75313053331137
6.4551166567373
1.48525913626598
-6.27482860875726
-4.45616523358993
-6.7271863193519
-3.6707770283403
0.616204668087252
3.60734323545625
5.31489620568169
7.63279416384507
0.915775842222992
3.40662893637422
-0.059914794867431
-0.325130625061178
-4.42615586802777
-6.44922462130222
-3.25619899089619
-8.7309969461277
4.68557155481613
1.96380861322246
-3.27169449806344
4.98485674498682
3.55412752237174
1.63931551236246
-0.0745260662377816
-6.60513571232662
1.66402399341706
-2.0783834429633
-8.6953076927173
-4.15777136414452
0.589982902637267
-2.15313697368733
2.55423806893396
5.7759444143107
7.47716969289612
4.60002448669397
4.93683860245615
2.60220645160709
-0.0841071609428896
-6.75744089237375
-3.19992354270246
-6.15878010253144
1.81034441591016
-0.423427198412055
3.93261505194766
1.73743311549962
4.06550463341846
-2.5100571616124
7.09169549808867
-0.312558301715536
-0.144452702514956
-4.39455458667634
-4.9470972494563
-3.49973142382758
-2.36981315064446
-2.3682175091516
1.49534430170422
9.27560681350285
3.46748214459419
6.17902579830411
8.83623604185038
-0.68161243549651
-6.48368192883867
-5.41413507159633
-1.19245176223906
-6.25898934905459
-7.72637932036287
-0.878849255257026
0.26660253533451
3.73538125783387
2.51731898827038
5.77930674625794
-0.151001982377167
2.57206242829194
1.55055380349087
1.31695404484038
-0.572861033307433
-3.51152713956501
0.254115630901131
8.39233150528767
3.28759276404827
6.984436063291
8.36225000670133
4.11582076208189
3.74781506237339
1.78108591206705
-7.65380094948024
-6.27807035746663
-3.95806160599128
-1.44966766903635
-6.32197567665057
1.50451130649722
2.40031394285331
7.54445522395003
7.20233561888468
5.45241436675649
-3.97341543435868
-3.39462083805868
-2.67648637431752
-5.83336089582054
-3.62318968392723
-2.54475483575847
-1.75630396426722
0.30101511948081
2.91877046197238
3.64947079077007
1.82535191930049
2.6794146440001
9.6315467015936
-4.1002152141223
0.516191492429058
-3.47008173025331
-5.55045974540087
-8.70043030493312
-7.37171642324151
0.889364519468381
1.85974270044328
8.50144119740436
9.0760198972087
4.73785700658918
2.79151089359082
1.40181883484242
-5.15497638589394
-12.5332276930863
-2.09857592098895
-7.84114122980614
-7.38444563748437
-1.54124781045059
2.49248198297629
7.8302559904011
7.63034219995896
3.83502790801957
2.88802697024408
-0.402338405123135
-2.05039477838616
-10.2802079376901
0.901938680658693
-4.63446917129562
-6.16180462027353
-2.82737777675029
-0.180499356574961
6.69670140258807
3.1476473529801
9.69782134408674
5.74114964954865
0.173997688574052
-7.46026362417759
0.517701878563378
-4.71535526381528
-7.51984466834478
-2.87790675095622
-1.49410321499356
4.04476871672542
6.79003351078708
0.678300055188693
2.9590489029654
5.17355786762845
-1.95468345040777
-0.83186272858817
-9.50927092363701
-3.38325092273179
-2.58201998495778
-5.25067368178105
3.16419212368356
0.795376561588313
7.55043081399559
5.44535969722216
8.07097720071086
-0.0121711761248895
-1.41208957729452
-5.78138799963048
-1.57156792259531
-4.1909996694334
-1.45318475039138
-1.55648595154934
2.93494458076445
2.07944312694775
5.16799959725239
2.48300613252061
1.51772463191501
1.85148318772915
-4.50973508269472
0.0129352557892242
-6.03299764842889
-4.31694418183016
-1.51615783639428
-4.67131925148179
-0.299759268730356
3.97444467938272
2.20953405374464
4.22251029015148
8.5459082589976
5.65372166519407
3.87060995278688
-2.22828585277566
0.30090552168007
-2.24930047260396
-1.6351403671994
-1.30982352710655
4.33453586805415
1.48338279710554
6.37220554378652
8.27545433069144
6.40764840039578
5.46653359387057
-5.32426762412398
-3.48652763676473
-3.26577486732518
1.14655438849067
1.23771023928356
-3.60411388091542
-1.01947891979552
2.28929207891573
6.8814448748141
7.40834903265916
5.45171223042804
-1.06476541510762
-0.369166261824961
-2.6587512137665
-3.44639110164693
-6.53314847331328
-6.34217348145439
2.94037891731245
-1.03215406814042
3.166656331999
3.92334409196427
8.53054136531785
9.03227693357334
1.18090550438985
-3.15479304575627
-4.48283306792687
-1.59568219443241
-3.58456874555905
1.95725766707433
0.877915172944732
-1.63543325703101
4.92965813094296
3.75739882319282
6.58481744600197
11.4749911303951
4.42070499005731
-2.41826660095712
-3.16871871392977
-7.54460038369506
-7.0262121215998
-3.30430551198754
-1.44428802665605
0.0455529851704271
2.47549085587137
3.93254664902893
-0.645474698997548
4.23586101898901
2.62728505701804
7.358343022263
-2.59888149442397
-6.20479045069783
-0.795085796573805
-1.51751565473088
-7.95362972483208
2.76840881857424
0.279599878095299
1.58315050901678
8.77467000131558
6.13055123721266
5.97206953986572
-4.25877990438959
-8.43853189347015
-6.84436639466832
-0.8628477197266
-4.39589872152271
-2.80460412580684
-3.46197806558088
5.1157524225873
4.48501964483655
8.45273831122469
0.225396073168254
2.56203263999693
-0.90044044385431
-1.72949155779634
-2.37593310871422
-3.3489036036003
-1.52042541594282
1.79216725389481
1.75544169916251
2.85781472479461
10.5735192683932
2.48936422469465
0.598489902869228
2.3333070499384
-1.08583103804084
-4.16416967952472
-8.134006448794
0.892190497468279
-8.15279594369187
0.00250757248523992
4.22819327769714
5.78376336665607
5.45358969395696
3.37206795185875
4.11426394245834
-4.3985337327594
-1.36790403578079
-4.11569149464734
-5.3869269726216
-0.32610126351541
-3.8009377397675
-6.32922662675495
-2.6248742517611
2.4234816612942
7.79254094128708
1.03581306293836
4.42279826102912
0.64579396686762
1.94749994396905
2.91730777145622
-2.56695826716357
-5.49895543747388
-8.33559351113042
-2.00473523378765
0.720998154351566
6.00519803038143
1.6390317785842
7.17339608851861
6.32242726713631
-3.5974291085384
2.6431702124823
-4.12038673122176
-6.56557865834512
-3.87938817891858
0.668972763055177
3.71360102726213
1.82978796745123
4.73854797867116
5.22711433868316
6.46519310267278
5.45752131629999
2.61619869931599
2.89761912248065
-0.61647142534569
-4.12687978076333
-3.28745237912911
1.1992566741058
-3.86439385969596
-2.46347003556164
6.82271897587327
6.21564642188953
3.24791952143055
3.54328992008484
1.35151165004307
-1.00807618432896
-0.979555219761687
-2.23717969793439
-12.1182869585904
