"x"
13.2205671460117
2.99123858630738
6.97168994750028
7.88800318687934
7.06531124793987
5.4162668408785
3.01191187994372
0.615340583669122
1.06039746943151
-2.28590873226392
4.97951555206559
-0.0125711355841831
2.29394352721459
5.7099204356246
-5.53458073828627
-0.852756600019712
-2.39135708041179
0.446747024774958
5.03937141749339
7.82999715620324
3.58349436622071
1.83641757215249
7.55038606100053
1.57819376550244
-2.77240100761212
-6.38264392933927
-0.851956084341207
-10.1631613818496
-3.48788761541101
-7.22445137316015
0.651817694301176
-8.5404973919289
-1.57193588337799
-5.45176198768891
-3.6187756160316
-5.74580418039686
-1.69343750076553
2.93692563505787
6.79222367560026
1.32753277246985
8.69943975335378
7.44685926055892
8.54151358787069
5.63425087366873
5.67248155081982
5.05557249676347
1.25762517402296
2.01811063563404
3.95629428473
-0.458073722904752
2.39883224207971
0.484795141197992
-1.65547917943745
-2.26484288550814
-3.16947156515254
2.32301736802081
-6.29752972023909
4.35996403177678
4.38497275281535
4.14740352366931
5.01557514747616
0.419104487352719
2.90880428759461
-1.28919048886595
-4.16311008179418
-5.99278284123046
-3.16794003078936
-7.90703349888079
-8.55166734370622
-6.04941024808915
-5.31281024791135
-7.50721902438505
-5.70084238048779
-4.6407675851593
-2.47652640983906
5.06098613691516
-5.31457161467647
-0.54367159164527
5.54604772088974
11.2337104128224
12.0058300865345
9.2571829809572
9.0047456965651
4.36039778316653
11.4333562223424
-2.12392979265787
7.03494226963628
-1.45779184094235
-4.29613950434302
3.70341345879866
2.39917695070531
-0.279357260290197
-4.29939028570893
-4.5849089360453
-6.28933248781714
-3.58622856882992
-2.0706597372488
6.32044627370623
0.588073512311482
4.87162023968514
7.92455314323505
2.69156032518228
2.50156655635921
-9.99403320769031
-2.24917658539756
-6.90091817049072
-2.74525317562979
-5.28397108278639
2.24264161291738
-11.9701973027625
-6.8099099303264
-6.53910615427803
-5.78608640527103
-10.3506117964676
3.20819270209358
-5.74554011450348
-0.65926560244653
0.910869961142398
5.51733042002654
6.35950957129534
4.63725614099189
10.0758820458495
6.15180227168345
3.47687343348317
6.83729210783608
5.13985001661327
-0.264977559467682
-0.912658496672112
2.82668473291597
1.82980954901866
3.45472889023207
-4.2459579844557
-9.55995617352488
0.832675344189012
-3.68748501478929
-3.52486352967456
4.50096202682345
-3.97007869279055
-5.05134477487264
4.52244823222416
0.542336925187045
2.11098805746063
4.23683870977287
-2.05582591034765
-5.13829834717715
-1.95416193272685
-6.00477584995866
-5.12385600260896
-7.49713443432313
-11.7289938907658
-4.09002872509011
-3.48075371604131
-4.65320295199792
-6.44737507618436
-4.02945279718186
0.696259818398363
0.154819539853022
2.32778515026189
1.96006963446369
10.5193705512455
7.62968612849598
11.771780176173
4.63676100362207
5.60064472739833
9.27783693921887
-0.0844640600288802
4.12224947968348
0.388467836267556
-5.51126632837686
-1.30913293964645
3.13055431113654
-1.0333805894443
-4.43369504680111
-1.30868432639536
2.7976472976972
-6.22454954282874
-0.45490347661402
-1.57019712210486
1.98689674540883
-1.97382846811021
2.21664861891895
5.12810797409674
-5.53712513879393
-0.373785821549377
0.76037505972547
-7.12901145358681
-6.18596791348091
-8.24639334047386
-5.67767125544189
-11.4466538013694
-8.13787490768506
-5.98572681122694
-0.918983351627793
-11.0658017751367
-7.25304071171837
-3.90279751724685
-0.926665520692118
2.63995471976428
3.84190526364594
2.44830537261035
9.52512477228999
5.29715157117337
11.8245141371585
5.91703353970828
6.00087589590284
1.5278316187512
5.50716508243374
4.36060781470508
7.55062286840938
-2.83262160897658
-3.32200609774917
3.8835491893898
-5.13569577123207
-5.87772860357236
-13.6244771562995
-3.76130228803826
-1.58224080269625
2.93051492787823
0.102260732192745
5.70597707927054
6.36345864295126
3.32980330404061
-0.58486883149362
-5.98563176515581
2.48965888316338
-8.35900895583237
-8.78276770044277
-4.05259259379444
-5.95009379747045
-2.39692373399075
-5.64282430423979
-5.65526098278613
-2.57888017487289
-8.31340320627273
-4.72816597804616
-0.0500906157382643
-1.41916662113744
7.34063211951339
-0.558241759379421
8.00764998412559
8.24160732496932
6.85504092812469
6.22222738846739
8.51662831325879
4.04642297818848
1.50962038505006
3.03924802636683
2.52210311561883
5.00741417636139
1.885275228837
2.63288918612014
0.905727987445627
0.0312790720307297
0.696296918552415
-3.0286342469797
-0.22576215058594
-0.880531685455169
5.67118780520762
-2.14888538971064
3.36014674251525
1.73852317112634
3.38093409763444
0.235689182178772
0.0848399762091205
-4.16550928432223
-5.76913867886573
-6.90214977302959
-7.87595891239145
-5.16936037939916
-7.5816876411865
-1.33083016081819
-3.14450901138921
-5.2691399359279
-2.57870545118889
-6.14182709766424
-1.85661011786009
0.28210248312332
2.76959551803823
7.91973311104582
1.193353346082
6.76112225237936
11.8997935943825
8.55899652096221
1.85145587274802
-0.833424320040454
2.03612017919944
2.23074983691839
1.26547061618886
4.24207604740695
2.12845606362782
0.203698274176075
1.36875141840896
1.67478555991967
-0.390928830056599
-1.52489225363898
-3.47218804468969
3.41339764663326
2.99485346458233
0.838131579343738
6.3192172113795
6.0519188779844
-0.976513473365648
0.425297921010495
-3.98346768562476
-4.42544901055693
-11.4393659862462
-6.86468441010956
-6.15625994958582
-8.14003063535869
-6.01654127178578
-7.33775888378931
-8.6297469210044
-11.3817677603285
-1.77341313683293
-10.1759575724329
-4.25875685766679
-4.92521399470073
5.03059655403876
7.103905602894
8.21279128481295
8.80160545872944
8.61790644186788
8.12441930577519
8.24348792173311
2.88708512997599
7.71167207419668
11.7367954229159
3.00338015879683
-2.14007242813788
2.51408074277012
6.89756158885984
-4.38851954079139
-6.40616034842878
-4.54788194949495
3.98206885144357
-1.88820663081898
-1.17311294456489
1.21444172093894
1.40348305605694
0.711681184091909
4.17610520559004
6.6011429668661
4.30319216692051
3.52798656256637
-1.54297318947853
-3.37915730551907
-2.33624676063909
-1.25088803491021
-1.44813138958476
-8.23019407482502
-4.67264739194698
-7.21801286821768
-5.33392296903606
-8.36973727592657
-5.37995546000555
-3.19777400136775
0.267022421668201
6.1991452693769
2.36246745861723
5.22908817728451
9.01641629254303
2.5132156221203
6.96762034339701
5.49426105637836
8.22277688552226
-0.17074345210511
0.679991134106112
-4.62526559919369
1.96892262791518
2.71032996586536
-0.899383338069913
4.76965034468746
1.89500921959179
-8.66688040013496
-4.11189322447057
3.2559227842639
-1.5894343907099
1.08570756950074
6.27530244405107
5.63900288029862
5.00342182644336
3.18881189041234
-0.158424960717322
0.603178789990147
-6.22764228928529
-4.2609232405347
-9.13533782916801
-0.409632989007975
-6.94476151734457
-8.55857709688867
-9.98978018765931
-10.7095127816909
-8.30570540454415
-7.09106121352608
-4.26282335286225
-4.20076258548941
4.97031315286373
8.19027622297887
5.38344158526079
8.99780834784642
12.974042446771
9.91081836561398
7.97204547539676
10.1046285472185
9.2045576086931
6.98957437318275
-2.85201606260526
1.94342174131255
-0.297482944059172
3.72938488960347
-3.67633370761949
1.78548071526163
-3.84568501115769
2.49418805353767
6.223223595257
0.168004505403758
1.84704494662001
-8.23076134576545
4.92589627907149
0.886302766988585
4.03479477861246
4.31446515495299
2.41801214396032
-4.45547433383286
-3.75480942004737
-6.21028691823711
-2.28168081267627
-4.37052067897759
-4.82317168634065
-6.73498625074189
-11.0564061537912
-2.17364810943391
-9.44419810139234
-10.3320745614776
-7.01894507681227
-7.05620703993243
3.57232256823188
1.92295810765502
3.15272307762998
8.36305834431046
7.92097488181988
13.9853318756644
7.07521974010369
7.05558434174273
1.44903900118897
10.4508087219154
0.955908712921411
-1.67876711609929
0.12754706384125
2.13592327186851
-2.19565199916542
2.89680416305552
1.44460572988437
-6.27065337111177
2.55230199627887
1.60986986469293
5.10691952674058
3.01472128267691
4.18652803216507
-1.10228910083827
5.30032823484976
3.28366808253396
-1.60916205262666
-1.72607438211229
-0.840837647998177
-3.20262250651546
-4.02409858151713
-5.93024413634182
-0.515121651003958
-4.57594277661331
-8.24470914094436
-2.74017814405947
-9.40664691934663
-9.50133277124395
-4.48431747933718
-1.1634408476321
-3.16475840762235
-1.59366877387141
-1.99644370332398
9.08395604325159
11.8259155728658
10.3475262482418
12.2263277103936
0.774737128672732
4.46781575504285
-4.76047779994678
3.89446848621081
1.60251337705919
-4.12768733543779
-1.75936626108312
3.91636891116358
2.21013424071292
-6.20900173263575
-5.28250825717466
-2.20626651732095
-8.228536620169
-1.31806371563637
-2.18525232236337
-1.16994814801954
-0.0967800960041774
2.0116779149135
8.12991154559584
3.74983248625405
-1.77802609096324
-6.59110850212989
-8.09857306345829
-4.45216870956095
-2.85305025755273
-6.31936424822487
-3.29861176372315
-6.78748831803758
-0.885343062489913
-6.44364860783506
-4.91284752550902
-2.72655629716162
-7.85856784314717
0.144686290838541
3.89968752561697
5.48824247374635
11.3095058946922
4.64701980165813
8.40675814205004
11.5663982217646
1.04892367933535
1.28377097601021
3.37012018177757
0.448089270794237
5.0241591636661
-1.10575373341648
-0.406080093789255
3.20725684153714
-1.48622411376412
0.647175841766789
-5.28025035094733
-7.91482319184542
-0.921141809304974
-0.825629682442088
0.683455824576987
6.1969783938105
4.13843821744601
6.35857742095978
4.89589465796459
4.88714744228374
-0.15389147946177
0.00889937930294771
-2.42320262540445
-3.46435699736786
-9.64956074298146
-5.14188335388127
-4.45138567058595
-2.75565266320303
-12.274769395901
-4.81605021967729
-9.08286018678397
-0.494580566015525
-1.80826282866482
0.0181315405221441
3.45063725253348
8.70645430815583
5.28117114867123
7.96898702429944
4.12933119801075
2.70914082793773
5.8161224948252
3.12023017913562
4.23561171457953
7.94064671888662
-1.11567904814465
3.31647133293486
5.54964456051786
-0.443847060007784
5.34996968752921
-0.68188524616168
-4.35806162812553
-11.3677679761781
1.11050998837117
-2.75434497547201
-2.95398613040715
5.4665325687442
4.38423220454322
1.87703756998405
1.63940010387357
3.14261569970342
1.186534194929
-4.98993953742686
-6.08205275571214
-2.57289858041102
-6.08750595012214
-11.8282027509825
-1.98554259784765
-1.18147384874456
0.923959606814144
-4.29479621786325
-4.55595042566736
-8.9094599987407
-5.07057202456335
-2.51587312676918
2.05819186279543
10.5063951840286
4.95956692511184
9.19287371432391
7.46449101744693
7.37391664801573
9.65632921038989
-0.0917908282263689
1.67733009787563
7.83879022099914
1.88606109878188
-0.391329392053655
3.56448175632295
-4.99429434450312
1.99574767876335
-2.31372145957359
1.55988787973341
-1.99894734867329
0.644713544186349
0.419897084486567
-0.978381230046482
3.4280495276915
2.22572416480157
7.35540304931971
0.0301254015932684
3.2664577823299
2.99221007691475
-5.83226830507694
-6.51796361585957
-11.491999342088
-6.0440344219603
-8.45004915977785
-4.57472511213363
-3.11398571403251
-6.95301251317571
-11.3639179176398
-2.22967577991786
1.21745925851329
-2.30478537948581
-1.39251719520174
2.81720083844947
2.61337552100084
7.92124527236221
7.04483934749016
5.89051355426132
9.77740031357016
5.719695332422
5.23224791953879
-1.43024557985818
1.96348460531399
0.218014993135045
-3.88143336139145
1.45950258896947
-4.3173267386043
1.94145433595491
-3.32547702749883
-0.31770365727554
-7.55181780492367
-2.71219940179401
3.95899519744719
-1.10629910361428
0.435100396013882
5.14964288103433
2.25868561857441
1.14420842591803
-3.14249725356465
6.39707168162336
-5.75407743364966
-2.92614295031721
-4.67206307984697
-4.34996244596207
-1.52866193352227
-2.39536602963689
-7.08516736361743
-5.9200001943299
-8.84096458393328
-3.17733015194939
-3.85964825168231
2.76850393724876
-0.124209931439319
8.11953083696517
8.11232688371262
5.21985635512908
11.1887112120486
15.402123008383
2.4103552044427
2.92112509861896
4.92914302441862
6.0189173369568
5.33507767306533
-3.35771807690771
0.227626584618632
-0.133366273160504
4.7009830848748
-2.10577342244015
-2.35018428390332
-6.2477466883191
-6.83638520726571
-5.29699473383115
1.80907073219264
5.2756608979189
1.89435777245431
5.06495422137529
5.36179255086563
1.05103963075632
-3.76008188191121
-0.32625712940245
-10.3467460016692
-7.88163167891285
-6.48044304567934
-3.17081434034598
-4.54442339899849
-4.64507143248034
-0.807066277362758
-1.49055445331929
-0.973788300154833
-9.59629486699961
-3.91733256548156
-2.49951395170657
-2.88392796390565
2.37756454383689
-0.397178596607408
7.40422056455354
9.71005640609719
18.0230258270249
2.63815362204959
5.44913388173447
-0.135246342504451
0.32737203116955
-3.31218785348147
-1.0996476606608
2.44515966146583
0.485576735300183
-3.18721287454169
0.931672284419447
-3.31153409865439
-0.86241536537607
-4.20786972670141
-3.61260289864871
0.914204369135346
-3.62945429657319
1.43458839667657
7.16042017832742
3.14442892446984
10.6202915024288
-0.961608256547871
-0.766803056477741
-0.696632852696949
-6.0606912378176
-9.59240063914443
-7.53547413738489
-5.54355691741023
-0.200156050460661
-0.630058324954239
-7.37319371309989
-10.6826115961099
-6.9314841495898
-2.33219089651525
-2.35424962739204
1.35100098978042
-4.87548461793799
5.45229512315049
7.09684894080046
12.6298939998233
12.5496399180876
6.02061606101657
8.93349723961681
3.74427767398078
4.74688517962707
-2.91653983673002
4.20356726962002
0.204942573425259
-5.19025941608886
3.51939753104029
-1.93131449806759
0.973523516904113
-3.04845554480042
-4.22703854313175
-1.26116842865394
0.00950224871305494
-6.49847987712447
4.77956696043819
5.42765399607093
0.411407667238779
7.36206675545663
1.80256868989599
-1.47010157389684
-3.37063647583679
-2.06881496933678
-0.519018590800112
-6.17050320939004
-6.03642732404454
0.270547164750809
-7.9236702716681
-4.59224223840054
-6.04176502105638
-5.06657506539942
-3.46829475644844
-0.619181306735175
0.868545208282594
-5.56701855510055
0.733754330142872
6.50391389988838
6.21126857658005
7.5288980424858
8.23905988060557
5.80096852789936
3.50550916479603
-2.93213888177756
0.576623032197889
0.139990518138667
-3.24098213492517
2.66467935543384
2.30062493464842
1.60564398097632
2.28463496650416
-2.00317806507025
1.93693122000669
0.595722283038621
2.45065827706111
1.53262142039815
2.89727585166987
6.76015683786913
1.58061057937662
1.73186746426788
6.0726017173017
0.878871259958901
1.02517317830448
-4.25172378962724
-3.79168209325268
-5.31620841156622
-6.13453586867629
-6.96682987704244
-6.73256978944182
-7.31337896641281
-1.38099031943104
-8.62303819543389
-5.00927883464871
-3.14949325282598
-7.7626876746769
8.33631058574579
4.07729063484117
8.25279229828582
11.8373587196368
10.8704646230095
12.1457679740641
8.09287265481899
0.530731896589406
-1.23665318157475
-3.91283943118043
0.41884498867769
2.14589655688685
-1.0493813556057
2.58041726468595
-1.24045565390956
-1.75700313804516
1.97576060934747
-0.725751337856047
-0.370145110075242
-2.05329526824853
3.46898915531531
1.17306517958279
0.0107439700390288
5.51000281267379
-1.35151116324684
-2.48185484191999
-3.00544689315554
-5.92687615074936
-4.98225180256618
-2.48150585046622
-8.7693443914474
1.84113409463261
-9.57972744604258
-7.06669683995819
-3.1912299097347
6.85100533666241
-2.52267051918997
-4.92440173030147
-0.971226297516628
3.30792447162194
0.95155231453216
-1.76927298918949
-2.76508568578716
-1.06603241688581
-1.68432757039955
0.437376400131726
1.27483524121395
4.83020021618659
5.5498395071723
3.33635573034216
-0.943912772117845
3.38460344863704
0.577605866877486
-2.57097115273828
-10.1070726295403
-5.17628616636682
-11.8587348707057
-7.46709213496777
0.390811445626507
-4.81536695387675
3.05771768239004
4.37565113755096
0.766816215768755
7.4508001496985
2.45011611031158
4.97743013714511
7.44349357239518
5.6750819064693
4.43558286632568
7.13703231818689
2.08919530910486
-2.56844614240392
-2.03409309729587
-6.35801157310829
-8.90683367517996
-4.73804074817584
-5.84899050957504
-4.9830286602051
-1.77699988941081
-1.42761437493999
7.2587203510581
-0.819025717572159
-3.60754514834604
-2.07113943446204
-2.93351404303559
0.332614754089644
-4.10532150519507
-3.59093751933915
5.00962906033542
-0.828489807674586
-1.4162917725873
2.66430377204344
2.49564887161817
0.498907757819925
5.93060074903848
5.68061208792042
-1.43242342369409
-2.133504138202
-3.35825054447509
-4.22670195652168
-11.8839010312903
-6.59342163100119
-10.7126360250142
-8.33790222772958
-4.28051716350969
-4.27867808302489
2.36788060712322
2.03995150348498
6.5269972345714
9.90015236233878
6.81423476558072
2.84397946054186
9.98486784515458
2.66065529991148
-1.41022304694097
-0.87752564959278
-8.47104877174671
-7.11869651583732
-1.25851999857315
-12.2511917691387
-2.85652435506275
-4.84038863219469
-4.02173098791346
3.76530176144887
-1.68770988145477
8.81003001585094
2.53663891943414
5.07971578436175
-1.39861009788572
-0.695948366775398
0.641492410030785
-0.393336806934679
-1.85253498197659
-0.506910414283734
0.920456690927321
2.43727176724373
-1.11748839962132
5.6060118876517
-1.96128881498237
-0.453624695894667
0.980244935712201
2.0633321475929
-1.8065519503765
-7.18027351843389
-0.379401440229595
-8.95637801179297
-2.9106119333737
-11.4210018105229
-5.6651502756538
-3.01842772518946
-4.21257215999667
7.50187791764385
0.339969953671878
12.4662931262542
8.02863424078726
7.94598203302572
6.16766226969585
12.7363871274353
4.2254948444918
-1.60863478767564
-4.00499234247511
-4.29637173792579
-7.70245946029468
-4.55577660188774
-12.6979760788336
-6.25474027472909
-4.43139856321123
-2.24410437156242
1.89452766447338
6.49918862414093
4.02747434843076
4.52235297076597
2.17175699785653
4.57629002370609
1.14837391694535
2.67260477540722
0.882217988209396
-0.895619996119724
2.93148212975693
-0.464309670547452
-0.598961758032095
-2.59626704547195
3.77488641480592
-2.62606825827744
-0.583117006366881
-1.98525256490192
-1.7537625628577
-1.39781402420341
-5.97279184572186
-3.09534841130934
-7.10103116638226
-1.81640310022707
-0.380226320552702
-4.79352596781225
-2.45722290643635
3.63493628150848
1.5705450074595
11.0398121798052
9.68366107013826
4.33294541915793
10.2772098889281
9.85853342482136
3.37279303782279
12.5651425821954
-2.86921253457749
-10.5241940476598
-6.29972414032873
-9.17029269115238
-9.80807615659867
-6.09417034353479
-9.38901580179067
-3.19273767710372
-5.1176327033956
3.90689522836018
1.68287230523889
7.53268593101492
7.34855708724168
6.98794377891038
7.29399291702926
5.93440529124235
4.7433678114599
4.97985497651679
-2.83810211788371
-2.57033176087436
0.734417841077181
2.58531608395653
1.5695883906204
1.36625660584073
-4.51703235116834
-2.85252063096521
2.22720822435159
5.27386851875152
0.0962664360800107
-2.44760452022004
-3.34986524141841
-4.65602968703789
-4.49001237847831
-9.33744872968499
-2.98084244880907
0.213424619005337
-2.56105791277463
7.72676032982063
2.80692121937101
7.42068389899238
11.8118162680661
4.17104149713788
8.84942129351901
4.64918167115783
1.7723893732202
6.84287017894385
-6.14504106626448
-12.4441653371274
-8.50883566531771
-9.06187903288062
-5.51996050372415
-2.28891307302427
-1.20792661808372
-3.32620236736056
2.47611130715428
9.22283716723947
5.18195786932151
11.7229452756218
11.3641690965763
2.47057138166786
5.650380765275
-0.651474849484753
0.984475580715672
-1.03362146532505
-1.97026997293258
-4.08301012134334
-0.506929691931947
-2.16465042405516
-1.16983712667899
-2.94703466370911
1.40466490465598
1.37878020629409
0.659069655408393
-0.564612908212519
-7.64417685494704
-3.54309084551795
-3.68461830513007
-2.81605342343813
-0.0966406026943876
2.48887241021494
1.19151132368677
3.37442577403686
4.89506651157351
6.70610425422035
4.99451342164446
4.72264567426235
9.34611140268752
8.14253004537387
6.55009522220808
-1.9278900575173
-2.37091300199779
-6.40662450921951
-5.81684745212208
-8.09310521327662
-9.09415505389704
-7.00003439700048
-2.68446632703415
3.26227157861045
-0.42260170747441
4.45071271867849
8.888793067755
9.48846429365463
7.05005856726745
6.65177418871782
-2.07350847076525
3.77456045292694
2.80967025774819
2.75370150060844
-3.95588690344988
-2.06413774761485
-3.44521836200521
-0.759620510326158
-1.53859546486628
-6.97223696529471
-0.649032242980814
1.84152983974825
-0.288778789086268
-3.4774464615831
3.32281431996956
-3.21838476691972
-0.682496669422038
1.38060812688326
-1.35983971508341
-5.64987989756244
-1.00051555871356
0.922675011286338
4.44711586757699
2.87373045977918
-4.30069989761999
-2.92768320655345
-8.23087810754145
-10.2039613770794
-3.41339683625916
5.64703481536329
-0.330932778262954
4.66568660837954
8.28355000485822
4.96264617612297
-1.6670054201214
-3.82257472435589
-3.79845099754052
-4.15200783773822
-6.41103434727733
-5.32514154132504
-2.96637541072274
-4.54911814368159
2.69248558303108
4.4582491505925
3.47248779928999
6.72228283430959
0.669243312247165
2.97384548331205
-2.9886402108229
-4.3401416963103
-5.79713052592755
-6.68314451229015
-6.6155269990698
-5.72917107132222
0.401628799171319
2.96310438150718
6.40874720175001
2.79897213719822
7.49294650670205
-1.01741208478007
-1.10588181033876
-8.34402824844208
-10.4009357365066
-5.05855848724891
-3.84131618077122
-1.31584075402139
-0.168227027508421
5.14285956898885
-0.0755326138165362
9.07920171917672
11.2815117980748
3.18345625257026
-3.78984572090935
-1.20745047478852
-1.14502058516611
-5.25879050755671
-0.385950785541516
1.17523688556366
8.09235086722548
4.49739146480405
6.24001671519267
7.56238080256026
4.42780463572004
-4.1505745129687
-0.715594899726238
-4.04954786420071
-0.751056017726948
0.2113731876565
-2.7411360848268
5.04592619931639
-1.58457372489418
0.970609971502956
4.75650108406717
7.11105918376342
1.49747488706037
-5.58131654582351
-3.23442383242896
-5.93897857219294
-1.28478731741444
0.0816882574184969
-6.34939421068911
0.423061941285278
-0.889945055383941
1.09027609888502
2.632184969768
3.82130684071099
0.194543605468276
1.55607744584618
-2.98989002603353
-3.30375688181511
-6.95796539720836
-7.3620727951932
-4.72079715099803
4.17746536594215
2.42263996429038
4.23201681292901
2.84832869884948
2.51229454198556
1.9577276481304
-3.69604587810251
-3.72498005364814
-4.11794813969905
-9.59852164606134
-7.51680986544502
-1.80780802974324
0.594385044554106
0.423733298854949
-1.62361619193972
2.19941111451428
2.4716412211331
4.98966711835853
-1.17262215710042
-7.00680934723663
-9.5716675732063
-8.09831369940422
-3.28378376389041
-2.64149685911234
-3.59224103097187
1.67714320701017
8.89434834936567
5.63132812999895
5.64547052516444
-0.215645269744034
-0.00289399741762142
-2.41663299133538
-3.55818923791094
-8.39393823892319
-4.91057491018784
3.4465035218717
-1.35685400175741
4.22573318242256
4.2623486948579
4.8694649961652
3.39999227682961
-0.930445277659581
-5.15102593146761
6.56588200969592
-3.01033813212899
-6.34178686771142
-1.32403940655767
-0.832557503116462
4.22828989189339
3.92304588122538
2.97486653275276
4.95251852466121
4.50825502611494
-0.840070762663899
-1.91525855961209
-0.493330660931359
-1.79799867335182
-0.136401417609209
-2.9274445720764
-1.9752146227262
-0.174126477970939
-1.2371878637469
5.85873552173901
2.95396606733699
2.2705068368879
1.891684273621
-7.83697364213632
-3.57766511211547
-5.44224551988902
-6.62330869765276
-6.12644974569264
-1.28433026765285
-1.10783089041526
0.550830339519492
1.86329513656038
3.36067598382764
7.62804447050105
3.9440974167573
-4.38835460855798
-5.35618792229604
-1.52506400709575
-7.31507036796661
-5.59824534962207
0.320662906855221
1.29265760325564
-3.59054865778717
9.18378874514082
10.3202477239633
0.894210099206402
0.916615184005227
1.50868032526856
-1.67854336348879
-5.56424491211484
-1.88675206467653
-2.39082830644918
-5.25781567997298
-3.88052449320952
6.12818766296478
4.99783123913722
3.95757654944484
2.26349037340031
2.68099861472316
2.018604184768
-3.42321706480618
-3.47748793531103
-3.88776449009957
-5.59547713071627
-2.7280375105141
-3.28775084309068
3.81358056362563
0.0124293349564049
4.28353131581537
2.05424958090051
6.07554363283929
-4.95484046332833
-3.16206220021774
0.922210229592563
-2.54900278672086
-2.41453778293836
-1.72694566812467
-0.139238057081815
4.98859885288161
8.24420739237379
8.46160921800023
2.96253272322785
-2.65638925523732
1.1894925173933
1.6081573531278
-0.171400072026527
-3.9266189127411
-0.254975648867372
-4.9150702089222
-0.295908912857032
1.83987169878798
3.19125320558846
2.98611199715155
5.97936629415885
-5.29296023826713
2.58680478913483
-4.80260257735956
-8.8483925990819
-4.49074702209756
-2.11352280273685
-4.16260884153657
1.29708554768896
5.14904038070035
4.17205448950315
10.7571005484368
6.47618791456949
3.41470972716429
-4.46885925824232
0.0710125641282953
-4.74191500086453
-1.27912066980643
-5.819190032642
-0.282647877671566
2.88076141435242
2.13313193309512
-0.479908588437484
-6.05795400122733
-9.49334009194718
-16.626795384544
-0.252606049784022
-10.9281305018168
-8.68604010643758
1.68284589179195
-1.01491520049267
5.20700636933641
2.66352167967338
6.04447774436588
7.12711506447613
12.0152654099683
5.08597763956048
4.74862012296028
2.89238628192149
-0.137744754273093
-1.08671124448904
-4.66234409666874
2.62864380080989
-1.56383519739724
-6.33919637560299
0.711567616156518
-2.64355466431946
-0.449903053427873
1.02647129752414
0.0496951092458988
-3.81856625450972
-3.77508468326468
-1.67638495475094
-9.40456590829589
1.28688406960847
3.32050788512274
1.01348221168569
3.78755620612639
3.44670045024035
0.847288236534381
9.25018231232014
8.96202974895964
10.0854982650344
6.33177016370786
1.32011547898133
4.81083907273396
1.848080754831
-4.16253842364244
-10.9673729897352
-7.24445320722224
-9.906822667078
-9.33034531393112
-10.7060647992258
-1.45652884280077
-2.29582506203934
3.78353931796772
4.8781904608726
11.7735500293553
9.8474795302163
5.065420681925
1.91214275234321
0.65533402134146
-2.10307673364625
-0.925909476670172
-1.92444782606189
1.2622309171917
-4.12753107660646
-13.092980877613
-0.984413625683004
-1.72463294493693
-2.11042655883343
-4.84889108966943
-3.24331252383595
0.96783229805471
4.39929898128214
1.45498731734568
-4.49060829677358
-1.46716632341322
-4.59913209683291
2.84869852654042
-0.110607920836654
0.926972153302156
2.29136424218208
4.57877532098144
6.74527588266781
1.93709815819696
2.12156350957811
5.26173111837502
1.71399853478897
2.74737877220904
-2.91018334628839
-3.03543605918543
-9.46426544464121
-9.20337650954326
-6.65963811077624
-13.8999362256276
-5.89945939495198
-7.51518497677998
-2.85627273288509
2.44312223086595
3.95657198615278
0.011990199509226
4.85511827302355
7.98610445198842
9.1657073853059
2.32428179973846
4.57135621582177
2.09032015117699
4.34598114726145
-4.85691540778136
-0.25003662085006
-0.201587045351746
-2.60328157627663
-3.17595108303895
-8.83605597894956
-2.88210505233197
-5.73902246559709
3.21225541175708
-4.00904301970875
0.904310922001721
-2.28922342245295
-1.52664440103696
1.57263564234102
-2.18268252203895
-0.854626619433741
4.29980277573983
3.72260362854711
4.34334069822138
2.56865642309447
6.70327873399961
4.96242617578567
1.81371868059898
-1.19053483473525
1.08386036212754
4.78953261047951
0.743274656206032
-6.19244932878629
-4.09825336204774
-11.6489813475982
-7.28526791061183
-8.89752283402299
-6.91886785795112
-5.14293008684346
3.14571037782203
-0.799000015374396
-0.00564181529986474
6.27721050128465
5.13469223919238
11.6751614072544
5.15402167553033
11.9743565231346
5.37136256076927
2.93968866814532
-1.06678937560103
1.25756770662732
-3.82205561449072
-6.14904949123057
-8.58230806025944
-3.77786867465185
0.365768245587809
-8.62444244903071
-0.855311562971542
-2.36384561519816
0.277180038754263
-0.862664138096383
-1.6817429135075
6.30317897829907
1.58270662873644
1.20374849278546
-4.27466601390464
2.34773771871474
-3.93284795680422
0.00425576908500025
0.969844867244967
-1.34096697179003
-1.84225063033865
5.19473119453905
6.64359033170635
-0.391488144263044
-0.765465285916052
-2.95534276034236
-4.33998459313021
-10.0613932637207
-5.26765610818092
-9.16432093384774
-13.962323964976
-6.77294823259582
-6.08766233234546
-5.56545918933535
-2.08943497844081
4.42207230964199
6.14608266344536
7.05953150233549
8.91288508980067
5.82695801264793
4.61002876648464
4.49792295965048
-3.85926838111834
-3.72687504667959
-5.13463416712514
-2.45245977242926
-6.53050701194541
-0.0417806978863178
-2.82867024627659
-3.94199781366259
1.28594200187914
-4.39618070415411
-3.25340281876813
0.80870330822811
2.55515000870879
5.68900106557401
-0.338988172351943
5.19019596849893
-1.00838485267364
-2.69380559216909
5.04524701903559
2.32265884866433
5.50441634466815
4.72644225347925
-0.225839778902793
-1.28628242345427
-2.74683376990571
10.0322044100769
-0.068570152122571
0.940814572883073
-0.0152589908546492
-1.20787036352891
-8.30871940225744
-6.58117069198542
-5.43024254544792
-8.52429726965565
-0.963720068225106
-5.27414163833373
6.33530188781845
-4.50802407932908
7.80067900763298
9.32615967739519
7.99548717287672
4.96961511038041
8.61259810896468
4.22027179409172
-5.0796772043487
0.446699390405882
-3.77035927486797
-9.10758592460399
-11.6494102876906
-10.5164175165514
-7.61379288568582
-4.20664867717439
-6.11765314293236
-2.61913995782437
-1.57281876734272
-0.830782401104321
1.81510841319915
3.07107694435866
8.37521687051116
6.87630493742985
-2.50518782871678
0.404146448528105
4.54723418034121
-1.11618928537828
-1.78735862306472
-6.79595185672921
-2.73239143105287
-3.26176930119348
4.78407921889632
-0.690661064180738
2.8636045622879
2.9198699738431
-3.16433311744418
3.51803238462105
-3.97436583758534
-7.94890923573885
-4.14232131215739
-4.44588285363328
-5.9346425084022
-5.3240594207952
1.04670138675261
0.973864619039855
5.02515085115686
7.12817974004408
8.47313055998045
11.5947156955775
11.3410133782782
7.22593139219743
7.43366343914037
-1.17747989622553
-4.3752033284476
-1.05301832226242
-11.5777667915996
-6.25699112103034
-6.35349704765836
-6.54756507033437
-4.46425925754154
-4.9784335742854
-2.01901209496167
0.391390764932444
1.71825091918935
7.66202302712264
3.97221002359534
8.47932654808671
1.29777941362343
5.79372509478451
4.13413128038965
4.07873569826975
2.90232555103756
0.00183884096851838
-0.28574321225094
-2.28707685597079
2.54617231489703
-3.46300159660076
-1.60714351517181
6.16148708465941
0.32119703099678
0.14202667596876
4.27815900971115
-4.24514422162981
-4.23841534609369
-2.90019384259636
-2.93328748503552
-3.5584725863299
2.53059351091582
-0.803121384830772
2.8539345207342
4.48900296700175
5.7594797311267
6.11759074998367
8.06980293184813
6.74119785406297
6.49685652051364
5.91530375497688
1.05251614817042
-0.790252985657522
-2.59827818687044
-7.26412885875583
-11.9416141307108
-8.80636286065538
-5.32782650671214
-6.55285579629316
0.113249839133528
-1.50908753354504
2.86229172137872
5.71707350361224
14.8752899230094
10.7461502660909
7.80660354456245
4.58545490127227
0.0419152383788366
2.4876667846318
5.15590518995686
-0.0526271570840087
-2.79815677938099
1.72457489877829
-5.2713657846245
-1.94606747017332
-1.54356638862985
4.52951389415724
1.22376776429449
-2.65659430100746
-3.43627715388369
-0.152096258452036
-2.77738024873279
-7.42404552222836
-2.58182897221039
0.60020142121844
-5.86423248064795
0.724227863300048
1.15575528917156
6.25061130899057
2.2929593897885
11.1193309779553
4.13262157432892
10.561629870357
6.56250505538364
4.17828909048574
1.87393415607761
0.102198988416757
1.65543096105677
-10.9373287233116
-7.46199338138838
-7.92176825824822
-3.6649688863907
-3.79005734420698
3.45404302526114
12.1381373625306
5.30115811259701
4.717309279745
6.60311278198951
7.1423383654647
5.95307264708047
5.53731311895593
2.5824411284539
-3.23587448655975
-3.74773288101603
-11.3807545465069
-4.59777029161584
-9.37735051336868
-1.17160535048288
-3.40769396505562
2.14682122623036
-0.439728151430267
3.17129685387375
1.34800444067867
1.0540897564963
1.07768519461945
3.31441646211099
1.95180469751255
-1.63164970875725
-3.23520097594282
-0.204461009808094
-3.016460970541
0.199773041979791
4.76542752167568
3.50131247679217
7.14552551635904
4.52744874453623
6.85747762096712
7.65956466975535
5.75518569765446
8.17724631509327
1.11825397285646
-4.08904223917988
-8.85664277049254
-13.8569513878283
-10.3950693690239
-6.76926793224803
-5.66397684160902
-2.24844579382711
2.59259017371349
0.523950557357307
6.98188699898349
8.29843191098171
9.12765784257512
10.3083376712018
15.7165443654202
2.64941031573944
-4.5451568177631
-0.0468698071089806
-3.56577071355216
-9.18088186726569
-3.0563666345198
2.50292835568807
-4.50786797835315
0.609367923807433
2.44933476314516
1.52214068595979
-2.57042318315015
1.58562710469418
7.85112514678654
-1.95226156697852
-5.3203147681053
-13.9906196003247
-4.76441408051097
-4.26111108209167
-10.2573690013784
1.08326868251882
0.360873012420762
-1.57317147790044
7.77144316346311
5.68875612251489
7.92489100890036
10.7124304794289
13.8544500995288
5.2808759041078
7.19291866266169
-9.40233254383578
-9.67974992406575
-7.185973758285
-4.60849148405566
-6.48195987625837
-11.5709829497876
-11.2990279852722
-7.41346863640597
-2.24974766233672
-2.1653557945692
2.68486992517885
7.98124463457691
4.97716777664707
0.280561967009052
-1.557569620539
3.62603754858707
5.66042712018363
2.01362063583574
1.58885392802929
-7.75229012700897
-2.86088287921642
-9.08733665312858
-1.99630937517379
1.25868316909655
6.73030847344591
5.23774178515347
5.74286561606804
2.31324272969767
2.56480852337202
-2.24041664832276
-3.27352008717402
1.81038252953619
-3.43079434033003
-8.28359110261198
-7.56175037589323
-6.66377869464836
-7.19415781355771
2.38112788763814
1.97810145637056
10.0848414992342
2.74488135569477
13.3364760260784
6.30140388570113
8.36924841388421
13.5674793623384
7.46058326722594
-2.36823588216902
-2.59211669187992
-9.27472117054753
-8.84506208927236
-6.49570224140337
-8.49661970601531
-2.43618216308487
-3.89936937691155
-5.22412670896388
1.4184408767803
5.66292598713336
4.69234865278535
3.23844473274187
6.67010648490943
1.04683229572199
-1.8679923945451
-3.0517826599831
-4.3888975724716
-4.45926978095975
-9.63560301963006
-2.66468906486165
4.44521019828692
6.02201247103238
8.42685525421869
1.45146993978658
3.71766309496297
8.01554302754985
3.98309884675173
10.6187683230039
1.09994273040855
-8.97502702516337
-7.41682908691998
-10.582836563437
-10.2234142680126
-11.4513562846119
-6.48830918465066
-0.220378043025446
-3.98600625109368
0.380946252178191
2.8340977590792
4.09542239522882
16.8489926858033
9.79782448960841
8.60627347698569
2.9785163424904
2.41467961257083
-2.05974027291433
3.72819525083468
3.51691598784492
-4.99036278492695
-1.17232013242481
-8.5925251077226
-5.21101884811161
-5.11341128543133
5.17793431802346
6.8612930550116
4.31027015045256
7.33544092856909
-1.25915484705914
-3.85933027253546
-5.69975693930566
-6.3754944816841
-3.22126948724914
-3.92278686921884
-5.43106045385383
-6.83412553364725
-5.55818592529431
1.11597108775834
3.45629786376174
8.95713138252788
11.8117987574092
11.5209100924425
7.49020922465493
6.42712005225814
-2.1292686562615
2.49311502059294
-0.99277915826257
-9.77812574742592
-6.47938516069116
-10.7390921771264
-7.97459157180917
-6.49741621447317
-4.07686110346446
2.95128861410586
5.76395929675345
4.70923775830234
6.75395983553407
-0.381364091070937
7.73419200572931
2.32547297585311
1.39333325747049
-0.306268908833959
-5.01183944911574
-5.50577181273307
-8.18382491860809
-5.80256489894403
2.60070458415318
4.43331090102253
2.89104516895513
8.16360190615318
-5.24751451742008
3.13057093065368
2.3196676151462
-0.182531915653341
-4.19364281917131
-3.40676309581059
-4.74381713996296
-13.7935131047289
-8.07232842400156
-9.9236591529533
-2.65468392910137
-1.35571121582113
-1.23084205685753
5.56976360493337
6.30639848642195
7.47325902187905
8.28352487894236
7.89256416939288
9.05522198248526
2.71844309863056
0.756202946921595
-7.49858294595288
-6.73499559513532
-10.5295040162829
-5.49829523664208
-3.57788705341431
-1.49309966784435
-2.2941183808931
-0.802094758652289
-1.254728967924
3.37383350569036
6.58991277512951
6.96139581534303
0.235546532353303
2.48106440041188
-0.688244650099989
-8.67513884429225
-6.84903002788977
-4.01920787076165
-9.05578422933693
2.62979875969406
2.92280666699379
-0.806071893736146
2.84394759126384
-0.365483157729381
1.89288600053207
12.1879151634997
14.4330714120978
3.82828394359237
-3.19592968127452
-8.78163088963605
-9.92858553780365
-8.85432852072287
-5.21622112939499
-8.34460316859488
-6.74037485936816
-4.87986411301286
1.73497730029861
2.79738014296193
5.50411392413968
8.00257942242931
11.9180337194457
6.8669394380069
3.81499208110603
-2.02372714448397
3.02231350555377
-3.36986845205286
5.17279929359985
-5.60132089128616
-1.47499148397165
-4.43292465864725
0.0744237539023214
-2.45364664354437
-2.71140041975123
4.1864193631373
10.2113301880922
2.4175702726142
2.22565347311246
-0.265211985146882
-7.00179478057777
0.684228678986862
-2.1483183152
-4.95191783010601
-1.99195547780859
-3.32666269903005
-3.32933579846548
-4.11445267485558
3.89551220805096
12.9536732595628
10.1853424890214
11.2976083337209
10.1013812865885
9.88080686552327
4.96666805688491
2.62338700061726
-0.13982641773045
-0.864895096708283
-2.94034958570451
-9.88344784318268
-4.90155892408042
-10.1164412373253
-3.94873486602264
0.311501423888655
-0.207684871843811
4.00397768722995
0.524623928604231
-1.64556669796557
7.29693335927954
9.01118163342051
4.18477644925491
3.2835096703376
2.93991941105555
-6.24992543952417
-0.774370070995673
-7.79198754116592
3.03659831853928
-2.87931873807248
4.89684396265515
7.35314553685158
1.78859545798014
8.93379852548474
5.42569816451086
3.5608211603878
2.94199311545534
-0.0301970173492289
-10.0013850471972
-9.14190293507041
-13.0822909717367
-5.69422651890886
-11.8429785590146
0.184090830443932
3.96418759385198
3.82510884571325
2.33886970433606
5.33899107765126
5.44703710661464
8.97296635517663
8.94017739771496
16.1165009669374
2.74245447954936
-1.84955263935211
-5.10244958077484
-3.81559503029615
-7.80320649919441
-4.64742531460069
-2.75325430592657
-3.99577995392611
-2.37733954535931
-5.29110837946287
-1.46902553439809
0.0578465172091884
3.54620312168888
5.42211720002462
-1.66255720966652
-2.39871815592512
-3.54990070861219
-6.58629918719826
-1.80432737197645
-4.28365275955477
-7.93082325350022
2.01915919889671
-1.57846188992536
5.69974615735677
0.37421409811308
7.87663314555268
4.65801031179515
7.92046614818618
5.05853951636455
0.168716719868038
-3.47675518326477
-6.73071195517614
-9.01446728403786
-7.0175340607029
-3.05877444624854
-11.4570511068187
-11.1637188609846
-11.3596487535239
-3.79101370192188
-0.327190040259961
7.93369931609799
6.45619671475733
11.4774241326004
4.21288069808478
8.14828904289068
0.94722294712505
4.14191396473701
2.6632204472219
-2.70055594662643
-7.15088814363823
-5.48375224943806
-13.4570823644077
-2.59762036870604
-1.62440041998232
3.17060776185486
1.82477781723147
9.67199971965756
-0.115360419905972
-6.70032198254543
-5.61290908098634
1.20326736352792
-3.62527445188952
-6.48344472196296
-2.2083092530336
-11.586770257816
-8.61786879204795
-3.50417642073885
-0.124240421053027
3.69081854614933
7.2475587923967
7.93151853342225
8.44143944737835
5.04040511867381
3.12000883091829
0.990217941466843
2.76453452935284
-5.88518362083625
-3.19208315303476
-9.68179890653989
-12.7867889937106
-13.3983893179736
-7.89405623111597
-3.35797991207455
-1.49019442183285
1.06592469266164
0.825141067621071
3.99010073353789
1.84064818825389
6.63847078227225
5.18080172195677
6.0507648636315
-2.89509240024592
-8.40019277135884
-9.62716787518212
-8.86971351809349
-2.57826986805026
2.49312380579509
1.21716591695985
1.07241399325629
2.07147137201014
-1.59180717823543
-0.0437580375393445
3.38352850353439
6.9067649092094
6.60092460051649
-0.885123183361742
-4.80750320041517
-7.33645353738512
-7.82921240361071
-5.95333184870135
-1.0307876853627
-1.22361924070837
0.57355324904803
2.60311379598474
1.29762712986579
4.87422038951426
8.14623352904212
13.4868423767629
10.4336897400199
5.48096310837803
6.54271162826525
-4.08025786425408
-5.52870925849046
-1.37990709824612
-2.55772932674979
-3.10104647295023
-3.74476063809605
-8.39452294248701
-1.42057957862247
-7.48931149912984
1.9974679737792
-0.877375103212546
3.52357037257005
4.09573553875638
1.08999879341725
-4.2311394605271
-7.99380363537481
0.545355661257786
1.28401968734469
-6.02719210898283
1.99539874878837
-2.88846536121062
-5.02234701499277
3.88535887404128
9.50286402247143
13.5621518828578
13.9918567630002
3.53097781708361
-1.41246392754582
-0.136360531627174
4.93373585382635
-5.05992755314154
-0.177842252449321
-11.0785123891844
-8.34628769073404
-8.09261917093454
-13.1862138909449
-2.25270793425136
1.71461665982135
4.26527449046514
8.37451736411209
1.74710571272305
7.49353559196779
6.92899663156582
2.93721599910903
7.09730750975152
6.11509916173009
-3.85439564734794
-0.747746182911824
-5.59933644526058
-4.42914150820435
-8.96740379665592
0.768476802315993
1.48743475971464
0.525834957547858
6.26682282138247
-0.141036023973223
-2.09647555193583
-0.790392833902433
-2.56552730322971
2.29185195953917
0.619437953166746
-2.68133668135805
-10.2654514426412
-7.87398948101257
-6.69715260192067
2.28119406619643
3.98301951981605
10.1994209728523
5.55043064982329
10.6977780997237
9.18008228174819
11.4602556717724
5.39637327684862
7.40659919140639
8.48295136092105
-5.58479451824989
-9.43353718911939
-8.7710758988821
-10.1488512897857
-9.03597502224324
-2.05806622536709
-5.16501249309424
-2.9768957219736
-1.24733737511759
-2.94150617201626
1.83522458036451
11.8806421291797
9.14783095818017
6.80471842141289
8.59337399598176
5.53449878338142
-4.83090627154726
-10.0796294525626
-3.00252435079301
3.54970427067498
1.46940638303898
-2.72219075549636
-0.294591029622498
-1.8341323775135
4.42090605426983
7.1582261610004
7.78438043106182
1.08799912566424
-0.0642606030714833
-7.92364069482796
-9.43679966791374
-10.3437208554806
-8.36535920034614
-8.62736949331538
-3.90679751975998
-0.941389751678961
-3.26795356855884
3.82700858886667
4.86665928826844
5.32997183277898
17.9483233084807
7.13088762758029
7.06713647323027
3.34197675759815
0.900960552075273
-3.05479689380309
-4.49403733346881
0.461700697424677
-8.02591927100202
-7.64078303668215
-5.17315216707114
-8.02500235695052
-2.0745121639837
1.68315258411534
3.93193697181011
9.21079860550713
7.13358409098929
0.831223229836415
-3.16491575463105
-0.761427181359702
3.70956168967272
5.58351908539325
2.68044470431304
-4.04705731654616
-4.33575072734365
-4.96117093025326
-1.6092967484547
3.59818254057533
5.4160367356641
5.55981958728619
10.7544284008872
6.14251304083838
-0.742180441236781
1.33880656716825
5.39027180908867
-4.03568809046776
0.0129817388253066
-9.66487488983158
-11.3265996650459
-10.4849926425216
-9.13537608842618
0.479340221201002
1.4042293902273
12.8637102712016
13.1156132144143
4.52870719437981
5.97188634728322
9.1666366671202
12.7137080006558
8.5613438705318
8.89579537112276
1.23250943753117
-2.78457064071268
-7.76740384588408
-4.31292900415796
-6.76230459092981
2.91449635763323
-1.11635722610073
4.7942905862377
4.50099192222011
1.04371912418843
0.442049176620633
8.36842567991947
4.30819377047663
1.79520076548943
-3.90967106313273
-10.3144358861083
-9.92006658818795
-3.91835440319025
-3.08932979412593
2.30802860512887
-2.12451908409494
-0.649976096338141
2.63930845289857
2.55418277160444
8.86164286834384
9.75199307365374
11.5896218664988
11.654460561728
-0.1527937685344
-4.41694080220033
-7.4110371417601
-11.4242381586358
-6.84052406566207
-11.43258862564
1.48126109929067
-7.10010185434303
-3.78290703255569
-5.24811754712683
6.10364172744521
2.16638221345733
9.98520747959284
14.4335143386794
5.91147942700168
0.355339983987181
-0.191021481724208
-0.590779920262685
-0.842070643144187
0.323089578145122
-1.8367103603469
-0.0412318217320986
-1.42455861731159
-0.257162104506502
1.06189513775501
1.80562458717957
6.63283890469328
7.98515240649
5.7032183556262
1.17365066101009
-7.00672079965552
-11.5328068819308
-3.52299492553152
-5.56887835117007
-8.91558124880611
-6.17826487700395
-3.94661047514438
-0.125944818201072
-1.89653521933319
9.69692766743261
16.6014215372273
15.4534236848832
12.1167617052325
11.4381169733074
5.30201637645342
3.66162885457712
1.65059124697686
-0.144943896122082
-3.03854621196412
-11.208305547187
-6.60238307087264
-8.55127455246406
-4.98125642855869
1.04293620711383
2.52521453428319
0.943359277571066
1.29296520649321
-4.93158741195352
2.95789641700611
-0.375727217251698
1.29700097688759
7.06964999639873
1.60205808508213
-2.58736769781762
-2.21479449147892
-9.64542150271379
-0.366525424940442
-1.64385158303187
9.44718412537621
9.67451843150925
5.25425781017495
8.64185201257707
3.92692393646226
4.46712766022788
-0.531303061554875
1.63938235856806
-4.83472294810589
-9.66269536238419
-9.09971731362259
-11.9355268834295
-3.51869927519268
-1.40784793766821
-0.62879836033086
-3.77404616682989
1.83026441060608
5.32936490649111
4.58191791785448
8.24190533196002
8.68441249214518
10.8168735008345
7.00613687054088
8.01478795048308
-1.05237573453946
-2.69057929759275
-8.72265070835445
-5.79133197859178
-8.65906075260834
-0.0862117676713203
-6.23201972575146
3.89990369683028
0.532282497063355
3.75868412921394
-2.97486606759521
3.92464964738846
5.88606345853809
-3.7072007341297
-2.95088592894558
-7.11484815514677
-12.243742627755
2.53073734416258
-3.06786455529418
2.04138198231815
5.17681752545775
2.87008799210983
1.9183079495597
6.04425788821919
7.15185113031548
10.4998538725665
6.87307091071799
4.72135608185849
0.830981534531842
-4.74613943575314
-3.96943786068686
-7.14744078463688
-7.93695372654685
-5.07911617574327
-8.10638824501709
-8.32402382378928
-3.16498297360484
-4.65207570677776
4.63501704305283
9.94636230530868
6.94247816796705
6.20773036907785
-1.81860735586683
1.95012510237483
1.52232340251341
2.74299679998657
0.980285036619191
-4.67546016021402
-0.574411857716642
0.120167529888642
-6.95998399316347
2.6183284287909
7.28650962292184
6.41490786442684
7.58210024260846
5.78687360774014
-0.533531655046683
-5.44930023372047
-5.66171628566822
-0.256530440191393
-5.19230059269667
-6.84035836909083
-8.81082101834979
-13.8425943901011
-5.55120001534748
-1.15591538233082
1.49836804951661
11.2067065230979
11.9773052322261
13.9527672308146
1.21953058049938
7.97775080213767
2.37663460765642
7.604849098779
-0.171524179861995
-4.21176213549034
-8.53612263253008
-8.78598289868556
-5.57521526162806
-5.46146600095638
-3.28095587899328
1.35157950852025
-0.196727803568934
6.02369752009909
0.7876201586915
-0.189666237720704
-1.0738868420464
8.2768998879094
2.24724308328874
2.3473632966467
-3.34090086329279
-0.447846395360907
-11.0899586011883
-1.3874286108155
0.165794043593116
6.90364808736825
10.5965445115935
9.24121745084168
2.52118327155108
6.22053540627883
2.67602222914088
8.34468899763299
7.38585385306993
4.53468018839733
-5.586839373784
-6.53601444718428
-14.6534995027217
-12.310931124468
-8.21180201067417
-0.476397415916127
-3.35278193733358
0.531949998253205
7.10472580994133
0.0891539678152888
6.49362651548166
0.274069117238054
6.56365410195848
4.61347501465967
3.43262070109125
5.02089440299999
4.46274356714447
0.549660085613526
-6.41770848994264
-1.18643195980554
-2.88469750975668
-5.43025223820693
0.0385978953747073
1.21981695143007
4.32091040007314
4.74028997980946
2.45010623979742
0.472313960209342
1.18161510154977
-1.4010457587204
-1.49730897471968
-1.06761756124276
-7.30460621715138
-2.60691755866622
3.54162244786949
-2.52754630578249
5.37272638538835
6.00639655997509
5.60639654196962
6.02143093221864
3.1159533355226
2.38324342059331
-2.16607814960271
-5.47878918230641
-6.55822218849625
-5.63297186468633
-2.91284439636078
6.02803952593872
5.52933741341285
4.40659094242505
4.68050771784558
7.33774635878577
5.30530580872709
-0.688318062239859
-4.33044673536047
-5.63893855668463
-3.58492087345428
-4.09257822011038
0.00709671746431417
-0.610128555194242
4.5152334059089
8.80231845829214
5.71646055127645
0.966664087558216
1.68401602133172
2.96752073086571
-5.93529102359948
0.7871063799367
-4.37887888055063
-1.18955729838196
-2.29555242759216
1.17848160626971
5.45197888225787
7.54489789915794
4.29976218147915
4.03161003268672
3.7857713957489
-5.37295959126897
-4.98017127663998
-3.9156863812556
-3.82664850321461
-9.60400546046331
-3.6113906428261
0.9099476144926
5.84466137075473
3.18406939947002
-1.91776337534314
5.13864400858477
3.44046007399178
3.56605043079074
-1.73254326225496
-1.57946538462893
-7.21273595972822
-5.60611364836602
-4.28719121060649
0.49358225144919
-1.69732081995372
5.96481237047762
6.63527636041293
1.87678641767984
3.61409112018313
-1.25203567937268
-5.96012107571381
-2.72441283751638
-8.55992908722888
-9.05539537763316
-2.20184562906897
-3.63818910190226
2.36836565751792
9.65781554472698
4.13807042523671
3.00881980156123
0.938726466093499
0.850396653675231
-3.09074851997617
-3.81633130718111
-11.5781976775637
-0.916159472317116
-0.511235580695359
2.92276021293998
-1.5016545636421
3.28440197060303
6.11684874511452
7.59993279408054
-0.144516582625787
-0.776911241451336
-0.369390348118561
-8.05824211388328
-0.337584030983984
-7.5234105437577
4.44637259375541
1.70504083230462
1.6177016477153
2.36746132924907
5.00457606312662
9.31041716502873
0.313221346609914
2.27093440750267
-1.06999625915419
-5.19228973465522
-8.33836951654377
-0.631715974375989
-2.17700391665134
-3.66444958479167
2.09275084599665
1.59047127757854
8.76488165200908
2.08934729185914
7.93367847314248
4.30797034413559
-3.86989983731829
-7.32752454216879
-4.70288060427065
-8.90226109391077
4.6755082922059
-3.70191339181337
-0.283810000747931
4.07081594019513
7.18319780762607
1.10458321420514
4.42977925492661
-1.34139462669955
-3.36902072172225
-0.501701854729633
-4.95368148732271
-5.85684084137383
4.37108043827873
0.639728015563461
3.28614835126781
4.4666880872774
2.43806211370083
7.87360676601059
7.65456608662761
-4.73561082567584
-1.71470041985109
-1.79725106788819
-8.79439224042716
-5.05477807481758
-2.5282430669442
-3.2921422587683
10.5001049002223
7.68773272851754
3.40331644088444
5.32305610146859
2.59558881165476
-2.42978449652209
-1.2112665278182
-5.59888552439753
-0.155879856085839
-5.66845673480897
0.360737016668782
-0.939856051197519
4.82439486153512
3.992861330429
3.4152795364784
7.40738091186685
1.27251368240304
-2.46021341936155
-5.20357247112337
-2.50765321229132
-5.59005207704877
-9.92959000573248
-6.07232730109664
1.15061745602216
4.45006842086984
6.12104953836462
3.39831155470644
9.0422713594245
3.07508053679962
1.94492897560317
-4.49985148157297
-2.64366695183616
-3.43051030003719
-2.29851882863829
-4.81693052121017
0.816944397031125
3.07846623100889
7.2086457023291
3.48453591385534
5.53321996522067
-1.77507317438727
2.11136183864879
-5.76834068176415
-9.69764688383347
-7.10520613147929
-0.3296592072305
-4.38965094278967
-4.18663577544848
6.51573178433379
4.48651057042781
5.84707937422393
3.08047567268525
-3.5382342411449
-3.06534815205897
-2.71558042196468
-3.50789982735488
-3.86362584561433
-2.64775039302069
-3.63662115135161
2.43412658629456
5.99133061387961
5.86252665765235
8.34417610786028
1.38610575267208
7.20956469391914
-2.09172246750151
3.11360456721498
-8.47351334743085
-7.83903293468529
-8.78387779051938
-3.58586119629291
0.892580509255141
3.32651071914048
8.70568703999159
8.41129791107952
3.67161440507814
-1.57018154626532
-1.94377408068187
-1.94997620914317
-9.10245461230015
-5.4695125989401
-2.54916341035961
0.658435293481633
0.416511038284285
-0.209206391596048
6.1168981764576
6.16578395146713
6.99405780066186
5.00443751249956
-2.98207710978903
-2.87374890936417
-5.56575079068525
-4.44561409361943
-2.92383986912187
-2.84929107706553
1.68776213884446
3.39158845287841
5.93555367355812
4.65340494395189
0.0999108608605956
5.0545078405716
-5.19691212963322
-3.86540865231971
-6.95269259332229
-1.59142283170951
-5.7120131839438
-0.67423633683198
-6.50987079196477
-1.84075897714134
2.62414479203117
6.77571579167637
5.9919956377296
4.63231069462013
-1.05939768233175
-2.50244438309895
-4.51733542046074
-5.33600431861684
-3.53610918980028
-1.70589729209324
2.7746728753883
0.319252032923899
2.6021941072208
4.46484982420762
7.79062706631266
4.24527334868371
-2.73807747917309
-6.22429445637241
-6.46981604223424
-9.21253155529357
-3.78877313195396
-2.26239384379889
-0.160337603599796
-0.905435272630239
2.12658600269883
3.1825267300729
6.76452803593772
0.787756385624884
3.43332016088906
-0.322011450848386
-2.25959369221975
-6.49749630326196
-1.15164868484162
4.47352774576347
-4.63756997252453
2.78651340626131
7.37984076947115
2.32821321084278
3.96148720317407
0.693031071116875
0.58065716598871
-0.563818863673785
-5.75744810012911
1.1330603788171
3.01900684932743
-0.799735756541823
1.43210351510035
1.94012196430551
2.39165679879996
3.29458845668594
6.48831688990828
10.4461775497779
-6.72383180763602
2.03522973425141
-6.96702143187917
-10.656128145519
-3.03267653710361
-6.05657908185706
-1.70225641719911
3.21981047549794
1.32055952270504
5.24844692946647
8.27979961070751
2.74324552610015
-3.32350469566877
-6.50132654169666
-2.46270453536363
0.151879345165663
-8.87906839255473
-8.9042887133543
3.21220332923911
7.43596557340917
2.23887393199637
7.29893672329176
5.21864887425347
3.02772293986092
-0.0108249906423356
-3.7375495465819
-12.6108507159849
-5.01973270181597
-4.00755437569621
-3.62794846648889
1.70465257563326
4.65256688225381
8.27700486456204
2.69635969730805
-0.614950196340628
0.355370414630053
-9.71969468076036
-2.88931598339252
-1.53985006861846
-3.52568327718909
-4.4370977822427
-7.73820032045097
-0.541664401644363
-1.19105793476833
5.76770589961942
1.0927306650082
3.78371214093557
5.69544461001365
-3.14175933341273
-6.43216342870418
-11.0912530421798
-0.72083553549834
-3.80992215212643
0.184731390256026
2.9046136381404
8.76371208647407
6.15556438024579
6.79648902798368
5.59014065071494
-4.201317079027
2.53236141963122
-1.82738860409671
-3.39294951794201
-9.84989638195431
-4.11044494949182
-2.29054924941195
2.62669518706574
5.42443439644747
7.3874014778801
3.80572374441851
-0.142326384435708
-0.650668048783892
0.696995490553751
-0.44631374392727
-7.18170634344965
-3.35538408178529
-5.6219093302151
-3.12672176246448
8.22889342261291
4.05589939628587
1.18375058150826
3.9204689040781
1.05814693461924
1.33151759748074
-4.07607553963233
-1.37032759442047
-6.56031619677161
-1.71657414972802
-9.50431283804511
1.80274824359403
-3.28910441166055
1.08892616842774
4.4431332338841
5.90648856817492
7.31968813815194
-0.190079320718918
-4.39568908480946
-11.4037795182791
-6.57792713912969
-3.05488190969821
-10.3374841034762
-3.57595820780686
0.288612150880147
1.61576158058327
4.72020528181901
5.82284807681786
2.32285914448552
2.03834025260521
0.911446505329411
-1.6273637405821
-13.116465673963
-5.7895135265634
-2.65004103078521
-2.23130110960982
2.99419104642852
1.51682603265919
7.34578275531844
4.71900416963277
5.9381222716288
0.982366338226288
-0.553482150045186
-1.73120348197811
-6.52497391128249
-11.3063484600603
-6.17956822857004
-2.70363332319203
0.0773419427708868
6.14622921507005
6.51842357631969
1.08476260301792
4.16262181119709
3.81011433199586
3.04243354280385
-1.55680959067906
1.56308239584538
-4.59454586895358
-0.858987177033384
-2.49252022240153
-0.803502630489157
5.19960993006856
3.77618810747885
5.42775894495872
1.97144019515364
6.48152597947916
0.483399885599015
-0.442566911741379
-3.66624398331057
-1.34977557856458
-6.35426083074528
-2.76252083104732
6.32523910294124
3.53340281178511
4.72190329109452
5.17519461349846
-3.05808992477192
1.7562634969242
2.58519649242106
-4.24484784722692
1.39998764490696
-5.80695337595281
-0.671205157303209
-3.90894196979404
0.282259416588312
6.58136495878512
4.74375017507714
3.75259200118068
3.90920579152604
-3.18074168630179
-3.47591403498883
-4.09823162572401
-2.10377026372042
-7.88951016142075
-4.77679611501498
-2.43792852292981
-3.98897449397446
1.27867959746479
3.74006845845442
6.37973716610525
6.58121558213712
4.76346897535495
0.435932718805814
-1.39708434147125
-8.62568967243676
-3.59349532896882
-7.91696121857105
-2.55194747527703
3.38858489744311
0.881512126360687
4.30862855662475
8.65430129627538
-1.5477004919711
-0.234160135537576
1.5051906988465
-3.24220544024803
-4.31991798054517
-2.53701418874372
0.75994126669384
0.0603215463885149
3.36898834471632
3.77683693528073
6.59592074360171
4.9239376372825
2.74403224961585
-1.3524083216157
4.31017259591129
0.783831896504776
-4.92964054785179
-6.77022143114159
-2.31052369469162
-5.32361229373068
-4.05579935296495
5.13191798995925
4.47943850484176
1.0287850304894
-0.559606305132831
0.8985371297313
0.519631747321899
-3.16958132720868
-0.84370223626305
-3.98790995445863
-2.07342899697745
-4.61342536470148
4.02601201799949
-0.742106757097889
8.65658731526941
9.71192959098037
4.08952391428688
5.63607018392503
1.41517365239386
-7.01200854769401
-2.55411126511928
-9.3517498344148
-7.06710233465531
-2.76467495638112
-0.224753101777794
4.76450342024567
6.38875256926752
0.92042121786162
6.6708293418946
0.600699174492184
-4.27425105133255
-2.85481667088827
-1.98059730788344
-4.41965172412451
-3.37000377118031
2.06125582870315
0.797471218574065
1.36141822907966
4.92219708592265
2.09521315429055
0.43758861028292
1.2333453303677
-1.23298834082882
-8.11454183247936
-7.90893462088322
-3.31250763869782
-0.605340187655394
-4.28752026786889
3.29057577040487
5.7061098473464
4.37425033952894
3.50603478353465
6.34159329419251
4.81123335627174
-0.329463140831801
-0.143521858229413
-9.98514284395744
-4.72894585517208
-6.43030771042695
-3.93756628910717
3.52123839069272
0.280737004349445
1.88029665639598
3.74883477432433
9.33407373210937
4.27941597970514
-2.85864451104125
-1.18711462008904
-3.4952388768352
-4.51386517279292
-3.04615084022498
-6.14014199145805
-1.39165884337144
-1.92361729747949
6.04396519594887
4.61596667351844
1.76507841704311
5.68859724175972
2.810619761393
2.40460142919436
-4.91495337637131
-7.35386491268643
-2.97428938013214
-0.146825218191931
-5.45686307700752
5.8074514612697
2.7357311489538
13.2453535298383
6.24933416986504
2.6691833543578
-3.47659390253276
-4.39950998246902
-6.90424334510219
0.0708327956947192
-2.62155852902836
-4.31711091949448
1.15352570859336
1.43615339828803
-0.743767160085719
5.15585960213285
7.00484594208039
5.18051100960543
1.8753609143342
4.3423104935193
3.10196114059178
5.61129355182555
1.8851391424503
7.02822722564449
7.58518484596987
3.6155535197479
1.81707933213475
0.917583359876431
1.28434641505871
-1.49254510316422
-0.357473286419933
2.73942354579343
-9.43432781446109
-3.8467602868108
-2.82430104855825
-6.7052051861566
-6.0383118156692
-2.01947927456539
-8.5391189246496
-5.0966360528088
-0.837375344437181
-3.14332560170015
-0.426090280184024
1.25166900445745
3.76936182814091
-1.46277822710046
2.24544726989104
1.8750535618575
6.38895155702288
0.175970788236353
8.67408022343272
4.6773259844429
8.37342809518281
9.77198206685419
5.69710075248375
-0.605169846990717
3.73070490857347
-1.53138039109761
1.39005844953183
-0.513564160515016
5.67169493495583
-1.01634913491247
-0.212452911052351
-4.05403771590947
-5.06893416051546
-5.85986572378163
-3.7077714533112
-6.41770485104461
-3.76879420214615
-6.0565204701832
-2.68339792150902
-3.48192318850846
-4.54745976850957
2.96315275367787
0.114019383440909
0.497619981163747
3.65710624876677
-0.365481579815211
1.64264139849166
0.25623001321416
1.86917744922389
4.73137543483515
4.39149131833572
6.38003070484895
8.81244679102904
3.13185448291433
2.08268026057885
3.25125303977316
-0.328049045623311
1.99864257699328
-4.70616550354397
-3.14900251659115
-7.72362401383825
-3.11276729736635
-7.56445014849418
-5.36962268240024
-2.85864335943907
-3.03919392024654
-2.93049286797359
-2.21474762895189
-3.4128096213055
-2.33101411823894
1.60153519041285
-5.57328580565688
-0.827048913592996
-0.563156015587905
-1.63366390020632
-5.72421302339428
8.45919409378484
3.96428150432721
1.86881307980366
-2.30510164982068
5.32587853679134
6.34786022946692
5.47868227147612
2.45312936014337
4.43265082514512
-1.22837478572551
-0.57675443558592
0.694907052297816
-0.244602665163305
-4.23782258528278
-2.38504236010573
0.0415993202428022
-7.89726641105152
-0.956070335528138
-8.74682079520775
-8.81724996434163
-2.91567003664215
1.5282088467902
0.989241405076649
-1.2213393275071
4.90116284466831
-1.56457852492896
0.736539452640279
-1.44389176111826
-0.842621413159456
1.37991517750063
6.90402081164638
1.75894990726988
5.70204895682466
0.697202957431481
3.15773510273604
5.35401469113717
0.27895859929344
4.80630310860475
3.14624437964255
2.03828841846498
0.635939588969157
-0.243482412936492
0.364885970999903
-0.649805308460237
-3.41749716713598
-6.39342746660687
-3.9662708361067
-3.62833627017584
-3.77137819232172
-6.29182578334442
-4.02304466922961
-0.512813352540441
-0.524718562158272
-5.20240703037815
-0.523635701099074
2.22561316669541
4.43577793245695
-2.47181920817935
5.44188612488273
-0.729025691054884
4.94797188738468
5.36266269431037
4.22329442047237
4.12883583058018
9.43960653533622
5.94081782954048
-1.10367530025437
3.75817155053425
3.19328473032537
-3.77642689188839
3.98913190451567
-1.36942458915405
-4.68049543165038
0.681771815190839
-10.7215229965928
-2.1521178944742
-1.83020769537512
-1.16181902803572
-6.89392236321147
-0.532900044416665
-2.64320946489702
-2.90524304074789
-2.85569043956778
-1.57010075731192
-0.338805503468055
-2.92841660493489
0.226956448209924
-4.11658391497982
-1.55928048834304
1.05953241522446
8.23743204867806
-2.05556817270179
3.19746354958752
4.30081156359866
4.94318155786343
1.26529663342118
-4.78800230938666
3.75471314006951
5.91898349087946
4.2025971924791
1.75262668804168
0.676188596882089
2.03723872896214
-3.98587072620938
-3.48939948672337
-2.68512896302145
-3.04780974279033
-2.44477642646364
-1.84163884112748
-2.80699122671897
0.0414163012709827
-3.15174818893597
1.13993870955427
3.96920589257548
-1.79553983287563
-5.1003087407874
-0.43769777324664
2.17706843167628
2.5442836321179
0.2091042387167
1.25797565158513
3.72875389116226
-4.06564177240815
4.02340560330131
7.5588459074527
6.24889152614455
5.51442171253193
0.975532197444283
5.66091021926993
5.92282738733392
3.39492366631624
0.27225668721321
-1.96084631773166
-1.3377978618386
1.03016553639735
-3.74482806533121
-2.43858289413477
-5.44947156933244
-4.76272051555105
-5.816763766215
0.445693476388464
-0.311351417196847
-4.68429139419794
-7.30040989584739
3.15679934141323
-6.67920369030365
-4.76890727578443
0.923458529252676
0.756105692388036
0.0528714968648618
0.23281659287441
2.74782059411296
1.67908515745881
6.4886336548031
3.84633025241648
6.27815469427258
5.64577403659239
7.26319139572845
4.87958387116937
2.37545421470815
3.05593841364584
-1.75065301053332
-1.1077481791312
-7.80809120330565
0.272606835597696
-1.58995735355509
-0.582878330330745
1.16792908003986
-1.4640108265292
-6.83827418726471
-5.76650502834488
-2.22979943978698
1.96891635896644
-0.663718719626799
-7.70627129351917
2.07200640851069
0.127485947112766
-1.0757491766193
3.19319156755316
-0.899833183938712
5.94314354596704
1.9173714760174
-3.81386259673701
6.73843281392826
6.30085012570826
7.82272896179514
5.19922377500088
2.16760219571024
4.07508187297771
-0.965935206988842
-0.689374490599648
-1.55770365999391
-6.45283444898567
-1.20616448594904
-1.87520325825759
-6.1085578739192
-3.15340278919949
-6.68029757790315
-1.39921623088309
-0.433252625062186
-1.62241372930681
-3.74739302756923
-2.69921761335782
-1.71961392643396
-5.19598332727816
-3.00734885986866
7.56299804759951
-0.153771899780343
3.40183364903895
0.184222684402865
1.01289981459668
5.63100054476496
8.67233081692137
5.50821019422185
5.45746536475997
8.46671192914566
3.50784391699095
2.74710281713622
-0.0771532872615204
-2.53274967995193
0.679882371160873
4.72646851656111
-4.27303425434233
-0.732436514087704
-4.03761747670884
4.19307400548147
-2.4302937285681
-2.06570019778569
-5.20639712610077
-3.1630404457002
-7.11745986137752
-1.93681999087658
-2.91085611879337
-4.19290373229335
-6.48797016935583
-3.29199911828709
1.91709538390262
1.82554829817052
-0.673172706048356
2.57297517217619
7.2866485350721
2.70468710962117
0.477023812062454
-2.09035839630235
7.10581608374441
4.7272351305403
1.16123704185146
3.52349706154696
1.03710441067819
2.43967385554334
3.67614789115816
-0.76047366683293
0.881389039680042
0.187533637694763
-2.06092556773875
-1.59761908486434
-2.80607844578339
-8.35996495019564
-3.16299632920983
-8.53820757779153
-1.88348226597598
-5.60543875732159
1.36138961869598
-3.30767177250199
-4.64497455628354
-0.801731596483449
1.11931792708297
2.11975260448628
0.817500616009529
5.31255021452025
1.3259915988611
5.42559269570142
7.0684027749531
7.97506499792587
0.275058513069005
-0.164699395152916
4.6962328442024
6.58757697520302
2.38485570154815
-1.96411156186115
4.0828007979068
-0.90980820757025
0.384274041046469
-0.583665981349853
0.601121613206573
-1.90036594912109
-3.19545741274193
-10.3771556118189
-2.29657428233827
-5.8116528069526
-5.49352771962269
-2.94219831163099
-0.517470784646701
3.41873353694919
-2.84013662223175
2.00289392147072
3.3393111870276
1.12115406870799
2.38577162736605
-1.33293963092931
8.02043778396116
7.19070727396178
5.70333965650104
5.25833280378833
7.23105299787245
1.69662671866369
3.52429649732324
3.08952512284062
-1.51638618280466
1.75032494768977
-0.867019592672523
2.81605176130384
-1.74478028488058
-1.05692925695938
-5.9768743511821
0.105310993622122
-5.28769289927101
-3.77029254406022
-7.52727828416303
-0.347244859585974
-3.38085195317915
-4.14471504181725
-5.20193430266628
-3.86799118759548
-4.73211746570899
0.634285287822426
2.06924652735402
5.0294091544264
4.1505303496155
0.72084339870497
-0.684705751386909
0.753180833920043
-0.486029109697531
4.04755127524971
10.8258601648936
3.16846484990476
0.797964167759273
5.33119296875582
1.49049947686519
10.3067559903934
-1.21004598070612
-5.86006064598067
-0.939061631202039
-1.73025108455102
-0.251821802422418
-4.51312165898707
-2.63583530841269
-2.72525810055218
-4.16996169262896
-2.3634084806505
-4.28132374779577
-5.44312741281679
-1.51245614141386
2.22101633665656
-0.42628218690637
-3.51121342468179
3.05980852200691
-0.736523429330662
0.290757724019555
3.70526893703369
-4.56361548048422
9.47433180297399
4.03864404475483
0.983653141122317
-0.00261869898106859
1.26741782315415
3.04124444338178
4.38589334911793
1.08863978500554
3.74043983110233
-2.92162021145328
0.866260178495877
-3.68020429015124
-1.18042108965785
-2.22553372413843
-1.13618555025424
-1.9999869197529
-3.89840419224933
-3.92479899788261
-1.09147898312829
0.953854274810577
-2.87993599468257
-6.30696965142849
-7.98302414565684
0.92587778894423
-4.54137065605249
0.133066135140879
-0.788201553511402
0.883359167038617
2.32536319325161
4.21046499525206
6.7594200861343
4.22951139334847
5.89548929596901
1.5332710464253
2.30286625982555
5.46394600898567
4.69623588542979
4.18244601735692
2.04734099897534
-2.50430523726785
6.29151121369386
0.735609082556877
-3.8582674471615
-4.61868641399831
-9.24786370909937
-1.96363757000874
0.341446215089549
-3.030850617569
-6.69068433246207
-6.07871137359171
-2.85023901781991
-6.54864460754565
-8.69565455817539
-0.0917646695440482
-3.70312764790855
1.17487208151943
-4.98554761483619
7.40382350019888
5.6303127180156
3.96977331994834
3.7888632558773
5.54315722521999
-0.956182181557816
6.13741606581508
3.21924397771147
4.13130421772092
5.13053618453328
-2.75274159351195
3.34064105357894
-5.27013591378691
4.58204124924673
-1.60062973581161
-3.95718134131856
-2.07898326547336
-5.65453056255706
-3.32852176846158
-6.59877504262494
-4.07581081798289
3.67109467282534
4.3221041208557
-0.370704073653819
2.36517720730203
0.813245411037848
2.58891915833344
0.924155780581238
2.02466741459482
-4.38177542702308
-5.9639983900674
-7.3949843480028
-5.73644140452623
-6.5279498690129
-5.15776334881429
-2.05707524226178
-8.98648117287342
-4.80298163293402
-7.2234008592154
-1.89629713674724
2.36864683629074
2.1973982638995
5.22150513224385
8.13081217992625
4.46080955129318
13.1396208791223
3.09778876383915
4.97159126530474
0.603254289223468
3.02217207959053
-2.85270599558357
4.84102085149411
-3.75863097534733
0.0758693421963893
-2.217891315401
-0.831319790608661
-0.292292727681734
-0.677586466611546
-1.47629293852343
-1.96065121544796
1.37309174837613
-2.46416316594496
6.38654150922263
3.17255157710265
2.63294057515114
-0.0092398234969604
5.94032620203405
-1.75463539245813
-2.05064848680115
-4.0005789421411
-0.784075951158327
-9.70536366834633
-2.36621426011039
-7.98292003602543
-5.2419534911824
-6.2336320626117
-1.73308661257071
-0.618157763374537
-1.34097035112981
-3.37379884070405
-2.83928167864891
-1.46506476072294
7.7241749037302
10.5081596873387
10.073957224702
9.3632941031388
8.49903618321161
7.50180325015761
-3.52526908711961
0.757740734399112
1.64676656680714
1.82703671854042
1.48665605584975
0.549172760248413
3.04867140015439
5.10229074432675
3.54905677136564
-3.27334952924832
-9.39123106040172
0.755462836680678
-4.45759922354403
-6.5971229574248
7.45517264283829
3.12334541811639
3.70825139745875
-0.183444511899407
4.62185401425444
-3.82039201934238
-6.43960534164869
-1.19434539973683
-5.34964466533123
-3.71851759760497
-1.91003566107321
-3.19700680892526
-6.46995719447101
-13.0045219413477
-7.96716302573046
-3.91300347740798
-1.09197872853069
-3.25917956483217
4.07432534567144
1.94555970567327
2.36630465933599
9.26978327941461
7.23961453245733
9.22592633512593
11.8356655406621
9.34817936260175
-2.19382179960954
2.57289597060275
4.54418920050385
2.97173145211636
-1.28043422610392
1.18028904425828
3.61181594432329
5.47972680539313
-1.30170277224003
0.0662695483266234
-2.16351843698914
-0.579165736492868
1.10755415921347
-1.62061455043692
3.55589414583202
3.24498568672837
0.558990950530185
8.19859611776733
2.11242028144164
-1.3141249350758
-1.94887322187341
-6.02798630685302
-4.89292414563282
-3.86592671536919
-7.01325349357356
-10.2964580012779
-3.63714706504397
-9.90358946287118
-4.69923018775468
-1.17607220155221
-1.84984223223536
-3.20463133023192
8.69719599546271
-2.88581276552792
0.526051541874797
14.6237738725119
8.22562595027799
8.54491161134697
6.9623687255644
9.97796522730119
1.00051587830912
4.04363039275506
1.45226008801804
7.60748900404516
1.0679910026545
3.16882681704289
-0.121389591758353
2.23450064233099
0.863198672473978
-2.87918846382063
-1.46263435472793
-10.8566476060554
-3.84516243892739
5.20715655561627
1.15174299712442
-0.0824277857440685
0.947253149455412
4.85742425681398
3.90070890128958
2.09106071357774
-0.110454544168731
-8.70013360046288
-6.72434612603138
-10.6999252016223
-3.54064484636158
-10.4273098419777
-4.6709380921083
-4.79413610550333
-1.19127829523674
-5.77847021851372
-2.75714499130826
-4.96106461582307
-4.47582364068593
2.39396318057083
5.43017567982721
10.9050324648216
5.00174173166523
9.60900746736067
4.28412576112503
5.79746746159162
5.26779595050353
2.18707652807888
5.56506312472997
-0.331073218218014
-2.35740486662986
1.05971697764635
-1.13333918741114
1.85094601943478
-0.324427885005477
-0.821473207988026
-5.27055645166191
-3.57535270091757
-3.53211291656858
0.105173092145525
7.45943129036428
3.99399916020883
1.46418340736202
0.957934602143408
-1.20471042526318
1.08991079491689
-2.5877243947623
-3.72998398986176
-5.75728298540216
-2.69338594219906
-6.53711605790469
-6.33558438950923
-8.89566654446306
-7.46178224328023
-6.75046884695103
-6.91952421999473
-1.83569131257827
-3.90777055136004
-1.34343474634243
4.24774089189119
9.51962095705484
5.16915767364206
6.52319301290131
10.0771780815162
4.47890444509571
3.76166194708227
5.50277436914394
-1.31704205537077
2.12507497795949
1.62142142849977
3.66335122212426
-3.54346854849724
4.3453095352807
-2.10999401106262
-0.33386971302856
1.79588929505114
-5.82165314786939
-3.22528861319772
-1.85209244832861
1.61615871246022
-0.383656845320589
2.77605461540992
2.93585299079359
4.63323016389266
0.751217829147712
-1.86322828852152
-1.68786445107213
-4.63213223817519
-6.76969044091401
-5.86949071514985
-1.40729946672131
-11.1146011715368
-4.25438649745263
-8.28924837009085
-2.93492714785886
-3.45361598987765
-1.9246236280121
-0.735091109852656
-3.91633525818719
3.06794648318139
4.81715042593367
7.34297540521746
13.5008944999842
10.017429209197
10.3325299167482
2.44170046448552
6.59020261176232
9.52335524250969
6.33477708145447
-0.141135086675805
-3.48470078687298
3.34382579037968
2.94121267296683
-0.493367335128663
-3.5371737850396
-6.07750205503895
-3.26738981625668
-6.24885889084091
-2.72307971148899
-1.87016698176167
7.69024052485297
2.52857103847229
3.4368922858032
3.13812556480221
0.600599488721539
-1.6416039784848
-3.5012743991153
-1.96812139754108
-7.38480299781647
-5.27244174483943
-1.70830781424603
-6.33488522134475
-9.79858595626767
-5.62740070690866
-6.66834229925379
-6.09838988925298
-4.63651850891039
-3.52691660169738
-4.3207297618832
5.2067277565449
2.01942278989255
8.37171807826478
5.79718088365143
5.69281768963819
6.67955814437843
5.85024098367933
-0.292304597938424
0.42379823275278
2.55254082641055
1.66758951618831
0.979145403214017
-0.749241503401322
-2.17833532294506
-0.819213206991893
-6.37469368574732
-4.69609141265866
-7.77716756738783
-0.490605767492593
-4.95545148749102
-1.49851764162294
-2.27305481402413
3.08428364764767
5.66207833312107
3.35043496998583
1.3102374249842
2.07536297045547
-2.94154577468558
-14.2780332839384
-5.00172269190534
-9.71789276367751
-5.62162792851444
-5.51618971950375
-11.6345034303158
-5.19829780656665
-1.35976892934221
-2.57591717095413
-5.16801340097308
-0.744465165567024
0.295998123575644
9.84264250451093
8.01537747972853
6.3281535017632
9.24832424524535
10.7353732896444
8.12461612783247
5.35159709951016
6.69660080253726
-0.191692736017774
0.0370678510834652
-5.58552476675165
3.95638395004227
-0.763204805212279
-4.1579558289395
-4.27541540358762
-1.15925844565749
-0.0137736072482126
-1.63609706053063
-4.27961140728356
-0.566588588706996
0.565245771498632
-1.76617675831116
2.76810402049193
3.87439624345595
2.84480290704917
3.29883392909926
-2.68566298933159
-5.75408542203244
-4.5454907778687
-4.77374178067654
-12.8106455482199
-8.19574144573792
-7.2701282499158
-5.23034342488984
1.80726308272349
-8.61115423368912
-7.6478682831607
-5.28498779988848
0.0568140683992508
-1.90395205294173
0.353092056222258
7.9425762475029
7.29045471258369
6.97125494918734
12.3314703426758
12.2674775717291
10.6057612231477
8.61879283037409
2.78844035742065
2.3938086110897
2.04521651827152
0.052349584558537
1.86182038302321
1.94859270381952
-2.61419358372596
-4.62724070941983
-2.81127347939065
-5.36338725750651
-4.9624848227909
1.77129302452743
-1.0112983137701
1.96245783543584
0.429490048403379
2.46688469463003
7.02042999846459
1.53044365649488
2.91166456208132
2.39847537500337
3.82667280986709
1.88095298893183
4.46172379976864
0.137466953441089
-3.23726516705079
-2.2061614801922
2.11729983409243
-3.0024615949792
-0.331507153090191
2.62674985218304
6.10599017350658
-2.39591498938701
4.47445026785424
4.47780063193472
-3.2459188467868
0.0177858294585631
2.50852227499407
-0.42127487170624
4.79488966047514
1.44422891957624
-4.53130847009709
-5.5541408671493
-1.21904203268097
-2.65458564303816
-7.35218712693603
-3.6395560200772
-6.91715589716259
-4.58356595196074
-1.8481654329081
-3.54623950370195
-0.883800873280205
-1.11555754099708
0.686819491477905
1.37094333617987
2.67321136742504
5.5846681075054
7.12097627338337
3.91704698544432
3.04452076475345
6.40633893296675
-4.99627200038081
2.88491206292473
7.42200340546529
2.29484121895412
2.73282757110267
-1.80651584681676
-5.33182205882524
-0.297552399709683
-5.81147253673837
-2.54242260800771
3.31290376913911
0.218803694250337
1.51532492572515
4.26288165856989
-2.47218961982787
0.954636492908356
-1.17415535497446
-5.07753273637215
4.23402149997342
-2.05815458115718
-2.24058282231399
-1.52838827478136
-1.87806372246255
-3.13367276836113
-7.08449890182976
-9.46220956565962
-4.12052348042903
-8.26523346393723
-2.19606593660036
-7.73388861240424
0.75504526941359
-1.15095889822749
3.34333395041324
6.0643811664022
6.47482141300106
2.5274133114357
6.45095673692282
9.88335812372709
8.77570501942128
4.65177435245561
1.18988288258996
-0.780655582389728
-0.447685273550407
-0.612817781323817
-5.91689597659278
1.77350879727017
-3.6707727316859
-2.97491268771889
-7.34014935339797
-1.09104155371256
-4.60138510566265
-3.47271666062996
0.671995239472321
3.15845966838505
-2.65690616655265
2.85114783914678
4.15143068717394
2.75000230032968
0.870766840163461
4.84849634200082
-3.15620141514522
-2.824621169389
-2.80752741429831
-6.47286281753647
-4.87819778323883
-3.56417887966818
-6.5532523416391
-6.55755581271276
3.33948424488225
-2.22853114708809
2.50581583322531
2.49309841422478
0.255777232868923
3.25444574718714
5.25065806070026
5.34643562028674
2.88637269751134
0.972235200183125
-2.54425586721508
4.8551880567832
6.32508438859768
-1.59632879559551
-8.80438670911901
-8.14143817267902
-2.44877544826916
-6.21330547509858
-4.7150753387913
-1.02701791111455
-7.70673561819203
-2.4763151566486
0.825255707594271
-2.34445453890511
-0.602913462035282
-1.1636306817223
-0.304751555007309
0.882957871175982
5.49062807300408
1.74043986263192
8.05751638452453
0.964665638507818
-1.80515419976789
2.00741433264688
-0.670937394382064
-2.11133962992875
-3.81521288444047
-3.44566510442702
-1.23492816814982
0.0123720300340566
-2.42660706529228
-4.96823814193477
0.509244161948761
0.721064381993753
-2.39598143973994
2.67866038847986
6.43157580099803
4.49742724415984
7.26911692259012
7.33479682005561
3.4084847723216
-3.13504095804825
0.0301987209055001
1.4215641935054
-4.25922141531386
-4.67206405363246
-8.70211115802824
-8.15834616422331
-6.49116059636992
-0.136015437751965
-5.33777085290465
-3.23919443930195
-1.53029435103441
-0.111898194266645
1.73290208120697
-0.0217248002160539
5.35448528567439
6.3423399447775
3.08341957070749
8.73587777980099
9.12152413561317
7.58383280002953
3.96458579747451
1.657652403779
0.941516322725963
0.28052637987068
-1.15228091912195
-0.840011376164732
-3.28157270832055
-1.77833780344134
-2.11090182083402
-6.22283840713289
0.131253394184391
5.20387283697502
-0.313758650578267
1.396933182245
7.67039606326838
1.10055322221827
3.99037589848687
2.01972458419741
-5.22872509286873
-3.70025080745418
-2.40895942374012
-0.218378638725691
-3.69140663030848
-3.3874913681091
-3.82131227184253
-0.251193839286116
-2.78559283921694
-1.33148433517978
-4.67271288118345
0.320512365903309
1.19373384515763
3.59629000124501
5.58073758851085
-0.202735091335107
2.58454301153603
9.60365604993161
0.442659362585283
7.20244297337247
2.78003910064036
6.82154618752767
0.765832215947092
4.10004064215236
1.63888716611693
-1.8445677635141
1.60307446420145
-5.33288695573198
-2.96262242340274
-4.09697838154639
-3.51197636810912
-3.19278473662544
-6.07694469123164
-5.25673410579153
0.430561928994819
0.636191664722878
1.58146158805923
0.591364579602566
4.18422774616826
3.73876231887301
3.5879811256189
-3.07185045134804
2.50742344979624
-2.05236171656087
-5.70942871629031
1.21451247390073
-2.38421195027283
0.373063039156703
1.45197652913374
-1.44267999943434
-2.78903982648992
0.680559536554177
1.75561884189838
6.31791653986177
1.00660663208384
-2.25601464469796
3.3312597584139
13.4886693521011
8.87492753480262
6.06726634453485
8.67079736491876
6.26834990548361
3.23900819884305
0.0964426150192455
-1.20936708179681
-1.54348022683694
-2.7047323241874
-4.88438094976217
-7.93837091347902
-7.0219997805267
-3.23632204612659
-7.93244783623893
-6.32013401610718
-0.114887455456992
-4.30865122375669
-1.10185410065143
-7.35312371903332
3.43472938038927
5.16002293465507
-0.902303530977916
2.69896475266496
0.860878995061513
6.94066414785288
0.460237083250529
-2.37044429360155
0.143179878436056
-0.537278247548004
-2.21418931173191
-2.32025377083457
-0.342007062326411
-2.89257835633568
-1.1680356405572
-1.51052961798045
6.33873111718287
2.75217979845535
2.85328870018258
8.21054682830486
5.93298581631486
3.9009147394144
6.97456566187119
4.04300750999558
2.81677854620067
-0.920325041691404
-6.10769177632648
-7.82655403780596
-5.45221497390665
-8.83494283185166
-8.91012000445393
-0.107606199708145
-6.41557757594419
-4.11518411797999
1.0496129289648
-4.51253688101681
-0.351683801043073
-1.04766121581131
2.32191271514967
3.36621779066042
3.6776188541321
8.16255160551033
6.22990844622381
8.54830632047434
5.35523200457644
-2.24962238770732
1.80489164738215
2.76322967172874
1.10486987728019
1.26216083978196
-3.07682694742649
-0.150514143850613
-0.268524666243612
-1.42787736249785
0.396030104480607
1.05815085701713
2.2087400358415
-0.00558109309556221
4.26101612423873
2.48913543552505
3.28577391876528
4.6710681416377
-1.70160973625064
2.00714235486225
2.00563998434008
-4.95588998724003
-2.60218104398971
-4.46848263327966
-1.78864965680144
-4.05465892550391
-3.22609873953311
-4.4876541324167
-7.19114618315214
-3.84427566178887
2.43403649398813
1.57455694054133
1.10009015120632
6.70748991734738
1.4292955403505
5.86083379777688
10.1731082186235
6.66416143700432
3.13810560086035
0.527983192226292
10.8321468202369
10.6483659369737
-0.328428136051654
3.04922917922894
5.03043287116387
-2.58968447168841
-2.1861487968793
-9.60283485140632
-0.674415552865656
-7.67205765530597
-6.60520513748243
-4.65762144178132
-2.95596826618316
-5.84403757390197
-0.584975765478136
2.36765528827145
2.89956044469654
-1.33709747097793
0.761673878204767
4.21636651092607
4.9745971862293
0.680414830618841
-3.7422901589139
-4.1093809773621
-0.564438871269961
-4.56157434436476
-5.99341485844728
-0.342332357633296
-5.94773014267562
-8.58795483710986
1.0332280548843
4.65819834316802
-0.190373378634393
1.46885677624355
3.61871243299237
6.26420334294125
5.7378856557046
1.27811231939566
1.6874516640299
6.79696846510887
1.64108830243942
4.38969235479851
-3.13450214241106
-3.15523311717067
-3.9891397169827
-2.52920243979883
-3.82023400516413
-3.66097482667673
-0.995485042279717
-4.31057575896734
2.18768826303472
-6.39536632913414
-4.8238798148387
-3.32399324337401
-0.16504834765047
1.85125819473433
-0.63306672723426
-2.58698476543487
3.30310863294558
0.756173724976349
-0.0702405209442327
7.35539990159683
-1.88954144353255
1.14410725182631
0.877466800627011
4.59197038500185
-1.19139039593329
3.31923965083762
0.0719192955886641
0.241301226125728
-3.2154284944405
3.59205269633404
3.98780641339339
2.3282254718222
8.27845891525637
3.76859967896959
5.89868441703081
7.87843849686221
2.51193494899859
3.61756395770716
4.16398660073493
1.0149881829846
-0.912868790758102
2.05482359984391
-3.29921106014045
-8.72101548703338
-6.3150931337228
-4.08290668608498
-4.84902149796053
-8.13132119833868
-9.44288392682105
-3.26537376282205
-5.14742113636493
0.544181031511717
0.397670038404615
-0.769668777755241
5.49696560608512
3.75826209900722
7.89108225129462
9.43822675286212
1.11249825716534
8.65281073938859
2.69220117918018
3.05433118401488
-0.421827204309259
1.19439912992558
-2.58714526538138
0.0215183055250725
-5.49031989497327
-0.698857014529645
1.83402316960956
-1.83301388079705
2.77785205724953
-2.80926913113567
-2.66887300626878
1.56120263488724
3.34282304082788
0.986282382347636
4.1334131547329
-3.07363485089653
0.699377488694929
1.71837877645963
-3.4502279048266
-2.0866430956707
-4.27005058815774
-3.77078543045753
-4.21347963982653
-2.64551981314031
-10.2578722292448
-5.32893637263517
-6.09889633712332
1.75231729137417
-6.23078911244026
2.58816661096118
1.01356499034791
6.01853515196589
8.62994760333882
9.2715808431757
9.02126385912784
1.54019202880569
6.52011018669583
3.85944022572514
0.569763820102497
2.20038672772928
-0.802846965425581
-4.82455014408169
-5.96748894356628
-3.69888523192908
-2.34676513600428
-4.33640586141967
-5.19387112290241
-1.02914234099444
4.22166811253416
-4.19103289973861
-2.58015965849036
-4.6605675061661
-0.268704844525662
0.0234737971566501
5.44910415204149
1.21872663925901
-1.75039009404264
-1.07236985492078
-1.49755898814159
1.29671307114779
-1.68674606213873
2.4352573676445
-5.10489528230865
1.1770891839957
-6.45190019038907
-2.14035205215594
2.94014767592104
0.51177139186029
6.62490931093318
4.66480764897953
3.06068898882753
0.761305348218789
-0.545408863652627
5.5776960512786
3.93164624436825
6.52258322873207
3.10633318187226
-0.292568659204858
0.589064593747897
-6.58079893395669
-0.987760390923053
-7.39182901921652
-3.26188622705417
-1.2123056408931
-5.96605707903934
-9.31958663865594
-4.41592352472551
-3.21273635202976
-6.15927151518971
0.144298913213418
1.41926309072798
4.40298805921367
-0.698987160268576
3.40662510339628
3.11972876778272
4.67959847186927
7.99748123796217
3.29228076028083
5.95536837415064
5.55517978204797
-0.808843492559799
-2.71431452261126
-7.47512644033038
-1.06016953304053
3.00581691628582
-3.9870816194212
-4.49242146167978
-3.59279392560697
-1.77153071193086
3.41014361368645
5.68814861382207
4.49415223006281
1.69361441106822
4.82985125171624
2.74104337958523
-1.36388905215597
-2.58420228308872
-4.19504120278182
0.139071950842226
-7.84679237679336
-5.40956475132187
-0.227915038171364
-6.09896729063712
-5.01729009466007
-2.35394711185806
-2.46244027088615
-8.81878294119343
0.604917202770465
4.02180666884987
2.04205063161506
1.4061853959742
4.95346277320187
4.08375831668084
3.33594678363976
3.9003506298723
-0.252141105233748
1.08338027459946
5.34206268854182
8.15878467793683
0.149929020292243
-0.523510815221858
3.47244177498078
0.0846845336152198
-6.02246268281822
-5.19090818234093
-5.02589953699954
1.59559178155734
-2.33684906732961
2.05479603531025
3.84817419881209
-2.95013029274134
4.19869024836492
6.3395410841505
-0.110447843317728
5.35766376099093
-1.55103928293132
5.84810043747276
-4.3671686494242
1.38843225887764
-6.10286691727901
-5.24394490606642
-5.49207591169163
-1.02205299781745
-6.14600725414268
-5.17973525410772
2.78185079991461
-2.49844521346283
2.66107584729752
-3.3605536557747
3.63224725716237
4.84279471964957
1.75502791860081
5.63185178894564
6.28348022225021
1.94899777913802
5.53821469854732
2.26136997944915
6.75126932682221
1.14199818574183
3.92064271033484
3.86083294310014
-5.45670323950611
0.978373024321307
-6.17658975908183
-2.38668459254062
-9.33234935757333
-5.11385061434483
-4.37182045215052
-6.75656643487385
0.403786785981019
2.47291316771209
4.58945989074593
5.25584821944911
0.493496402721944
1.54874770859153
-0.116141063448163
3.38056654413497
-0.500112417651405
-2.64015525874465
-6.8462166497283
-6.62962737277255
-3.40908672926957
-5.91051799254808
-4.40518725260752
-4.07978329258813
-4.46188046018669
1.93265120683339
-3.70405930826387
6.04680757563631
4.69875073692432
2.39779294815111
7.11004839181679
6.96336101236471
5.35024184119915
6.7532692788266
3.71971015188267
-1.45840901405939
-0.32471308687359
-2.19624882660361
-7.01199344177852
-0.825927085649063
-3.47105918180905
-8.21862627195698
-12.3081790157398
-8.08645314374869
-5.342668954408
-4.48345518365059
-5.00979814976905
-3.81189033382345
2.53292311128422
-2.6889722449785
1.24438530778888
-0.314904421687416
2.70873080007898
4.23685607958928
1.72417815887841
1.0249638175918
-4.38572704618903
-3.42641077340859
2.03435703164318
-1.80803354413665
-4.13141755468577
-4.59453294398952
-2.4963418634037
-1.79872821794882
0.325168170077574
-1.68778297940986
-0.716516217331505
4.1853687465993
-2.59971183685626
5.06493035260647
4.06163025090479
1.6441806280096
6.79485252436045
2.5737166178791
7.5694009937446
6.19817039503567
-4.07758142217722
-1.91550120986803
-5.08633288859906
-2.37597005688659
-0.976174867047255
-2.1688990651532
-7.36929495897195
-0.813390765640821
-9.5361963888067
-8.19634966164971
-3.02418434451854
3.56045694348132
0.459887063323451
3.38122142372173
5.83489149348802
