"x"
6.86286109987271
12.2191631542628
7.85724925460841
12.2981753467327
5.42924661202079
3.12920735474408
0.301086298821106
-1.22655692205854
-8.11219483304298
-12.204078676817
-6.92441714273765
-11.0766197745316
-2.93714567848227
-5.04624943983731
2.05779140575778
-0.383813515359383
-0.30704960963101
6.00230566205212
9.62404749206369
-2.14407995722967
9.60091826094646
0.715778899286941
3.83723312022465
3.0482871871829
-1.28425318512174
0.114721815217791
2.08438571779359
-2.01052497091189
-2.13663821433219
0.272393702003738
1.32376062650041
0.622910258014722
0.304304839837682
-2.23796442424896
3.69758724808026
-6.28025419261248
-0.0529368469115985
-5.12572987614726
-3.35514821463021
-1.80102279508674
-3.45006951765633
-1.36014148246773
0.255165367497647
7.80417960767279
2.37211812547755
4.09623671079858
8.34734229817675
3.96640030359596
6.71354663028848
5.10578737698378
6.65873467748347
-7.14666598127257
-3.924568467357
-7.68677312391056
-9.74166624592185
-6.44538430414199
-6.70105823489821
-10.8472072961213
-1.91856526485437
-1.8324458014854
-4.92264221670853
5.91280364061615
8.2476184999133
5.69136295512158
5.83243371058539
7.42413636444173
3.6987157685074
0.469125886294722
1.6594384529084
0.395587711824865
-2.76339347804022
-4.55979126392072
2.16434341764943
0.753350125092649
3.47669382323095
2.11219017529857
-1.25722395009552
2.42279774976005
-0.406249913504655
-3.88184738455879
-6.135211759356
-2.27804373338446
-6.97413103474988
-4.43647309439009
-0.1681623821626
-0.522128876006974
-1.22316033244013
0.0723470130589359
7.32823424612564
6.68209837724476
12.4822130362819
10.8953543169439
3.2124917884954
-1.47862153574154
2.86402811764634
-1.00831179735114
-3.30354803626667
-8.88771665739731
-7.49368533254394
-9.88112028395027
-7.45267445019616
-5.20885138159286
-4.59894554477056
-4.85297728112296
-1.28563603605141
-1.39235156313883
7.25410789396431
4.22177035278026
7.58462864330436
6.03212364640027
5.16391890358184
7.84887017938452
1.14190495866489
3.34327896127158
1.00653027568116
1.05903223091924
-1.21503824393195
0.837401679113378
1.15352545951472
-0.251460111782795
-1.27355981031749
-2.41487881935121
0.787547532086863
3.63033941766204
4.39933302383221
-4.26959331639466
-6.35338245684692
-4.43112523402612
-2.68127145117107
-2.82987707789538
6.03086443179379
8.34466560324962
0.226379380075302
5.59468086057719
10.0108992442971
-1.02332244340293
7.054166298082
5.59664796507991
4.22553817767123
7.32127573053436
-3.45411877745779
-5.98478718911821
-6.60989205504167
-9.94493965355743
-11.254389842408
-8.89160845642546
-8.10045960646489
1.6456316981987
-2.65943547808553
1.0175044629619
1.22208350750095
2.87452284181827
0.267925202110012
5.56341798626634
7.29673508132124
5.36366628238552
4.30273321623492
-0.921141736993561
3.32509321242214
-5.26929440860181
2.34178039502123
-2.5189541139361
-2.00347640280619
-6.40187062416734
-1.87685909584535
-2.58372920469658
-2.04776292686437
-3.666258408985
-2.69048961034958
-5.94961267733864
-2.30547811865932
0.521868538701288
-7.64540478165401
-4.89448031892799
0.156398784603037
-0.29825731919911
-1.02649524760411
2.31829235061445
1.6173678229016
2.64692473456098
6.99069204455184
11.0134005674833
2.69304746451173
3.44722003600147
1.44808918027485
0.13732085715325
-2.67034185895275
-10.3671089546973
-14.1127143929231
-13.1085566131912
-5.76596915088613
-3.01261215902243
-3.01717911102214
0.601319855567492
2.6127049886828
0.853106127056089
8.13557608571057
12.1480652979236
7.0834721111905
8.4708244404208
1.4176601225602
3.8620526109305
-2.92797916479564
-3.84139688459777
-4.48132718184425
-5.15217973136655
-3.69810861989819
-6.89303735523852
-2.05258186417682
0.541712749811555
-2.64443317254523
1.97430711526135
1.47016837360827
-0.0804614001995716
-0.161613335025639
-0.628234375953042
3.05930844473178
-2.16155474428537
2.43857393456326
3.30793641868262
0.707635269346681
2.42131596420872
-5.22227427929796
2.40668526523574
8.34510392028465
9.52277402714398
1.92844879017148
5.03405171011581
2.78709815752479
-1.44621923130622
-7.415712263699
-3.65623027776016
-6.77668615270246
-14.092450327766
-8.38376535517181
-9.04502261266062
-5.06949726525099
-0.953291993000386
1.24033306740601
0.292894301624611
10.9052954280273
7.66021834943285
10.1089389720645
6.12288657618275
5.00303804019068
3.25272837704545
4.62286727868246
3.44107154660178
-0.59909348707354
-1.85478069529166
-8.37302570592055
-2.77824085267067
1.85942494539286
0.896863914138491
-3.45462526713632
-0.604823302220188
2.46895748814254
6.89605741096569
6.37960347475907
4.19706150644031
2.64643889742845
3.72453942546505
-4.21431562602092
-5.41886038922459
-3.17298923024728
0.00326339923824082
1.95006864572644
0.158282198887174
1.17940741550954
3.28363556315215
4.094564317174
9.68974914417185
6.08554019063863
3.58099158991768
2.21694843722146
-6.60727015117089
-9.37752348575979
-5.70063591035717
-4.16060707669012
-8.87030008574048
-1.2897180823073
-5.89710775682066
-3.32873522777802
-1.53507538078123
7.05519305602094
3.57080523397795
6.80228281015093
5.11102349665147
8.69783652110795
6.30606621578385
2.18884272721191
0.293838033198379
-3.58868547201352
-3.60217778738838
-9.77662137386653
-7.7686266096577
-5.98338277804412
-6.48744949050213
-3.5199818656381
0.277323083413912
0.433272399223998
-0.0392124545787591
3.05034102959368
-2.87770446791859
7.08295118862472
2.20631545158333
6.01602158600326
3.75106656018663
0.35992777388664
-0.917679944219282
-3.5451597603887
0.574307970716125
1.03766906565993
-0.0551008774088526
-1.29420607953565
-0.592618722053319
7.47733756714107
-0.207320050764421
-3.15960623187399
1.46646344794423
-6.53953515250804
-8.95400503379163
-4.68249542589176
-6.70936058229014
-11.0518700355363
-1.34274957167961
-3.88318372926117
0.0659573383915935
0.516653100183672
1.39890129450441
6.9287361972189
10.831740577085
6.4471299092206
2.8725067495083
7.38935067754044
2.22311247062789
3.8465708343104
-7.7453558650382
-6.39756060296104
-11.2600062504285
-11.5789037733584
-7.58375101292844
-2.51666386252612
-3.54038336402378
-1.4412346879033
2.78397077772096
6.14395717531821
2.7662396636773
8.67326211672766
7.94848139974268
0.205628070920376
6.26650333010407
3.64256234257422
-2.18227864378877
-1.98281248738309
-0.197916714221017
2.19509886237124
3.26551202535625
1.98326052857597
-1.78316911608303
-4.60795388746583
0.0570205447765824
1.93447237904379
-2.36038622502189
-0.100947741354587
-1.92306879001309
-2.14143186957158
-6.21543004879336
-9.47088513259024
-6.60983991308755
-6.21923692996367
-1.19258821620023
-2.46208948301669
4.70207185611953
11.4309004833445
10.0267756340543
4.62218528759264
7.49637612428426
7.18052430692691
5.28259927624883
-4.47226776162414
-5.50168141086884
-3.98705636845307
-4.92360261727417
-9.38280463861979
-6.15729231899244
-5.78500563884947
-6.80032709413492
-1.12191145634555
-1.409679425694
-2.0824029584728
3.51562852999754
0.620523514084009
7.35455704909682
4.73191844830522
-0.0143522658807322
7.94451658028079
1.41390262361826
-3.58705293336545
2.09959014457904
-0.609249595209332
1.61957413431337
-0.585966602981799
-3.67335542937454
1.44088128017523
2.47437166905545
2.50612456477461
3.41825317295968
-1.13395780645894
-4.05881861537785
-1.98024709471162
-4.89673027486504
-5.62735275248575
-8.50786632140193
-3.48382428958013
-2.60600724838752
-1.10770315952484
0.169846253910241
6.9224253852776
5.65206228290184
9.20960950914924
7.2958239400551
4.02124579631529
8.469228667846
2.98294641403003
-3.0995474852792
-1.14307182878669
-12.2414073787926
-8.25555181471965
-13.9408166654419
-7.06972600885199
-6.21614151050369
-1.55957847616959
-1.91478355971147
2.84244096523892
0.479517925371192
12.158087125716
7.61708215127624
3.93408369286695
9.93821344635291
0.0752378479426232
4.99978136297273
6.91450173903752
-2.17343103515213
-1.49516434658354
-0.379003834280703
-1.53553211536683
-3.10949645390489
-4.36239777303641
-1.96159799901421
-1.43828854109688
-5.74872452350086
2.39493717437481
1.85449602699249
1.39046222571582
-1.41833978346324
-5.21959869727577
-7.18915058384597
-4.85612783201081
-0.923518874313308
-3.78763673149184
0.121313433974976
5.02855904567814
3.46268620268817
8.47460538549872
4.43049339943398
8.83209059141212
3.86837057148894
0.757498978944057
0.287914183344002
-4.08586359656427
0.265135658451475
-6.39241926690439
-10.608762667027
-10.5553239870198
-6.75063660732654
-10.7896208987957
-5.10081160324331
-2.72864941641207
1.46925974181512
-2.45092945777508
6.1531274840983
4.57593148818783
10.1754211385805
10.7154433878375
11.0887740248034
0.215742436590113
-0.977683708843379
-1.22119647631729
1.72267377265344
-4.52465727337901
-8.3323609605736
-4.70483806710991
3.54184104193583
-1.88172330122819
-1.64109131870505
3.69799565349088
-2.62546612485123
-6.0251235962562
-0.359195783211694
4.09883021185861
-6.09851477705752
-5.4100972711141
1.33316833854062
-1.91425201567303
0.630111402249443
-0.797007031123685
6.06166664181645
5.0502399852894
6.01436814232677
6.89837018080504
7.35400255716866
0.680080081624621
6.02479931885356
2.55702178133315
1.31099448178025
-10.4661238170329
-10.1864597893615
-11.5290355306848
-14.0524589220379
-3.37742497850927
-2.70148379571578
-3.03366070557748
-1.26873284434556
2.28529730031202
8.91860533264858
6.54016104104167
6.02058794264781
4.81777311681606
10.0780441568828
5.88887567821855
2.85491835879968
-1.70931416530378
0.0187967876488595
-2.88458267821376
-0.964728380288818
-5.55860325593089
-5.94578770854697
-1.27403157197473
-0.216685247709555
1.61691411189413
6.72490066466769
-5.00493336789372
2.0969664639171
-0.726665629024278
-0.441353063634885
4.89651561288573
0.363725792867128
-2.91628092021812
1.55571366873118
-6.10565225208705
1.97793627174064
6.54791716178172
4.31658019421883
3.91117843247941
9.4222848106507
6.68977799441919
0.165080617185432
6.70098607601718
1.95797646433509
-2.52035164129617
-3.5499423578406
-3.83971643595906
-7.4851045050174
-7.38293776636568
-7.60771704136629
-2.47231732706326
-3.25679153828195
3.52917029458614
0.84686118113389
9.20199485877765
11.0553106402364
12.6991118431195
5.90171147451233
6.48576820177975
5.05725085203227
-3.199376610487
1.02880176200574
-1.74321892198385
-5.47926319355217
-0.232347572063237
-0.507392150301607
-1.59854426059039
-0.988108422042218
-0.306166222648966
1.23803718775217
0.90957443933184
4.22289572930342
5.26232304698375
-2.25768720146392
-8.88029733915666
-9.82400399731847
-9.90077583411607
-7.75748170318545
-8.67572338759153
-0.966429443970069
2.67439041774917
-4.04890285799249
-1.12969875829298
6.66823498034059
10.4633692655178
9.00226563610959
5.76035278560972
6.0121809955883
2.04138801522517
0.108179917326278
-5.33191836158608
-2.34427501913236
-5.56707430620045
-1.61475334380635
-5.275459541002
-5.5601835904736
-9.47297934774564
-3.38847922860947
6.8538778587661
7.73539673930703
9.11286034788714
6.41835729342307
-1.72733862705934
-3.07331918534761
-2.13321159597816
2.64969207649352
1.11986212460785
1.61178003040511
-6.10492639190727
-10.1619079473913
1.4986034589975
4.8296575085307
4.43477025366444
6.19299862169344
12.7727229065909
8.77124878576047
2.21758755578689
4.5825829368737
-2.17068988019025
-4.45441402764605
-4.8422880707514
-13.7787431995753
-7.65404363206319
-12.8918914496967
-10.3805742220356
-5.28793889105331
4.09718555996622
2.90816642955854
7.05210216560603
12.3755817079339
11.6775317170104
7.25881672669983
8.11751414879852
7.37042116081088
1.29912237522128
-1.40019160836184
-1.33381400562051
-4.74457232551051
-6.48842276827136
0.313149020628098
-0.827992425931034
-0.208483991469132
-3.52866939800402
3.37035543148813
1.94151946775264
-1.35077929550421
-0.994636678411055
0.60335586136756
-2.90393309312483
0.60624278979549
-6.42083221757874
-4.55876518541448
-4.66655921856021
-2.37782209709846
-1.27140816509713
-1.34135493838648
1.10845056644617
13.9242036016532
9.17236407807227
8.25113966860084
5.47954526820486
10.1137093561283
5.16857834237765
1.19557468422206
-2.22336976732205
-5.74953399591457
-10.447790266308
-11.9578572313435
-17.040418058902
-5.75272043075156
-3.50638112966234
-5.46069409837599
-3.43870853461518
-0.585207214144611
5.928813402285
8.72747424274021
7.24272172089151
6.27976200000227
3.28514525215084
-3.97135548881032
0.230496812634303
-3.74864422130768
-1.94738924581328
3.10949666817664
4.10713910957237
-0.887297012525995
-1.9771786516748
-1.06261451523363
1.1589355980545
8.62035773139532
8.24005302653373
8.08208171811895
-0.368891674779467
-9.2024063491334
-9.81627929633405
-5.79687383465772
-2.21482842092733
-3.2183460182116
-3.42599406051393
-3.92352321371008
-5.22585256204545
-1.46346572967947
1.27829174898967
7.90386422756541
6.32953276050269
11.1485899044161
11.0780158301144
5.65761651085293
-2.38106869641287
3.02853395038513
2.11557832111278
2.97006735748483
-2.16419262206974
-10.995291776557
-13.2212099408927
-6.86602275038059
-5.71529942558832
-0.435002131018802
6.8629925172747
12.7120642768082
5.90089630123553
1.40526286841205
2.2321488834259
-3.78543930846023
-2.27791137390818
1.37579077571979
-3.1211386968917
2.61725590562106
-2.76488511095266
-3.48174615836708
-1.16121880784556
9.62227745718545
13.6267247207636
9.61384241059854
8.66874561914374
7.37122012956157
2.66300968316217
-0.686880894186293
-1.75493907377339
0.417723529547691
-6.39020345642197
-9.44839665343227
-10.3537007831555
-12.8852361646911
-12.8442514754556
2.35068425629846
-4.29796181964531
6.31382359342262
5.03121765356179
7.37389440436979
10.7505363631356
7.9357144277505
8.68292005422362
3.53668168458183
-1.0637934933246
-3.49072070830017
-7.68958908626993
-11.1909681197871
-8.65577221257203
-1.12421872514625
-5.08138215952413
-0.190155922864277
-1.80453530150583
4.07245684111026
-1.64243961098482
1.52181109242857
5.21383667834316
7.19233350147238
5.88711790688948
1.37342096609294
-5.89598299024728
-16.5323497162739
-6.86779477833928
0.438690373862158
-0.492941284225171
4.39929936055341
2.29138393911731
4.65841714094434
8.62603111708932
6.09128246330591
15.9060059430445
12.7505134329226
0.81474970128175
4.73548888346271
-2.48853630933822
-2.54539657749114
-3.73514751030394
-9.60562410364394
-8.5266708008329
-5.56060873627873
-9.68655105045094
-9.64032170593689
-0.306721271631856
4.70739930665125
4.26271855159666
6.6047075727209
15.4516736663388
4.24729758707927
5.28816101929188
0.245925228426446
-1.4957438894732
-0.861320174432407
-2.82280009987861
-4.62694934998375
0.0176710928468911
-1.56239952250801
-7.27358536114053
0.467284211928148
4.67059859441908
5.82135936363672
10.024367513173
0.594266913823962
-5.82413651235443
-0.243990328839139
-1.40563412552988
-7.37030976322936
-4.29260070233051
-10.9267379160105
-4.87218513708588
-0.984728331280357
-7.72180349515786
2.37509036931001
2.35435230352584
6.87939717503566
15.3374642070145
10.356493264442
9.89157272399324
2.87385513531359
5.01642299208837
0.0803969863225167
-6.70048880278568
-2.13460599617096
-3.54694305876408
-13.2207116911725
-15.0526101399974
-8.01301622671007
0.166877476596166
-2.91913930195409
4.00238935429781
5.5664720389023
-0.141943813105197
-0.423843077558229
-0.415943085439587
-1.26196512303742
1.47762951012889
0.888177508314246
-6.13887185194864
-8.22295213917019
-4.70235357030549
-0.695909944312933
0.851072852499967
4.25314662625163
4.61032850689533
4.96178315340623
3.90591682307386
7.86018494781349
-1.89415332294544
4.85165244778895
2.35346753803056
-1.11460867929258
-10.6688903245636
-12.1353120956799
-12.0505479397392
-17.6200616178833
-7.4969728610984
5.73572582090063
4.81311924674648
2.70072395176232
4.3295454124347
0.0209724089373919
5.02535989504483
7.60318598766029
13.0377785123446
5.49841326516848
2.26719229596793
-3.74441161574525
-4.23484658456966
-5.67592829368502
-5.78580975495329
0.509582850960888
-5.74944109819763
-4.3374732297829
-7.79437973218519
3.21320956205202
7.12361626431618
3.54082344132708
7.31151153192375
5.24229714973215
-4.11597773623987
-7.38576089188727
-7.45701341815482
-7.2734412538741
-4.50023369483864
-2.80045609192608
-0.131685496178325
2.0154634231032
1.48512936359997
-2.56044552366604
12.4113316562506
7.35826175326917
8.29587172351886
11.4876239561657
9.12030134799895
-5.69149511581738
-4.2325714799391
-7.76868335745406
-9.19355554037539
-5.92039706716568
-5.10874135421745
-2.35755312693889
-14.1678785059196
1.44101241395204
-4.63405695671687
9.97759953782212
6.35436111199043
7.13774797431039
7.67266410174438
3.30990630096482
-2.49237897060692
-2.9350206031559
6.09150042133772
-3.70118561728689
5.17601184735009
-2.59307428649173
0.763925276146098
-0.413205011578845
0.445579436201853
7.09225941760017
7.35686186317579
7.64647868524499
4.61118569990141
4.11650331393599
-5.84849662138237
0.810204124070219
-5.90070604015311
-5.63120388521685
-8.13451195046541
-5.22728303706388
-7.17830135008043
-15.4909028129479
-4.12525369136343
9.40662009277096
9.81028294670186
11.7390730689776
14.69265991646
9.67241000740909
4.32829388767519
3.33017265545289
2.67428692137264
4.57802336174363
-1.11308913141965
-5.5948640912985
-6.46553102951379
-9.83296660934287
-12.5992857351588
-3.70910563691086
1.12157091364197
3.58922005783314
1.14174809879028
-2.43103488533629
-3.07382822198831
2.46987000073776
11.480321212146
7.62436410851203
-4.54048472663576
-0.404247318495131
-2.7294691716792
-4.60880164967094
-3.54715927932104
1.43815123013252
3.84299456839489
3.69914101286461
0.868615152548698
5.48256519494976
5.08938666573746
5.17607170764577
7.68100314536817
6.05081591048636
-4.98977644226505
2.22025639231936
-11.3822189150299
-17.0366266945407
-11.5554615287268
-14.3939304810858
-5.62624626549432
1.69641884333838
-0.179822460715894
-1.46754812234989
6.01061160621626
4.09077931144339
12.9075142293085
6.42052517326807
9.78300335147979
7.16998026212933
-6.28760431595556
-5.16621003251386
-1.79922108615877
-7.98508118842979
0.857139764315652
2.12218903296304
-1.23035019378709
0.295280124015262
-6.948180716879
1.82767724162773
3.20376017569124
1.79392028042698
3.07123208677106
-1.69920397665747
-5.16806259382335
-4.7338044979927
-1.91617725227987
-4.94863316070004
-6.18115676893294
2.05984410022631
1.98017212164274
-2.45554953992255
2.8493878430376
2.00815629347605
4.40989102211778
18.0667383087428
10.6844656973086
15.0528183433503
4.15237036114804
-1.07920880765592
-3.1444102115191
-2.02724971724141
-1.50757894143114
-10.1560007115056
-5.09137218865872
-11.0221061195087
-14.4200914988475
-6.29221943855258
2.04745063308084
3.91795268123437
6.56144705519479
7.84395069961063
1.47873069153996
10.5215441169579
0.487951282255616
3.35682083202665
9.79859817138305
7.42913805447921
-2.3170926940908
-3.74884791795594
-5.66476761467216
-2.82694060064956
4.52236886588918
8.31496238440425
0.841154908912526
4.32961536146533
7.2806289860365
0.145596961551049
-0.766164842366301
-0.269537919411624
-3.30653603854266
-8.38870195692137
-11.5860188173688
-13.4848387584378
-7.77244816736197
-6.49784793803258
0.177407460171348
1.93129259378505
9.80298895756
9.17830232244572
5.30405569123855
7.13574206686087
5.22512208299977
4.99450626456121
6.85074793130284
-0.405511555756049
-3.03075983069393
-10.8400188980056
-15.7149513318933
-11.9511547853669
-10.8234060382524
-5.61856380885702
3.62675781381789
-0.849311540743608
1.47803556360981
-5.65141377927542
0.48977490749869
-1.39624340501326
1.9942947347169
0.377047080174858
-3.96481809054142
-4.41265020799078
-9.73286680936834
-3.42751085336838
1.95557502530598
2.1111343330821
6.58722976054706
1.20138447148958
6.59977819808455
5.38424208156238
6.48715665784671
4.90691088129608
7.65191752701423
2.19171891997249
1.15963420034014
-4.47049734580265
-13.9190970883795
-13.1924484035812
-9.55842424793752
-6.42638161696195
-4.52272699426678
-3.13219402056864
-3.25445196253251
-0.719652282087989
5.1987240881161
4.61510606084317
6.04918653047945
11.3545357143765
10.2994370624299
1.63407230660333
-2.2279867290346
1.27076538300566
-6.69887496978351
1.36977015960523
0.557378128827441
-4.5635926186979
-6.71909092895298
-3.56275016472671
-4.1464361619468
3.9612981328156
4.81026538884245
6.80654700110607
3.16221707565009
-5.66122943085244
-1.12888517282592
-7.32133804293377
-0.103422986155234
-5.53295420336895
-6.28681288141508
1.21457183653396
-3.23593576479315
-0.828218776341445
1.70310285731785
13.5147634935469
11.1097458316274
9.6036176624273
11.150156393434
10.3140485308689
1.82996084111762
0.861651146064938
-7.43098290464432
-3.82214647177728
0.776875254675543
-9.52086931802056
-10.8329312661929
-12.1957194671436
-9.36790642913673
-6.69947821588997
3.32590137688038
4.14731464766259
7.64315319313399
8.44189409065443
7.95277350292689
3.15994946681504
4.79207710657668
6.63504856493155
1.24725721357693
-7.86549540015522
-7.75962478798848
-5.5950869061134
-4.59821688805382
-3.15086110156346
4.19399972989874
7.74170891511066
1.57867812256
-0.0660655398596242
-0.378030650227658
0.549514703897129
-2.91216133792065
0.367076285434513
4.14034981056209
-8.32154278117146
-8.4270303156852
-14.8175604795854
-6.56833311432715
-0.723413504897921
7.34079420351333
10.9306436102832
2.13525964886047
5.23928593043664
8.00180438316915
9.1497193695656
12.9402782795604
8.43300180060005
12.8632907203877
0.683209189740184
-6.0693501296462
-12.2698735245891
-11.3048001544274
-11.853713406614
-7.21631874376459
-6.42250341297618
-2.90122311691077
-7.58112067331554
0.45109760584951
1.35451244506404
5.43485415833697
1.26192808356486
2.28670699432417
1.54562722817502
0.239264259711047
-3.8682847485145
-2.21803515495853
-5.10436669599681
3.43816801757097
3.13678696076877
2.79397422551317
7.72199776067211
-0.145935297430775
3.41769526024597
8.39387021918232
8.54324038977547
5.28453151806218
-0.936873566887382
-3.58817572323964
-10.005156383726
-10.7636161898689
-5.50077913549052
-6.62602215395143
-4.67100949698576
-13.7301845805399
-9.39715615662943
-6.28304300171517
5.33224172754075
5.24128496687736
13.2607305852401
12.7434215919727
10.1591433130614
4.34096408545714
-2.6133474570214
3.2186696427653
2.72337802169601
-1.96365834266635
-4.09214109045013
-4.25548233707688
-3.18636575390616
-6.23967115878752
-5.19042844355701
6.28242867653549
2.42727893911031
6.23775145935749
3.30285818817581
0.141489492444926
-4.19906159143756
0.26857902826027
-7.09805431737412
-3.1122348773646
-6.50532318058626
-6.04394215638616
-8.57101128583626
-6.44644979577654
1.39314532043093
2.19644974443097
7.91886579579044
9.40077084609776
8.2376522300413
9.46046771695121
6.0183636078209
0.601502898054685
3.08157417394047
-1.1032603130306
-3.64114444229156
-7.98065739850083
-17.0769490676071
-4.65294831317359
-6.75852733313204
-1.03482581688997
0.574150397540435
-0.128077756017405
2.48199694778463
-3.246188251567
5.4672188908885
5.10165344031742
2.47115557030116
-2.57509645761953
2.17116296004773
-2.72433174348096
6.10510884829005
-1.3254717874219
3.13057374819868
-1.5395724014955
-2.3975700378929
-5.32637544691803
-1.40540543807089
-0.0398009198369573
1.36505738743829
-6.21953955682271
-3.94859492221522
-3.83192722124766
-6.6211316746125
-2.28782115874238
1.50581362964569
2.91411328629521
-4.46026204854632
1.52530292422576
-2.44014174639588
-3.69010624523586
4.3283216543334
2.5916392308117
5.63752352028245
7.12672673967973
7.1073023525119
9.46294072633437
8.84079620523433
2.2062664379052
9.99410584959149
-1.17678014284103
0.425327336060343
1.1405785248529
-8.401592431961
1.9644193387026
-3.1080403920168
-2.79215594726487
-5.25555301240762
-3.89094324122041
-2.98240960308263
-2.99624993932423
-3.55757271795227
-1.90798560232
3.50788440673316
-0.793923426323123
-1.43003587726996
-1.02441861531813
-2.6544057658046
1.93212572860288
-3.71571241841123
2.30329165162869
3.48766554830302
3.5227052135477
6.23963971089021
-2.31805528014208
5.07975174259459
2.32624684025014
5.10050953752078
-2.2077094696619
6.95831975435779
1.74276410979299
-4.8598940704548
0.565175293687458
-3.28471103353213
2.28577709942156
1.16223871509433
-4.46667942905199
-3.12239381338189
-0.808280495539165
-3.76193548889804
-0.0661592575510257
-4.51735689007982
-4.34580355265415
0.672227531481638
-5.9481902975672
-2.2918946412825
-1.72450331980891
-0.0371101571779542
1.53822467770186
-0.180107696466848
1.01260021234517
5.99430353197815
5.59768526895883
5.6327767435062
5.76160795749251
3.88240280231111
-1.17558810091035
4.79465473351799
5.86663767138045
1.81803447803039
9.62316535255225
-0.648016578311219
-4.91275658561378
-1.28805510966142
0.169613205303104
-3.15219612045868
-5.56075540645565
-6.18717916371275
-4.22401468572239
-2.89635184603051
-1.97944427100846
-3.81006858340775
-5.5485308182491
-3.59931494982625
-3.50383041104572
-0.178723565647979
2.21131489135877
-2.36299431659622
4.3719359496553
8.0525791521185
2.25773412540995
-0.507330919996738
0.74740031085737
-1.13734720095487
0.814025328982011
4.00717241660483
2.73793684168279
-0.400687161116378
4.75616479352059
-0.100280045909849
3.33814034059917
0.876552261860189
1.26972965590156
1.6467662183977
-1.38578041794186
1.53139465162417
-4.04459542260157
-6.6683144994167
-5.38349333975562
-6.99261608621538
-6.74864039292352
-1.34831878631769
-5.19267267225265
-3.25982972927553
-4.10618517985643
1.94288164613195
-3.28849164278696
-1.20629584943128
4.08071269879327
4.54768742816818
2.14277420954785
1.14891625237473
4.67499652250397
-0.0943092226920785
7.40927823082111
4.12832910143311
3.08929622965387
2.53772156576003
0.843369709369806
2.23499611264974
4.35588865727072
0.313752866301747
3.29252370005288
-0.768319450756072
-1.76543352137757
-3.18366994986216
-8.93525299181313
-1.00857039315239
0.93213666439568
-0.0946423269060674
-10.6806713050704
-3.73856066033203
-3.19693973463236
0.598569114329589
-4.82833771234776
-0.695288534439661
1.3435040526421
-0.961512490042515
1.63464784681493
3.42405887576893
6.15319657249362
9.82816899370229
-1.42495482807177
6.15909710044605
5.75965521295124
2.88824757633414
2.56500645761669
4.48066558039819
7.00881444824355
3.04576320201442
1.69280581436017
-0.965330240726615
2.1192974029194
0.245794878771085
-2.28264379163133
0.574046193035381
-4.99170144431921
4.14780016399054
-0.343794679306624
-4.11230423532251
1.50329795931798
-4.69557319829728
-1.99026616374246
-3.52580611743176
-3.9011951735458
-11.9875217648102
-3.59251215821771
-5.29628799980829
-0.668729176907193
2.42193525148572
2.71674243235067
2.06272978382244
6.35489211463153
3.42868156461099
3.2328986242812
7.46393587123061
5.78139119613297
4.8940677105314
2.17903099067983
8.9018330047184
5.07024039276288
1.23953624718516
0.290359842812888
-2.25262428680248
-5.41157679131598
-5.91474184837726
-0.266288868856111
-5.92788188347637
-3.74281642542794
2.83295820310109
-2.25302786702682
-1.30293602317161
-0.505047351851902
-4.35069421420059
-3.34501272643912
-2.69105457982735
-2.05449565285948
3.32647701775594
4.12504887036143
-6.02110511736531
-7.04699683333511
1.40782554052115
3.79121716382483
3.30808613340453
4.15798927659973
7.8496401398701
12.7043548183135
7.40196532553476
2.97096948502487
1.36308442403658
2.6595749835111
1.01240578261439
5.91804662824395
-3.15814348171447
1.82332854369806
1.02314117951208
-3.20520549074598
-0.496393604993845
-2.92814347129423
-7.82535614845132
-1.14230995042934
-5.30867390974715
-3.78797458248684
-6.9259077589384
-1.02976443526542
-3.82226098082178
-1.45394906307962
1.6840604430943
1.00405317857418
2.41645603980004
-1.02846692637033
4.73864470485738
2.0483410029285
3.20437367467636
7.03200486863637
-2.26346377967651
5.55706045596861
2.86868651418926
5.10467937183276
2.7321541516406
-5.59066818081226
-1.9896628747477
0.672419684925014
-2.17636657154411
-4.91464159111375
2.51491076847427
-4.54932977370258
-5.90012325624538
-7.06095403928071
-6.50765554974752
-5.47751452586386
-2.35330316896927
-2.46995879730019
2.2188154421288
-4.75124514884034
-0.366934374168246
-1.23375483206523
-1.90273137912163
-1.74716066264432
3.58202872782882
4.35330334126294
3.98493118144489
3.96708821052247
0.281952483369816
10.0423206127284
9.73465099701484
5.1950149171752
4.20384004268717
3.3050283117152
9.18887210610669
3.65392882551626
4.56758439200262
7.4813497911028
-0.768754938549339
-2.89867251069427
3.24619343988994
-4.5115290368378
-8.66460977370225
-0.682466932310733
-4.94448418360263
-5.40840560310778
-7.08958845426178
-3.62189795828465
0.260475251816463
-5.00754968266847
1.61022457861145
0.243715508812439
2.76696081433915
-1.33301456332954
3.08295844589999
4.32798125468609
-0.235132449514888
4.87869798145436
7.75864037261099
3.17974734055102
1.9854571287656
10.5422111248452
2.63596544537299
4.98754985750033
2.80322225983256
1.328781750231
3.1721669155641
-2.86221921776913
1.28614026810963
1.42468231621395
-4.74712746512756
2.1401542732583
-1.84968188862734
-3.94239749661179
-4.31468103405676
-7.67351652245346
-6.74158611281346
-0.356718715888878
-1.55807922908511
-4.02955622894723
4.58819521855861
0.404087107220485
-2.04853194156198
9.58960077014199
1.95318224581036
3.96898465599837
6.15793441125078
2.4560860799978
3.97890110423009
9.69064055858734
1.21455020958527
6.39810076959693
7.50455520535622
4.10440080177113
3.61728507107913
2.46053073441437
-0.899834076055867
3.84554839755541
0.00992933752511024
-8.97282384466098
-2.20717046210883
-1.06683533737363
1.18690236841532
-6.54431186540022
-5.04350129774665
-0.396246359739104
-6.83919773139478
-8.08118950516196
-7.4379236101114
-10.393954859467
-0.828531342719715
-3.20906002111446
-7.68813832982383
-4.93895455590347
-1.51910414359418
-1.50236134626333
2.02867252492657
9.49761881902552
4.27524178502994
8.41340862930055
7.74907330601507
9.3321354108385
7.37536467011876
2.06703873189961
-0.395639210890572
4.87345683095701
7.78149518138805
4.25428451685378
1.62461276770859
2.70400717890763
-3.90516223084049
-5.973796574992
-0.0812818341867612
-1.92422558849592
-0.727007044802441
-1.9206353278946
6.44024421068016
4.33480519820364
2.87166469367796
7.2628801513603
8.565733098627
2.32553877319926
2.34203335340678
-4.98893210411625
0.765875163825594
-4.28158806212154
-7.51787563980475
-6.67207719742049
-5.32688185433263
-9.34041726321185
-6.96451056404258
-8.10437248371961
-5.19726564645242
-5.15877811621579
-1.25541102141172
3.57365564925234
1.11533450721147
4.86881004733113
9.27876927559715
15.3470467442864
12.2806517930793
13.4024506406209
-0.454221144671042
5.7255352581966
2.17218569170551
-0.140809228298294
0.5910391259385
4.28303254213308
-4.53866634548767
1.34075235734954
3.75961675917534
-0.469950538349501
-3.95992741551794
2.51624430961331
-3.24881679650946
-0.172210804636605
-4.96473732492537
2.85300387357613
3.73208786674621
3.89336271626919
5.39453885535945
1.47657311802364
-1.92664292169916
-0.0245906188126743
-2.39836489037512
-8.35642136097211
-3.95256448568303
-4.35766266487373
-5.47813411384856
-0.734260673426022
-5.86117531656172
-7.80550047922839
4.40228824452478
-4.10805206909382
1.77384229019813
5.86443429072881
6.51859924349225
9.32592843909708
6.37304233925537
7.69441258002442
12.3951377238928
13.6092267533391
9.69524318438398
2.76055045471586
1.21525097160709
-0.953906255595046
1.48579122795953
-3.36817331692194
1.84775613733213
-0.296075602132799
2.27295673067114
0.0699574114024317
-8.10114010479201
-4.49450576856218
-5.01341628260962
0.222839240001814
0.683132106566195
-2.97446208294781
1.69682122852258
-4.37487444764379
6.59788225843865
2.60277733334362
-2.2679516160574
0.432144863173427
-4.09769369501318
-7.21680772918351
-9.00865618570305
-3.61801139789737
-7.85524410776017
-5.04059037857436
-6.48589005154538
0.862813007370995
-3.73355029078321
-7.32027673943772
-3.21067562269394
2.72069057899005
-2.93950537861995
8.63663316530119
7.96194448497577
7.95813748762829
4.61056725105513
5.10728919185965
8.80541488797274
7.24906675713585
4.17968259819875
3.15988495591036
-3.35197987181654
0.830529710143726
2.54847298908366
-5.42941116113879
-6.80882110419838
1.34430938482198
-4.99808264737261
-3.80859442076451
4.5060699690277
-6.79105292630661
4.73673895454399
5.56724659485254
3.82159574285602
4.4005268177845
8.66395619466935
2.10209856715981
-2.04540336528593
1.75172636760974
-8.65932056436067
-5.24867128603365
-5.07689207480921
-6.1197942337919
-6.51555648519424
-5.04794827462757
-2.31744052800047
-1.15841695892839
-1.44693526282968
-7.30205193415265
-3.2776731632499
-4.57895480273777
11.5178480261435
1.91713323800925
12.4041357132702
3.85539239780366
12.2434831964884
10.2385947617203
5.65930015600587
6.65213142001715
1.70145239055361
3.43460415902987
2.41704737785168
3.99658820842578
-2.23143791924831
1.89466455789419
1.79991456383465
-1.12989231835164
-3.17945133825792
-2.88121206879784
-4.06599857175214
-1.17236613786879
0.0852680942391049
1.33544676767343
-1.53610304938392
5.52985110986047
8.42507823243884
1.90327396893148
1.91818439361904
-2.1971177177036
-6.93155841841884
-11.224466954181
-3.63526366807789
-5.53998338413627
-6.64378336676934
-5.06104795854554
-5.04866508475305
-7.78966640331024
-2.28449901354412
-6.24294566607681
-1.35875337161093
-8.23415973854194
5.44090009079054
3.54283168832543
10.5956188254429
14.1710196081682
9.90383723548767
10.829349040704
10.4983358736376
2.35625853700149
1.21863000533862
1.10212770374961
-3.14703888393962
3.90874640058107
0.324365894093746
-2.87098443291141
-4.20409889914634
-1.51595264366661
0.786432231394872
-6.90442777409053
2.47024387099741
0.492491743908445
2.20333391205375
3.33008035284394
-0.0107556643501852
2.55185818337786
-1.59115710639924
-0.95099694599047
-1.27230132148394
-5.82105654661865
-8.23118349071069
-6.1927219394769
-9.67796070890179
-6.93567052606419
-4.35495319866167
-9.50457319151027
-7.48004302762759
-3.54111486432276
-6.93935333562441
0.444006534789093
-4.1744467058363
1.28074340828379
4.46593308784856
1.94655191831135
8.55129159360098
6.44548789309987
11.1926818327242
3.89821192677958
7.54292611938208
3.95725533803468
0.934671016953556
1.70512039305924
0.151686290867609
-4.70709807416608
-0.0325377455952361
3.54689433377646
2.98878238832428
0.258817241606456
-5.89606266111599
-2.65274212354436
-6.73231410730378
-2.53295573770601
-0.0154708359400627
1.2917958386734
4.7422688984175
3.90613884799749
-0.842056420687366
2.76785456706662
-0.984193651562697
-5.43454980445331
-5.46219490827399
-4.38298502251995
-5.90350410945482
-0.668051730834733
-11.0494928116797
-3.01978864674398
-11.4134997120728
-3.32588594614725
-5.19377375914549
-2.89555650302179
-4.61827138003895
-6.27749408242532
3.68488046029591
0.785590214059295
11.3677750346937
4.65764404167661
4.4471607010062
6.96047467833333
9.80288849260077
2.16484826855695
-1.26263337229191
-2.59032246998852
8.5907518647211
1.24111177566842
-1.1932426774881
-0.347677687984885
1.75282579081165
3.23272698591559
0.803841261141633
-0.222190807853252
1.64081966151485
-2.44311380196771
3.55400949831618
4.98771624944213
8.46880629895521
2.83665219999293
5.99096061284499
8.39509308850715
-0.527166429157629
-4.6958704787259
-5.78853295072339
0.456254310278208
-6.22826676759128
-5.20650514736299
-5.98595773066395
-4.24042257530014
-4.26754031108173
-0.996598600781219
-9.45994218593025
-2.0616283902236
-2.41401659527272
-4.56767350847219
1.31339878970314
2.94929683594913
12.5653123213662
6.54988115897253
6.01536164050384
4.51705575732468
4.27918628529579
6.38148310173356
1.44678195116104
4.76412031162241
2.59518871109223
-0.209463406715394
-2.26078360454782
4.39872596089826
2.52757898076882
-3.66225600801836
-6.66928378119613
1.96261458967181
-5.64382365437239
0.0662667842307754
-1.50498905798065
7.29635376771427
5.26060015231724
7.96253424639183
3.60162191688531
0.915336808764907
-0.0428405451295427
-3.98577090103353
0.444579998856971
-6.03058432351271
-1.55719259565427
-3.00070698439242
-6.39056739347715
-4.94610254574735
-7.03473529639454
-3.57395553201425
-7.26266387670217
-6.99615879732698
-6.14606188384315
-6.30333294188549
2.54733016015642
6.67643008756146
8.65570535098064
7.00527748562763
11.2141411374216
11.2875197023367
2.49195408385682
2.97932237378309
1.50418642839539
-0.107216484725779
2.47400545788724
-6.14228364639496
1.84879239663164
2.01400429612334
-6.62408829448058
3.20656818152073
9.35950284397357
7.98757377569374
2.28878640425147
-3.10213820190739
-6.66081533564451
-3.96425100691079
-3.67064801798313
-5.22205354711392
-2.36948780384227
-0.645099370209075
4.09721462553975
4.23938067493944
7.11847103782975
0.827235221196029
0.332972937727554
-0.342437594293918
0.0486734023127888
-0.986499018986846
-7.57548194922422
-3.54828735588071
-5.86787949102973
3.49476738856588
2.77231288780942
7.52085569351008
1.82243275427708
6.25715919664275
5.37341083238655
1.59055140177968
-5.29965696939027
-6.06687642559354
-8.15055076649532
-5.15996017809475
-1.25314805260371
2.27699206476328
4.04261959536496
4.32507067552939
9.21264649486551
0.408235097663331
1.25672982803227
1.17852119895185
-6.46257624308019
-5.21643249003546
-11.1138210431731
-7.53933533923224
-3.37766602742423
-5.95546922362265
6.21537829314604
1.85391569770119
7.09723012285899
10.4145748292954
1.05244348180316
-1.47969456226632
-9.04771414814009
-3.58154446010792
-1.47342747387296
-9.04988489845139
-3.55173035892185
0.280930855796954
2.83442746947747
6.56308701577027
6.0329100182963
10.2748504092584
-2.59730472206824
-5.54920178953405
-10.2832012084407
-5.76031725796449
-6.15180779926478
-0.143339025996385
-2.9133859651651
-3.0664049345606
-1.61950552738906
4.9381904767962
6.15212264836543
2.4137405512442
2.09611062931352
-2.37564969752541
-1.70782361156967
-2.36846633463303
-7.31022953274078
-7.01176398392371
1.28633389466772
5.56815275826979
2.84355262975434
5.28206756984165
11.6220190035364
6.61331157991113
4.32731467734166
2.43932709822181
0.509960525523103
-0.961516218775615
-6.81214562457935
-7.9810697741186
-2.12189207852639
-5.79064853795342
6.74108380565996
3.94174002629371
10.783144936394
7.44061396991558
1.73243877535805
5.68611930051934
-3.10305423592833
-6.71425323102592
2.85258420443875
-4.47935860656209
0.138098723895282
4.04204611582004
5.7233382500494
3.9229813027416
2.78664851141643
1.95265105576261
-1.84134572097657
-5.76381319024822
-2.2838504847967
-0.612238811829275
-7.9852036222086
-2.99850977621438
0.682496123232177
2.96014152068553
8.55500488744638
5.88020611820826
-1.24168884804477
0.109422152358046
5.44569539936136
3.00944606457485
-0.53790955012263
-6.73270205100271
-5.62424770187619
-1.25036198186169
-5.69856381810649
0.771697391996058
6.66952501315019
3.1487077536287
8.74979318663238
3.27608721915398
0.0830593828987616
2.62037695944984
4.09717411080797
-1.48549934868363
-5.43999069427032
-10.2304889578603
-4.90966375761775
-0.317371004043157
-0.194647371017229
3.01330871313028
10.5818765282517
3.12613228048517
2.20047726434717
0.0371465284196217
-5.25681339298135
3.21256161473769
-5.78928575344802
-3.52402807408453
-0.309784133924164
-0.591120093146266
8.28291116694809
3.42173939748303
3.87647096136439
3.66492746432693
6.05480572328147
-8.93905819118697
-9.17413901511711
-2.49000016809308
-1.51764138468565
-5.29176525868375
-4.17540088082005
-0.171800996920842
1.77538956743595
3.95231988346129
4.45894015563758
6.59384212083919
3.69922948738767
-4.92705373874401
-4.49771185656836
-6.71671392483446
-3.88294656107073
-4.77705958298006
-1.99402583474621
1.82930516891176
1.69602772468887
5.78509042142256
5.09257895801251
5.84082333656256
0.159975790574822
-4.47036967749214
1.13070957757353
-8.18860883024195
-9.66776629712038
-3.09965021046037
6.5787898183239
6.15325684347976
3.96712839565833
4.41239204218623
3.30096617353675
1.22422887324919
0.225461641195748
-0.847272313878407
-2.35951524848837
-5.50243148432785
-7.38124030362495
-7.17978700980931
-1.78859594506911
2.37570851347638
1.15587545348571
7.57433490555062
4.7186839923096
13.0570707505981
-0.0834280490105412
1.76239615787551
-0.584178902957232
1.63645066475509
-5.23858408026264
-1.58880853774897
-2.71345329784195
5.17333955171943
2.31080296138741
1.29193024830246
8.29865240618626
2.04560062621121
-2.61380033787545
-1.93484460204245
-1.1890422879918
-5.78852121744742
-6.87953390341853
-4.91243928421344
3.68712139472435
1.78849714768572
3.06714031062749
4.21705397924911
-3.42886956601281
-0.214612208986583
4.3433605250794
0.18223158456212
2.27981978654458
-4.27366866004847
-4.57316769153498
-4.62828967933273
0.0133914331358806
-2.75653497626686
2.79036169372688
6.28357120771113
6.9976425565092
2.71183237300428
3.44385338823319
3.97698170106483
-7.23987290285378
-2.84596420342358
-2.37893913895706
-1.00768177651059
-4.43790520079854
0.402971447245913
-1.72481253438445
5.62250821810914
5.802219035249
3.133142780144
-0.0401814012029749
-1.07293964749176
0.683493072445376
1.81203605944481
-3.34934487437975
0.466372330300509
-1.71726375250276
0.281963489942111
-2.14350579699797
-4.12288711738595
-3.24270614178076
3.38266101493978
2.29024003725293
8.54049675191966
-3.66474883548437
2.08989277174664
1.48542899684476
1.64627910059211
0.750656523067431
0.125786315097567
0.246099079908207
-5.84526538518132
-1.18677157434588
-7.90874077472419
-5.91891877477143
-7.33254032499661
-2.02256039728655
-4.57246860901245
-3.01054892577504
-2.6304300756746
-1.12785547986365
-4.83397810845019
0.441009597315051
2.35995454583768
6.40591049034649
2.2409472513734
6.68222062305152
1.65903006185335
1.64872866393401
7.52219915231277
-1.70185593210568
-0.0687995015044023
4.47589148462882
-3.97555708029426
-6.55729176822016
-4.10624026799917
4.16676797153618
-1.07160346952096
2.93857275761238
-0.707340103098033
0.79973231151283
-1.31840452783491
-3.05203191168061
0.469589429844178
-2.73895376157414
-1.6684765176396
3.27193022895987
-0.331870249265177
-0.961746948380365
-6.24100390341949
-5.2663221917473
-1.02008930705242
-1.87453559889564
-8.49452576825365
-5.75873827580042
-0.613261953685653
-2.12170108234194
-2.42681685856783
-2.18704862468744
-2.56308168288152
3.10533231872771
1.87807704575797
7.43215530831147
0.0474112562912703
3.78074847873319
-0.849666860748028
1.13582608361941
5.57504215106387
1.24885300349097
3.39580627368086
3.70435180339781
3.89857964034927
-0.522587699187631
-6.4107400164451
4.15372322525243
-3.06817553846012
-5.38641521838795
-2.70641505390024
-3.55333409814943
-1.80244899393959
0.185424503571999
-2.78026735650954
-2.93906890122134
1.60360690778901
1.66098310370119
1.16087394570355
1.1957453892486
1.93416590542648
2.60746114022735
-5.02585824128747
-2.18964781697615
-4.02704874792338
-1.48567232104841
-1.98404139716231
-4.12449457770284
-5.32086931187825
-1.18399459650689
-1.65523791252464
0.247478576455027
1.63531592138132
1.91447674897143
4.62820003592106
8.11320084549098
9.55607607382575
1.3794545376277
6.87686047431446
7.39050007846639
-2.62341113271264
5.55015563961479
0.467280063884645
-0.849365832098576
-4.38238734460332
-3.23649294945825
-4.21881147657122
0.846940908058844
-1.93846025519529
-6.37887232559665
-5.94703512302485
-7.61044150818893
-3.06232643017074
-6.33180698512937
0.563470543134761
3.52856797257445
2.68147139324483
3.45044632133049
1.17706964004045
0.979302179415911
-2.39564314660476
0.209926986790513
4.7122732106326
-1.08394496382971
1.23137868981662
-1.86112668650783
-2.05651312568627
-5.67099002096217
-1.67946023016377
0.45770835109989
-1.50052609191627
-1.8356248646378
-1.81034269314819
7.19463944609192
6.3471333020471
6.92855400090988
2.50617483691967
4.13035446471172
1.80217031004372
4.79604480170081
-3.19091196534039
0.768430623948345
-1.17288176764078
-3.36307376443484
-2.89137419077592
-3.08303381247731
-2.24857881957138
-2.97193647422196
-7.19707359743153
-2.74125839679721
-3.76006508522267
-5.97902040150921
0.190539836813104
-1.77866907576027
8.59099754116383
5.51072991254479
3.47728701454205
6.22136124309367
7.13323540470301
6.95560494325742
-0.0556206958602079
5.57555975125322
3.36366874060336
-0.577856847031636
8.63564916195819
-1.96576733246103
1.29845612752954
-0.0523877791412439
-3.12828399952593
-5.56332583699615
-5.68628396034884
1.00725740505718
-5.28576938506545
4.31448239028298
-0.761957703891899
0.337679317521464
2.96034226356398
1.30781708269298
0.229348531790269
3.1122517283256
2.93342615469112
-7.22182153964767
-5.19369623306558
-0.00949611216124335
-4.84659802346112
-5.55614738099612
-6.87295274354398
-10.094162493026
-6.82624638507421
-1.42191402095132
3.20027245534893
-0.270093924637928
0.413013650058937
-0.222005311007425
5.15749464579966
9.4854713207108
8.35850137292315
7.44082913550678
1.15124822135547
2.03284418787653
3.5565805577815
5.1478479024995
6.49218564490501
-6.07528211683155
-3.81231225491147
1.04850202271803
-4.34889854378639
-1.50645050707707
-4.56378900493835
-4.34613340493392
-3.51233199975047
-2.72003373361746
-4.36067686799523
1.23435286710235
2.92876278930736
3.0606338831125
3.0901073742427
0.159670592722354
7.25968846239496
1.07497116399492
-0.843660198173386
0.695441962751467
-1.20048246681275
-3.42582908416862
-4.47773324093625
-4.90370603665354
-2.1869226584297
-4.53391794210085
-0.858018044174116
-4.24358704437151
4.27472648928597
1.63581417879882
0.168956403767641
3.5213266692376
7.59111796131787
5.65380811304211
3.64283140457015
11.8277880974774
5.58217515736885
1.588204671644
2.76961456536371
3.54519065040295
2.23631791326161
0.965046154730276
-0.263812683547314
-3.60657852674563
-7.22029550163909
-6.28019898084214
-6.10370392211137
-2.9207066730351
-8.27808756292144
-4.663581482017
-2.37595317902518
0.117422387346379
2.96141993708433
4.03411618798466
1.70218866442457
8.27850829645901
6.23020310503848
2.37812425336202
-3.27374784611739
1.88543316937857
2.0822032085904
8.82706633367085
-0.848116856658445
1.35134686377794
-0.157105001133539
0.672315755497004
-2.47700078805449
-0.957098600034892
4.54322266664546
0.141569037711003
-1.43551011516824
9.19175097418381
-0.12714601252498
4.57810295301256
8.66362973360206
4.9051729093318
7.11681421173744
5.00007193187318
1.98244710749814
-0.734768622784185
0.442435306155419
-4.38717838797104
-4.02869522968046
-9.99646143618672
-10.6663989244172
-6.77846437478038
-2.24020671300916
-6.61339513715379
-3.10448427924334
-3.28109909158873
0.999080774400978
2.1174847859487
0.781083976645625
-0.938769516194524
7.02310137785499
1.46647685706304
5.32511546586385
4.69722460059262
2.92242797395926
6.29225107484335
3.11372213526979
8.43404170671188
-1.73065928154976
1.61435691782968
-0.154623874160368
-3.59521641557094
-1.06852817126504
-5.63168847519445
2.23127754733676
-0.517285864512386
-3.48659080517431
-0.359495155765371
0.323002871217054
-0.76723858229328
0.77862610207566
1.36562787692372
-0.53425487237012
1.23854698723559
-0.212545870837062
3.56847224848417
0.333543701172403
-1.98356383045403
1.70027341406083
-9.50633314303903
-2.00352093869048
-3.57804468068721
-1.08432227550589
-0.861081924029524
-3.82285013201123
-7.34700212381142
1.67958789723427
-1.81784876338647
4.52444865596459
6.71538283643162
4.15377413256742
9.79762577182737
12.3576715595902
5.66473249401068
3.52979004847857
7.14909379427584
3.07804477061461
0.793191265287857
-1.8939642058538
-0.859362025116714
1.56727676076096
0.536594711349144
-3.31169113348619
-4.52468847200278
-6.6040780366053
-2.10685863257677
1.52953578639307
-1.22360744257855
-2.86792325489307
1.58857594113272
3.37669988891257
0.628657521551062
5.60877651657731
-0.270513071592693
-2.66814442853672
4.40243977101592
-1.60868675434916
3.98308419130219
-6.26141215903879
-3.83630136671884
-5.2100376005112
-6.14032727308108
3.20932435522155
-5.84347381610319
-2.82810745489897
-2.32868311152896
4.06552462852064
3.33619876112519
6.19964917296234
5.25310494660433
4.43539424825868
6.58034679818162
4.57214734829207
5.07435165311057
5.16614545196992
5.03249866176683
-3.07256971926411
-3.41480212894917
-4.11787377996666
4.75154528705567
-3.11993745213242
-4.05924838002785
-8.97251929717231
-4.08852765188176
-1.44354335314786
1.37982425071676
-4.4137447999186
-3.51053288822115
-1.09443050630778
4.91909983351547
5.54001844120678
4.42000488331191
-0.0951632589494276
2.1975679051712
-0.387666865986476
4.58764750947544
5.09362117422463
0.812434227074156
-2.79556973679186
1.88718608957191
0.653768334064994
2.40235579161382
1.76404909848025
-2.80184021220286
0.881287413499561
2.69243481886997
-2.90889586287837
4.77925274222554
9.91743419206453
-1.24121313985032
3.0090022578485
4.11450436707099
7.70199482970171
3.30322453914418
-3.6975350766463
-3.43264755785953
0.0334659944785192
-0.18812441416275
-2.46994080364884
-6.15695255488271
-7.76476966747421
-5.18300033549192
-8.39920933629082
-11.2818616907979
-3.19218791047561
-8.39335433320441
-0.11309736072426
0.0164365810696464
5.88060453377727
-4.24230838339675
5.10434157898197
2.59454475632418
6.17415566442937
2.00033806138769
4.36883187213402
3.56747211424635
3.82177576711854
-0.338066891541002
0.847407214922117
1.43652180009937
-0.299724665326204
-10.8499523672622
-4.36095508505642
-0.26142793544163
1.70979989565103
-3.27200559800208
-3.92150945408679
-1.51358164899172
-1.90170740699825
1.33956440532474
3.45876580794591
2.92305679478673
-0.22158368664194
2.72817436755405
1.6982483024912
0.642863631378687
-0.415456348746595
-1.71005348077773
-1.75885487886669
-2.61964749503673
-2.98194070697258
-10.484494138393
-5.41117296747499
-3.02321789615798
-1.98727631596096
3.58267073285832
-0.267392399134749
-0.254964716291178
1.72361806270232
9.63512274831211
1.73736749738745
4.37142879108981
3.68700831280457
6.7063792086106
4.41740546799624
5.86545119559132
2.09815467892993
-0.665183925040175
0.757820813132489
-1.04734816010642
-3.95926136969909
-2.01329520369191
-3.41676540399059
-4.10646979635395
-1.54915693967444
-3.92294582590981
-4.98170024510509
-1.10010394444381
4.27999035330711
0.0462100754198658
-2.09737743173968
-4.33244946144633
1.39643380998935
-4.51655707684108
5.25650725766668
5.82262166534736
-1.04420271322492
1.09541136639669
1.40481044853253
-1.95266835772554
-2.77583270628956
-6.78403517665905
-1.3671326325627
-2.37122680733276
-8.54733906644618
-4.74517832089675
-0.739379516933167
3.43547730521486
10.7030629254506
4.93025905272278
7.1006280971948
1.51479717618595
4.81191953844351
1.48876874956959
-0.501356647805701
2.36057316439851
0.8593624419799
-4.96596098935113
-4.04179642690809
-2.00096774192923
-6.72891873763679
-4.06653223104149
-4.99325864459924
-5.67019376431519
-8.06494024592299
1.37667211720284
-3.32434457833959
-4.64093559143598
-1.34863164512442
-1.34328137758561
5.14730005266487
4.12784307527319
4.51707301209151
-1.96772454748682
4.44981192096677
3.79378045998332
-3.90946861800899
-4.07035457446181
-1.24222055420163
0.577232613936504
-4.04436146907801
-0.2445433385229
-3.53313947565775
-5.33934104752603
0.249771819533954
1.3842656027932
3.08244177817183
5.29587348753263
7.81521295253062
5.2003403694541
2.72179204032654
5.17413010957172
6.47340334873023
1.30357086989583
-0.166499724260132
-0.344008392290986
-2.46861163999562
-6.20412848859251
-4.27277856937605
-2.95288418871924
-6.42846305652656
-9.18057895313421
-9.11315364216908
-0.949749953282983
-6.10623681837275
-3.4872277711478
-1.3624150184489
0.87031678473725
0.958135184522903
2.92778811951786
2.75532029059915
-0.0342462366009926
7.58284974662429
2.92093739692408
10.5006991385329
7.47427555814101
4.21413088724835
2.947696124911
4.46782493257041
-3.03696985546495
-2.72591377621669
-3.39922181399502
1.95060939318458
1.47075354355005
1.07471919306544
-5.27297318021535
-5.11768054577683
0.933612548197222
4.73221767558662
-0.612191977053665
3.82658003293022
3.75050855332353
2.07126685003125
0.208511350405733
1.59230061593583
-0.815111200660315
-1.37151812836385
-7.98831016007612
-0.461500028855558
-7.37391246560745
-3.59350803474037
-4.4455260239849
-7.21808420100639
1.75702001527935
-2.35057638758272
0.758565289652105
2.74324391364203
5.89650190237188
6.83108280009
4.20586422061884
0.327311046560331
0.620029939498654
9.8063694271039
2.15886474691049
1.3470910931909
3.41673129946791
7.27673045734918
-3.40468156940419
-0.69075636041082
2.76686242482948
0.634444175687697
-2.93934755199131
0.212675691340454
-3.7299071627667
-1.62009336251199
-8.25617421998322
0.379339844050559
-0.833125469399962
-8.93904675204178
-0.24426753533961
3.18691319424552
2.44181982339087
0.761266520221331
2.63753740481404
-1.18878923893436
0.047830858321663
0.544242436888555
2.06749460328796
-6.80265249480552
-0.750631181119662
-4.43764738865286
-2.04547383586085
-1.92683491277682
-5.41986305444823
5.6069053993398
-0.4375351753173
0.843537230965929
3.91030013469121
5.96370271685151
6.62962632570673
10.8633030555043
3.31807075645474
6.65636923201165
4.73489269104679
4.71734523081998
9.13232503364806
3.2282860525271
0.7126065118146
-6.68416485687605
-5.47766000606199
-4.54851877401759
-3.63413686330906
-0.400493768773612
-5.63580107753752
1.99058233492338
-4.239939996224
-9.12631201798787
-3.39224811528233
0.284189525359151
2.49187485504377
5.16632490730528
1.38000937980093
6.76870534770981
4.02440217223974
7.37974019197976
-0.727423077484473
5.60443351259609
-4.05047666908815
-0.658944791293411
1.59201149505971
2.74971650282528
0.87127468680317
4.2032460009453
1.80536259311997
-4.58296480460388
0.473803590609295
0.29960160185734
3.80621010932283
5.67856046904
3.67144410794573
6.44632576101635
6.06256787341069
-2.38067178379887
3.51535675501497
1.65358305311849
-1.81782372217345
0.752165104847572
-1.19468381174292
-0.55199154128213
-6.61751663400936
-1.85794911775579
-5.08025630307341
-5.09606314568466
-8.61630172008309
-7.97324154271569
-4.38448348300901
-5.80156091939887
-2.08461860852128
2.70541034563256
0.945437630108018
2.08676700559297
8.13013091545016
5.43535162168333
6.65464471643317
2.46361916923933
6.89161525447702
1.78977806440085
3.32607889980841
3.9867789324206
-0.857427518592808
-5.25673401238413
0.171115231885534
-1.85016547848769
0.413956063942807
2.0046790406703
2.99510164886027
-4.29418826846868
3.66775536777522
-2.98715013839753
0.483666658821396
-0.24599924422547
2.43614859100852
3.57269136665798
2.1792792722852
-0.568109424732851
-3.64436941243424
-3.98124176852219
-0.320609914548685
-8.75345799137915
-1.97578862254437
-5.12844830418963
-5.44165465569584
-2.63191855639244
-4.64303263368001
-7.18542989542051
1.46013393902439
5.86554525579452
4.09803292855158
5.02480919304881
8.00370264549615
1.48332499214222
9.05985743052732
9.49554740746558
2.11364867778766
9.12987644298515
1.91854142991354
6.17910973272646
-1.73550001641229
-4.13267485670561
0.866588608880324
-1.04827614212124
-3.84626645880919
-0.171811635439222
-1.04610473831558
-4.24521478928256
-0.553903841031478
-3.16788223523127
0.100673583279887
-1.51173474004061
3.81382695864261
0.578955995616254
0.268764404722192
7.59034826606546
2.58177507836158
0.217670325550438
-0.285631986223932
-0.972214796093766
-5.92947158801865
1.06005572406648
-1.99618205418861
-4.56606807196463
-0.923743665506855
-5.78937804378527
-0.0372527815628998
-0.223150108952623
4.34904292290804
3.12820613153607
2.41906856682146
3.94286005533133
4.41753930843038
5.49269984675982
7.02044633048925
3.70876145512771
0.401861743533853
4.37760357804298
6.88984363621967
3.45836294389985
0.263986484978358
-1.99430068064757
-0.00906479608084876
-5.93201612470112
-8.50534184292832
-9.9306270984892
-5.65145358869624
-2.14985276687169
2.05491837638651
-3.27773041437485
-3.683122070556
4.87359995305426
6.54969431004834
2.47990623145795
1.53652033616848
6.45683064935146
3.67466384884118
-5.4493907103668
4.58333408480093
2.43103221032314
-2.00650199626235
-1.62407035884414
0.78540709686333
-1.2695415095365
-1.31323352467435
-3.20982233348524
2.54039490403009
-0.333389539508816
1.7490144633318
5.68968571819306
-3.28405997545881
9.62342623734684
8.94473771111794
5.4532697092062
7.63891368183696
4.49046341504175
5.46848128021716
2.01699805747838
3.68669240422675
0.460031489315723
0.376500339666114
-3.85477510003366
-6.00770618418109
-4.05815693601586
-11.1420139436964
-8.13105416473475
-10.1845019487451
-3.69288093040425
-6.98028504026195
-4.08431316957346
-3.66837956550538
3.80031727433677
5.79977755783327
2.6799602113216
6.99845824845578
4.79269025526598
9.31157500615075
4.02834158385578
3.27276302073283
2.95579594304705
8.73955634630508
3.12619678164843
-10.8396687908222
0.361003294264752
-2.82649070136119
-0.537886373056494
-4.3152139391256
2.02134637584437
1.64832732759911
-0.346772377531325
-2.14638632899919
7.68677357929303
1.12231522373118
3.91595418778987
5.45762903265818
5.57193936810799
-3.20207779046841
1.17431041910686
-7.60109898980147
-3.38842378726933
-5.66260543892119
-3.81756664158397
-2.40815926789134
-9.72306719016987
-6.31977893511151
-1.36168458390933
-2.30886095408173
-0.439950264424811
0.88096638998449
8.58413691708568
0.299230071164861
3.95375876673516
4.546491463351
4.37069738124872
11.772025114662
8.35810288042161
10.5271940168881
0.408185506543953
7.5130454984139
4.12283084626816
7.06883974472036
1.3031256374559
-6.9634542683196
-2.52305726947222
-2.9111279131656
-1.55925355838518
1.96869086688763
-0.64552384814941
-10.0044420213199
-2.32849669085978
-2.89418182430804
0.590830596604436
-1.27806485106259
0.313898281996251
-0.324103700035607
-2.46990967856422
5.12312195263546
-0.804066043600657
-3.98942702864982
0.281650601864302
-3.80363970278267
-5.10686248912449
-3.29028410417993
-3.34953101266929
-6.47707191985849
-5.40921380145655
-6.80583466730641
-0.632151182295636
-3.3094563676285
3.36581458188511
5.70461514669203
11.3688043225803
4.97550074838616
4.46560130024944
6.78968766514006
8.7752618695612
5.09117268866637
6.24605184883722
-2.49868225681608
-1.7978416056562
2.65939456085299
-5.32730794019234
-9.09388207986342
-6.50089656542863
-1.68444549577204
-6.4030708273349
-2.80537121213085
-10.4785510939238
-0.419196219642029
-5.04816897401761
-2.8007896880093
-0.291942669071792
7.25296933660053
2.90823885441454
-1.08456746835437
4.32677628776335
2.85500461400233
2.97608538494765
1.62262479149595
-0.467690903551
-5.6745355480447
-2.85538113679841
1.09336618204653
-2.45533771233564
6.44377834702581
-2.50810504495274
0.226150261984039
-0.961739467863411
-3.68860167919491
5.47591531692549
3.25356812344225
0.151573375899329
-1.40665517551447
1.04868932849408
1.20446221286297
1.13466550429808
5.62932372793037
4.12843031863264
-2.38361603232218
-0.506995406362493
-2.43464660233961
-3.15318365632122
-3.95331230684498
-1.77685856662356
-10.1977020596131
-10.3500682232679
-5.33255591861459
-4.96879103063661
0.000231427087411529
-0.84545262530467
0.955361754289354
4.40480830094088
2.11125738743136
1.09353240363348
11.0866699446501
3.11886028573118
6.34814789851909
3.15360212411095
0.60954455084833
7.21479461193033
3.60240924581734
1.32230697651765
1.64188372520679
-2.06127592071191
-2.19598433502813
0.763235689847432
-2.90832758257159
2.14425590243187
-0.494377546369393
1.71122723301581
-1.82019144766441
-1.18077882781047
-1.20024246626176
3.32459432489887
2.55433310947239
3.30712954457626
1.72030026385272
3.23899031054689
0.51470492959142
-2.31836079585431
-6.93329486495191
-5.00861239926853
-4.74392615785326
-5.41383423366314
-3.10139480068753
-6.14613127978349
-3.80165991613983
-1.14790514914806
-0.730641810658317
1.06003262526171
-1.04928706629722
8.19233168700934
3.90788360148842
7.1196536515612
3.42117679672274
5.74790092308697
-1.21827413012113
8.24438499546799
4.62148472558609
4.41707817898164
6.75972122524956
2.70668997621929
2.05001756611
-10.8143567824361
0.842073557440713
-3.09967760254176
-6.81874459670141
-5.26335666489605
-1.53803406313372
-1.08387142874811
-3.93757402715837
-0.789154252740436
0.776762652699549
3.6393440230261
1.57276689271304
1.61715192833909
3.65841584575068
0.441161211988479
-1.15204836074786
-2.31920950336224
-1.03933197150735
-1.23027432871534
-2.47943025626961
-4.09067444558883
0.192488649386634
-7.4098117909804
-5.44491157431032
-3.98930142962244
1.03290663984579
-0.784106251882118
5.66871932772218
5.59470678009934
7.73642242680637
10.1075045185394
8.28703753948647
5.36296037475579
6.84726309742386
1.26948567257867
1.5920335508404
0.758606946740386
-0.289377600495246
-1.7484136025143
3.49458200869466
2.85305200663992
-1.39888859673919
-4.90438152996829
-3.61346349469726
-2.70639629932134
-4.56479543219369
1.92051577610261
3.89246183147015
-0.338834515962464
2.73888122103354
7.75110163042017
3.58307252867848
-7.77311796915878
2.49074675397134
-2.69694904684763
-11.1058527766394
-7.70501331038444
-10.8460743469095
-7.46472293390073
-3.60810162682413
-5.13151196656904
-6.44510325734339
-1.36363032950428
-4.3893579985908
-4.38864746088853
-3.11394466760047
-0.110650814239487
2.52794256309768
-2.00251327237607
12.1795585020447
11.4561577885723
4.74645116386495
7.74940277347635
3.71951508146252
2.55120209018532
-0.614372632713938
4.27865441757277
1.57582111865247
1.47296107692169
-6.30131436377007
-2.1210153451741
-2.12420499691734
-2.10123866947631
-7.54573014947536
-7.88471471180448
-1.48552868224625
-2.39188386846653
2.55964788318162
5.68462335321583
9.50700809155259
6.99857808127162
2.53399413239928
1.05941814540056
3.75802345864208
3.11022348405755
-2.869026841883
-10.6429864117779
-4.28278383871307
-6.54602501708994
-3.30688095938355
-8.37823269924602
-3.17272904015578
-8.72827979642572
-1.6315693887668
-5.41843420419022
-1.6426907608655
0.00557145903903822
-0.400246220480422
3.62297272344959
12.7900555565659
-0.0534627586598759
5.23697001884926
4.43834055376659
4.02023856664368
2.02000639406969
-1.17562159106623
-0.139405947143343
2.62458253823044
-0.0784936459885428
-5.97781042728048
-4.01158888636931
6.00303685054664
-7.43913988986676
-6.40643402511743
-4.15763140139
-6.48863021684682
3.50242069175727
2.60621815650802
-0.785446891175057
4.71092599498004
4.33248605629245
6.61075381122264
0.322065094055181
-2.62063774772818
-6.49686219046833
-4.21737754514419
-4.4800453880809
-6.28971794281199
-3.84337734475514
-4.0347060502238
-7.85666974417312
-8.91067230683477
-6.2745918088076
-4.90244332488024
-4.51710589236206
-4.74242930647396
-1.34093586238635
4.27358056013109
8.41826090717802
3.59332078606015
11.3277383772768
11.7484729691346
11.3190682434871
8.09724566899912
1.06031354996333
2.95426498177765
0.766695228646517
0.342053994584482
-1.34439519997352
-1.30402827082664
-1.49608772828803
-3.58249528766372
-4.14342481315299
-2.09188341156759
3.00942115618268
-2.94330932554727
0.139148915040967
7.51707596804599
-0.296110738056687
9.45983846044885
6.7610269329468
4.32110514712793
0.442453432310563
-1.21334943720289
-0.179183752935183
-2.20902446616617
-8.76457877951571
-11.5968682479255
-8.37274476616982
-6.22555782490981
-6.34217264038345
-5.61561681351633
-5.03849940324189
-3.35837390197439
-6.26578870165803
-2.94638120934408
2.20017413353058
1.85444608558709
2.78236663533085
7.00642052090799
10.4653446146267
9.7151959838283
9.05594504035363
7.69549821353462
2.70975971265235
-2.28680311617712
5.12185534806909
3.27478628711853
6.83145125448813
-4.27436844334511
2.22451720767715
-1.20501947377537
-3.12621127492111
-1.50300418855373
-0.0374901183088205
-6.75053850457625
-3.43712948441647
-3.17511000278245
1.01592560205685
-0.624957872713367
1.58339847933327
-2.05290963005024
3.48296831406295
-5.90410642224686
0.929728837850097
-7.68493330040572
-7.36351984669504
-4.16339521373703
-4.9338361347775
-3.51264564982095
-8.52982088762236
-4.71879711106696
-5.50865355750106
-5.67938217771844
-1.83697912841384
-1.50312186989097
-2.23704720003876
1.78819137314311
3.77517535883135
12.1529634460124
3.61123122683206
7.66312962556687
8.0936459186381
8.35226583599745
-1.69209942960579
3.52337346080026
5.20546465897798
-4.31765748085382
1.87249287318888
4.70369619252722
-0.891586624948612
-0.218980748092057
1.31762309991234
-0.71610027968414
-3.59575736090445
-3.55523472578798
2.63672532775967
-0.243648734552281
3.48471257927247
-0.67841082351439
3.55770664263822
-0.80539744651728
7.0846860419918
3.24006261424466
-0.921574423917956
-5.37470143630029
-7.19536319718994
-2.80870530508964
-8.14796543710096
-3.73029332657136
-6.13913341956213
-8.41150293281791
-1.41333888912925
-5.99022653086594
-1.84253140116125
-3.5989640008588
-6.82591936227673
2.95625945574671
6.49618895368913
5.59817464109177
8.8729932087171
7.23751526933462
9.78835691624772
3.17904214423704
4.14586436263812
0.639371267189411
7.27139459327627
0.689164967135276
-0.222989182175151
-3.35034262672552
4.78748050999434
-4.46259284116873
-7.30295021155501
-1.52667956216869
0.0606906031410652
-3.66903226632712
-4.86291866191875
5.95689267936495
-2.26833173202026
2.43658977811097
1.58293939366558
7.12665185695203
5.29147833692798
-1.8710600007173
-5.98113470598058
-7.46245549193388
-5.80529925605075
-5.64397344788471
-2.75489333452069
-3.44128340038135
-7.68277780147378
-0.636407216464332
-0.742289968064131
-4.73500657556499
-4.14479683558645
-6.47080573984048
-1.19425087179313
9.57023339624568
2.61397010907324
8.05333653276944
6.37665639800858
8.28494976557913
8.38721611312593
1.27982223197605
1.12995452828712
1.00782459817699
3.27234103557293
7.04988544521422
2.44694135915302
1.01819302968399
1.27873774200251
0.370456192521323
0.458129566990265
5.23222865545054
-5.31878039974977
-7.21313371348532
-2.35446809476889
-2.20087389171333
2.47464132876402
-1.4972920021101
3.71639914510141
5.3611777966383
2.82383544040764
1.01186964963617
1.65573193941186
-6.57574948752842
-4.02839461524883
-4.93039934618836
-8.89915541533158
-2.65843862918137
-5.61110078808452
-5.41196582216921
-2.42481371543624
-6.17750170650764
-4.88978147669131
-0.967326189141335
-2.23072862728684
1.53979848994136
9.01153943068989
4.50174285572697
5.17553764756846
8.72125574912072
4.34039507969487
5.63215608702083
4.45126892072966
-6.093324854311
-9.84408693850725
-10.380745239443
-7.50759858745929
-8.15189115985761
-5.70156041654931
-2.10770178384524
-3.04671206959716
-2.64845979056499
4.8944605735961
-3.74190059648594
0.902273905104411
7.60385790561375
6.60261748648194
6.40711409101794
-2.48404575744804
-6.90136370249956
-6.04398843673129
-1.50731882922608
0.600966192505205
-2.24355602230749
-0.558731340649209
-0.226002985580251
5.73038337937655
12.3697408397264
11.2573881864142
8.08680173434927
9.22321367111559
4.55087024881685
-1.35077407165349
-7.22407633623943
-10.4428366864493
-8.74374784403448
-4.21373338096904
-10.8766551307745
-5.24046104934173
-8.58737796479152
-3.74375826392875
1.83140903443134
8.1736317884521
7.57196976453501
16.245684876282
6.63992346901422
-0.949664789073388
1.21009631222119
1.52167479932972
0.125913084575259
0.816621207205502
-4.73935549972772
-4.37806986132424
-9.81737963418563
-7.24521345607168
-4.00936104740594
4.21649780823493
3.6871651904512
4.15225021037864
3.68585659105386
3.94852261828212
0.834111466212774
-3.31194264492604
-2.91157690659501
-4.68925798343062
-0.673040489190479
-2.88818930415537
-9.57419048752281
-4.1074527223723
0.738688540701546
0.556780531201762
7.08709881177264
8.59706428628899
11.5860750876536
12.1177580072036
6.4485197281756
7.0695565641135
-0.0926401145073323
1.03637504643383
0.172173159438775
-9.31960752819499
-4.69779008844621
-7.79337052794473
-5.41614200433096
0.0493110684736235
-1.86779447830537
1.16318023927272
1.28560537251595
1.67138532648983
6.51897620703404
8.58247251308456
11.5819856409692
3.72702097139682
2.09556649693372
2.55978293613594
-4.1703371108445
-4.95416642179111
-2.97266608048229
2.23103583308878
8.24878734098732
4.008123070813
4.50168119672653
-1.38780128843889
2.30121838349785
6.31279403511547
1.08371549883298
5.61703892724136
-1.39731165204569
-5.85565613715987
-11.7068820238919
-10.0097499297418
-8.71833321994302
-8.91182302347888
-2.95491665322086
0.199065735013345
3.97166494550317
5.20391709400335
5.29600271786898
15.0910362255809
11.6188893276009
10.8686173586869
10.4763023765525
0.676344471211624
-0.693362927139525
-3.41017651672182
-7.75860798713098
-0.00421527326987281
-2.30632259085988
-0.240673556574093
-2.62982856251602
-3.56319754297034
-2.06641077873513
0.462769900458453
5.20677658046898
8.42588961937928
3.2997094159328
6.10507056558861
0.961914373235806
-4.89698931220988
-1.68793540795886
-1.13469086936415
2.86358474130202
-1.04862211379225
-0.202922522344087
3.05835627420594
2.13415791597357
8.12747499354397
11.323780823511
9.30223008184094
4.41445269632906
2.07416175749605
-1.400906312708
-6.76922911931004
-7.53976621283743
-10.3948503935402
-3.66872407129657
-3.1289376063518
-7.94947022068736
-9.17759923171649
-5.97805527077668
-7.42800052462269
3.7780417916445
8.95858883440254
7.81309575615565
6.08547058383364
7.45291088640936
5.69940171616072
3.17359838906277
1.81217694244496
4.27070509120457
-4.59385726354659
-7.95807366725596
-5.08374522083082
-7.00021487580776
-1.09368027594538
4.28890108374637
0.927568943017377
2.4831083558593
4.95461368587598
-2.4835279303421
-1.91939442008213
1.39551545224908
1.45460647964897
2.13748675174309
-6.78606508311726
1.30205002574134
-10.6140619564192
-6.78518043169709
-4.6805281750422
-0.137716376284345
3.17756268504979
7.61933117790913
0.252834164527352
6.57520454580203
7.08658285028087
11.8085862347177
2.82445833309289
2.79769757692009
3.07976532545302
-7.42510173905118
-8.99537808929257
-12.9085603938673
-11.9839297866877
-8.9312167332459
-0.899610698650922
-1.97880875589802
3.41189047336364
3.14929148738933
4.99161743733301
3.60509128567872
7.19197221205829
7.55580891165381
4.50075253560616
2.83606802202515
-0.779932499128009
-7.9059865246609
-4.48305121791617
-4.20508026464262
1.41503723687201
2.51152764954528
2.1218963982302
4.52658578618236
-2.55737325717805
4.0892044283062
4.05929974996761
8.26142028544377
1.46478060206264
-1.10728370030464
-6.94274384589478
-5.41254134123339
-12.9164443176212
-13.5066647450501
-5.59410403737779
5.03499173505882
-0.369741112477517
-1.32719750304968
-2.84934604839263
6.32276100574434
8.32051939807586
14.2346429290956
12.0333087241861
5.34284209659505
3.24598015112343
-1.51594157694093
-10.6155092447374
-4.50777375321189
-2.76751869700764
-1.92290186301717
-8.50090347381172
-2.99838551213102
-3.20475264009368
-4.73517754071006
-3.50950941059552
9.95655765565479
-0.510899710551072
1.19808862485884
0.0274516567161626
-1.62265989245493
3.29010806779188
-6.42673853967505
1.15862031862121
0.0321483864104111
-3.15887196969334
1.24451285588624
-1.96410047777814
3.03786831442795
5.9969534433533
8.80962361642461
13.3445963285359
13.4386350141238
4.81912524892014
-2.45655672064752
-7.23585891218811
2.0598649530541
-4.76760889273592
-6.48318628046882
-9.6607240328282
-11.2013794228595
-9.26785130634861
-6.01011666132746
3.1485940989708
6.36117862851062
11.5886179291685
6.19240995885994
8.66494250993396
6.9792148017497
6.54959911876288
8.94407316519711
3.13786914301597
2.94555598801554
2.57720662003661
-1.09999391025651
-6.7738584402007
-9.67389658249547
0.369210826603927
1.19836559291207
7.33495329035063
8.98737448234974
5.14817290920102
3.63611561967145
-0.693505306618622
3.77968032040741
4.10644414607487
-2.9892608722447
-1.67454822101327
-8.41095419427137
-7.38519177202569
-3.81917363845673
-1.51593624212314
1.67178352676137
5.17007996848856
8.09095950956961
6.71439032642859
2.65478270944558
12.2380979616385
8.65981434109449
3.78091960982144
8.69429509239496
-3.16787997425938
-5.68476017835544
-10.1905855062476
-8.79849762762924
-7.67210363879458
0.381358217079949
-7.50275370341848
-6.48416398626284
-3.09852447187787
2.0867786877559
-0.393931170432778
5.75107815766068
5.5561960602444
7.92311345379942
6.11651463137093
-0.526419108610075
-5.93760126197735
-1.9150425469546
-0.0401799342129672
-0.95244788360038
-3.84063534139991
-0.699103356981148
-7.0463629224533
1.68369188607035
-2.0636226530849
6.58574388686015
4.38103585546165
6.066568258397
-1.10820719281494
-2.9821577046212
-12.105751661289
-5.97429509074864
-7.12238040261103
-7.8483935916055
-2.46220524946583
-3.96835554902523
-7.31062253206036
3.86205040915566
4.36066115923717
5.91840120528235
14.0026924623468
16.9366842879662
10.9195919827822
8.19191367661591
4.70251778531211
-3.11356658879182
-0.0908951907319504
-2.99187899181754
-8.20557620345479
-7.64744605625519
-12.2906812113549
-4.72945168073391
-2.81316165725034
2.30103112488193
4.4979658259837
4.04682375626404
3.39828086462107
7.0605562474238
1.09010868700562
-3.49284938823151
2.04449065792558
0.0596102169734495
0.903819405509263
2.46251120822566
-5.71199986974527
-3.77879856400691
-4.03604897793675
5.76813084529106
4.94790390299841
12.3036335541568
6.77800114445166
-0.450083992446346
4.40557063052958
-0.909630440741016
-3.08938474928116
-4.34258467849253
-7.7997977999572
-9.00941436726852
-9.65368409702062
-16.5422969050338
-6.29131321737286
-6.82636936664568
-2.19771193261459
6.71646349269038
4.95053570920946
4.42853893057025
3.67084019762182
10.0138775369589
8.93404663453035
10.8534405908034
-2.19241573456584
1.15136257707813
-7.05849072958307
-8.85238149595143
-13.901074905081
-2.1958793611639
-4.08966645532869
2.21203619148939
4.71101626597162
2.62855101905012
-4.09901601211152
-3.38387904036016
2.23269594970387
4.13632703546497
1.27240771002427
-1.40394047610383
-5.72026068971111
-7.2547412535819
-4.6638436935521
-1.86846494211811
-3.07383677241674
8.39268215230731
2.17765563014508
2.36878572517124
3.5452338473954
10.1380581321379
6.71263421240324
7.99697394853691
5.29801899773226
2.19496161343168
-3.85526379027939
-8.2126673291534
-10.5883938487984
-5.39572733537938
-7.69113766892732
-3.7733301257831
-5.73877359246504
-8.85277544054496
0.279797881844138
-2.00697090189701
8.08804195519946
9.40848235345567
9.18339171956563
8.53818696516315
6.37442661911363
4.13475796880962
-2.19922393411352
-6.74349154973548
3.13846403093508
3.4411193439685
-1.35375285903334
-3.90552997740203
-5.16408004516989
3.21484210669171
3.29677420893606
4.27099527841655
5.98107757361567
2.92383319780121
-3.0339622057863
-5.37208225918489
-6.28010045530887
-8.79824791257135
-2.1214277944185
-6.02596995721619
-2.60411504858784
-8.43017008005608
-5.98887549113898
4.43657785970683
2.13642495124294
12.6414298081604
11.7023201656371
10.0134351036155
9.87929292185975
3.15581576596138
4.8363551256509
-0.53672161387865
-1.07749070542108
-1.84998013572556
-12.7945538976562
-9.90470356667449
-11.0385215479346
-6.08704056485057
-5.16481885283478
0.530097845958012
3.83621107951857
2.32376493565008
5.31922015799539
-4.105113676719
-2.55594052587163
3.44957263992262
2.60100697896471
-2.1567051708572
-6.31461899235756
-7.0376829574192
-5.82945389855331
-2.05117702760388
-0.733136407239373
2.56760117833659
7.22210579894785
6.15574620573974
8.55002087262073
4.37963419957381
5.44797203281775
4.62318290322273
-0.706443203298296
-5.92333288520047
-7.29302895633203
-13.0908143770834
-12.5139241670679
-9.24965278254134
-6.45554797625709
-0.406471199937643
0.743044054552678
-1.431527437787
5.86741612105933
8.85242587899268
13.6351057905398
9.01660547911442
3.19436780786712
7.51748278028542
3.56169235701096
-4.84613935516827
-6.3988771565938
-3.65885697046939
-4.79282036782268
0.574391465666348
6.62851698275457
0.656790379914393
-1.49257692231875
0.706581251794677
-1.54441456447327
9.00625044883326
8.95363707144665
4.1017309096007
-2.42136104353165
-7.40225790207751
-11.4432672301676
-5.53037597048118
-5.22562529754815
-3.27694482422604
4.46307735134578
4.8586707996088
1.05041228010071
10.5291323164776
5.32916291150577
8.79996705593029
13.5219229170396
7.22824553511876
3.20105055069302
-1.66948811236801
-8.0682227557088
-5.89143062210654
-5.74738176840521
-8.41728061374205
-9.1821953131799
-11.8400895091477
-8.47370987362308
-6.26683731002589
5.42495538285116
-1.65820456717391
5.62746431862428
4.62680965038697
7.69946293525259
2.71905885118438
0.561550925412839
-2.40790748139024
0.67113874243674
2.86528153391106
0.369192676903183
-3.31603550683755
4.36148247524144
-2.03105179746247
-0.569595168379035
4.91950540436354
4.85941430324904
5.73517850350148
6.56100735818152
-2.68821322696186
-4.82544449017693
-8.1106045322531
-3.9743982594461
-4.45819923058664
-5.29366790624137
-6.88914737087435
-9.43143564492102
-10.4551776677485
0.0952787169089997
6.6491859270418
8.88439750002967
13.5960704699137
11.9284380234916
9.86293653464984
6.66715811818303
6.09474678875841
2.18754917965081
1.81974471604176
-2.72238911213399
-6.86394589265501
-5.08959180348263
-7.64901795156895
-8.47854086609754
-9.35327663269448
-2.73909349053411
-2.44410403963629
1.38737009677937
0.115314035128981
1.1673516836267
3.80273267416467
5.55616778301172
0.768792432338656
3.46877923386582
-4.48843684811462
-3.28403728559665
-10.1725347413098
-3.51736079025457
-7.00430254214476
-5.46463712862764
-5.11159718955956
-4.9120342030302
4.02910031975545
-1.68168383139396
4.97041931703978
6.82553461530269
9.09575565524278
6.43533336253773
6.40871169604127
4.12334604650149
-0.461176518202271
2.45248790089554
-0.848681555976068
-5.04068317081736
-0.166881034307772
-4.155685195701
-2.90827861773101
4.72879783103486
8.2664500868771
-0.152191140385458
4.69899340297328
-4.497444657065
0.671969976442239
-3.86128389306608
-4.88123950054352
-3.92884290244492
-5.55525340899876
-3.6649614649123
-4.95627475589989
-0.815535754252174
0.325367315539554
3.70554811837134
6.00752508349239
4.49034322098964
9.65310916281281
13.1595424456166
3.27776071788986
6.64535644138826
-2.76238184258156
0.847979051642098
-2.58586507970229
-8.45703795857999
-12.6035527149349
-6.72668446239982
-8.66976050738342
-5.88378607023685
-7.79297889006734
1.14300493815579
5.67590664266016
8.82518096216103
8.14755592242116
6.75020320941774
8.45330246786389
4.51232661158817
8.86727845549236
2.17505131463523
3.13728034490298
-0.653661439336989
-2.6350780522183
-6.87821749223388
-4.46092815735996
0.104075463995993
3.50765219568813
-7.30743006029814
-4.42622810890524
0.665053595315636
0.302183612927965
5.20481504679903
-0.342166672290424
1.587500207288
-3.9353852561628
0.925187226578878
-0.361035164397431
4.78890680697136
-2.50822873324967
-0.43591152583481
3.37325146282285
5.16446998730911
9.09749291952121
2.14242157698662
8.17934231926763
1.52793624215992
-3.24244751549825
-0.197068722714065
-0.614483140376385
-12.8196580320692
-12.2083252543821
-9.58748648564311
-4.68067104133443
-8.50456202635196
-4.5139007309111
-4.26126201628749
3.27902830939572
8.80202475305941
-1.20209784194101
10.5416117026702
14.3624130371394
1.39213870060939
5.55768752566169
6.26058265033198
-1.57182222281251
-1.76628734894428
-1.00429254277501
-4.02250459135381
-2.04607150604828
-8.41718706394956
-7.41174231187697
-0.542890024539847
2.57789983955111
3.19513729711502
-4.41190398446486
3.61898866308403
1.73778326963148
-7.62123481075006
-1.9077684226672
-2.21093808853302
-5.97335640384716
-4.23204188063596
-6.99434121646857
0.355762894118379
1.36736395906881
5.04172766565127
7.81451824118891
6.32469003109535
3.70402149892869
-0.843202474931553
3.96357887698579
3.73895807957403
6.64949780088111
-11.8890499271722
-6.26398819760233
-8.05306533364957
-10.2897080211429
-8.52766104586709
-0.998284278594076
-7.36762937678086
-0.448283473745935
-0.0675853947770753
9.3891452200696
1.02886945347457
9.68326477623096
7.70452498831696
1.10832438347891
5.55596494576694
6.86318607735387
6.61961572879821
-0.455133444827962
-8.21109008457383
-5.77518116294828
-2.94872968304026
-2.07517866541384
-1.80873653339453
-0.245713142335531
0.111029399818148
3.29692002921943
-3.18295947633298
-0.261105713394972
1.71947076948999
3.2685174041864
0.260866143149206
-0.690645029742648
-7.68319481681564
3.67148338436211
-1.15443053074811
-1.78103847100722
1.67190986156032
4.60302539286743
-1.88199352455647
3.97030739057029
3.53115746444796
3.09287226810176
1.71848293166976
-0.586581394008299
-4.15180636067841
-4.56026647990922
-9.58663655462711
-7.14830918085539
-8.72390729662431
-7.78926003059483
-6.27214123388453
-4.37330548927721
6.52508398311327
4.76183825943134
9.95971475155655
6.39821944787443
11.7755016955195
10.9814789720895
7.92013468980605
2.6332982063025
1.75699480214206
-1.18500569551565
-1.73148008659949
-3.80572217690186
-2.51416007488394
-7.16015901016657
-2.20365622445308
-9.38963032599002
-4.72031496214581
-3.18930365057988
-3.48878698678563
4.8288475657814
5.253529724797
4.77062314192746
-1.25202958771195
1.81233155867353
-3.59973814655301
1.98105756574838
5.44543448901967
1.85751919652265
0.0895297942443916
3.44962499924102
2.78137844329974
7.14827332964047
6.48461931722217
2.92285760192372
2.59035535242599
5.02861783137846
2.05742720260097
-4.31645821770538
-5.41801953779913
-5.84954557912324
-10.4531257165443
-10.7629101445626
0.989126868128293
-4.63310648213378
0.109790142644862
7.01872519551295
4.79862362108767
8.44033530686601
9.84661931524067
12.8842429132737
11.5071769763654
9.36989765564568
0.306506734940932
-1.96188202787146
6.41308306201488
-5.89302143657452
-3.9756564867222
-10.3732713654234
-5.98390237361682
-7.41658432147861
-6.21001594098219
-0.296406091964124
1.43174318820145
-5.69624082939424
2.50134740093681
5.4881850101016
6.05585307017631
1.3277791749533
2.59981976537368
-3.76559076744758
1.561134359137
-2.17603273326354
-1.19101114102514
8.70275208440518
-3.49709953184534
0.540184360707309
3.87700227784014
-3.55243705995928
9.44065488883575
-1.10059176481473
-4.07778959983824
1.42736259478966
-2.94449810531995
-8.02842602393885
-3.79374496895402
-8.38508307397317
-9.94480500484281
-6.23069279801029
-7.49866866386176
0.99214098420923
7.05031979883673
3.61034248398981
5.43065850536701
2.82090622153248
5.71873319113301
10.172446045895
0.947020318025913
1.29020544219256
-0.518687866019269
0.437953291407054
-5.72181253690841
-14.3465034681549
-9.75851117448372
-6.46857142165864
-9.65665415311572
-6.78681043710182
-0.796303754620778
-1.94529637824764
4.57799405034558
-1.7837106594824
-0.816436656569044
7.42870816925635
3.41998192189906
3.86681855433449
3.52538554009884
3.5474119334969
0.349508235022134
-7.97896178465341
-5.96855318130111
-7.2401882525723
1.68463299639593
3.47342748782784
-1.7714336779703
3.07225238530486
2.48862715537426
0.476501170008988
-3.60830388680675
-6.10196690101779
-0.456967103763096
-3.51217986328251
-5.2336502897524
-6.11605130865112
0.957689049735881
0.510403975741387
-5.76783326777866
11.4406738833468
3.87295892050298
8.04287068019733
9.94860583933806
9.72429257438057
8.68396670478497
5.72968517407753
4.37563722412928
-2.3119522472135
-1.82000394651885
-8.26213705260766
-7.91172745409829
-13.2239915252922
-12.9923877568191
-12.7226487012361
-1.26160679476038
1.67022832095382
6.42216608048726
-0.147381626539565
11.3421406054342
4.6660581740998
11.7195159195235
-1.57095153671263
3.21434262071901
4.26150055261385
4.28926076118922
-3.60016036603346
-6.89888466609071
-4.98252670134178
-6.00753586025497
2.35213151544529
-2.101051609573
3.32494588763375
0.479523189442012
3.24390950775375
-0.0359185526225057
-0.727413583028532
1.93168288216753
-7.1495087613732
-5.84517199819979
-2.71409944243141
0.512753694596935
-1.14050095008499
-1.19006692375326
6.26376738033986
4.89640891840241
5.01691152341903
6.09516297642866
7.80814914696706
7.19008117618668
-1.37500635708549
-0.095908367340098
-0.804959497715152
-6.26152223885365
-4.54497198301328
-8.43233880246033
-12.0829313379477
-11.4805807055675
-12.4480446054966
-10.6239086291902
-5.0003444782912
-5.13088711312112
1.23356456572278
4.21921459352065
9.5278313902797
6.54044144325301
7.98579237279141
5.90046984166659
5.96634132926093
0.370943877558455
-1.08684793841478
-1.37023434000874
-2.7436454950751
-1.82061395246804
-2.86432597655969
-2.99079933254215
1.24929301123683
-3.65892281940845
-1.70656766271642
1.18276139069807
4.14971753756524
-7.76303899426494
-1.42084968025764
-4.10780783736356
-6.70545987407468
-1.18068722730991
-4.60561916432661
1.34906062399041
2.98972757121766
0.764547611658932
1.36232142624826
-0.83409308461915
9.1919541393177
8.88512871407558
3.61632513685627
0.251899920403042
-1.7105286529431
-5.47710134733075
-7.96902751378138
-4.28576783812173
-10.7102749620035
-5.63134904147305
-10.0714065279331
-10.4310753126722
-2.24800791566269
-0.583052032693236
0.742337192487303
0.931720955766145
8.25577694627767
7.16934456812005
3.63584377896916
8.75839114644861
8.46331752405098
2.58634483953208
-2.55768383811067
-4.63388166259836
-2.53049675208717
-4.78442465152438
-2.40211191289052
-3.26048642665794
2.04041745484512
-6.22225225202021
2.47237485365497
-0.145022388064237
-8.21663500942691
5.24554267041517
-7.02199266609979
-2.92743820629684
-10.3509489794628
1.53483765245574
1.87446007998826
-1.39898258605738
-3.50564127975928
3.84933720711266
2.1465777359453
0.931641327138962
-1.38076026673147
3.97207829054184
5.23902532546743
4.50521331738871
6.90594467149031
1.59183519229019
1.24490301818749
-5.67392174794187
-2.14910735590189
-6.91373542415826
-11.6434431433297
-7.0311105332798
-2.71227480338944
-2.06939656263835
2.2577282675565
2.8813284257838
7.78913917971238
7.45948077435267
10.3972205103953
2.29119953006403
0.184018249060254
4.43628992003566
5.45179848272057
1.33839178857695
0.389082910914237
-3.26375018052008
-6.88087360932165
-3.79891416768124
-5.96354106353883
-7.80438303542114
-4.40173697297357
-2.62113263484005
3.03673090780978
0.110061830595021
0.768685004999906
-0.280649274507027
0.234355175718033
-2.45315676343415
-0.800606872791458
1.77869886330324
2.6045293106886
0.705136330904508
4.08047903142361
1.77301018549236
3.98840094643166
4.36066768851549
6.43937611465644
0.177926734917314
4.13396895044766
-1.3964334145819
-0.0863256871182758
-2.93430259997066
-0.0233553765454113
-2.9788540314009
-11.3339095597211
-7.3131467820767
-12.2953154855052
-4.28813366120705
-0.364598486186983
4.84715099742974
1.20534514477696
8.58836545836831
11.978059053672
7.92210340176112
8.13757068580242
9.61082689755589
2.12660201254275
-0.862020358379662
-0.870566854620544
-7.15492305041352
-9.3025310704928
-5.46724546999579
-8.68745302608897
-1.79025837293802
-5.24538283724479
-0.635468595586348
0.104587082065662
3.07668456674573
1.77383604654404
4.30373644043806
2.33090197844171
4.44259913913608
1.97414253990579
-3.44673394973783
3.93935436674588
0.950823022750694
-4.50829582773569
-0.21592113136154
-1.30209193222061
0.525997258299077
3.7669926984884
7.41972410315999
9.94014191499716
6.96679714374544
-1.62914267701086
-0.174269210998658
-5.0713880138152
-3.32052178875975
-11.073391556278
-5.31254487317506
4.1444408650923
-6.01659975805449
0.248735871945682
-3.17551881785032
-0.0738526378230628
-1.23830089347742
6.12215512144864
6.58935794047423
8.56054785765399
7.59568973401649
7.36719683918216
3.84220068120743
3.9058637650916
-3.28115040023401
-6.11533773185725
-6.80430270288924
-6.01578213464174
-6.43137544194773
-3.72490536897358
-4.86959775308473
-1.19145486087583
-2.29262532053185
-0.763639047413382
-3.1405007895513
-1.56908973859937
1.92088842632976
6.46679850728252
1.18993601077524
2.36711779186335
0.20429635065983
3.40663213409577
-4.75125978551734
3.59051252011142
2.95843574435469
1.85044662958168
-1.11624249160902
-1.25754443583865
4.87442971644899
-3.5397832121324
4.82060831769064
-3.48042763684851
-3.86302983974785
-6.07660950957027
-2.17448979983509
-11.5658418401131
-8.69060175213226
-3.81921966322899
-2.23142131207105
-0.863473964666835
6.58527739487461
8.43418950946251
12.4349893763736
10.2001299166357
12.3196695479912
10.0290810689752
9.15659777204406
0.712824771163161
0.281170093753916
-3.22205244324389
-3.80509402097555
-6.34020170041112
-7.76944184020056
-6.7111298567961
0.0613778127599067
-0.680238799402499
-2.6173774979475
0.135445547686503
8.30843732741146
1.9196514295192
11.7036390879001
6.9492221787956
3.80611856013304
0.692848502725845
1.32691032401074
4.90361012357199
-1.44092874692656
1.46191980627939
-0.879933968304157
1.4195547513344
0.578609487619773
6.85135236494963
5.72640360160186
-3.17871166566851
-4.33826431028782
-1.52611370481015
0.740347551340626
-3.86914047057987
-4.65913954824436
-6.0875770323525
-2.90420797546412
-10.2980823262624
-6.15638521889224
-0.460787587522727
1.11064939878759
9.08074862503521
9.458675364022
9.97017460187144
4.94099715052936
7.54672211054586
3.36594875282025
4.43422410542855
