"x"
3.16682982165348
6.5592774880459
2.01815680404763
9.45469859808659
6.87320198268002
-0.183567633646154
1.18749164502305
3.05390085628136
0.753569841293579
3.67137012595343
0.283184909672954
-6.55319819716683
-2.19000586536912
-1.4871551460343
0.956950328528323
-1.61401435694873
0.165649501886389
4.82630117795801
2.73349910121176
-0.0699341009468397
6.52742663966368
0.323113783815975
-0.241317716774624
-2.60388687800196
-5.91615149846889
-4.52764029921654
-4.33970965158365
-3.42658796356033
-11.5884394685523
-5.02612316484413
-5.66361015883813
-1.18759551382949
-5.66349768505621
-2.35399323861478
-1.27594493943338
-3.88143178629835
3.58510688078476
6.56315144680704
7.73405626308836
5.9991590786459
9.76597946789488
7.71595436275543
6.04659248271652
8.51887669700304
2.56293201080904
-0.162322612600721
4.46909576059999
0.644304651683522
-3.88396381177323
-3.85604930192267
0.368738674755692
4.80599494945104
-1.79807728256731
-0.333422758281516
1.23723059147179
-1.49725462674929
0.232771442610873
-0.713224109304469
1.17794595316075
1.31781985202192
5.72785962254079
0.0493108829409614
2.62269647001236
-0.944322882034228
-1.1775643039894
-7.54518051793686
-9.13360611048953
-3.57963120007911
-6.86741433446038
-4.63970318713616
-8.47211084292447
-12.5797974043595
-4.87347999389624
-8.02361649384345
-3.45637477361977
-5.55773990870782
-5.28552754957787
2.22644753059116
5.39901140423347
7.61730631253507
10.5351183359517
11.6973557965539
-0.074416549738153
5.4361320904577
6.24104667805861
6.56638196643183
-1.79824777235967
4.04457613346622
-4.18011849410212
4.34631928355112
-6.63512634982712
-3.73302338143993
0.506764873714833
-0.351500288308483
-0.195480731927966
-6.1908987373522
-0.908947768125517
1.10259112083807
5.77610603082807
4.33268623393507
5.99315623297361
4.00148594313104
2.23529066000243
-0.672706734672601
-4.20599054506803
-6.46552332764734
-4.12304822013494
-3.14241593525078
-8.65405872550449
-7.63246267147246
-4.6479027830081
-2.83514508385781
-7.31549894956835
-6.40173111444026
-1.29477867864929
-11.0734274383639
4.18799999212739
-3.05441005566037
1.52071941371653
5.48730730732509
12.7704688809643
9.21769265954055
10.9721352533023
6.76846962047207
7.9330311244602
3.35301813056299
6.67204950381355
3.17033427735651
-4.13108844395193
-2.33940786591754
-2.88389109706612
-1.89788764056416
-2.54975721072286
-2.0928534867261
0.275105052460953
-1.41964113676861
-3.71474242214418
-0.102536383178097
0.0762191425299936
5.56753711757521
6.04978149806629
3.93915263005466
-2.99220402511914
-2.54556325100942
-0.373918914075626
-4.74033624549839
-5.03740201889746
-10.0384676432354
-6.19780398283042
-0.445707528711262
-6.88133079041882
-3.18444672965315
-3.46686931696628
-7.66132008215584
-2.10547492690599
-2.46966000988348
-2.32231730700222
3.55113436871354
7.20513195845581
4.63328360878219
12.5762795079549
7.77065155986751
5.14278267613566
9.73429190098969
-2.41987120609014
3.07840140555061
0.0265592527023257
3.54396255382991
0.875632871768449
1.89696109745995
-2.96675822903933
0.857304373772348
0.741773969448107
-6.02942248988675
-4.20268110246279
-1.43001052004857
-1.08845204809006
-1.16786527310769
2.34205435425374
3.06303108034906
2.99697220811128
2.60416006872122
1.38051793649559
-1.51408254616588
-2.86614897631292
-5.20920981857695
-7.71536876038811
-13.2806598625248
-0.810479430455341
-6.14330078442796
-4.40464161614908
-10.7198543327623
-4.86968710520908
-5.10236471763736
-11.4501000013055
-3.72103171959515
-0.983912867543776
4.87292028836553
5.61675098224119
11.1827495942656
6.10223352913079
13.291902835186
4.59480013419999
5.31042306509008
4.02825793551648
5.5453832019612
1.91267604565723
0.339850142729933
-0.121134976864707
3.4138446153109
2.87764716380471
2.73104146096404
0.793960154527784
-0.734509053073412
-4.86546366343991
-0.145876386281996
-2.92691054461896
7.64579336353523
2.16054455617249
-0.635330952619497
2.22619986541769
1.40618793434462
2.68406601230989
-1.9896387833656
0.669695583462696
-8.53335348909748
-5.96835756574121
-2.90289034738266
-1.55024257697324
-8.28509333291646
-5.587448824286
-1.38536989909128
-1.56938360726876
-1.21972559160062
-2.34984310876032
-0.957917206030331
-3.15330605085057
-0.437020204968412
4.28263476329624
14.5209742872658
11.8357804702521
5.89042065554357
2.81263196855118
5.47916032639784
-0.371108695737587
0.366214238020421
3.46579512107846
1.77242458925776
0.143682908799837
-2.54436879567862
1.73731714263822
1.25817724651266
-0.536181464513868
-1.19676906399289
0.759217818851039
3.50109919082082
-0.833910160913703
1.54429405358002
0.649564913942933
3.16189574753558
6.55475189504746
6.62381411275761
0.872047982488208
4.04259589910473
-7.76989383439764
-5.1380595655134
-7.57203893111919
-7.28116639399858
-5.5803202319611
-5.71935977788524
-4.71772956931447
-5.70733325735761
3.3875789410983
-4.77244902472965
-2.91660563722351
-1.99886497974464
-0.65157899774698
1.47074635058675
4.81018078614997
6.5699485721968
11.2510715837779
6.86876739712989
8.15234736325795
10.3393227552424
-1.66510906965325
1.92888993861515
-2.32151998494935
-0.391799151538761
-1.46809114146394
-4.92425753782628
-1.94836162002879
-0.800357603724479
1.74927664596443
2.03349417054919
-3.2417335619712
-2.52414321923639
-2.02099369749938
-3.60309360060192
0.788301397966904
4.43273728634489
2.73410470449762
1.0414097368624
1.36612511167432
-0.0458564061460627
-5.96278587075386
-4.82157636576906
1.29719493482018
-4.3074231167658
-4.27202558849516
-6.73246537012868
-1.43620881242481
-6.25892737263666
-5.48103592971271
-5.30458191574703
-7.48637369533066
2.84111891069712
1.84102113425356
5.77325730253115
1.52421880976275
8.19916744196096
13.7636021238828
11.7074709641963
8.03025514847432
7.93609608173276
4.90936010143725
0.368239740880494
2.28035031638534
2.11011813794158
1.64476220941308
3.90288048309796
0.48106944734967
1.41739192206422
-2.92977982641149
1.36650984842234
-0.618133122139357
-5.18827848169935
0.29961996412332
1.51720750188731
-0.510663275773085
3.61432758875834
1.04190295378767
-0.714754553693076
6.8726077106858
3.89443805329988
-4.09373974648848
-6.04784675344411
-8.43534888374728
-4.54560811729561
-12.1295932677881
-8.72091158404206
-3.41383518489461
-7.87861119862623
-4.52975313229969
-7.01507926010284
-2.32334288921521
-3.40839435629974
3.00184146173914
-4.14909720472436
7.8050852414557
6.08337007633716
10.5928841428844
6.74137463148092
8.7964546823757
5.7986419329027
-3.39108841802909
-0.0105852668784308
-3.5111891594321
2.40201946403144
-1.82931251024057
-1.20742517160206
-3.58532981762596
1.23274627430715
-8.16941872704178
-3.27029442574548
-0.906432691705859
-4.57532069901441
2.69034506627303
2.60263631919609
2.2229852287406
2.97028759003086
6.79275707993832
-1.05463880485565
-3.47667613064145
1.60309974917388
-4.3056943092154
-7.32830306037268
-6.25206839818906
-6.91442303339467
-5.85631109733628
-9.01473955688258
-7.20535820057898
-3.23074866738347
-9.06992931566088
-5.74031073399515
-5.14178532467671
0.817827979212866
-1.34822652760128
0.262137481920922
9.3797145718522
13.1592538362235
10.5220017455476
12.2934252494718
7.56075531760231
5.93801858706121
-2.58535554187427
1.38158357218215
-1.64745681352239
1.15794275384349
6.78428922000466
-0.13512913616783
-1.29325658574824
-4.92814019395415
-9.19743343952651
-3.4163898293085
-4.02309845753785
-3.50158615821874
0.603015765493613
-2.01451832139518
-3.40702470570894
2.546324478945
0.0487534687801299
8.0552894596783
7.95118172457552
-5.30520010443483
-6.35073453717303
-6.29523360693997
-10.3083284443383
-9.58642876049299
-8.87101670548477
-10.1030315881373
-0.221451206807642
-8.36710422061519
-6.30164647479046
-2.52847491769709
-8.54748343409484
-1.56929122929506
2.61877917947446
-0.124338330390481
2.46594247298809
7.01362762294749
9.23002840112268
15.3494052483909
8.71491438403274
4.50573268987218
3.02141564967716
2.12511763964808
2.8718856461275
8.58875820736253
-1.9073132972896
1.48460808216181
1.78036510908211
0.33708340062863
-5.10987291577459
-0.13178341917843
-4.85188629679975
-2.21776277341954
-3.78280957738912
-2.16372749977912
2.42884313484874
7.00846247376509
6.45331949644247
-0.331880787001575
-3.16069908168051
-1.84732983105305
-1.72865658171328
-6.57968569815486
-6.18481489699708
-3.16708953571138
-6.51469465354949
-8.74283468767725
-4.2059706871778
-4.68084251465136
-6.77097978817724
-5.04188718884808
-2.32806962852611
-5.25787778282539
-1.10540085808004
3.94811196289394
-0.751263580676262
0.600202027642773
10.4056940854242
13.3406381585573
9.58651464422183
4.77704489352944
7.87000856335852
1.64843682822582
3.58059239012071
2.70145964278351
1.4179853032637
-3.24439902833938
5.40817808173588
0.828348385541051
-2.34381562178793
-4.27464061570553
-3.53063987225265
-2.69386886917288
-2.49338501120195
1.25653976463499
0.581000489093095
-0.455235028360883
5.15355742567086
-0.287506048916248
0.643062428369877
0.132405495503977
-2.72107864967724
-2.67468681946845
-5.17399532963808
-3.67772008391223
-8.80969859477739
-3.11973815440145
-4.23198672168089
-0.238155396376137
-6.85155458577921
2.59949095397161
-0.655997008395832
-1.64523677792362
-5.93657455611371
5.29144850311524
6.8585451171805
7.25409884553197
8.53530401675743
11.3454132260814
0.499684173672397
3.01576205122408
4.50453418929547
2.33189609331585
3.83572958136285
4.8263524418405
1.66100697742682
-1.63968792630037
2.43982075663293
-4.82769184739078
-0.771879889012353
2.70142548702315
-3.39855533141029
-0.551903975630045
-0.620727021528208
-2.31658994470544
2.63680550618164
-0.131537566484955
2.8821602664821
-0.934815676377373
2.10946558982805
0.23908358283843
2.01401461695349
0.682709944133195
3.41871156140396
-7.00596362300923
-13.9718347265559
-8.03995509455144
-7.2458039405062
6.3051552296139
2.4603464739082
9.98097653551987
11.0593707510512
6.37266405533299
-2.46117575856678
5.80441170503723
8.52667062273992
0.307758754925961
-2.46333980990744
-3.26090811311745
-11.7593405766476
-9.10952086672478
-5.13516820481256
-6.6904499998076
-1.98656359875878
-1.54345731234197
-2.31714847933256
-0.636264145994672
-0.547104007262161
4.63120690258969
7.62350594170694
9.65056989876786
5.92718313377401
-2.55881966751568
-6.05783797801631
-3.57325257383498
-5.76556676114156
1.60098453706179
1.15850015963775
1.62773502660936
2.90838251985925
1.22469042909371
0.52279867438141
-0.452961155170271
3.84783069312958
11.4729782856891
-3.08809616053016
-6.10429620105888
-2.62151387911394
-9.29894587039325
-8.04786739652576
-11.9433121771451
-3.6606823690319
-5.90233133872343
-0.941598440311821
-0.278745197650457
1.92153395992275
8.35593280719862
13.0181009534757
10.0494656862578
14.5425437578314
5.64991559765073
1.15538072598259
-3.57529943972142
-10.4886980372364
-3.43542516141149
-1.7783457724289
-8.99553307598917
-6.46135146723032
-2.2254727099697
-7.22435533086656
-1.7734536096415
4.72538765892781
5.68053488925803
6.62618778534777
-3.18797157416736
-5.79374152398112
-0.0843852279301374
-3.17226878431127
3.55366178786331
0.636452401994356
0.756565812587617
-2.24212950818754
-4.94615670892211
-0.684805065212878
3.64380520537805
4.66491552520411
6.04644425187523
10.1239355344751
4.31064345433997
2.96749146872621
1.85314526749028
-1.31312812030755
-3.17775599282071
-1.97990914994332
-10.0180689768736
-12.2678792248273
-11.5288494416971
-2.02081354013116
-3.71535984726208
-1.05192579903931
5.126514871661
7.37176485357534
10.8001239832045
6.92242504516816
5.07999917690181
4.91766089292013
3.98031158126772
7.14060846078302
-2.43131576707354
1.60910602659271
-7.88881299588633
-5.4480215481053
-7.20608237535827
1.04088442087655
0.756621525875231
4.5488269081076
4.62102402198741
2.28199421990126
-1.40775078932489
-1.11411202238913
5.3653218796976
4.41409998387041
2.53489833685313
-3.27143049218138
-6.76228519139583
-9.35730723157765
-9.74704235286181
-5.08682821269935
5.36357769984484
8.32167242362192
5.90952842942719
6.90984550894734
5.46493121503843
13.2730336016233
5.9556009776803
1.79571722452196
0.349255348721707
-1.80406007881394
-2.97563452994894
-11.9902056936653
-9.72424270188243
-8.34107426472488
-2.51869871616352
-3.14657562239391
-0.316311559989852
2.91139508700067
0.152107729904697
-2.12636244823551
3.78031617850913
8.28204876138979
3.91007679044418
3.14377602950735
-4.47443989210631
-2.2551183388141
-5.35155228888687
-7.06032902041101
3.23813988419209
-2.08729166927281
2.38842925083254
5.26722565428692
0.727100661344896
-4.87976942860542
8.77248093197446
1.60236344511915
1.44111112008746
1.27975237284674
-2.43629031656881
-11.2335559434088
-7.20203298323433
-6.69241182075904
0.807857721249292
-7.78620783057834
-2.85145662118024
-5.58607930289947
-1.05219114003425
3.03966959383721
11.7761217081682
8.70409334486498
14.0078514788013
9.41620417934088
1.32876577244694
5.64200163306581
-1.61495416120487
-8.75989284700932
0.863668223390418
-5.83285351792918
-9.91022721740973
-6.63616969809951
-13.9034417968053
-9.17396559897278
2.5215449147344
6.31388057108943
1.21632792133507
2.86668037747144
2.94292594592257
-1.46586413568072
3.78529801139237
1.34143408758751
-4.17561329661256
-7.2289618833111
-4.69381623382524
-3.2246755826836
-3.26416967753957
-3.56684963174439
5.1660818459142
5.72634680028906
10.7905675307305
5.43216375541535
5.85394676147582
5.16714408005797
0.631706583592602
-1.99337887436533
-3.19261310705811
-9.11448810600642
-10.0993627696748
-7.75887943212799
-12.9910261358211
-10.2194333533135
-0.360318634065788
4.87175207276096
5.01155384705595
-0.734025724109171
9.15521844326619
2.76306306727936
6.05459696758756
3.12329732475164
6.71041537592246
4.6885191540231
3.69866398755328
-7.68879534053147
0.398125544094315
-3.55102251199527
-1.08311075902626
2.28879410908716
-2.34162050302698
-0.645183708688769
5.55262499134268
-1.00907710337843
3.2968565081333
5.49626051029832
0.29727190002553
-0.074028554044123
-5.60139498634412
-8.02029188278007
-8.24108115834724
-9.99049096952636
-11.7496939790441
2.12631224917461
6.32924978206141
3.87381812258355
6.42063009886496
-0.30582249863189
7.95685350851806
6.54875690764911
8.39158255123499
9.16669850664669
-3.07628077350735
0.730760189580762
-6.61766363867456
-8.3493477925879
-6.51593531354065
-3.89948777615383
-4.69786667692311
1.16999997024108
-0.319981654808537
-2.45768713223873
-3.11920251221254
5.94969369605435
7.81418705426754
6.75473260744433
6.24772846908771
0.0953990285836634
-1.10949253143482
1.55953825620871
2.24446645810436
1.63352784145894
-3.25292996949603
1.34390840683765
-2.23899260621792
-0.381846329175224
2.57145737795705
7.75477045864068
6.70294819316627
12.4214464952615
3.33687878425844
0.438568950418452
2.12832404345029
-2.90952974500529
-8.42256188986361
-16.4535888394014
-2.60068567405692
-7.60071963976643
-5.81368752233245
-4.81472631221556
2.72358803928066
11.2916076701514
10.3014446589681
12.213452292058
6.04624651484808
8.55934933613036
2.47994422244918
4.32228742800173
-1.49290536992647
2.78498790362807
0.0413875864533195
-9.74871835264198
-6.26416244967384
-13.4490804773328
-3.46496713656213
1.58120075664252
1.76281151922551
5.93619787443391
-3.1776463423048
6.874581419514
0.616646534585225
-4.80774368168895
1.31854243932798
0.984976447552022
0.472935961814733
-3.88016488169761
0.296124182489193
-8.95141713601247
-1.44015824127936
5.06862211783581
8.581516765038
11.8574777066993
4.50205974003304
3.6730472875449
7.8614995374679
-0.600002602923191
-0.874492215105918
7.39147597075984
-7.81297463586048
-6.5245382631709
-8.79168957604214
-10.2188394012948
-8.18659477219425
-2.5273952808548
-1.5676935282364
4.08079004593043
-0.501004202857221
6.39254811978357
4.21096120441039
5.84629137655575
12.1510209750105
10.9374870404553
10.8536589114783
1.18611687535438
-6.67128056504926
-6.51069708736135
-2.30288536122696
-8.87257493590569
1.79502787731493
-0.597258403924911
-1.99451234794383
1.76724961613358
3.31734827179857
6.47763381067753
4.13706985098231
1.11494668960401
2.72256240344958
-3.63725964284017
-3.06679081884213
-9.26011361962472
-6.9960606380123
-9.09614536293665
-1.2309402559639
-3.12572797674102
0.1829995392973
2.98663235648696
-2.6752898186436
6.60340325947173
9.67281091639498
11.0674346495167
9.86721529825055
4.49096991120063
0.139393900618003
-8.44965328295622
-8.33187580168555
-7.33820030274375
-10.9980033902273
-8.24904531934913
-12.4654731983837
-4.89965018473017
-6.24241116062512
-3.6185520843366
6.4141606623318
5.25272267222112
5.01505573698246
1.62866818465245
5.5953087362629
-0.0231279028868323
2.58475900088251
-3.22627213471709
1.27850014925062
-1.9239441224004
-1.65404402223396
-3.48818252603528
-2.20839976261206
3.90788998957607
1.67785790213182
7.34318959803752
8.69760673198182
0.588988928584858
-1.34305128696267
-4.77774654940199
-6.09333607363026
-5.87465416961846
-2.38256730893171
-4.27409363656931
-7.01180424519497
-13.3102827990002
-10.8107615416374
-1.95277465204637
3.76018450390615
5.56630566922497
7.68384667028887
10.9483223315069
13.3498446230872
-0.537378098962265
2.79772637854371
7.34801532524834
0.39775272442881
7.64612669938618
-4.59482292654625
-5.47608466031899
-11.7700706937401
-12.1620129464564
-0.895655135310339
1.84473741641892
4.77112379278069
3.31599290945112
5.50869249569579
0.707842984480357
0.592754504136634
4.20896282032877
2.06080968240737
5.21136995425563
-3.24693211858449
-9.18167835502912
-10.5786973650111
-0.508561145591574
-3.61368397451804
2.43683504590363
-0.653644495364693
8.19206700387647
7.77032969058633
5.7080691015659
0.885423744973643
10.0800095466968
1.33170558222825
0.625027039172075
-7.56244852679314
-7.46593007163412
-18.1798228400508
-15.4082270952447
-7.30297518672512
-2.94307246079498
-4.49345582461976
-7.62911523317357
3.08263403763024
2.02629945113189
2.30881514555944
7.93549708338479
10.9176406352312
9.93126191414217
5.26805206298063
0.905177263369475
-4.4997103801493
-3.95737246930304
0.754260899795234
1.35567170644625
-1.01678975034915
-1.01323632985492
-6.95434826548303
-1.1327831212664
2.67628830627488
1.33554747236427
-0.578355363218776
0.796296709645674
5.27229611551697
-2.25087947399502
-3.99600402830955
-9.91956876794853
-7.10660946155524
-4.15011192704762
-0.67511660355846
-2.40297409203585
-1.97035610836309
6.55330994152603
3.23910651924274
6.13522830444796
8.89181010994817
14.4100569274625
8.99056602908525
2.40980485300396
-1.74219668964198
-0.173037368660939
3.26646493188748
-9.27565916298179
-12.712321883628
-5.95206899248487
-18.2409441224672
-10.9164460964385
-2.3747401353028
4.91904142527274
7.20197849713859
6.40932864122664
7.65522759769324
2.30618917954747
-2.05108136592848
2.83787576017397
4.23456966786115
-1.84410847437792
-2.34058676319942
0.328718347715371
-0.996604065659318
-6.57852979275929
-2.14256284663477
-2.42743359412496
4.20182204406688
10.3245641493654
0.0707563276097565
5.81839573749727
0.55867918615937
2.1688791669409
-3.04371347525341
-5.36062030250878
-2.29530164487474
-8.41707122294065
-12.1512798317383
-5.45766231546628
-2.55893693378516
-0.275346391346428
9.65982669852185
0.128733242941296
8.96841470926828
8.01678078601583
7.99761685109865
0.912268246244128
9.19601684686245
10.3154041213471
3.79136825974071
-1.69755813215623
-8.38784249400788
-10.268626644426
-7.72812138698592
-6.11667398400705
0.54072952762841
-7.26531654636718
-1.00895581214181
-2.1969802204178
-3.72621872554815
4.92969363650869
5.41793839634345
6.4080294830224
3.44036748385313
-3.53032222230569
4.15219766230133
-4.55926759940991
-4.87236172611005
0.156149445216369
2.7164869664486
5.73328738679463
6.49124094708246
6.26290908561955
-0.263590635960076
9.11241991723971
8.45022141612879
9.05799258458777
0.0527715775007698
-4.09023464388102
-9.63646040683755
-15.1274206912099
-10.7096733659116
-12.4445605295978
-1.76273109046096
-9.96578112542813
-6.84929169869578
-10.0738855362367
3.2005450184021
-1.00449012910554
8.59014559511008
11.3557530908813
10.1033232259557
9.22362010465009
1.57561189005201
2.45760840444075
-1.64285067986429
0.550271570411796
-1.42711040891257
-0.83368399438382
-8.18147224177444
-0.847346812347586
-3.3249340473614
-1.81672602644328
2.92566651782511
0.0610644065956762
3.3586289167388
-2.64074443998772
-1.49653768627686
-10.8110431395494
-5.88981168077954
-4.88642189197126
0.192725021788627
-7.45781453803464
0.874545123186563
0.435544494958639
-2.26454889590191
3.97370982303308
9.82374983834952
7.57577425170984
13.9660122890765
9.4510395127043
5.79274078493492
1.76996636676881
-2.13615930785646
-8.39947650131171
-1.1624440621621
-8.97024316885941
-4.92240881667815
-5.38244231833138
-13.7797941148205
-8.3226968823442
-3.3445207468881
-1.05782873531432
5.56190672407364
7.55677308304528
0.969060459201077
4.88556670733376
4.43758208814393
0.287386321609526
4.35415734425723
-1.21612772012502
-3.32970677163191
-3.95745729172321
-6.30748850851513
-6.55325921854614
-3.63295793896286
7.86227001659944
1.38970544637518
7.40638922170918
-2.60976549753326
5.76276545117723
2.494549070718
-2.43238031342809
-1.36469484704594
-3.39968379698962
-6.63699398326498
-7.51988876132943
-9.90783844924812
-4.60269161721845
-1.83173541231278
2.49379261446107
2.66247564615768
2.42550435824008
3.51838898347432
9.05465353827944
11.5586362836231
13.4770205531904
8.39829915902085
5.07881106962305
2.25651248380619
-5.28974948114431
-6.22007004549273
-8.97230992876742
-11.3192882357209
-8.40667818416751
-2.25230779906968
-2.94592804948071
-2.77937605414986
0.0314122956501404
6.44641525994563
6.0053716107896
5.03933606164032
3.68042544777679
5.1035224464762
-4.57762993438382
-6.62239060771977
-7.21199239594661
3.73703833605447
-0.130999313146358
2.26892664474396
6.74189416455978
0.820805843924923
2.90021733886517
8.98365687094315
11.5262977986624
10.0863679212667
7.12584865563416
7.33014794189882
1.24868476568755
-5.42030706644183
-9.46352341565009
-9.62017234742112
-5.97644045783422
-5.74973667001551
-0.643985862433695
-7.12157689407263
-5.44099146083588
-0.371124944282012
3.96616412260041
11.1665349372486
9.32489148902607
7.09412372879976
3.95190621744718
3.5027562219233
-2.82756512384178
1.78465212591646
-4.68477770886885
0.133999899672841
-3.90652914822358
-8.53631164655245
-6.40824246632689
-1.27010681558991
2.22416526830861
2.46510673195703
6.65708647847086
2.13105047878594
-4.8477405301133
-1.80672156175522
-3.4409262646035
-5.00165817143447
-2.87218949568156
-4.45376010389817
-7.28956955021438
-5.10936680073249
-4.85863672133491
1.3801209247563
2.50193741889632
7.82283684265432
5.88137279568602
4.92836515014264
7.96891120599718
6.65078220796903
4.37219202566933
3.37700727215864
-0.196381406880906
7.98176341331884
-6.14533603697067
-14.3400962951055
-5.70925970706106
-11.5912638282228
-3.73091535453415
-6.9425445340714
6.22839719193474
8.55889204269571
0.92619981640291
1.49033926522646
7.43740266338601
4.14355398815032
2.64973049518148
8.61703748318155
-3.7742852639478
1.95145542355033
-1.39582256693686
-5.64766871427076
2.49216103740487
2.48158701328842
2.13894643271954
0.811632155041722
-0.086309183388793
1.90231750759675
6.20409896457614
8.16123393692741
0.374626519228842
-2.84400549328182
-5.06942781892133
-10.6916673646656
-6.34472488919709
-15.4143623904763
-5.52946877222056
3.88506564795166
1.18781343352252
3.89675950247685
1.00897420663654
7.29673067467306
7.96691626112634
15.8257448663658
15.9365425826572
10.7484239360566
2.66142825755028
-0.458586473049732
-3.02240837738142
-6.09602370821822
-8.01200419929637
-4.24788172794836
-5.00867477596146
-4.79700402020819
-4.55228573123264
-2.02872684117346
3.07388870353344
1.92036137937816
3.23154217458435
7.15018024443777
2.48551913667356
2.05483647524423
-5.27247754065864
-7.92149681679613
-1.00808937634427
-2.1056555655464
-0.388864323199142
0.581662800978569
-2.67582828231706
2.09870883193612
5.21099840083844
5.08102489041855
9.51717307429345
13.2839420007348
8.68149567032586
-2.98418480379763
-3.41737926377706
-2.93942802668979
-6.20952838807285
-6.60637185495853
-11.1123187653006
-9.79102445602749
-8.31363163847326
-4.3919722925585
-2.58238021965922
-0.470534152239826
8.24724915322613
5.64440285066763
10.8349320663804
9.94178261618407
1.89001349988983
0.490672810472217
-1.16523725542248
0.212921658774282
4.28730476820286
-5.21720986826343
-6.64346287784207
-6.61564310475105
-4.54614050292298
1.01208843579596
3.13922474671196
10.0311182090518
-2.74910570342273
-2.77843395391596
-5.26802718369517
0.510203325950013
-0.0180309036544268
-0.0723613146510693
-8.30294499673571
-7.69697821120334
-8.5701404455423
-5.42618261389465
-2.46741528818039
-4.87458958064697
9.63670840874001
11.2661665272149
5.12803803024878
9.00784215654785
6.46422299270059
6.65830888750652
3.82907582918993
4.83435664515065
3.59513442536909
-4.03027564228406
-6.97609910830176
-13.6289810763364
-11.2792065125768
-12.8345591390889
-2.37543506624542
-5.62230460631223
8.96486710456188
-3.75402872126695
4.36702945934349
4.62031649150263
5.45533671496907
14.5505070681383
7.26720407213385
-0.0833855409263653
-2.5409818311148
-3.92896927959346
-8.02706355782215
1.20652174183571
0.0912642017096728
0.953310092330534
1.84470027921695
-1.95196006465612
-4.64345651946206
5.08330325431965
3.66131495659187
0.408086598919978
1.6895559487583
7.00723021033688
-4.84038099709853
-14.2985449960555
-4.85797473158302
-3.24077647797046
-9.63681604964581
-1.56718469559277
-0.925072509594762
2.8034873546519
9.55285515749888
5.29540208251129
12.3211720316669
12.5578823960299
12.9100071767812
2.51847552306956
1.16973642810744
-3.6251437247852
-7.8904294569606
-3.73532633654114
-8.41855117423737
-0.934687489573279
-6.65565361977818
-10.7162160363223
-5.58467987086813
-4.00962026865652
4.94657900093006
4.45518717637349
5.70860368285948
3.07659873179755
4.04788680729385
-3.04026722628161
-7.90356435450443
-5.77448142564984
2.8810960759895
0.0660180607935494
-6.59315779799736
-1.05568246780471
-4.93474744620045
3.6620852545574
4.0122280251246
7.47537889588876
9.34002115373169
10.2786389449559
1.8250406328876
0.324358241157578
-4.79842773108405
-5.70808188768122
-8.08770414752793
-2.56854023416935
-5.26715948287217
-13.5243141154119
-7.75060385800603
-4.41217766614468
-0.847269852325224
6.25993356334182
5.36606713633239
6.45255305789445
3.74939079028126
5.54469258326567
7.38605456521946
3.36021510125306
6.18427846140477
3.34800213432201
0.718583417490707
-6.75595158400946
-4.97623829278889
-5.26975969168643
-1.80965732848318
-0.846278991777355
-1.06682588745989
2.83295173357412
-3.24359508597491
2.89636363362663
-2.2601851146253
2.44932308339513
2.93660261297544
-7.23962984333549
-0.231454814309336
-2.44070742929455
-5.80389369373384
-7.04928357980717
-1.82894716052807
-0.855863950279947
4.06628531621209
10.1856611848852
7.08955266141115
7.38446412581649
6.3919310647626
1.61373861726178
8.77406005288985
0.82001670972421
-1.89777139358457
-6.53501398782458
-11.150418361408
-10.7940123657992
-10.0579167567155
-6.34878284819135
-2.69971701792307
-1.52054504564168
1.38318447942543
-0.071634645171624
6.71433791622234
3.59084289879132
8.04176457422387
4.98894641477841
3.57174104459256
6.29159710231153
-1.50865449207715
-3.33184548277066
-1.09172373408521
3.16153042292457
7.64028517156453
-4.61370774348986
0.308912126937731
0.0750326856956759
5.52220288230874
3.30786062411442
5.94400514842666
3.64074924975673
6.15850532096335
-1.90953873214968
-8.02827748688061
-6.81024431424894
-6.97845307542828
-8.4507099746915
-5.81329394733803
-1.49665469364118
-8.27736333612116
-0.289086540371366
4.40212667636053
11.5594791895533
15.7164496775806
15.9874452811497
11.9815763218648
8.18921474768689
-2.08033259961857
-3.53881124954855
-4.49284537030325
0.331967377805212
-6.91160151699716
-10.3266571170655
-10.9953672649007
-10.0614239398179
-0.919937587581992
-0.100408641910446
8.56310477155967
7.12097636045339
9.27689197424413
-2.10432785439694
-2.77015910306991
-3.05947714400845
-4.1248804595327
-3.18020525147446
-2.57433836129937
-6.66822844198706
-4.61721088312515
-5.55782459449065
-0.985141904315321
6.38685476119082
4.75093054376324
11.6619164090921
7.78314745603114
4.70382631755831
-0.906775484423688
2.18247320204684
1.25522663739849
-0.509119032958298
-5.09799296244078
-5.86099512451002
-17.7940627305808
-13.606738392384
-6.06447929057941
-2.99689265835464
0.891895468334193
6.42646101046145
9.35779244022361
9.4100357003538
4.71424873297937
7.56616048326318
13.1277237763938
5.78900018459792
4.37999201455168
7.46921144573544
-10.0834420230777
-8.06220872503564
-4.68853330443802
-1.74404230864123
-0.185536665392354
0.315717735028784
-0.516513215786748
0.0256688626486552
0.827308601716832
-0.134415431647163
5.42401294440879
0.69883590651084
-1.71111910618405
-3.98427458699221
-3.05752674638294
-14.6919733619234
-12.0051955738926
-4.21715833958763
0.384781283835654
2.04806292362189
1.43995343911413
10.4396460330801
9.97088258685784
11.2576731105942
5.90780757292222
10.4662277067331
8.87505614472907
-2.46359906033047
-5.19955934452822
-6.40399316297842
-9.61321138129489
-6.08072925648235
-8.06803035328615
-1.99561889831508
-8.11155134804606
-3.99204387149583
-5.17181918038639
0.99742095583825
5.85563866475855
6.80636268210816
6.97145016616945
4.82584749978312
3.94255898025839
0.619060309606403
1.60604692098522
0.171798834739955
-1.27172154503319
-3.02044482046813
-1.28094392284472
-1.16721961431986
-2.08831193878507
1.03016237730653
1.4777169578263
7.5981400414919
8.19333971105524
2.47286866009834
-5.63616364131464
-6.91354396511814
-0.734350053860204
-14.6139140642441
-7.46679860263437
-7.46601801097399
-7.20694229474463
-4.42739460473309
-4.56216485561544
0.542899120158125
1.92768460920536
13.4052439351347
9.34558854964558
12.5071273090555
12.6536790023856
2.52016303776661
1.3313747297537
0.666096092654103
1.07662149920141
-6.16943663143425
-8.11507263302912
-10.0310226228577
-10.1018805347483
-4.51077825385452
0.779894315248001
-1.47291607386538
6.16779088613481
0.654387647655824
-0.284176724647313
7.56016331906724
1.8874344482597
8.48703630010476
-0.0709912310206466
-3.06661849506189
-1.27669022229944
-6.37728316049304
-6.64543235179606
-3.97898237793879
3.66290966189327
12.1647528597243
9.87754215911943
3.27036182388425
8.83059784904109
6.73018803692119
-2.80774089778685
0.333907809928876
-1.67845563006259
-3.99432222245561
-8.72952145555694
-15.5473522202623
-9.43644904451472
-6.18365929533083
-3.43693820703255
2.45149937435886
2.69686870664513
4.2524421684599
5.12970719904614
6.62544085635578
6.69256974884207
9.08798233298362
15.4906355704741
7.35173465723444
7.10688544111953
-0.801284462200151
-12.9769175144459
-7.91831535634381
-4.503161694041
-1.39115451293719
-2.2812365292224
4.63078932898256
-1.88974529590423
-1.14303463687638
-1.41679720983443
5.64687657131585
9.04760934668755
3.58900212644743
-0.921751089785922
-8.33368873513897
-4.5554741127755
-3.49638193294787
-6.7772350035818
-2.89554786767304
0.753910279958187
4.3327250602513
0.941088807577228
0.903618742888236
6.43541523738794
11.8711153853072
11.0787496555457
10.5242024376321
-3.14706437093328
-0.279787777382568
-4.75570258751297
-8.14219186841038
-9.63263552649903
-11.4567372900204
-6.1139151248375
-9.57106122010626
-1.45720931354968
-9.06765509116093
0.202664260552975
5.60738091788103
6.36151295228086
7.6830774618507
3.14123504468053
1.15085136094873
1.37792506029747
-8.60799986136289
-4.7820819540266
-0.927785416936357
0.0798745138573892
4.37863433315961
-4.5016876375771
-6.89729444842456
3.62769191615201
1.66050133489192
7.32017102428306
8.60320856770271
3.38736462441565
-1.49666409283456
-1.41866213192554
-3.92368352724947
-3.65629059766567
0.584219400643254
-11.3392707569927
-12.8847944226239
-6.23789277002692
-9.15401763315074
-5.23590798407202
4.64804951296141
13.3838930699707
18.0948224069173
9.11515830884045
13.159790559214
4.82368911163609
5.35854913470881
2.64455306484542
0.585897627851032
-1.92722731870991
-9.07829135551193
-5.73506053015943
-10.6921350997319
-11.3984911831986
-4.21544240651935
-0.329301176819354
6.39544858295855
2.90627161767954
3.41400424070902
-2.09888438270567
5.84296363364222
-0.112810528983394
-1.04814073227274
-2.16674607203099
-1.46413846599892
-5.42415289296278
-4.17586862647393
-9.6103383384963
0.306102168244012
0.205790928307281
3.03284241070807
5.22820225394821
5.85172347977995
6.52784280909255
10.1866406898997
3.13399428145097
2.1115462157366
-0.631207703227306
-2.28443937799104
-9.13280188654956
-10.7092727575129
-10.7842423296352
-7.36283809426954
-2.3536804379616
0.312947772007199
-3.55626247985952
3.88680702607485
2.86704051776368
7.98985623785776
7.52417783057863
10.0624843678138
6.88723765519195
1.78866182237253
4.55049720587588
-5.72080447731465
-4.23850213843903
-6.35673098489118
-3.08354495204392
-1.39023637403202
-6.26898627338551
1.12491491633837
-2.0177473367587
-7.81500333820421
6.90399649788177
5.67684603651428
3.35951167554276
-0.0679342265229042
-3.4272797104882
-4.09198226152489
-4.66473137079035
-5.43216873509661
-2.2458546781411
-2.60019091901604
-1.00728723712674
5.16283046907971
3.19955626385207
6.85936343470522
13.3217273872853
14.9725224879637
11.9738538609596
7.15912792166988
2.25876384213154
-0.551250508091027
-9.29244774509451
-3.68276680514266
-4.31042922045185
-10.0786930889006
-11.2897734357783
-12.9034971368928
-9.8463385228222
-10.2830676932611
-1.53923664057185
8.64715824947027
4.64710797959255
7.82341688126537
6.97275851626585
0.911094211430439
4.7923531193494
5.14170886997642
2.98179671324247
-0.602047034533601
-4.01478218956976
-2.51908269012477
-0.295913465952937
0.138646569791321
5.04085393947807
1.78757668683872
3.49037414136232
8.26864972878436
1.56259149371209
5.18827316278665
-1.67760556794192
-0.775653066196684
-6.76579786801098
-6.91145686381073
-6.98606098886914
-14.3525721707776
-8.89783362349998
-6.5958003641172
1.23527832213848
3.31548414342928
11.4889386084364
8.79607095411471
0.479965271730925
2.11648196205483
10.4083506988158
0.784013021998931
7.85400849124172
4.14939749389988
-1.60068192976897
-10.7481788861381
-11.9345006108276
-10.3943833036617
1.71636129848355
-4.64212138512493
2.30452891669574
-4.61265936204652
-10.019013535753
-3.36754713572297
-1.37100319465273
2.66169836895543
3.44071029052094
5.58171720454042
6.19454681838453
2.29829302949909
7.59140714414764
-3.31927909342339
-1.8664481400023
-7.88591420171529
-5.79504883867784
-7.83049350506471
-9.35758559351885
-2.15750216258009
-7.60933717821908
-2.00677494087857
-4.17913804899598
-6.41009395495405
-1.12371721221849
-0.71266479721054
-0.65244666630631
-1.46623346523368
12.8278385880452
9.55174806905432
9.40721920342366
5.21062547254036
8.02279819832057
8.45198844984215
6.2784240708501
1.38680545688471
2.50291233500552
-3.29680484605554
2.84516820506074
1.06919793066685
1.22547733883567
2.89411454150484
1.74348112609886
-4.00340669441294
-3.16512550535791
-3.51832636567968
1.86836522514457
2.48238066216637
-1.65674276241179
-2.15895538374408
3.00561827127748
0.984755597462461
1.79520932658057
-4.14681194964385
-7.11941765636902
-9.40441360586431
-10.738530698071
-2.96194415573832
-9.57237707875086
-10.5340308643664
-4.01101930838837
-5.49840353298569
-6.86194809602482
-6.53363697479031
-0.384389026705506
-1.32124219357497
2.93907529625098
3.8136095568271
11.1112833226035
12.9316426496152
8.3621755869105
6.57214378717481
4.12997879166498
7.43125934031788
6.20219223835297
7.14379012069481
0.446780170095009
-0.732311491923304
-0.0976846876032471
-2.29729749799216
-3.02221279756154
-0.077197605014064
1.4965181629179
-4.61028023842525
-6.15590957433745
2.87183387656852
-4.70226664847073
-2.76523350246938
1.27386155816293
5.56909857905212
3.23347644684001
0.428341559884841
-0.535404405990679
-1.07948265852006
-6.69291944352243
-1.98497252173032
-4.40060123322214
-3.69273599573328
-1.4105258834523
-5.37490269792695
-5.68565282867072
-2.77892958388427
-6.81147294288415
-7.08093771692805
-4.26732415253652
-6.37465034908681
-4.3475289727507
5.64425739603744
4.04447062122684
7.0269464792741
8.51178161718992
10.2232621903143
14.4152780747092
7.75319309973374
-0.0782539752936326
-0.369501967526187
5.67768903865721
1.72641265836042
0.238929343432947
-2.33544328808448
3.12941319030238
-4.11814425904087
2.62630077603306
-4.22925055848976
2.73491123119285
-3.19810943352003
-6.56817332073342
0.657625046517951
4.65029736634824
4.83113182615355
4.64168831405852
1.04925069154865
3.10537977731183
-0.688165674066053
-0.666728009575732
2.17863013757624
-9.60174193163254
-5.71101000250361
-5.30042280289403
-2.54552908045724
-3.51793562425284
-5.56352611402683
-4.50877437988785
-5.88185963034701
-0.108706039164779
-5.39516083980034
-2.26920967063511
0.746056349157037
3.45912233853692
6.2099553224115
11.3817485635923
12.7449577774437
6.30529746527252
6.7140362260348
1.47468137983262
2.0534415090349
1.38415763903996
5.54522298461903
4.42809066818786
3.24583861986938
3.24578818255308
-2.08366156292595
0.254745324965018
4.6294358249167
-4.16951351252911
-0.850301757169194
-0.891992894650058
5.00941591714962
5.43997568258504
1.87802982844759
0.126251508838156
-1.54227660791185
2.07427707136225
0.322731893775905
-2.63891890685113
-5.99465878602334
-8.11399907422842
-4.44906993188771
-6.51728098424097
-3.35815683962444
-11.9284592714716
-3.94481917808556
2.00784802770976
-5.13412568665336
-1.80921618831557
-0.806867040515498
3.41766276992227
6.15712050250501
7.37486482930118
9.996648330056
5.50605641739548
10.4942069662313
5.13567537088857
2.00473404427536
2.02935996947366
0.735745473366404
6.84445081718513
2.52449543203993
2.91103927821386
4.27684531326735
-2.98115044862803
-2.0704605637614
6.96985514573214
2.0076154948392
-6.79280174577053
-8.84993711434534
-2.68655870939254
-2.15056490659184
-0.382683339600598
3.36746684162441
2.66490046824584
0.43106988501139
1.34680172268311
-3.59443148515601
1.90914315934053
-9.73370669553857
-7.09523449528508
-8.04153314725394
-5.39842887468267
-11.1540255840222
3.04678633273347
-3.15094576488231
-0.259708598980791
0.431075001902227
-2.71146219821218
0.773238605890217
0.65717455060083
0.799941722567395
3.4517896893716
7.04628131368957
8.43755214259942
7.4478764642393
9.07629484093576
8.00518097295932
5.16583964258626
-0.0860525055532553
-6.31506205472076
-7.18934523414165
-8.21335905981799
-2.21165092292654
-1.42172975948163
-4.58845216487603
-4.11972108068352
-1.46524093821738
-0.687417381864963
0.411650472490699
10.443287239845
7.46874474456247
-0.57696277734184
-0.962080163459086
-10.0105041002778
-3.72886913210567
0.00347842733364967
-4.39834339788789
2.08513972548775
-1.62606480687152
-3.83207731185233
-2.50311040460639
1.21751988498709
12.7438350644985
8.55308328281858
4.55417701323884
2.48951421389617
-2.24873005267834
-3.36017473935668
-2.68392791995647
-5.89031206729426
-10.6352327497814
-4.8461158589118
-6.64382138246761
-3.27530075661495
-9.32245691503616
-1.51000595521392
-0.646751340109531
3.68840530177843
9.65691409182229
10.7625571717825
7.82057663344147
3.29455121500825
1.96075273148656
4.13870466656762
-2.8591399550145
1.01208297881655
-5.21650988292418
-4.94972086280946
-10.5089736438609
-3.73527130459247
-4.58314092687201
-1.14901171506991
5.65166600394652
9.28566353087232
4.90233857231605
0.35537585050825
-2.29708050230987
-4.28361655240046
1.07813468954604
4.15652715658819
-2.34014453657224
-6.08951529876849
-9.28681776416458
-0.797366412667697
3.6130347313253
7.48103961916577
12.0562896723734
6.70692664578854
1.63064819772259
3.95166193579807
5.8253784475782
2.88114723465489
6.51693596709858
1.28511848869915
-4.35418225856745
-7.33629471452783
-11.8798470369923
-12.8311262671259
-8.22143358565683
-5.84230509620943
0.711384978535675
0.604535972349205
4.2838115545214
3.20711323834083
4.50073190744104
6.82209039850421
4.77718618036024
7.1056459459316
1.28863116085508
-2.66035564322387
1.50965951056536
-4.47061567813279
-1.29686698001493
-2.26448652786778
0.591342362557157
0.763089214745472
2.43472964106473
-3.74483708454171
5.34229336845027
9.61703932361099
5.6370321228381
-0.517122015869768
-4.87106269127475
-0.640754915398433
-13.9673366316566
-16.3180566573822
-11.4449857439614
-4.5172583521562
-5.66129758723903
1.83548589503115
1.87982294719089
3.09808635562606
8.37926778028304
10.4738795938545
8.97782267001049
11.5740989041743
7.70024192608119
5.83362756032022
-1.50255467488575
0.825912949491461
-2.62941293321586
-4.08430258506682
-6.74948272074704
-9.13802988302
-11.7059553933833
-0.341420891990817
-0.238617241915339
-2.91579418698205
5.67953508277595
7.3009075332572
7.55924443036158
5.32365956954621
-1.22343911588135
-5.07199538481216
-3.82529061530866
0.635312044532255
-2.87690977148682
-5.89241397307423
-4.42697558860575
4.59463022541146
4.73239746263898
8.16583544242501
11.159875956117
11.7683136853822
8.61852869921163
-0.576553211884364
2.32236328338729
-1.86317550947054
-4.19283355210638
-5.28765859683565
-5.4248824782232
-12.7419871231456
-14.4024916845179
-8.12962220649482
-7.45984268159237
4.57437752535178
9.51135666538994
14.237270582653
9.86185165891628
3.42112433224595
2.17253937969562
7.08947293855137
4.96078910765508
1.56011628656015
-1.49538005611111
-4.44948614082292
-2.35073931508758
-7.66732248475126
-4.9398537290521
-2.55822764328304
3.69051025641953
-0.0602795123672917
0.484671263044009
2.84178569388186
1.08710351939529
4.9947995161498
3.28460730530831
0.0297697809717816
1.59031324229158
-5.62937915830331
-16.3229721648904
-11.1111003999038
-3.06507556107551
-2.24995247780397
2.65669486609737
2.84954735488479
2.98465550394486
7.78839933140332
9.96218555648829
2.57358078927717
5.17934300046641
11.4255262633453
1.35846145960231
-1.44382388795579
-7.31682571307435
-15.269439561961
-10.0859687157103
-14.5248419730722
-2.33379478697095
-4.74255084233937
5.13790225803064
2.84172172772363
-6.93566295126154
6.67474950924568
6.04585270004187
12.5846187051675
11.4165100679494
4.22958591255211
0.941040296220743
-6.12716020049447
-4.85080665430747
-0.261689932024899
-0.0641826232834386
-0.41903463463045
2.05511939292836
-1.98916469936261
3.28562159614788
6.28687195258692
9.97097333906499
7.51655692231702
9.00552596065948
4.41118378655664
-6.11225863986293
-4.34550157284339
-7.7840602988057
-9.42449690071479
-7.42591565704989
-6.49113496497698
-1.9497640968998
4.47829421287295
2.33404057102695
2.04418400730107
7.76578876100158
10.0953562653012
11.0248217321286
6.18759096140418
0.823819548465713
0.556670688593839
-0.529797109891721
-2.79395386409681
-4.1355698713196
-5.44417888853258
-9.33847622316095
-5.78541343518381
-2.12213971232373
-8.85839541422998
6.20970076250662
2.68964326565178
3.60462178129779
5.45386150302343
1.99852998681397
-1.53224349867141
3.71868315156281
-3.04023488629779
-4.29258706554495
-2.80538327181328
-3.96099698299954
2.19182383702968
-7.80848808639991
4.33964770102091
7.79374478180059
5.90824791502372
8.08571807645432
12.8292156994117
8.48771091327159
-0.946508632842199
3.35027159659344
-1.1453843758035
0.39518549574706
-2.65025298381763
-7.59568871172022
-5.50087621085615
-10.74053153901
-14.1336781769285
0.57316176186117
1.45059718335713
7.06432917627046
3.08042129922894
6.30291181881777
5.19193360674322
1.10507478381734
7.4907077558582
6.41632110101649
3.57890864631736
3.8000838110101
-7.61035325442431
-5.03519600530732
-9.07945893997649
-0.279426298141386
-0.922890117309536
12.6789750143983
1.40354497482711
3.57367339866804
-4.16990886974077
2.68576599527488
1.71524665488388
0.930157879005991
4.37878031432393
-6.59607512972159
-5.50106874139683
-7.03323053815789
-8.03011498154416
-2.75347905467018
1.52879192709533
10.8976427794986
6.4531473448148
4.52566844840286
3.62469499292282
13.2326552041869
10.2610408486816
10.3874704208682
3.12049755685698
4.26500119095425
-5.56970285056016
-14.5008023068103
-10.5781976416953
-5.61445439296528
-6.59547726608379
-9.8692054758679
-3.40838106294408
-3.2054881746415
-0.990823881052135
-1.06280417930907
6.83393067140492
9.83379084312087
9.25475355541844
8.25623243339812
-2.1255586272466
5.68623376688357
-6.78810207979132
1.85477273718805
1.07004531204055
3.03913947108248
-0.925022524328009
1.12223601564111
0.439818078618826
5.75275769784023
-1.13968996975615
9.70473163855561
7.8430096227216
1.84366037130671
-6.88414378947827
-4.65672688995553
-1.52753624374099
-5.03139112494145
-8.10475632819976
-3.5241416856213
-3.35133807460524
-7.11998931213894
-6.08757080083897
4.72524930251515
6.01627022687041
8.18988707794561
5.31571552828459
7.67180411387541
6.06634060865893
8.3825896078272
-0.405988387254748
6.46697352410198
-1.85059369940464
-3.00036694837464
-5.85656679750963
-8.53285396235501
-12.6627072395165
-8.25349795793771
2.51521692451804
5.7749070390519
9.75092940210796
2.78400221952863
0.473762562474893
1.43903353167717
-0.0933541338405394
5.49068258474774
-2.79213563945176
0.154500808605635
-0.53366202814891
-1.05881053272955
-3.17833625310245
3.93351343521266
-1.90084167625946
5.49945647827276
4.89663421155837
8.69535430194208
4.22714292846231
8.55107793147806
2.21205832574853
0.895057733718821
5.61451037579039
-3.52793797035843
-11.101849211996
-9.00830255936058
-13.701549029857
-15.4126057988861
-3.29571232537558
-7.82142935351842
-1.61100870642288
-2.2267926140314
3.48894497747682
4.45115106449385
8.89173218778224
9.14416118822588
8.28673826294855
11.3000621465337
5.60143290711054
-0.924658739283678
-4.43704084662424
-6.06442218349515
1.01856727407775
-3.24655132043224
-2.98121274173108
0.184318460024238
1.35132653111893
3.17406214574991
-1.72666243237689
2.92710284296526
9.28150518284397
1.19194043570424
-2.62517230089636
-3.89627866428543
-6.13993301788585
-10.7448235240284
-3.62946471260745
-0.337093604577424
2.01059276171529
5.56017478387548
1.21430339236409
7.67990374784191
1.58919125934207
9.79837356703427
10.5648453096886
15.7735217227105
3.88994307203451
1.66243371575624
-9.01997322110631
-6.29115662102666
-6.98030716290612
-6.84195155021852
-9.15109178017462
-9.77576792312712
-10.2471015714658
-1.5019872353429
-1.83894756841817
0.410021971225675
6.07009856121422
7.06005507451796
3.12962472103159
-1.73993043511515
-7.20902576234676
0.117627619815032
2.69233998708704
0.117709697525208
-3.27483203929832
2.17014766258191
5.73942555317452
13.0128393151345
6.70726532547946
12.9977212079606
3.98305880918318
10.7480393885784
1.88524601696204
5.66594207873485
3.32539205923533
-1.68081678038489
-3.12963549556453
-0.826746679565737
2.09142224324301
-0.0514962194271955
-3.40007424997188
0.324792608694339
1.62352789168676
-2.17043143022269
5.31617256044253
1.25480015682067
-0.06591957700368
0.959113524649244
0.63715671981631
-0.671349057224056
2.24402645021416
-0.541247495098
-0.50439481184653
-4.92886977795088
-2.17456533169635
-3.34827891955005
0.199063161062661
-5.2980703816495
-4.19743243775451
-2.60476731257946
5.87434109958821
-2.40002322696718
0.944532482591615
-0.354504665148016
3.50145905654007
1.57549408128479
5.39762631864831
4.39270278407502
8.44815759525197
4.71674370372366
1.73675869497398
7.57833093578093
1.3519314927392
2.77454436419948
1.21438672388096
-1.96084053475827
-1.45785712079372
-8.12451300460764
-5.12534491119948
-8.50287875052941
-0.0254073523640734
-7.67117764699148
-0.885751799609678
6.24010300651734
0.954128320408403
-0.335442471445011
-2.60447396916277
1.09970812231471
-4.25237793396512
-1.58949816358198
-1.86680430290993
2.05224884825353
-0.381177285206994
0.617500150883251
-6.03422895981287
1.59766937217961
-1.1339933251729
-5.52067468237277
-3.17590045588219
-1.355788467871
-3.09596125153267
0.648631518895467
2.61017726490953
2.09797158836457
4.8282897591651
11.8313968052016
5.74075913565076
7.49907383574292
6.42011953757267
2.1357570307707
9.22686787305054
2.87081824379818
-1.71865692476115
-5.02327188649788
1.51983298687416
-0.468158166891488
0.964526070955955
-7.22557763452227
-2.33894221795205
-11.6171101730882
-6.36422663097323
-8.61692051222372
4.59828438164727
-0.634361110152865
0.360834882895238
3.18856090910867
-2.14898852644678
3.86701427273551
9.8439082452513
2.82564859836795
3.03544119232839
-2.06877490791875
-1.03645978947465
-0.909574809575197
0.617925743504754
-2.52833490385992
-2.69263648394352
-1.34797142199345
-2.37994472291041
-3.57331533744585
1.01854887448433
8.01051387367367
-1.07690242676519
4.43616747671108
3.10077358875679
7.86500916342831
6.34897846653957
2.69407168941936
5.76111492232755
5.36993305372705
-6.35341579578367
-2.82186437817174
-0.39427892884874
6.43937225094083
-5.99219657142858
-4.11555948792126
-11.5568766491177
-6.31345858074991
-9.15227405021041
-7.37831025713388
-10.9992530248554
1.2879737185597
-0.341878220794789
1.25468153085488
1.94366670429539
5.34105433420003
3.18260557480181
4.3114090013105
5.66448951658942
1.93393368859932
2.84741986519235
6.61030085568634
1.37235127450496
-2.11717867746957
-0.3331211343008
6.17761928049098
-5.10929789989312
-2.55990712024099
-5.9124405250051
0.111467711649503
-3.72727224352998
3.23866184126851
-2.42465672012472
-0.900284637133212
3.06741051218471
3.141002333318
1.68249764712067
1.56862741149593
3.9150113082863
2.05611083356118
-2.46572803269883
-0.246812611126217
-3.64166004643922
-2.28127301417405
-6.88588933602123
-3.54442148442886
-6.33804717523982
-5.87844169866108
-2.89404277463965
2.73614212537237
-7.00726670556108
-2.3667257839402
2.28838080174127
-2.65736148368852
3.02198718205978
7.40271427363211
12.7137296048789
6.08729138983126
4.52390477361703
5.87760639606021
2.01132731776905
5.62118040779651
3.03714877240525
-2.41027619226525
-3.79196139572162
0.532350208956561
-5.28885488965969
-3.55501492734578
-5.42956901376594
-4.09194847124367
-5.52617343813285
-4.98046539129974
5.65319584667092
-1.71361042319874
-2.26493989430678
-1.32481113113124
2.93574429331349
0.54769807776787
5.38236901185251
2.4263460643527
4.41359198651436
6.03969296253241
-2.20547533472404
0.859215505279056
-4.57426592353948
-6.07705845091716
-8.07783634004555
-1.01941754595792
-3.68914689424837
-3.83403050400963
0.215804439562098
2.71909783008843
8.11894058955349
0.647930324211237
4.99316288289152
-2.04903417032841
7.03927211763687
8.90577238270197
6.76345062861326
-3.2613571219183
-0.838506549650537
0.559474899210139
-0.865294415186719
2.00686543705417
-3.86816781820816
-7.4926313800854
-7.09145733958887
-7.82814809512077
-3.21841718448056
-7.81391522768848
-6.03544664403032
-7.20529564357185
0.215001142015163
1.76890084243012
-1.35258531138316
-5.04275805386205
3.81993143294861
5.10577048561502
3.01246946517253
2.04915901153749
1.25643081080669
2.25702198074841
5.2686757078517
0.496374021636216
0.583062443612547
-7.02637260732547
-0.502510703640519
-3.3730653427151
-0.0761458822156378
-0.771579517861349
4.42202260934966
-2.42342724497836
3.42699182022058
1.35232574656924
9.87033641335141
6.00536221169752
8.68564332407608
2.85956700916118
6.34954536879609
-0.35744635793654
1.63254400690997
-0.423116819127885
-1.81680390377259
-6.53821272516771
-4.98433723837834
-4.80402370938971
-9.3029597276846
-4.04840402652683
-2.60819163481072
-7.10710558765011
-4.68177688517772
0.692756444367415
-1.29795149675061
-0.445398693647984
1.48588702756568
2.62834122100524
2.38363246595737
6.23364048662159
5.25891823819056
4.8480278774984
7.49006103666873
-3.30027619326919
2.55048840300923
-2.42313627351763
-3.27286942885942
-2.50745927725004
-1.94493787071013
-0.526714510647513
-3.96181986387276
-2.4336782073378
-3.43103645607512
-0.332269635480854
-0.831545655892826
1.63963017632079
4.00858018249738
-1.32924181950054
2.93173038288434
2.98420000283018
2.25120268432861
2.94103497796885
3.91455298006835
2.87021570607597
-4.09421566165889
-0.729022477084227
-5.94262104948241
-4.38558457764855
-0.480504367221309
-3.24291795315116
-7.40226809201564
1.92530751042549
-2.2346052108375
0.464051509517346
1.38532997058832
0.90619353601526
2.13459765452819
10.2077755951073
7.30057453857152
13.2071865670391
5.89150227059719
4.61085156373482
11.0213015252951
2.84682605998085
2.15296371407783
4.27748358692784
-1.9153210044483
3.26320859382959
-3.3934458506764
-4.85492864813813
-2.02140293878278
-2.35293716392856
-4.5686753874163
-3.49333575662206
0.830651594678415
-2.57371273258582
-3.10796204253254
-3.08865900142362
-0.89763179108412
1.85340613222689
4.73223838758205
4.18663361422133
-1.08210525360763
0.321069431096966
-2.51995477597537
1.38658963382559
-2.81585396903245
-2.72630072210789
-4.99811612479733
-0.879409785712709
-7.29146668813956
-1.26585144855889
-1.6755506003645
0.404662504175486
3.81635921259883
1.13017540371375
6.15045085984792
1.77345023855031
3.56645515105939
-0.178688196655076
-0.84543484976759
2.30678075881563
1.38959973011977
5.58707177952306
-0.912573235329627
2.15563790996218
-0.920878453101319
-8.78074852629677
-2.25085686744946
-4.03893590598249
-4.03005025313612
-2.62522370693154
-3.95460185453855
-3.59539667925687
-5.31958921875979
-0.669315784601689
0.412264953599505
5.27335257491971
0.529390018498186
7.66754281924074
-1.65420176829747
1.3435743712485
2.48242454146175
2.71579272595155
2.51869700128883
4.54894819927631
2.71808483673767
3.80272816998593
-0.858673949059471
-2.99367509516558
2.13536842288956
5.89363283189619
3.02497247716421
3.83973355574199
-1.87466329467834
3.07662059808593
8.69422914676583
5.7271128207879
4.5195334720534
2.681460982336
3.69316940491033
2.05679091827045
1.75359803826448
1.67988808041627
-1.64168189434353
4.43122292708387
0.225224259793043
5.5435789340605
1.34709537462002
7.06317141615396
3.81824128148132
3.56836892971792
7.59813679271546
0.344795821191135
4.20860839768312
2.88460841424643
4.44390172202096
-0.874999818850668
-4.78051131044258
-2.7700564700802
-3.25794655445786
-6.76391282561291
-7.3580703027622
-3.16736837550011
-2.7080354910119
-6.4015288380548
-0.95641806710962
-3.0367030219456
-4.55652696049603
0.471632666558856
-1.05757892680365
1.73687332415057
0.628664890435937
-2.38744941390487
0.290867906415745
7.51270870454889
8.97281605957377
0.621904750707893
1.8532180737532
-3.28786840051297
-2.97187569743572
0.643351649200898
4.85504482693938
1.45956147120407
0.777142510586587
0.154573826662188
0.832428633420459
3.29103001985079
-4.52503776925711
-2.86759473708838
-0.584722492086606
-4.16203414365127
-1.60710447319983
-0.622658585093514
-7.3856757492142
-10.6985193664636
-0.73974146697885
-7.74308510910498
-3.69157926594681
-0.0238229552997331
4.24849515360094
-1.35957783698537
-2.76904042634986
1.20046031779618
1.15820496340843
2.49068022724345
6.83665777609407
4.76569885350679
6.75356456003097
9.97701075720733
4.3865826746127
5.09308179109397
2.35320895656586
6.73722275777712
6.42222338756432
-1.47977857362126
2.37697983733181
-0.966915730841651
3.85597585810308
-3.53926797074399
-1.93370859453686
-5.88095952704141
-13.4693830566993
-4.7884223066216
-2.55621661521566
-5.81548885734013
-1.85088321110499
-1.58703576250901
-3.70509894999395
0.224658674908628
-11.787167217506
-1.75761943173868
4.71462110372475
-0.0252440507754834
0.130304159410964
5.04327298266062
6.14018727591478
4.32006883469503
7.12536184793601
0.259305559957486
1.91638161456553
8.18553620964935
6.53065794511875
6.30988790988953
3.78985089750777
6.61581287581713
-1.38429679697742
-3.61069424375164
-5.91426102751286
-0.598829624994511
-3.03549294479254
-9.76874016392822
-5.12607199955371
0.742783715975407
-1.51102354545383
-2.45640088634839
-4.97910595877055
-4.78896596685021
-3.41703277300847
0.0905944004008541
-3.32912430156436
3.10095111683648
-4.01789109395691
5.73942084266291
0.883501846931985
4.22444324807192
-0.753591064439199
3.51620739659945
3.25022533622172
9.19276090992907
5.10428059638841
-1.33846364225713
1.7986271829971
2.29812979765484
0.746956225486046
-1.34212093238459
0.96897312079046
1.0079201022871
3.61832818959514
-5.65653547970301
-0.925587058190422
-2.53977864729078
2.97774222199098
-5.72311410263801
-8.13229568192963
-5.58997308237536
2.51162574317018
0.997152783194657
0.900849746199857
-2.01767505110377
1.90854840867206
3.35258642457172
-1.77705791676007
0.5371853815896
2.10980123272842
0.600219672861094
-0.345430102823054
3.82702796439835
0.0903530944588846
2.0421005417687
1.97244959042103
5.57297923551476
4.79049261746501
4.71871322039983
0.583654243074422
5.28653190398996
0.948651704991854
1.99911943920549
-0.627645134435085
-0.694807676814252
-3.36804256719774
1.43513491282153
-3.63814324570247
1.43130077408577
-1.87644008584416
-1.56147128560766
-3.3584770275095
-7.64446858264628
0.213043590561466
-4.3583616978502
0.000183368087520508
-4.58176771959528
-0.972983905167304
-1.72514886297192
-4.27554610259968
-1.71837123906621
-0.734613635573148
1.51294813889854
7.33479124542315
12.1436388971827
6.58183036666845
9.21671965046383
4.72735851492062
4.14638740840446
6.15492146414935
2.58178533609776
-1.36968614674004
-3.34829603725843
-2.47630081499672
-1.3160424163588
-6.12569491981426
-2.12936315047589
0.273877933613315
-5.72402915117474
-7.5219988870825
-3.28231419159244
0.124441791788227
-7.91598292941474
-4.10594474736038
-1.43090534070984
-2.84067567321567
-1.29007392719149
-1.47865982177396
1.50461741398192
-2.59214873061847
2.56552723713154
4.43086698802225
6.16686885849795
6.84821677775164
3.88995832441023
-0.175393729946392
5.50443729791552
3.63896197817503
7.47503429461587
2.75991791575398
3.90076197377223
-2.69577101737481
3.17352476558358
0.348009584762784
-1.74559037471815
-9.84390922844916
0.323229442639906
-1.63884237489126
-7.47800122925012
-3.34998987749189
0.716109095878622
-0.440057048514888
-1.06537043312577
1.24164149370011
-2.56400456121348
-2.29181614557688
-0.257643747780821
-0.526561678258889
2.02391823702037
3.63855983422749
-2.93349250246222
5.08949975307169
5.47935666166742
4.59247570295116
4.22978748711118
1.73747820514399
3.11242571010175
3.18210465710041
3.97951858229379
4.12357488699677
0.470856187053157
4.12131219219442
3.12125603596082
-0.0781121271199906
1.43696817456099
-0.404614766869293
-8.36573814670235
-3.12443922498045
-5.86983918872617
-6.14943227686654
-5.01982387974618
-4.96632308733283
-3.20109647702771
-0.552223775243251
-1.36342589954781
0.469848261169166
0.960360157782513
1.65941601899656
3.96414315879427
-1.18407316026167
6.67239288055884
2.11334933514268
5.95915293436641
6.58913415918792
8.52894391203851
8.4878944429597
-1.56148317139742
5.6972637814854
2.63630427249285
-1.2921527424116
1.63776488704146
0.374284187089713
-4.60861339018504
0.787811799817275
2.85623382786124
-2.38992617233337
-1.89824679409301
-4.03456180243259
-5.64359999888575
-5.17125698977202
-7.35029506561879
-2.74618715251514
-4.57725077667144
-2.53566061001189
-4.24892404888315
-3.84788838911191
-9.34650281449769
-4.19923196970627
3.3650329375161
0.62916117872249
3.6137462121013
-0.901270388343365
4.57003853354757
-3.11880701702754
6.76294588839576
-0.380216233795098
1.06480533471694
1.1889853475601
-0.78226880123123
3.81702768404429
3.16652193246254
0.390324259801585
6.91646881806879
-2.68111563800849
-0.67408226565995
-5.11799020662703
4.79895494337446
-1.48979665672876
-2.27687331464407
0.117000818481086
-0.455142962188027
-5.90137307057227
-6.75559643866077
-3.81718482387609
1.55075939117604
-1.31264895236765
-4.10204806690058
5.22760102327221
3.65588657099579
1.23528280213946
-2.59710984075487
6.63260359938652
-1.81853892179636
6.43479748863622
-0.467617315017011
6.19609004285805
4.76079107246831
5.62777818404401
5.21418585613098
-1.57449668601513
7.6601557967201
-2.80142333593266
-0.542539842229582
1.45218729592393
1.61740713482822
-2.8835528654699
-1.64202521849944
-5.27528818939955
-2.7789136159522
-3.75770194097753
-1.12989110617909
0.362734327975193
-5.47060621762357
-4.10865302564149
-6.72508185901432
0.00797387895924961
-2.47600044480007
2.49116855672139
-0.194127018222582
2.93522300465394
4.49252888646544
7.20331415744132
9.63179432781688
0.147126560289609
9.52286922195398
8.2101602912897
2.71677104587031
-1.24664968508465
-1.12948124570901
5.84972996845508
3.37306400504816
0.6305583807269
4.21939949373484
2.7606877506511
2.32978626308261
1.15111253030133
-4.42424331170031
-6.06727197377415
-1.98806843411615
-7.25223125620385
0.153637012336989
-1.00158594813677
-8.73753712431791
-1.39353535598511
-5.06740224433737
1.06949950513924
0.397550338920651
-3.80908200803
2.52431269664242
3.30175233469257
2.86435378579442
0.223816183215275
7.7351128200781
5.66128016309311
2.20884351043201
2.8985217146787
6.95756262145791
-1.33905360496713
7.41655958952501
6.89559256949104
-0.131789703953088
3.72299479463251
0.0818906767584269
-5.37953234097777
2.05640166212402
-3.09053741879768
-6.5359057676899
1.59880082907141
-1.56183707940123
-2.21398287397582
-4.75223531738524
-7.90103497956957
-1.81408470915313
-1.36026503412477
3.35291637271672
-4.13603756721512
-1.22856613315888
2.01182987940741
-2.40578944188525
-1.38120619846759
-0.503411049468311
0.266651397248653
1.43061163210406
6.32033458437562
0.843331303172941
2.21299643647116
2.4120838448038
5.85375788730626
4.89834329556123
0.517373776163708
-1.59750024773727
2.12499546137143
7.25582189204013
2.35074338021822
-1.93449812271358
-6.95803997107918
-1.13937570541188
-4.16055355965151
-0.311463463516084
-5.8948577275384
-7.08113440828439
-2.42361571163248
-0.69274031185846
3.65009495763495
-5.60966163531514
-2.11146433122864
-1.12770693334471
-0.242755283185651
-2.96567690910307
6.42981227375317
3.5984496055706
3.87190041296518
1.34419044968259
4.86144598381966
11.205243165761
4.68533204498078
5.0113318831516
5.03017883811008
-1.98187564585281
-0.0687519441690321
0.947198599135959
2.99390323205051
-0.703782323066146
-4.93280880760797
-2.7715310416165
-2.62170684273749
-1.38406100146683
-8.55213869366228
-0.521275660100017
-1.87172135442088
-2.77522909481993
-2.28655908572605
0.925368119516436
-5.13178050006942
-6.17127863872759
-2.52906909825766
0.11139430850999
-4.64738467159759
0.291734338343234
5.07483215145814
6.38259997302248
0.712013079712152
0.0592599879735172
4.92061899339023
7.50639927664947
7.49081368296087
6.14004039623426
4.33211103973044
3.52780131013403
-0.78839665271758
7.31679975038177
-3.189666457033
1.94656682103361
-2.05024890542915
-0.495974301259577
-1.3588291824056
-0.980376267152141
-3.9123193412228
-2.29505681361622
-1.61040250206561
-4.10004064685919
-5.34569746503877
-0.785531870730462
-3.26737650223495
-1.89398742958634
-6.34689427083913
0.716950507466308
-3.61816212177657
0.537803127355108
5.29389371397094
-0.492951449614486
3.87543748947742
7.26313831627998
9.03360996978401
4.5832182592489
0.947976595807509
3.05019000483055
1.30311367655804
0.137151849417654
6.61644552236631
1.0363385363839
-1.61540602997506
-2.00206072738705
0.0707105521112135
-6.15690356411141
-4.09340329879165
-5.57981582669651
-2.25555061149039
-4.30198817926456
-4.83010699738264
1.78641528535204
-5.33081871728828
-7.41236102243163
-3.80790615297379
-5.44770210101901
-3.10283456090715
-0.0809110662959347
-1.17525173772087
3.74778564061624
-2.41250149168601
4.25761677428354
2.14565988585126
3.50696969069339
0.884677845262198
1.95721889566411
3.26895211182535
-0.100456030314474
3.28540604041705
4.06715490490003
7.59236763113679
0.223809638099761
-2.64905466379051
2.56313510847836
-6.900423775443
-3.2188562058951
-2.12844373989809
-2.96952905615434
3.21790824868126
-2.00961924787242
-2.67036428707411
-8.38277108761038
-0.0514893688074358
6.13798005758658
-0.171458267020341
-5.45422078196226
0.202274310725939
-1.84700312451309
-1.49450225344505
-1.088843569685
6.49991683624085
2.3730589850595
3.47169825837753
6.55713878344684
-2.00859345726548
3.19571946403091
5.69658798662512
2.48865831792497
6.35737138117531
4.19258699119428
-0.0179839960816039
-1.84198153643596
-0.0315765085797108
-7.20011629519346
-4.11098103220593
-0.46006396449536
-0.663624835012286
-0.992469563450616
-5.4291338723045
-1.85729054284656
-6.48243967607579
2.86274984598782
-4.50602634304059
-8.4313466872852
2.05351416318128
0.109733991787058
0.275135228532007
-2.72516940651816
-4.04631167758037
-0.904188287989975
-0.468288272106831
2.79829723211949
5.08697226698737
0.647228880537265
4.73367501626401
0.654388072428311
5.00853166015756
4.35188819356451
-1.55195147102836
1.78272867430682
5.17166755383352
0.00261883215831649
-0.47012336494276
-0.611514947737601
-4.02858552643257
-2.47499740004271
-6.38442542667003
-4.23990145842246
-2.51989213121553
-4.47199221968565
-6.77843865781671
-10.0029793516089
-1.67299509055476
-6.676669114185
-1.66074467945246
-1.66217523741765
-2.77684857934183
-3.83062479575267
-4.71965040359255
-1.12015087420729
-0.408378643157406
-3.77556317460156
6.08640247981891
-0.393919894425832
0.0925994886155239
1.87522205881161
-0.596722688490281
3.74714454040231
7.44160494579426
0.392472627101658
4.38155827147299
5.07615225521107
-4.89458160960112
0.297765521267942
-0.325350431511118
0.305747197875226
0.421136834589021
-5.22911183865607
-0.25048528051919
-9.82168079586386
1.90704621797099
-5.57483966968783
1.04960232514161
-7.5784203508226
-4.35616958593313
-1.53561352879476
-4.54664391837127
-1.68021279511535
0.600092887443784
2.29100532238103
2.30881338907416
0.12110250451791
1.94675958781645
1.58681281796463
1.78204676974677
0.712591699453346
5.26767652878155
-0.870033347870813
9.78260921088901
7.88333805676692
-3.07693006373105
2.08686868609972
-3.1698551935808
5.84470137667567
-1.28876248569724
-0.0325107190855154
-3.15068590945001
-2.7291127430702
-2.30074457380241
-2.6839291840608
-6.30438607127769
-6.15645443910883
-5.03992526103935
-4.22538296430835
0.334668436677562
-4.98780906913262
-2.16331624572058
2.50968597748622
0.081231418871958
2.89181912137358
2.06244314404916
-0.46839981470857
9.42513827393242
1.18141154393509
6.96612266717077
-1.72835709705424
3.02073533980551
2.01855676060518
0.788895902397315
14.0366907839046
2.21300515734394
2.09775864225549
-0.155688730568957
2.32551479781431
-2.57320079792031
-2.62274342535643
1.64871951239558
1.25566198023178
-8.53681635378805
-3.88828307574542
-8.55964840515005
-4.60937668862194
-3.81525694789544
-3.6906829434472
-6.62721178298344
0.148203568224689
2.56759205957859
-4.63800232309868
2.93985927562292
1.3260395235996
0.839288218271468
7.51326605957451
2.1495863865702
2.92719904951478
7.8346676579063
4.90215065154046
5.02345046729875
3.34587526375822
4.15937925648599
-1.22114976393314
7.16334086556744
-2.91184927716705
-4.08623088298288
-4.61806776299898
0.193721531886088
-1.20379928624781
6.37757726949214
8.35673596724104
6.55421683721648
6.298526409536
6.59585150716553
11.2666793688955
1.45712803621389
0.454804915908123
-2.36326763693896
-3.52150477569477
-9.63404521189133
-9.97371805928863
-9.67612969192333
-4.85755116962687
-1.20355470988851
-4.24295225686471
0.701876891668208
3.53220189205429
5.43401771926577
3.67795088241898
11.1596922248992
12.9732203050737
6.58910561478957
9.34493988053793
6.62911003030913
0.846008636155535
-1.73983193064189
-3.63565892755118
-0.869482180998594
-4.02369926048259
-2.21081853173812
2.88300767627193
-1.79696480355083
-0.349386345766675
2.23394959644027
2.43341563175298
-6.35523305487668
-6.84361179994758
-6.04666496738581
-6.0993423247557
0.346787946069395
0.92708104217687
-4.14430828375221
-0.613033697353424
1.14947683917079
2.18118457836468
2.96113316807741
9.16387047962646
3.82153338656915
2.33303352386753
5.71760840221119
1.14982807148352
5.07690224907711
-4.80599625088151
-6.29810840066077
-5.68071386860182
-10.0240843376165
-10.6613051383102
-6.62589710295482
-5.09802568346653
-6.41695978782769
-0.955046089620939
3.70061872501026
-0.0327369153666819
3.58770103164721
4.11013765953425
7.74933986637221
8.67494140670284
1.59920505438209
3.16744769067568
8.46335365167247
-3.28289492085543
-5.34753455152114
-10.8743299670062
-10.2692390142653
1.50505969964527
-0.533533275031359
-0.0804428996778097
-3.76961451417142
0.0912167185062532
2.49847638010924
-0.193323858338723
1.01289178584357
3.45214196354388
-6.41329784883039
-0.655421600121642
-1.77891429122736
-1.35194271914118
-3.28300616353342
2.2789726200265
4.05274643979283
10.4626516492861
8.56476426680136
4.37054647483829
7.45330761109809
5.57581304410277
2.04787320370789
-4.11663802763299
-6.68987822748173
-3.76146336247883
-6.33452761881447
-9.46018641612806
-9.55125859428924
-7.9864855040193
-4.85953583692615
-4.00428147316851
4.96202037589893
0.980817060294722
6.18598682592178
10.8896213246574
10.6006885594449
3.37182379057053
4.67106681249986
6.12994090433782
4.29870666642645
-3.04053992395937
-10.2802112664058
-7.90261398046557
-12.4220724744268
-4.24644966792262
-2.79253984685849
-0.520969766315876
-2.40222183628364
-3.52270976614416
2.72746943176435
-1.97612900896704
-3.0478307661128
5.07116588015639
-5.09767371904493
2.43178626577085
-4.0580024827871
0.922881216316404
-0.711376968202228
-3.08009162125713
5.12841598743923
3.70561452348325
-0.49999636707564
0.150446439717505
-1.55037769289019
4.27035389632075
3.24001896053377
-1.02393469351267
-8.10103743598242
-3.47120046306935
-4.37965095321854
-8.49440668345071
-11.0001541044658
-8.67829380113876
-4.80708828866127
-6.23000146368145
2.41057977774013
7.5955697170069
6.80652873979848
8.82441241384763
11.1266710733516
10.2074064358308
12.1139382043009
8.26920192835477
6.89196415267562
5.88617938587287
0.259249009313872
-3.87462969047979
-7.48709866863953
-2.71660236661535
-1.39539786993718
-3.94827199628032
-9.69565224605032
-6.48776776181839
-0.0211899689850357
1.17301616325152
2.48224552051145
6.67605929149696
1.57669241322746
2.37905779347122
7.19370425684438
2.60176415164281
-0.826939512376125
-2.5150968205121
-0.0184703753519893
-5.22250562654409
2.10914702325567
-3.33490449591822
-0.241474753359309
1.44070406456512
6.45537647211143
2.50224246091414
-0.635621177952185
-1.66771886745374
-5.03109950601263
-6.04700062905726
-2.85865463200574
-6.52013746655201
-1.01763438317842
-5.39510173057285
1.15610526342132
-3.4465099328658
2.82260971781587
6.58748458686175
9.02845707052575
10.8650889911076
8.92863553604899
9.72588425275557
9.41167944844121
-1.06928836311349
2.59764352753937
2.00190579486884
-3.90335467395742
-5.55127742779922
-6.19645222428548
-6.9886610079151
-5.76399681948001
-6.54741912140705
0.171831668230068
5.03753509361924
-0.6331536217195
3.55969519823063
-0.571844607201377
6.44964288615729
3.88127140546746
0.832644203223649
-0.0757045211318688
-0.133801545155181
-2.25255353015779
-1.900067823038
3.64222343915105
3.55929174951582
2.00064588977594
2.64202153280711
1.41047399921438
1.20080746606724
0.992271335736033
-4.69892606699683
-6.51928646269777
-0.252530178598935
-1.26291050886314
-6.94713290796175
0.144243584739897
-7.40846277856762
-8.37819909672152
0.282646249277237
1.69584089364697
1.18262011866916
2.28792397964321
8.10942603971197
9.9937649562015
8.19549601446105
11.0467664662488
1.24823486693532
0.524532084496243
-0.308696727407378
-8.25726444229203
-11.5753720112688
-7.34715600602602
-8.56680992233031
-8.68533868541442
-5.55286193890575
-10.3863157090912
-1.19706161159128
-1.06872902322206
1.78203075319337
4.18431370209688
9.85654457234063
9.97320969554888
-0.598411527984331
6.83339622162442
2.46630981220375
0.274198946572909
-3.24110452054901
3.15244451382874
-1.89903305959377
-1.56580298464173
-5.86637611908401
-6.18422934940108
-5.94228766522348
-0.770368563945974
3.47494740826762
-0.21873558180043
1.55257462960106
-10.5342679474056
-6.75208684870659
-4.32941329624331
-5.33833037177496
-0.472645771502431
-2.73531826685427
1.05411123085073
1.37767667249118
8.87965648858135
5.84386276778189
11.5095450832332
7.63464483280026
6.61435331377709
8.13224020514977
-0.705209384281148
-1.21096802173332
-1.32776292538878
-12.4871375726005
-4.53803530812927
-2.05275517397605
-1.10843766432385
-2.54130670773494
-2.4435225084169
-1.02306116421648
0.778691829118563
2.7098293152977
10.5447757270115
5.48188497246349
-0.330566039094841
-0.934056618686281
-8.62026257130484
-5.66171523388258
-14.3342922792041
-2.9866701693274
-5.50623856075318
-5.10727383733756
-0.678264561639323
1.47928328410748
5.70610726719428
9.53451770115732
20.3126840508602
10.5879127565916
12.7961357604104
4.54151451528533
5.83524715496561
-4.81437665968946
-2.09302185748056
-2.47582886671715
-5.8011213311106
-10.6447679529029
-3.98123835128042
-10.2908434685979
-5.53866909357569
5.38471046645131
5.87138485932508
2.89729758046462
-0.846451372301837
3.24304688693583
-0.687740121977615
2.78982216095653
-3.54658420072067
4.42438649691058
-6.97595656626175
-1.91484495051856
-5.88864968759805
2.71390448482913
-1.36026965793979
11.1873142523077
4.8493098801977
10.745453976463
7.54160955776628
10.7307318657605
5.34328916059106
1.86881174790303
-6.52865513457668
-1.61239472379901
-0.339064433783149
-5.06397543416253
-7.67965803697765
-13.571164746656
-6.83551341176465
-1.67434226033865
5.66406125279109
7.03024510746316
4.95733057642945
8.23544069837244
7.81362847527966
5.63166067306793
9.31535350338517
8.03867284994446
4.60116673208061
-2.32351352134011
-7.88881327405762
-10.9742026492156
-3.83390801930185
-2.53859352860071
-2.00292183787069
4.30869610782356
0.977294586971584
0.55686016071721
-3.23641486415307
-1.45358985193176
5.32252378245105
3.2273572058664
-5.18598136678484
-1.28304211721787
-8.68603688206742
-14.4827984934866
-8.47911238443383
-3.31746244980798
8.04525947168052
-0.934963713561811
9.0028057257576
6.48730662668117
6.52120440702663
8.26769181284163
7.42683038102355
13.00388685354
6.11572125112011
-0.562253334860271
-4.97738837918446
-9.07686750536356
-8.62873833039547
-11.3219657654344
-10.0107587317158
-6.06040029833754
-11.8513782444462
-8.39886410510412
2.77127744242205
5.17441876776276
1.010692189329
12.585625125978
12.0853575322613
6.31778684361131
-0.820974804397962
-5.2323511450562
1.03796095647106
-0.129986322553105
1.57059445676583
4.27572422608657
-1.98548523510857
-7.25904446304885
-0.71693289399645
5.63051593948173
8.24167654245053
10.8979078600761
8.22983797884005
4.18085088975775
0.0497780946002637
-1.44616492897177
-5.02720320565535
-5.37984698175319
-0.884356775984254
-9.68787370276083
-11.8916288127223
-6.18666259217058
-3.75572950231682
-3.91872860707509
6.14321144560529
15.2142196415418
13.7757594377425
8.99297037598546
2.73379185999212
9.11970604525502
0.0200507363446034
-5.25033507356587
-1.22425178259801
-0.370569949660718
-6.29410158400245
-14.8696661352273
-8.65860845493436
-6.91683625429038
-0.41173049468649
3.50162698977445
-1.01569267710093
7.83810076365555
2.79609215466473
2.73760937378424
-3.93195063069848
-5.13100224368429
2.45346235218738
-5.30218365978667
-2.53907954422389
-8.61397615229924
-4.9827846349707
-4.61780329232961
-2.3962669249552
-0.404266065861131
3.85409335139731
8.24584727034358
5.70317491455137
6.63135594880592
-0.592358193677453
0.101655193693151
2.02928147994046
-9.33850701636187
-4.4415911434538
-8.42696308790167
-10.841291276147
-11.6738802398094
-9.8483555394322
-0.737835349530239
1.96982374080163
6.3759002832968
9.6533011569723
6.29163576775447
7.37219053254381
7.66815585626856
6.11051122829886
8.01802232993065
-0.417450115711382
-4.74891889448812
-4.45464627136589
-3.32980410983313
-3.54416841550328
-2.16129183015052
0.636326104128597
-0.966663598028469
0.411421009242654
-1.24903741451799
0.40964165515129
2.22113797118979
4.97803167094815
3.35679102234936
-1.04784857155505
-6.11969545812014
-7.91880197674981
-6.62294377895929
-4.55520394196052
-2.04074756066695
-0.206172868774568
-1.44908762468319
0.552774583408005
5.27986600744458
10.0759245697797
9.16418655202723
9.59186877543634
6.70585105346738
3.03218040022466
3.22140841373492
-7.29428455749524
1.47812340854392
-10.2115202270192
-2.23462004593857
-9.04957369729502
-5.29676420291044
-4.54300561051386
-4.09918639955825
1.20950963752489
0.708047553463696
13.7304722079545
7.3871624911729
9.0381750776806
3.61418608799671
-4.02209294413987
-0.579655249130265
-3.23694687804798
-2.34167891056279
-2.90423115985285
-5.2354426160559
-6.93321889237165
2.10350759392457
-2.83783563699108
8.81482245515909
5.72233710191067
4.30294870740815
1.63437246336203
0.760132023851137
-2.91601729616269
-2.94461876833174
-3.44588659886538
-0.821086076997446
-2.57723488212598
-7.83180336511333
-6.24016008786965
-7.66964093053775
-3.41934288804557
2.7382619521503
6.86002793105441
2.81373836366317
14.4544556787188
7.56768855375471
7.9689638426348
4.06054175485873
-3.57207778213417
3.69055905808628
-0.0556820099168338
-4.37318086374146
-9.98241797633116
-10.2680283797945
-10.0826827817896
-8.66442132783022
0.377225695607581
-2.99728149960007
6.14596645810735
-0.122393320608734
-1.62122025016633
-4.51135328124025
1.61886821143319
7.28215112059315
4.66276777669028
-2.6051578350594
-7.15278938683689
-0.977323048203218
-4.44788533488176
-3.29122668107444
0.467664787482453
8.4032887322111
5.73336285550508
9.52150085205894
7.6339172718513
11.9549985738722
9.99523120714607
4.41702416560371
2.97088321689171
-1.57958636349306
-3.84444478605228
-15.0026887599156
-9.51268899207369
-7.35243978279519
-4.7694899051595
2.66759653831639
-0.0521608093298683
-0.14308671895304
5.9847470733638
4.77813210977233
7.11669112448936
9.922413844833
8.43558004300902
6.09041014595251
-1.91313968312884
-4.76846893669873
-7.42276493193362
-2.18174940077945
-0.26216119049161
-3.16145149151375
-3.74559996601012
-5.64179665931931
-2.7874378760792
5.8577731609001
5.41471511033057
6.30038829268804
-2.78095725551762
0.946125566873152
-3.97366502502227
-7.90039625061982
-4.26429381574848
-7.38894219515109
-1.65851855198111
-4.20906264772363
-0.931418364079045
1.67274697921221
3.78437126000315
4.1768397166608
8.20752723669039
11.8873840605289
8.98335794318992
7.27907649562824
-2.85765443895418
-4.1331684147568
-4.7044643048528
-3.42258782808203
-0.14459942060714
-3.52719599323389
-11.1767254535461
-8.19001121222224
-9.97043047498175
-7.15429224047963
-4.24237048506087
5.57797238184927
4.10616346068984
6.17333886478931
4.4773218175151
4.36501663705347
1.87981522073779
7.07714928797368
-2.075876067525
-3.7146576687502
-3.45035232125575
-6.30964241734167
-10.9531162893546
-3.32046979725293
1.46452654150406
6.06079672538255
6.40240676969434
11.5495107122866
7.518304069403
-6.98147628047497
-9.25069117752149
-0.503798620201604
-2.99744192613115
-6.92067050248143
-5.77636416159182
-6.55240100735701
-11.7775483270315
-11.457162187023
-2.3764172467772
6.90194300644843
1.98522227899356
10.8590275377523
8.63546125499778
8.78458170325907
6.22728394463836
16.6987698156031
5.02592820522519
1.8081606375938
-5.77511225817424
-4.17725787415567
-11.3423754807429
-12.9073898425435
-4.72575696691828
-5.67927939535614
-0.677319333257817
-2.30935527219925
0.361746940723018
0.218190271635847
5.08275775361171
7.65349415967243
6.96888655608775
5.31197069240875
-1.45634577060892
-6.46538758854889
-3.97690834818418
-8.10653856494847
-5.71221896041288
0.258553728236429
1.05095151000059
7.52969855398169
6.74046658887182
5.42955295732198
6.57764057842229
4.61413564617569
6.09128511894854
7.22592046779573
-3.19228199967879
-6.85016025261316
-13.8125088782014
-13.2305577663529
-4.25404490064532
-11.0207295580744
-0.717397584030413
-4.58531146949147
-0.959954417309809
-3.44852515213962
6.37484708617663
6.99959036696132
9.50789375246545
12.7532115833016
9.45562033408735
3.88711420376931
-1.91301653802452
0.753961381364491
-5.47724957814787
-3.84551134975378
-8.96322999229881
-3.97926428236585
-5.61920258398124
2.03478995154588
-0.244679419112277
1.57929971814296
7.16241478359833
1.12995370814942
-3.72496292071505
-0.179176183737864
-4.71678907217769
-3.52293279365846
-4.80204566685742
-5.22236866335234
-6.29422759320173
-4.78853223403578
-2.95909644923915
2.18333549769483
0.281625501182515
5.89101004962042
11.2608184364529
11.8175427265295
7.02301616330434
2.85199656807693
1.1746707592822
0.677907907580969
-0.313097452237497
2.41604075242155
-6.04523475798338
-4.88502415405937
-15.6836160523076
-7.70678489000388
-4.96904957497674
-0.656724134625747
1.40994624850876
10.0028620042921
1.95067037400644
0.303345100229368
4.16371111990589
2.92139864536911
9.5645553469484
3.77791835981965
4.35046663019344
1.35542612051722
-4.55200952237433
-5.88088201588469
0.0492663487976506
-2.35403960842971
3.93867392491496
5.63055950407485
-2.34031946377116
-1.0988180905909
5.48488103692452
3.60702120821586
4.2969507528284
-3.22653518946982
0.667500892391098
-10.5776328478686
-9.31457612581051
-11.3489649782317
-7.20216050328277
-6.64493883002017
-1.22329860723751
10.6462586770477
3.61563157894174
7.55089103316833
2.01334367553378
7.40483482986078
8.94457766841148
10.138524712164
7.06950193077849
-0.192926419315459
-0.607442949931325
-6.78475815262426
-8.74901551538745
-10.6908661340297
0.472896477346637
-8.51351132975243
-2.71620228336359
-3.20396972381728
0.871545819050232
1.22359035718462
5.91496862542448
2.41721838089463
8.54271649157717
0.387991446994188
-4.97175454324831
-0.442069304982153
-5.61024822339868
1.9785172078745
4.01665166812246
0.251830799841203
2.1976340663042
5.43496190364885
1.98275038919714
6.905277629793
7.26468726488757
9.1506513322122
7.35385979626327
3.22518910450254
-1.63982149605083
-4.92186078095888
-13.4614204894244
-9.02042957353174
-12.9421347251603
-11.1337077413061
-13.6287026562931
-5.00690573184841
-5.32597817292795
1.53148500290552
4.92407930883599
3.15167970881535
10.5060737504666
9.53668399642356
1.99717506584047
6.46698460340671
6.80846947144007
-2.58981675853809
3.61206029699535
-0.639880909668084
-6.47684444129724
-4.59099483929082
-1.64059654019162
-7.12087784594943
-3.07531202521054
4.02825225296621
5.64636434142146
3.00028916327628
-4.54327799236021
-1.52249470627616
-1.86833234093284
-2.70943536424007
-6.40873868077691
-6.10701619602793
-3.29095079925857
-4.74624482885243
-7.42307462901542
-3.58160838779233
7.17758174782579
3.88459527280831
12.4721933933899
12.2639451836907
9.28822235688083
8.69635682929409
1.63675808335158
0.324834638705569
-1.71756647982174
-3.04584309956774
-9.74449417661842
-6.83302720020421
-11.8269176359842
-6.21394766060665
-7.61498116818324
-4.01220051324642
-0.604550620394696
3.13527119825993
8.10467999963652
8.79624226517511
1.58750644659783
2.39213117273317
3.77559438383866
1.94256872028596
-2.18902698914136
-3.01569614106694
-7.20553458905211
-1.45189328682167
-0.714511986367705
-0.492496565751775
0.215865542907786
3.75113311491738
-0.266396344370661
2.98098738212971
3.23084295871626
0.183985961374511
1.0168532916765
-2.91116689062045
-2.02606358948743
-8.43478838899121
-14.456034305451
-11.8430654778231
-7.4507329047412
0.0656566669370044
1.32695359959267
4.9897945368693
4.60671777610338
4.60536932138238
15.458952245309
12.4740301553328
5.21528669088425
13.1115521089036
5.36468020916143
-3.75668905288916
-4.62259524196473
-5.1472267235895
-11.5801745087937
-7.58165208308983
-9.32022021405236
-4.33188843155993
-11.5291771536829
-6.69657559486521
2.40130804441774
5.01519682372406
6.9870340083682
6.63769958885688
4.16222563269492
-0.631229190234337
-1.25727399183066
-5.39034430635414
-3.67909819590517
-2.07770826432795
0.571053401683368
2.66603405442258
-7.44624220639052
2.78025150069208
3.05189491987396
4.61549087736605
7.763560336026
5.89721569150564
9.66921069039301
0.524004493513304
-4.11422880137711
-5.66273594721333
-6.8764681626813
-8.0158554941167
-2.02294249435579
-3.36843902413134
-9.93479827165592
-7.59952759660393
-3.62553689965307
-0.357661525021672
6.96890650897069
14.9142626259594
7.74178558577013
7.51294192526691
-3.96262887227225
5.6989635471001
4.08179763860419
2.31246208488061
-4.02520994941559
-9.9857361186827
-10.3351375517644
-6.60605528170504
-3.13118179077529
4.57184193445428
3.75294766384541
6.42770823533787
4.30000324981487
-0.585110130654829
-2.49792651407716
-5.61869510560313
0.8363205677818
-8.01770063729909
-4.42123471193826
-4.86635919449932
-7.42888720040473
-7.69642405033474
-8.24450906135002
-1.2530136692242
5.26760970072762
12.090260314986
8.63406404045998
5.91521905669784
6.30525623550603
-3.47580125057698
6.19596191195251
3.63200948945835
-0.277079439170146
-1.73396337213465
-5.3834524729624
-15.458395184142
-10.1005929586039
-5.12656705589063
3.14643772644571
-7.04863022330928
-0.605476454882836
-1.6720799085734
7.28651239383448
3.94063886328207
2.10442908249393
8.33813099349481
6.27511022840323
0.790013645143172
-1.61412202770554
-3.94126762853679
-6.70432006366352
2.25672933748399
0.554819436823522
5.35001579469783
2.61646253971704
2.19472089214327
2.5457958089039
2.66783507626357
1.52242811971663
8.64455219705302
1.15652382178518
-3.2940620429594
-8.62334269402159
-11.524403621971
-9.95756991836288
-2.3302521351428
-5.86385623532072
-1.40200400584816
1.61088910525753
3.78234564236118
2.46845033066562
3.07735597526905
6.51232061263111
5.28266975736469
6.00497477736268
6.03545622977559
4.20589358653985
1.17972757459345
-3.65975993681451
-6.12644926636732
-7.69811072226921
-5.12915100744943
-4.95339695507579
-4.33383085213152
-5.71604107484925
-0.298072845682468
-1.84314758748029
-3.78629982264788
-3.99981632082209
0.774629165946549
0.363708318218313
0.175762327248308
-0.109911684215756
5.25666255950139
0.688259163973286
3.94692118704166
3.42513689121813
3.95973244086812
7.7753675526858
-0.430198613063142
-4.42745366670903
2.23790433736079
-1.00184666579872
-2.73412151746752
-1.46860881487094
-4.66656239806245
-7.26265684710563
-0.165162165569788
6.25723350277827
1.95685133316862
5.80023664328983
2.37620088166356
2.85558752495653
1.64641225555625
-0.524935657913903
7.76929561435003
-1.04495589226877
2.09372494809902
-3.14631912173227
-5.08153011553061
2.05368726830755
-1.43766581899172
-7.41453341444365
-1.40216265052326
-5.82119539556469
-5.44581491867853
-0.472752701447304
-5.19099518333024
3.25062831972479
2.75432353446866
5.70444273914882
2.82441630828554
4.21927796871563
-0.288610977324057
4.65571931253073
6.7999481169997
4.24835772472361
2.78297939825899
-0.257640699361031
-0.0132554252024732
-0.167479464450386
-0.943618176958016
-1.98915448632749
-3.21292657411049
-1.31587344228242
-4.33001749445016
-4.24647059558104
0.721651806738731
1.44050803152638
-2.64878524569208
-0.743687945453917
5.9913002045413
1.96724821122707
2.18392064948323
1.90229302366595
2.98665508585836
3.6389734853802
-1.84971203833196
-7.3536108052206
-1.17555756849536
-7.59452901958369
-2.14784482100615
-7.65373542839954
-3.42881766710918
-4.40676654697432
-6.35353574298365
-3.37486053803724
-1.81521929829999
-2.78208740265562
-0.545775465305094
6.52699075985538
3.2506428025888
6.00251508114621
5.15659074559564
5.01089842038549
10.4913203543751
1.33084872827732
-0.172360176304429
3.48146849178926
3.53191344351521
-1.1238068758828
-2.27071137468569
-4.14439637979705
-2.4283160951417
-5.59659038318458
-0.875284330445448
-3.55972885240581
-2.83499000755002
-7.1741607577132
-1.62054337818101
-3.33722894631934
3.93499485535701
3.48243714885652
-1.12725922204802
7.05788363052225
0.302414105542754
3.50634012122231
0.705544403876724
2.17903256796898
-3.72209626403144
-2.38001447368615
-4.07589530472715
-3.545552300195
-0.418872543900855
-6.82580280736138
0.622629764642351
-8.34605141040192
7.32556378727078
0.49884873404996
3.8207241873279
-1.47937215830447
6.60030093288029
6.55077691823894
8.32834009613285
6.73619518180385
2.38729553782147
6.73955478175121
0.755348944382536
-1.0930364796426
-2.21483964897263
-5.14113046187338
-6.07979859304207
-3.95947087619309
-9.68263975909659
-8.08505825327082
-12.285945609034
-4.0767397119995
-2.66687535984486
-4.29663267348642
1.46805874410324
-4.57694924301003
2.69216701155147
4.05408867758627
0.810667571194445
5.45996646880755
6.05830570506861
3.64507237343386
1.08201481275351
3.60027389287624
-5.3191840616165
-5.93389288357909
-0.418709804421355
1.32291215736983
1.80657670816623
-0.564893129041734
-1.01833167290365
0.564205170745801
3.73355247016987
2.59045989370103
5.84256154417932
4.78486755645657
5.07516111689728
0.76306262609537
2.94637109792947
7.82910413143219
1.99536135150852
-1.79117763087819
2.54565136674638
0.0406588067615417
-2.26432391341932
-6.16578600681813
-1.44937268938374
-1.24980737784871
-4.62694224733454
-10.0530161751169
-7.86022080799207
-3.83434725784962
-9.02726967086636
-1.84248015818817
1.21988299945865
3.81132371594441
1.61707791635519
