"x"
12.2740953651431
11.5187691561774
6.19444763098531
4.12591758912842
-2.76800808592189
0.916775639063545
-1.44494091281682
-1.30205944914058
-9.65300802195495
-11.1040966794331
-10.638900335669
-7.15791161506217
-1.28263374356737
1.66491227989067
5.73296186814513
3.24752363840632
0.512701446402236
1.24454842948333
1.22939759201291
4.93367353066321
-3.91472204574666
-0.441447357906923
-6.77044060376479
-6.0654567107609
-1.20762269560551
-5.91541750421757
2.72362499056835
5.96958361344844
11.0785125869311
7.03081031852212
8.6705950552447
-0.878719933351441
5.45321812043325
4.0424631547586
3.19406974232654
-0.967483858850548
-10.7500091985707
-13.7906815245653
-11.3029888001555
-7.26394262190636
-4.84778236294034
-4.13532227035266
1.67343220246083
3.70403648030668
8.4801773462977
5.55334504616085
7.48651469954406
6.9882364383631
9.41701767538929
4.07144436478512
3.08396602236404
-2.71865017546099
-3.43741647469825
-4.24401120765564
0.301703167919351
-2.168504799245
4.80891381125068
-7.49235223292365
2.66047775686748
5.72507264305262
2.79745970297176
6.67905334938841
4.2334613674632
2.62588200412207
-3.75734464860961
-2.09365184051956
-4.82455991601266
-7.4624794629424
-0.369157345588611
1.19656531793825
3.3686811501577
1.29043660592595
3.99492199478857
7.59237914580554
5.82430428491591
12.0006241209543
14.4786086290184
7.08967412046007
9.50186041889273
4.79894288054871
-4.70513400843914
-4.32259469550597
-10.126475451812
-4.9868099349137
-9.41744538775327
-10.0696997747625
-3.09706874916368
-6.03793521501604
-1.08584331689529
5.05157910699302
3.41832175456629
7.39178501604627
1.7869897595586
0.0714330050603582
-3.08140318601979
-1.17321891193068
-0.236734258209876
-1.31010056501219
-0.987969563953674
-3.65308821227955
-8.20719928146158
1.50950717333949
-0.941739795128313
5.70344447999642
8.84866055893313
1.63131927866569
8.22151376113517
-3.76348553565327
-4.9081851057915
-6.5091870974964
-5.58756099810698
-3.59385741972018
-8.09319872910667
-10.0732392565012
-13.9597903762005
-7.12358657966218
0.631618278950053
2.34848801013101
10.0727012721537
10.25266993178
7.18312895707199
9.38869353393401
4.55568354274819
8.20816536338422
7.12943080866775
4.11438953513601
-6.7915061878572
-6.09429361371938
-4.08401622073426
-13.2865254418117
-6.98276765515211
-5.61972634826247
6.11380742033506
-0.374923540514254
-3.05528875766987
5.53665793192683
0.489255738665707
0.0170668376077534
0.502874216475989
3.76717037477211
6.64247422492832
1.98141386299567
-1.67251741927193
-5.15019526803359
-3.93429164684124
5.68469477559186
0.0447628921921144
13.061022292178
6.44468751640182
7.52693728431787
4.57694266726868
4.61848739292201
6.84916821666267
7.01734568892986
0.76303667825265
-4.246380403732
-5.90157453714637
-7.86830356355497
-5.20849264729447
-9.62610973158928
-7.80404539497445
-2.0097767521057
2.71512281415801
-0.114171579005826
3.83714972385609
9.15993710784732
11.8432180825239
12.9206708793446
15.9554721622748
8.41538175577251
8.12983983397791
-5.53509519447284
-10.0710535922928
-2.4157603374327
2.42952162854082
-4.26021578741611
-5.01182293925617
-0.527463529601817
-2.03913894015329
7.17337207263803
1.48536253085911
7.81687688447427
-0.536632983126566
0.577978258410257
-4.09442738440672
-4.59443757528137
-4.63308025435494
-6.79517445560215
-2.30074721065311
-0.0252706396392344
-2.55075367233397
-1.49678663682175
6.32625244686598
5.48055943688652
8.19083645187036
10.4851706307976
12.535023531519
7.81870092388777
-1.15604485040337
-5.1927461271732
-3.35855043344088
-5.47287066429579
-4.55499620607252
-2.88130751809535
-8.84784921238647
-11.6896667861725
-9.15017673592302
-2.64700998557704
-2.48586833790449
3.88029246054142
11.8581679875688
1.79254322187512
10.2137436049635
-3.24062873636875
2.94852500501734
10.0267187794306
7.69361020494853
-1.29118101360895
2.83631592687279
-5.57744956089921
-1.61038520294733
1.14916703666094
5.13801804546043
3.33832458506296
8.23369996407138
4.20922744906845
4.07226421845472
-7.20158169239023
0.382970755536486
-3.61086019456669
-3.09794691921987
-9.76972921539304
-7.922326255576
-12.2802320211404
-7.73272121966757
-10.6599357202554
1.7426790887434
11.6186231647444
8.95994149966247
6.01630295711513
4.79526366267663
5.04952036539274
8.38950170588856
12.7849578367633
3.72633887305486
2.7018305163915
-5.44395167825683
-8.90196459663316
-9.35383837840053
-12.6021972352831
-5.51536111863471
-0.399826958536216
-4.2253564453284
-0.550595567552589
-2.28518540177878
1.093958975534
0.416641216160818
2.89939639468595
1.91568175963505
6.66015690285511
-0.551716348133013
-6.52774100207858
-6.04714246030762
-8.81774030162427
-1.72268825975893
3.73816595700261
5.76570008427069
5.05711430608778
1.60139392281355
9.75473344123213
7.87170935675854
7.24677411506876
6.59895479103576
2.99895980501136
-1.44901003800932
-8.69283689401182
-14.8917147753667
-11.076196988907
-3.20192375112385
-7.79618694626522
-9.8080129026221
-7.04037305129535
-8.84158395353211
-0.865143713499727
5.23944473350884
3.59266446616123
13.6362845622463
7.90990088875644
3.91567145420264
3.36161159338709
3.93283237376995
-4.49400176508769
-1.65195071422804
0.302309705040405
-0.932646105016925
-11.6699615443704
0.0993702078560306
-2.2267748849172
-4.53291698504552
2.18150326732795
1.92840057176919
7.11526666282037
-0.935477250173625
-3.64702158821445
-5.08826124545444
-7.64789590959059
-7.38708590722389
-5.68439914466587
-3.7148375472223
-5.61729613438634
-3.21017476078565
-1.30718721707583
4.35465589052664
11.8233267737909
5.78677590641737
13.1891995415444
8.23305641657153
4.8746365916777
1.9313132099607
-6.49645913242923
3.36284596911318
-6.10450323125177
1.66361577531051
-6.1913139971
-8.4917675807537
-11.2932864932484
-2.67958899999978
-4.37871127605449
-0.647754332630466
7.70691542216435
6.59317734342791
7.14704762800917
3.95093819448103
-0.0383057032136431
5.08287086401786
-0.29304674006826
-1.8507188868041
-2.35503623816642
-8.47025854978687
-10.0095574419513
-2.83554538641344
-0.861199198829953
7.5974990327477
1.59553856536123
6.93068670878959
5.02449550261334
1.9477994298437
1.71561278404191
0.92305488762951
-0.596694740655488
-6.69777450412515
-7.66563092633226
-12.6672272384767
-7.69615823213991
-5.91240705260664
-3.07038155149475
0.853664272109391
13.126851129757
7.61500483674033
8.21711187243446
9.73054042636856
4.18324164527771
12.6602869673543
7.25655296820777
11.3848919165907
-1.72107967426017
-1.2797891032276
-7.22887539882578
-6.36271738836813
-4.69926617770024
2.91695833795533
-4.28395969779572
-2.97880933237487
-1.02932146503208
0.239755167482887
-0.25453445624236
9.45925493215696
8.16841844939204
4.58544729430385
-5.36450086466076
-1.81305095649163
-1.58368834182728
-4.66845895063345
-0.0620772629505311
3.827463648632
-0.519374414114088
3.23589172359274
3.57843752440204
4.3448221873814
8.44154828812215
10.6856899707671
6.56763659749999
10.5440941243718
3.92015146690514
-7.91666431638403
-9.4571915522051
-4.6506213958019
-7.88701603937443
-10.4669917782804
-3.09226424151578
-5.28644976193028
-10.7508306519848
-4.40076472140866
2.56814865103709
10.3123635158975
16.3422258888917
14.1521731716028
9.58016953699989
3.38481942257729
2.57277056531729
-5.26212220107812
0.86377516144808
-1.0830796077653
-4.97602460868953
-1.31701368685551
-4.39957812367643
-1.91865541512991
-0.829308160831876
-0.722403668071936
3.80977406094236
5.0931998840402
3.90194079140004
2.85136361167356
-1.63949428070886
0.239902412643343
0.625970630500701
-4.70663417834388
-8.55635849860085
-7.71946960614907
-4.51035923228387
-0.888034625499099
-4.38481565794184
6.45453924119339
7.44927218511371
8.74999500533425
11.0728835778305
7.22876786298704
1.91260431577115
3.07022349662517
5.60449440590269
-0.823659884629796
-6.02313316074448
-8.59503601131047
-8.99242376483418
-13.9141513831249
-7.13219046039036
-4.3287951559349
-1.64409709894224
1.70770572647396
4.16637575698234
11.5076649761182
5.18650891576442
3.55934357159848
2.97343698738448
7.59233897006415
1.56591334140489
0.0973536103751623
-1.79756886209632
0.866729793014941
-0.298705864874586
-2.8570283143075
-4.05513937363311
5.19771425233851
5.62770676641647
0.704986126638392
2.32375187264882
1.82820620471247
4.92410110368094
4.26417463544929
4.84728431612975
-4.1241463134396
-7.64075789822182
-10.6795581105477
-13.6688061480786
2.49236467253679
-2.28968511139267
1.23532901723191
-0.65971020166617
4.40989230237298
6.08391391045454
8.9955080003817
10.4553153129453
16.3071698323715
9.08183065245617
1.14144849761446
0.0785959429146472
-2.92866589200772
-0.640206008980345
-2.36000408736609
-7.22079868761279
-7.04436881692238
-9.55632050261556
-7.06800909275504
-2.36073480456399
-2.61508440352903
2.48035732593174
4.22782627721563
6.30867586137934
5.56903189435669
-9.18900655858147
-4.8843285058089
-2.60026717108095
-3.47358207773762
-1.05922396582946
-4.16620920149407
-3.87998278877238
-3.49443648494524
1.19044246113346
1.20587198364194
4.73152414716684
9.81043813478182
10.4575729202346
2.95929647584916
3.33498175982506
-4.20424924502525
-6.92310591966174
-3.67553628984436
-7.81703315562456
-8.61121200910435
-10.3926185163787
-3.4020929418719
-10.6206465718182
-0.569471888173038
5.07921800952067
8.11282395949839
12.8436883354574
10.1615186255137
4.55187865814952
8.5305275028551
4.22020741455485
2.45631816722284
1.85895170152722
2.03116607951873
-4.56420095643745
-4.93286193550299
-2.5959864567628
-1.3470327583929
1.13587153728878
4.23004659418396
-1.45320724433979
3.39502985538106
0.187455208591068
-0.0698804820626717
-4.36103540249468
-1.80942996442497
-1.84776242696463
-1.90965851582297
-3.88416235024882
-4.48210102505307
-12.9704564711003
-0.422163938227905
7.17519259308885
7.36153260054892
7.33599310662138
5.33966802187792
8.52031479551495
7.49786117578233
1.44325763718174
2.91481884457862
4.37613306090751
1.30094147715763
-3.88607042144629
-8.64674794477289
-9.44296970347927
-10.5319988772908
-3.02013119589837
3.33567621644015
0.100286712789305
2.75179938506203
6.81183716980187
-2.56753973915155
5.38976707793652
5.63393350806512
6.12312019381616
11.8541655405531
1.48475865305804
0.257581726602065
-7.81538264650444
2.01190144567446
-6.3084266345767
0.731381606692859
0.0865631304847998
-0.950852507124979
2.80095086117839
1.38190538928278
5.15862568272078
7.80880046294369
7.45479610582053
-0.918302245700043
-4.40296297818359
-10.2121756292379
-4.20155486556057
-5.12555823730665
-11.4879449561099
-2.88482623300771
3.09353790522538
-3.71322405493368
1.30222036883774
-1.76513166199242
8.93140277922687
12.4551845184284
14.621369201304
7.7270076408454
3.00359279359908
2.43402425913806
-0.60100096641194
-2.32963925908758
-4.63682043180461
1.65888097678781
-7.02093276330262
-5.35888709109849
-4.67869289775932
-8.53745777268015
-5.51893570360757
7.2123211678317
3.75314960773534
7.63473298958981
4.84009482535612
3.89650681364989
-6.704059406964
-7.04677505900337
-0.915045281179942
3.59324163558265
5.46760739121571
1.05252535013834
-3.47175356307179
-0.780162079490855
4.62603322292687
9.28378200061443
4.80984861165561
11.0955655782482
6.6401810457441
2.97736561732036
-3.23977367646369
0.797285440769989
-1.96369247114424
-4.26132515872604
-2.52312515257977
-10.8524385223093
-5.89037634508851
-9.80477929391687
-2.21468901926504
-1.00179045049358
-3.53260814960209
11.1606265159098
2.49202335648102
8.77217324286695
8.7882068124538
8.82943942320266
0.604092221401573
5.91773712269888
-1.33124540535051
0.44993198209701
-2.15064889959418
-4.46143663938574
-1.74873503804779
0.954169778420199
1.85753300621717
3.79398257952807
1.7261590301256
3.67145514679299
-3.71710778400634
0.111894148883843
6.02908715229929
4.36651588185975
-6.20540130946831
-5.48272120314747
-9.73546264670851
-6.55643227696534
-2.35283441162504
2.32785310601726
6.23162515011876
6.61335335071545
2.06772169794739
8.63599127734817
3.19684246175393
6.93514749641521
6.35451822357682
4.77327095159855
5.12922933619688
0.488466598061772
-8.71796789933932
-13.1784651897692
-9.08824481717468
-8.60781388753429
-6.82256880424477
-8.89659935186969
-1.60992322445798
-0.00739886328689288
-1.18504519078492
7.58035296516478
8.33540899388309
3.37896738374178
10.2606271839219
2.33973150270859
-0.195926955339393
-4.90362077557348
-4.647200963787
-2.98191208232939
-2.2324146813289
-2.24346561285516
3.01426058551466
2.32886338641716
-1.86994666856637
2.82341113494676
4.85995648798081
5.97430026286982
9.90077599291898
5.99685203650662
-5.73895629549576
-10.0658028897885
-2.68283608707181
-13.4100518959742
-6.34886778925659
-1.11763830992944
-7.56306510729976
-4.44440535134424
-2.86255811490228
-0.766158405025269
6.45495721753629
11.038186204103
6.62278795003564
13.3108211576861
3.2131576166654
-1.16724966321696
6.23047572347626
1.98170555196572
-3.65252312771379
-2.26193375334488
-8.14529872980069
-10.8457243618237
-5.22908386865742
-1.44035755428813
-5.97217146554456
4.35964194185403
10.2058125331286
2.35300119952544
2.06044491957747
1.81243464578265
1.84961662696203
4.43950142478538
3.69679610640843
2.08637005127124
-3.66403645607485
-4.95199150872326
-3.88837571804774
-0.0605847118731581
1.84494300468969
11.8916576516714
5.70280489047529
6.57658596676794
7.00737143947635
2.50339415075765
-2.12826549094785
3.59523853641594
-1.39148395434549
-2.33271162898612
-10.5322540469572
-10.1660126735935
-10.7666616460151
-7.61853658887348
1.34120982907381
2.38260253396662
7.44359757820599
5.04635714900931
0.266632875110473
1.1339104749213
5.85155686575397
4.81368839361341
1.96133298985981
6.69177234550445
-0.689217598292909
-1.3201812864817
-6.50416813877213
-11.4398346200544
-6.57358158738689
-2.77337386750353
2.47120102586614
-0.316945546913378
-2.97091839685251
-2.73728743440417
8.45271911174886
2.93614511143944
-0.481065879817597
0.539017462357765
-6.05692118476751
-12.1628162378654
-6.02251231113277
-10.9727496687379
-4.20086043879696
-7.43096300377059
5.71300287449681
3.16179991942603
1.42340596370236
3.28996623884414
9.21621043640642
14.8640732851245
9.00495392642981
8.26635533380673
0.526558425712514
-4.08047730508774
-9.09766636033698
-8.26365211052031
-3.74328199359861
-4.81153731900925
-6.08265239866783
-5.36970084826445
-3.5243138585549
-5.9610046369388
-1.01335270637033
4.3977065467546
9.66757051026231
10.9691814284534
1.30903391882362
3.26898663884881
-3.34610273582411
5.84460156093434
0.376137535439524
-1.05060753372435
-1.43562080258781
-4.05268799094895
-0.734802408955803
-2.95849271046128
1.8271336417758
6.2488776648637
7.16676929380554
8.01993665975116
5.30131160117177
-4.10912171549043
-5.14009952492172
-5.49571416819901
-10.1044979978249
-1.99396366205217
-3.26492495815686
-2.85948176657497
-5.17208794749208
-6.00202192423538
-1.21604682364854
12.0959677662092
10.8994663740439
11.5088112220899
12.786675496733
8.79856401785588
5.67671501262129
2.26793685281583
-2.93987073681412
-1.64116662717245
2.03327126491174
-3.92876629734467
-10.4494289159638
-17.1224716407221
-9.9889764133729
-6.63651771086226
-1.51172155467359
6.68193989851112
3.12151233179752
-0.240770209331775
2.60902616139675
1.39215005627512
-0.75133584215888
-2.92640277564386
2.7956297315021
-1.28237440764959
-2.65040346840128
-5.45275680545505
0.747523687262936
3.51328783062021
9.19467228184509
7.87168787114815
9.19533284717175
7.01683915616633
5.37420856359588
3.19885977042284
3.76900671216803
1.62234912788214
-1.20947118372014
-9.04555469222085
-13.3865660758033
-11.3951665686149
-10.5135006197988
-4.8245650765739
-4.58120075695911
-0.142397980476445
4.32416310182287
7.53201745916162
4.1441601222652
7.47686755716887
11.6143799763531
10.9243896310368
3.25606048901059
1.15374477815856
-6.199168254699
-3.47162198853812
-3.74719204149831
-4.4938836269433
-4.85568412052969
-5.34604964041744
-4.96770362877851
-4.63018104246536
-2.1476295697515
-2.70520603584329
7.06574616023813
0.556208617846958
4.77882086396923
-1.01206368000853
-11.9601869689602
-6.14092506276302
-7.27152094621886
-7.85443723126362
-0.100831113590603
-0.117728848919711
1.34142619760613
2.4325897530118
0.68050607939208
6.41673224648686
8.42690041449815
11.5689313422091
7.11578746645719
6.04379379490365
0.611197014357489
-9.97379173378045
-6.73135298674701
-10.4154418019734
-1.33937899805571
-8.89460056650173
-5.93380130134284
-10.3492872966104
-0.69142144088489
-8.90585196183293
-1.23957183575312
10.1830823091593
8.16752946954073
3.83790405176547
0.634257694701979
1.56455422174286
5.1059780309494
2.08470851850171
0.261588999544222
-0.971996105512615
-1.7615249178422
-2.51962677045956
-4.44128222192648
-1.76316034604436
0.818057132211183
7.80713919801926
5.40803021189747
4.27975618186352
0.587892610029793
-3.63846380313486
-7.20692416866203
-6.81290487053363
-3.8546246337488
-8.75752958135053
-10.8472948224553
-10.4275166111943
-7.89969471654588
0.0865346138400294
1.70726831834284
11.8805690583614
12.472733560377
8.87470213441426
3.14367334746993
6.80967930306063
4.15007494662
1.30487061419466
-1.70519551271897
-0.0345431800066458
-5.78189204110628
-8.84493216003193
-12.4069049110333
-8.0379039451772
-6.74798426772602
-6.75340779222418
2.04056967059466
5.76636612458263
1.49300399813803
-1.70858729829592
4.94673148864214
-2.77140599881513
1.44041377468652
5.09028036555088
-4.20165911018849
-7.47568342598924
-2.97856039456269
-2.93521099725217
-4.41965369979475
2.05445318627061
5.00627311473736
8.09348075977423
3.69493242853519
2.36830340207559
7.47542577724499
5.07412615460701
4.82399373838087
5.11994686130515
3.2501491790842
-10.3239135707434
-9.57341350664905
-13.2366393849658
-7.40341390013485
-4.88525878838731
-1.50704381054588
-5.64393790217267
-1.59882466325838
0.359956818596061
6.53801053973891
10.3149128106164
12.3225832314881
6.25677190778889
3.1861158826704
-0.669101432103762
2.29697821538341
-4.69957278062447
0.451935172209114
-1.54598523122023
-1.17656681844089
-6.40359933974514
-2.42841190425661
-0.55842557180916
1.5122504518703
9.36198896714894
10.900845066176
3.88370925535574
2.72956695327351
-8.86723176348823
-11.7116516934111
-4.93985978529051
-9.45046371665546
-3.07839792002554
-1.89147061546526
-0.0206519612193292
-1.6950607088042
7.01638881003273
7.62706874580537
11.9578064276622
10.0860736171211
14.4384475630332
7.14747494039845
4.57379723783217
-2.97909860378996
-2.95401251807639
-5.44179326713504
-4.00640657484812
-5.67256550605212
-16.615822346848
-5.82255508164075
-9.13109236198437
-1.68020952283284
9.47675890938555
3.44010651658114
5.96500005167491
3.47545579514991
0.626870217454615
0.779682125890609
2.49443554361975
-0.859371798097359
1.71264521378921
-0.429834183705728
-10.9349826179963
-3.50784883765826
-7.12389043404275
-1.9241322580151
-2.56195934238331
2.64864677021748
6.70604451300994
4.7400082668565
-1.83729358524141
4.93205199463058
-2.61695221318961
-4.68426453195473
0.897652309299038
-4.40985102275169
-6.18281831717239
-14.2871537191872
-12.2748156915719
-12.9573015495027
0.473460560396029
1.68854978489394
2.73632061652026
11.7740548195836
5.36955891135259
6.3814505811556
6.60355535066368
1.99829103754145
8.10151303111001
1.74470179519717
-7.76505980118115
-5.44608426316431
-10.4000149254545
-3.37717438535201
-4.81602071885748
-1.00853656591831
0.772992904648526
-4.75356403574857
-2.14451749931426
1.47256570747544
9.572312669084
-3.04808788167329
8.23604475253478
6.67458940545823
2.91150535144481
-0.670233155527607
-6.85379905534895
-5.3470083279702
-1.07285985472917
6.67253903126831
3.33175001000421
3.81388188496959
7.54476848546381
6.04517330620605
11.2320945195791
3.93776201098579
12.8337881675121
7.40431047112656
-1.78658284603483
-3.43410956658095
-5.88430429827716
-12.6624702730385
-4.11126895898786
-9.83128489862373
-6.71813275742566
-11.8275794352102
-8.12167128913601
-2.71391485170324
9.15760891616726
8.54110529634872
10.4057876690861
9.8299561484269
9.8133938741363
1.93133380511712
0.332823089236936
1.15329633042547
-4.35158468168955
-0.13833124630798
-3.59118976444907
-5.15482065856567
-4.82046188179393
-6.84885041771733
-3.29731442847284
0.309774338205705
-1.75898533405959
6.17776267419578
5.32529222352274
-2.09481747791892
-4.39977925379231
-1.39464771375082
-5.5559785342889
-4.10509121987873
-2.22444150634979
-5.45897541559047
-8.82485087494085
1.76505133808557
3.89634253473268
4.13053194648612
6.663829259335
11.845687281583
8.92974313724534
4.35599992496346
6.97646908039389
-1.58155947647593
-5.31829560973147
-8.37606996853288
-7.4454189648152
-5.67134478928038
-10.9740147083153
-21.8150316288293
-6.567162553116
-0.576769255386357
4.58126796980121
7.42066360053377
3.98162145489031
5.21057020920499
2.39298483804175
2.27929923002772
4.04963333580718
0.830714564387933
0.67424914743448
-0.633696694587299
-7.61485505429063
-7.51541569461881
-3.09925731365748
0.315392914183263
3.814912527851
4.94349852096206
2.19103604801923
3.13263322795976
2.04889657100768
0.385233676047957
3.86310517805427
2.87120757406906
-2.77649444705231
-7.36675971123788
-11.3146670765861
-10.5877371918629
-11.9050110424244
1.62305529645194
5.30739755599833
4.43501907642779
1.28591288850753
4.74080039906896
9.33264600939276
9.83819214720948
2.12204303020735
6.65494337891698
8.64069984951819
-0.924495272516123
-5.58509447662828
-10.3990223744619
-5.35777634650602
-5.35748386886458
-5.64195667329072
2.95035646099113
-0.587976337721093
-5.33159203147299
-1.1014102249429
2.39393491113902
-2.83156602713683
4.11351861645196
3.05118448162985
0.65407513232452
-0.420110650208965
-7.89564737261794
-2.62096305637063
0.383176594202664
3.28390824359486
1.15392985809686
-1.57483241030801
-6.20976180733405
-2.82964554522918
11.1000291374341
3.49785889888882
9.93840629675054
8.98001329029911
0.586720440338949
-7.88112884706911
-7.59785426366447
-12.6185170788828
-5.80904684973618
-6.50020492353638
-4.55890647849003
-5.54564070087512
-2.83510928382913
-3.44140266107761
-0.247754930775587
7.67516982901094
8.22884143716749
5.96052589991224
11.3151612341898
11.70603095506
5.08048840608469
-2.23363443633643
-1.47330757250837
-3.31187177043487
1.00567985109218
-8.57786156403789
-8.7490512137935
-4.70362104925624
-5.64288137999074
-2.56806499177337
0.182654213182849
7.89814073194364
3.45243310125162
-2.20151168887704
-4.55147484781688
-1.58457694816544
-3.07483349019662
-3.63490204023449
-6.80121832571839
-0.14914536034906
-7.13064306286205
-9.29170009635
0.349512255804227
7.65086414063501
2.4321420772427
7.34298326410383
11.2384441190717
9.71986943795573
0.605441087119406
0.952429578639182
1.78702770779701
0.229368379233153
0.257795377017243
-1.89473325408955
-8.53116554935745
-7.78819245317747
-11.9922186846045
-2.8917981854326
-3.94423293554773
4.65330460471998
1.67795589129206
7.47153979348027
2.29499769557031
8.40032068786367
3.96275394784567
4.93464055554871
6.86840815612165
3.00958395129922
1.03193723519473
-3.49456588970574
-3.31082654116288
-5.83967801760835
1.84584116995567
4.08151546954483
0.666094620649325
0.544995087815637
2.51836781216007
1.70196044002165
-1.26970165610586
3.35206136099232
-2.23478173212739
-5.05439529749271
-4.5921238227753
-5.02635242018001
-14.376666215913
-1.74787532757867
-2.8472364301122
2.90711765829891
5.1500737236751
1.33472245642535
5.56612028251765
9.17848072779933
14.0927719795765
7.21306297208802
7.25335989818865
1.83493318193061
-3.36783155839993
-3.46158272737743
-3.26608792772428
-4.67493451621544
-4.49408256224494
-4.72282239745611
-6.01173051227998
1.55277693370281
0.201018711670855
-5.78783004867981
1.6216254414497
5.79049552013615
7.19155874054114
7.72156183762917
-1.59627373683198
-1.35000681924291
-5.03293632556315
-2.95953976600692
6.36469720080351
-0.136551997951187
3.67560491963774
-2.36603707668919
-0.523125283377908
2.01889790644303
2.14915993841701
11.1355238211878
6.40738565829313
8.36918400391581
-0.861657105272373
-1.40422192577519
-5.61906203944185
-9.15119865788725
-7.14898108567331
-7.35644594496787
-8.07477610485338
-3.92055349864693
-5.85048116146423
-3.589854505792
5.18496081393241
10.5511903487165
9.57177996754232
9.69458707052135
0.0940969976140256
2.23371948813232
4.94064018164653
3.62827318084411
1.17157017223246
-6.8169150771924
-2.58760719514577
-12.2095350360496
-12.8322182173281
-8.52118933832995
-6.39598671568019
-4.1555195934532
4.14149515760967
4.82811535578093
2.2194628295973
0.698116175569942
-2.45146391106708
-6.76712034647896
-3.68631247646148
3.33367779956055
-6.77181564564249
-5.18151945382848
-2.6297975270606
-5.68335811229614
1.91466428374507
1.46773719404241
11.9238773417304
8.35322821340671
5.36210448005176
7.21066630347837
2.52200888737371
3.44904820989063
8.51940730041952
-2.29874392505829
-8.83736471451515
-6.89713523197697
-11.8094771618609
-10.3707188078815
-8.17771676348335
-6.09709895116445
-4.57136240486392
-3.31428229959881
2.50007922083046
5.40037880274603
9.6189522220759
9.03664545077003
4.83130672742549
6.58060700705806
1.11719843277626
-0.410985904867228
-6.91066168801668
1.07598332980893
1.64962806286356
-4.18484842406248
2.18936462791556
-2.31798876618422
2.41474811426459
1.89947786466552
3.1700077413464
8.23476351242882
6.8265687785858
1.83588147208962
-0.203221171379539
-9.22586702360979
-8.23159603002581
-8.57018203921539
-9.62409591316874
-3.03261733417744
-4.16236185423474
3.57158685719528
-0.0868418839246398
4.37024540127598
8.27517625413228
8.091556985626
7.9520726244956
17.8980816090383
7.02512678422052
3.13150703561103
-4.50228784248328
-5.12239946116531
-4.29161062903208
-8.58469607199645
-7.28105450488329
-5.76019241898669
-7.31374376657602
-6.46324555762929
-4.09548044919812
4.18320021184815
5.4585798285084
10.7093554519165
2.60238778035251
6.26168861843777
2.96588149365584
1.46240032323705
0.499889082881786
-3.91870134896935
4.20732559578143
-2.10312368587921
-0.0733925406541385
-6.27730852992244
6.35689452272386
4.48691804340063
3.74070456994368
14.9974549545826
9.15733065529818
6.08997000082884
-3.11963992004135
-5.09968278515232
-3.07353092525564
-1.79382491949555
-5.64775636775962
-8.69800674498213
-11.8427728152655
-11.3605046469054
-11.7646537151036
4.86424399493219
2.14679320481375
13.1362353739698
8.42808125764232
11.5650548227419
4.82585986880335
13.1415058431961
2.093736835514
4.34996103491539
6.45158514886323
-2.35329329407954
-0.137413004943928
-6.34637091462079
-4.03795418164903
0.805172626335996
1.83656348403477
0.747995408162196
3.52689211192395
5.84002713768242
-2.02037681516941
0.809802785837827
1.66875212066665
0.0459579957121222
-3.40646809371018
-5.01432648370416
-12.6990550186585
-8.61051844757148
-4.89521989358552
-0.267148456325427
-0.319388383501612
6.22174582626991
9.48569865114243
11.1250068317631
7.28696312252509
7.58494135707519
11.5221359729614
10.8709619067694
5.9775093469617
0.369737991117845
-8.40486549367478
-7.38477412611629
-10.6757780685019
-8.67794446742412
-7.71755373125965
-8.61926022570829
-0.734088601871031
0.955019046941693
-0.783187618471759
5.85741570126792
0.515320684697829
9.39349730357785
7.07957533979404
10.1501941920502
0.182614375247066
-8.72317320594177
-1.09200136091859
-6.22788401698397
2.91329127939055
-1.19542659907193
-3.86247508687988
-5.27294339011858
-2.12060485390093
4.52524137744078
6.40322820080486
6.89936914252007
8.95820990886939
-0.254798868749107
-2.45913153445674
-6.87243073349548
-3.1939044354112
-7.77296291681159
-10.3895983962661
-6.96941603062413
-5.37065178691192
-4.24864205529289
0.103215752631085
6.24707970359641
10.9448695359272
16.1970356078148
9.14283972707021
8.3865555286497
-0.295971628914852
4.69820380002456
-4.0972786520379
-1.2689719182846
-7.70695195317303
-2.97597791115211
-6.65907525810761
-9.91429637952702
-9.15558468230201
-3.54002133891475
-7.79696996556377
6.29952525364854
10.5169957440195
4.2552160834529
-1.08719223932777
-1.41231989698074
-6.97085959451172
2.37021738637827
-0.796233484877866
-0.486077939807439
-2.73896234196464
-2.03876198622804
-4.33519554818144
-1.01327205540886
3.91723825289572
5.304594129671
8.08841453466223
2.20913453272507
7.38076332907309
2.94624908175416
-0.84934604406426
2.43309465300037
0.714004642353191
-7.65180177666801
-9.03563169679374
-12.7473046652097
-9.42777325200516
-9.8165558323743
-2.81618379251519
-3.37375992899615
2.31883539464907
6.91533676824199
8.74902106114255
8.60329064185889
2.58391270663628
2.49395466834402
9.78845438854132
1.48257509603666
-0.5856102983641
-13.1754204619662
-8.82466335164217
-4.46041460922859
-1.18778184937464
-2.56854684585932
3.55933496094517
-2.24023738421873
-0.955812058823244
-0.0311048959270512
4.01089157977467
0.0876079511381795
-0.577121409761514
1.24448270979164
-4.85302632682279
-4.99952391058383
-13.723072986268
-2.5695226959213
-5.67525031741837
0.646547060400217
0.59962011623846
-0.811796522152918
5.13329891159271
5.39715327220569
10.1076180824266
6.61618980270796
7.8256355906569
8.32617352022311
0.293600206350908
-6.8243768938552
-4.80404240307042
-8.33444905415292
-12.0310740775043
-7.24558739808387
-8.62541102443662
-5.00713861005855
-0.0638986858711785
2.39018901707777
5.8460243465373
6.51106496679308
6.18748029744816
10.1758268643871
-0.333715940572938
-0.286738829841929
-0.356686224300342
0.456866933856074
-9.02750671773667
5.95576014484786
-0.605838439597584
-5.80797170512299
-3.13183244996
-0.524171849170788
-4.87099160348519
3.59792513851941
10.4406253229603
7.17426966873029
1.89766605270495
1.54812145434002
-11.6960869492838
-7.26023588720765
-7.6569401953095
-6.86431170544642
-6.84466666851636
-9.9600414878202
-3.55305962966844
-5.85412988809036
-1.38379133547965
8.43518142222345
8.99069993589893
13.6251337229145
9.4708260323064
7.87055781284769
3.49485785359419
-0.670690382425247
-6.77666469332578
-0.0479559687366156
-5.07864959248301
-6.97223384653537
-4.8490307166858
-8.75086510173779
-5.30218499973439
-2.0156837894818
-1.2548740229469
7.49492124862107
1.35421729718482
-1.41384720007867
0.260187499749164
-0.743429587820179
0.719235384513803
3.04578978729068
-2.79711457833936
3.11464375082298
-2.27330557743149
-3.57464906126892
-4.58979807982253
-2.14640976120595
-0.446195542836219
6.94784526946417
7.57166996250346
6.48760509980936
2.99433756096377
1.64665865360755
-1.18458706147382
-0.919664523496479
-0.877413021850993
-11.6633509922224
-8.87128879015269
-13.3366262411761
-10.302130751554
-3.70499966421254
-5.86255403762902
-1.11237277589012
4.6887483502729
1.34987062848473
1.7428262980023
5.24282076662561
11.9198540801458
8.63728180753649
2.05502155928365
-2.48224182981016
0.101282347780309
-0.473492689677872
-4.50479704839438
-3.31631062352201
-1.83977704629358
-2.54473335237367
1.81404919280433
-8.26106305764271
-0.858465258153226
2.67779044328208
1.70654538039926
6.42452325690117
3.1455602149081
-4.76444741665141
-3.79870290430157
-5.88758772638427
-10.7867481093824
-3.09760141239798
-7.05741020489689
-2.7269021497254
7.87289837435048
-1.60928686333369
2.90185022350981
6.90739053128798
11.1545673805361
10.4942944395168
7.42682390384226
3.10723131705568
0.38150381168796
-6.82236963685391
-9.30340670994863
-11.5484588573767
-3.29060136885589
-8.00973914615727
-3.67552337577147
-7.79606275549394
-5.62561445191709
0.126393700740145
2.61878095241607
7.09219910118525
10.5529933254231
9.64074310549884
7.44004146436354
4.18407152573732
1.37195126030968
5.93597194859336
-2.28911114414782
4.46928730553709
-6.71470861362594
-3.46761549549613
-1.0943875484899
0.713296732524805
7.30761042783689
7.90731315653095
3.1618422601033
0.894901064933987
-2.11257183310364
-0.139726096963642
-0.787037287342937
-4.61867591974594
-1.94856929144811
-13.2761106118733
-11.1534498198166
-9.81584477723983
-11.1860818342469
-8.59873828027683
6.00433189032482
9.21872298751458
8.6491905472872
11.6374711728653
6.22415951256031
8.19333597120988
5.79548613917903
5.40242542026312
0.983572366809117
-0.148012260865191
-2.02259768344716
-10.2245068528665
-13.6366758471332
-2.96448539190878
-0.445280820780856
-1.60951337304729
11.0576817421125
-1.56754880820244
-2.82293317245507
-1.39334870193564
-1.439877854193
9.02440328822453
-2.45637031759202
4.17940067901979
-2.01944270148674
-6.1534921278067
-5.91802290019257
2.11768877941973
-1.47436782783395
3.40797146691266
7.40933760546019
5.53671777055548
6.70454435141289
9.80272005681814
3.89021661351388
4.42216877176724
4.96147731852899
-4.41335871909425
-2.36639820592893
-3.25500505188241
-9.93347343144962
-9.32300285372725
-11.3279526974677
-7.24328532742275
-2.41253965601692
-5.6393707083937
0.0866451558529435
4.4428300489814
4.71219396401103
9.44537774233624
13.022825656975
5.40051209736527
2.09301989391841
-0.260798945617819
-2.8681317348455
-9.86806395494962
-2.82493296468001
-1.7703887529668
8.005275273294
-2.51000405790507
1.3185401618985
-3.07769557281044
1.7259414098915
1.29265712297566
6.8545689325947
3.11142019256248
2.83618500492658
-8.4356089932511
-2.65904747148243
-5.09674170177505
-7.30341621071364
-0.113358693772202
-1.53160740901118
4.66844398405529
-8.63265131742911
3.41588239323145
2.0364077176242
8.65012049802426
7.76919088305246
14.2272894580184
5.49382450228768
-0.535355082888664
-6.06453130489364
-3.40116771841454
-9.77639354656084
-3.9762622896666
0.908253088566214
-13.4590171463042
-10.6525270555686
-8.73145948160255
-7.06926636336628
3.77531693038803
14.2040208191111
2.58506161602411
4.84570486843977
7.03004483622636
0.725274305653546
0.0752140501698582
4.70329829380182
3.55190147305438
0.942109787977601
-0.716273711435293
-13.6285228333002
-5.40534620374071
-7.02762404754415
4.60230852905604
5.28243961099301
6.66586650883698
9.74912323644739
5.76511107422615
2.05276433964969
1.2819566286245
3.02040339248298
-5.77021579189084
-4.46965736144041
-12.8704284917131
-7.40339564246355
-6.74878652320013
-12.1684068028016
-0.861405668344023
4.47848273381528
9.12336660529471
2.07314822078005
9.34513009285325
13.2662647760785
6.25895190672979
6.54083796274462
6.91046449007359
4.21888031027472
-1.89842746803936
-6.70417484332903
-12.6274395290348
-8.68788810547637
-6.44854905280024
0.483365787802858
-0.521233008790741
2.76059183432307
1.8535388451273
-3.57355703143324
5.88604698030816
6.79127318034979
0.949617403024257
3.93847897838699
1.14056556138952
-0.506311422683762
-7.73271143500543
-5.27453840967964
-6.5146961145827
-0.0337488956119458
3.87938060850333
2.15500218526476
4.24213763374373
2.97311330234063
5.38788951289632
-5.2448512948112
-3.6711612381818
-5.29051371174067
-4.14202644271781
0.337591310486891
2.17473036840822
0.882267883511846
1.1399077927638
2.48437475449065
9.61164492540355
12.2637655879918
14.5625693947775
1.6870605364768
7.08624026902127
2.33932212654435
2.5192731439103
3.32414165086389
-4.31555068744946
-5.20386150139473
1.6136975265546
-4.19641665787488
-2.80001660071547
-4.68906728509073
-1.3640043703582
-4.60898782922366
0.327763071549539
-0.895275025639546
2.50368344120494
2.62934663330855
6.86518010139499
3.52962530353733
10.2018536019456
-6.14316578847188
-2.60870679723519
-2.97904920705776
-2.65488103190486
-6.66047580433338
-9.0209956927629
-9.7113995714287
-4.24000074107043
-7.23474015561418
-4.17937937030433
-2.56119303280088
-3.18075135929248
2.02417727543013
1.6206408617986
3.55735803559315
5.4260911651967
8.10733889219799
7.83431635512456
10.7586975705556
6.26431739395602
3.22813603967023
6.21984320712209
1.76503077289504
4.12720930229685
-2.38215300562653
1.63834825430337
-4.40043172291777
-1.05994291066673
-5.65962068741711
-1.20259904793514
4.17822649004542
3.77208520707127
3.50531760264448
-0.435111549780486
0.339828057860825
0.765091722509073
3.31937598942655
5.21057505428077
5.16293400551149
6.48295502302106
-2.15582807891354
-7.7915579060271
-5.64438347781547
-6.68853706842899
-8.82136403440598
-7.72517990210705
-0.147828999596253
-10.0180736317712
-5.99773222851023
-9.3355493401223
-5.51344820440706
0.851768441448876
-4.09172423096409
0.398833314661654
3.85661560930614
12.7869992864955
8.40315575535455
6.88729853952557
8.92792218039984
12.517314097838
8.45438145998612
7.27910198672906
0.952700772883327
-1.78766893687776
5.82387532313555
-1.82765441391303
0.450838054815042
-8.19506184422823
3.63650433845547
-0.552397110886128
-0.0982155702137577
-5.38343413220962
1.0921859744602
-3.14169316774537
3.45878202173866
-0.112042460144702
2.18920766286914
3.66670924124804
6.29174980984212
3.57099841145331
-1.9958806684741
-4.27091897892245
-1.50777699663034
-5.37607336990858
-8.83717690448161
-6.68720282468177
-4.81141019073848
-1.72011079412437
-1.61205735879404
-2.52321169348257
-7.70586935888663
-3.09836931932416
-4.68676233876412
-0.171571533990109
4.43366115623041
7.85231243972672
2.79267757961099
10.6675321086111
10.4436381640026
7.07597886138532
14.0585794300376
1.53061800240375
2.2336736393436
3.9095539064721
1.45391729848172
2.29961193522161
3.82586906637306
-1.67168856726626
-0.120984966686714
-4.21802308959607
-7.72902647582322
-0.80500355134767
2.25801504331662
3.56623996688222
-2.00252723754399
1.1937081470184
9.63061392204032
1.33330321388367
0.814081139697383
5.02592826814264
-0.265572824719035
-3.96201437982347
-3.69485290066516
-9.6465498470268
-2.47168119096192
-3.11096742843959
0.465526517411145
3.72848717014813
-3.49255969653321
-6.97565736568936
-4.37713249793457
-6.938584938264
-1.99940372826836
-5.91067405607974
-0.569208016045489
3.51597130645962
5.90550238748607
7.36902672362168
7.53491492242936
4.42102336791545
2.68548635271839
3.20055860535805
-2.08684290253719
3.2681806112377
1.19114001981629
-0.778683647830382
6.42307943844327
2.21108457673441
-4.48659559606945
-7.81417631835638
-4.07708442793547
0.4820590449701
-3.61591448383235
-0.91220589101772
-6.41788356829134
-1.36196237733223
-0.272159196617794
5.30686911398593
8.45005083745096
-3.13676949739635
-2.68920811935905
1.93608612878026
-9.696601579865
-7.90451422159566
-10.1071666112178
-13.5346096293458
-4.09459706644816
-4.49335092055834
-2.19908691654204
-4.50508982833263
-4.39806143017522
-10.6094094241533
-3.34060317077163
-0.581395842841095
1.16261212323545
9.23141524816054
8.97928343496203
7.5446651980856
7.89211226328736
13.6297500285831
3.62926493145791
6.04247580880595
4.35103256274239
5.81080375946037
3.62229893069748
0.707718432872843
-1.76626047970929
2.6457701910571
4.33942995287538
-1.73430311301004
-6.51703450612029
-2.71746823573629
-3.22029664613618
-2.13078669937892
6.18411100908452
4.66877867040257
-0.0150481194076191
3.61636567376429
0.704693699407573
3.99457812723506
-1.92775444766597
-2.2364665610302
0.770771332785608
-2.58302454084827
-5.28401995833797
-1.75496268047916
-11.8674841656152
-9.71874525949076
-5.55939003567921
-5.59778046162688
-7.31069921591306
-9.79943978432449
-4.8809249792545
1.44898630665966
1.93289560630274
9.18579374820752
5.34233485626327
11.4414490244316
1.33394745127065
8.06775835951796
-0.509520361861623
5.07626724905523
0.846068895746582
-3.61089613757646
3.45233034370366
-1.66534207542246
-8.5293316470323
1.72157075973078
-3.49486116625916
-4.8637227639451
-3.25431325470054
-5.21209402031841
-7.12067245502156
-4.67976506881224
2.3685483109134
4.86751385596561
3.20376261485138
3.89600724916872
1.81325986157036
4.13431177559721
-6.46979973723856
-2.55021108384783
-3.85311196326731
-6.97239919381144
-3.53080955375616
-4.78199649696407
-1.92647339454206
-4.50146326114232
-4.56027025799989
1.34031541612538
-0.964853923144571
-3.52339036570542
-5.86025398330874
-0.741625376588159
5.30062366167319
9.50325836975594
8.14588752255997
8.47968032965699
0.506671213135302
-1.00541752171452
-4.88359219645014
1.50410972327267
2.84144642341116
3.61747987847512
2.41138022758935
6.10412778519946
9.12286015541044
8.74674155989292
4.40650514051662
5.36132815248539
1.65868320941734
3.5617773969796
6.58626794822015
7.10490696678131
1.72978536000522
0.846254440652821
-5.5815719281476
-2.48106564382148
-0.830001301548487
-5.75530209633083
-4.75031065442917
-4.58895455965995
-7.2707903882622
-6.07225401902419
-8.79538174037107
-13.6669617592025
2.42493140376288
-4.07363747775615
-1.0465993198857
0.177989286546198
4.28251124687582
-1.29822562936859
0.535207966442081
2.22135288114138
3.62178755287296
-1.79409115152601
5.06425827303263
5.43287598130187
9.94895889185139
4.92619370519601
3.96262091016811
5.29877115519717
3.7700000349126
2.79549684164148
-0.569395882499359
1.79805061542441
1.95520527475914
-3.81972182561378
-4.79881702056806
1.31524176412097
-2.4332284523591
-1.19959032989226
-9.13443231419644
-7.45189801101985
-4.95416861536759
-1.2713513510806
-0.346814598800247
-1.40764674016271
-4.69350471413179
3.31034015312812
1.64574312917209
1.04614352089749
0.461365705307893
8.26723301373738
-0.99083932378699
0.421652879324412
-2.77210733292644
1.33116850633144
0.24274982331715
8.89571203193156
3.24201319628469
7.1647617665696
6.41026239464114
4.0599617993083
3.45662094700932
-5.43547395483048
4.85963018547104
-3.98907786340098
-5.87997718571496
3.89247796159186
-7.02711380706594
-2.51446284181853
2.56101643515359
-3.09985758528272
-8.40393441119975
-1.23400206726119
-8.842756424756
-1.42551596739993
2.22946880651621
-5.11366102249868
-0.808078847349433
-1.63625529697885
2.07610144777771
1.87985577802875
3.99653300524867
2.42180433780282
0.464645161508889
6.87633749854883
6.88700091296607
7.03831046670767
5.25622123892889
4.51437449159609
4.52465295972354
4.86664998368412
2.36332124622888
-0.146734738787991
0.936228054177152
-2.77912110492736
-2.42420737173557
-3.97735971809768
2.30672975770979
-5.65590616028265
0.237683887938214
-6.3594190443891
-4.74142373248204
-1.82649616382491
-5.33615335061088
-3.4376541996968
-3.45835157880794
-0.238342632824165
-3.97401715993039
-2.02718756495917
3.49991478975834
-4.59361569556272
0.321839706349905
-1.24957603350641
4.49419736865484
7.46399057160646
3.1888730159344
5.11194762638376
6.98412626719674
5.27204021326242
9.60836268505654
8.66689705900063
3.07584935270416
0.753960910351014
-5.19263192921302
-0.700547911814804
1.46720263889979
-3.37092700813474
-2.76916853028947
-4.14402500329248
-5.45233322208762
-8.3913025615229
0.360750925270252
-2.05403978112365
-0.977462158932893
-5.44862108271935
-0.979816574887084
-1.9587219567633
2.75588036608703
4.57689283320229
5.49614777808001
2.13397345998454
10.88701355782
5.16237721734818
-0.567266996764144
1.40852492597868
3.41818847506543
6.46460185429509
7.49206024473837
1.90704345562407
3.81629270256257
-0.83364840701162
1.00271225957073
2.30305187111098
-6.18913804353763
-9.18151194718089
-2.42237260067499
0.724728261845667
-1.0912885340458
-3.74687116180315
-1.58933964981724
-4.40739667716656
-4.37099962996285
-5.48119299495775
-5.1407716685246
-5.70816414953164
-4.29459347144182
-3.00758571031614
0.590483956682327
-4.99643933603106
5.34963570490265
4.11818958291747
0.265888610136309
1.21424159150311
4.83352474992883
2.83091611026828
-0.761320661655687
2.32430417842971
1.4024291961139
3.17696882587179
1.18049966543175
2.15145120978957
0.499281337591944
2.62097554464048
-2.8562094711817
0.108650897562939
-1.50954591733376
2.27841823236987
2.03696810100778
-5.79710423209722
-4.44421622896457
-5.36993473813766
-0.909382635320845
-6.48409239964363
-3.11064388613038
-7.02048104511899
-3.31977343371297
-3.84908816975289
2.92575114314247
-0.117735955922052
1.33978618698953
-0.375947086316236
7.53514955959294
1.40865048097898
8.00805824726785
-2.09408742498122
2.89168981435332
3.28091244216617
4.61563581049951
6.57808032836849
-0.997783613144357
1.88120755012823
-3.32676873237523
6.20759543698864
3.11870261394671
1.56586289531419
-3.97810755264211
-2.62296272348854
-2.11762411698572
-3.58591439622249
-5.13356938137775
-1.16191826414962
-2.62195424611669
-7.8531997961844
-4.15716780606794
2.31200489514991
-0.813604400437209
-2.59115684123369
-1.42051454060099
-4.53828868531056
6.47129562590586
4.9180733579769
1.40131865794053
2.06351275463914
4.21166763466815
2.00582046639989
6.4910535390561
9.12380637551058
5.95822516089666
3.4800697407746
0.215458476231772
5.44264987141494
3.03301768455515
3.27297647258041
0.469672111678096
2.06085773918162
-0.891550907682282
-4.20032136558935
-5.04108164313867
-5.76091111867244
-2.01435904064102
-0.227641970450982
-4.49889725304824
-4.69935391376016
-8.73352073541417
-4.55017425763278
-3.60177308947657
-5.63217097034988
-0.456173370602123
-1.85636385764835
0.0945533854038492
-1.1094668965886
4.06698570432102
2.56468591338402
0.479084416071167
4.16700319090309
10.6038164361498
4.17860265287469
8.13491263582303
2.80266230594412
4.5374807836836
3.03538790779749
-1.12261040479224
-1.55542911074262
-4.81134435250587
-5.9696764042724
-0.568941208862014
0.143594284235816
-0.15714071688231
-4.72032046161294
-6.29977939721508
-4.98798829692114
-4.71405782146678
-4.83724294497256
-3.11726051356582
-0.85382694785728
1.9290305081877
-1.28212831551658
-4.33256681372321
0.795154189029256
-3.61242737220959
-0.0649692003472437
5.87940522801947
5.64676112728776
-1.21577016080764
0.0953399155569112
6.26156505013257
9.07649254755572
4.97715096904935
5.43082970715341
0.34523739078154
1.54612852969122
3.246192991601
-0.302561233671325
-6.37986674359407
-1.23683074872116
-4.62272374036466
-0.674513993669236
-6.87915688347061
-5.59330517790825
-5.06339386193543
-0.0032085153372341
-10.0252971131619
-7.26877120005829
-4.43206092364648
-3.97510859254007
-1.40954371526233
-0.601428070840593
2.68691407832427
1.29417704634121
3.56154370990549
-2.96440681830763
2.99727241376784
-0.995446526436929
6.83946995854769
5.62913372482142
3.12430355469871
7.24989271776642
2.08356237064975
0.0761852775494063
4.35388602927295
0.247563387704075
4.2479102640481
1.13634332625341
-1.96158786124956
3.07386297220011
0.151751363227203
-0.967386202344302
1.58615998982891
-4.06468006491592
-3.78548578670107
-6.96518275588076
-8.52672336111345
-1.79844563932779
-3.03590819717869
0.36383560724279
-0.498825504967196
-6.14337453131967
-0.997797328149366
4.71986299995249
4.16838572237187
1.65681895810773
6.53519466250037
0.955932204236248
0.243396609468531
4.10573877797148
-0.545803030053433
6.87770767779892
2.3881302755289
1.09604823624352
5.02266141655175
1.95371587214212
0.26245357680131
-2.35002708605514
-2.04808742413587
-1.73622718894853
0.436691518016441
3.37086035735071
-2.01222932152541
-0.922662735519998
-5.1779587447051
-2.36487312233569
-5.50949160348954
-3.52217643107801
1.07740076615581
0.706617760184489
4.62870233660211
-3.93388525751436
-2.99334690479571
-6.78494515937019
-1.90252765319524
5.37300693544164
0.732673755749888
1.37684443833345
0.942445278601363
6.91593508397033
3.7451390212988
3.27766831617319
5.57036230924547
2.12029344166419
0.962934894406247
5.8104164043037
4.89525703618161
0.622261215012401
-0.683609846858844
-0.290709082033175
-3.35485776617097
1.49795692516997
-6.19746450850719
-6.99128273250093
-3.35862248865274
-2.55093620756409
-4.50258281408615
-0.293078525284955
-11.1157782307325
-2.16764091626051
1.54594743809948
-4.47443915082206
-2.008497840875
2.64578190743144
-2.78182078202114
-0.482311289883664
2.40245390458588
5.69501286180957
0.714193462412981
3.4436408470218
1.17854153535783
1.67434548241689
5.15922954259519
4.60131894142074
7.09607587865254
2.22568056618387
2.36433386034795
2.42970401906065
2.43658631574777
-1.50855941352384
-4.37338292769609
-4.40537418703916
-2.01135497487144
-2.71631683266145
-3.51010380448555
-4.54318994242152
-4.90008992935772
-4.52047007288919
-4.27658202951485
-3.07662687785639
-5.09663016871455
-0.00782696723807996
-5.16992411280047
2.11113313840946
1.15510513713389
-0.892741603464495
-0.681051317405168
-0.203968528103318
2.72687448655253
-0.0427505455873396
-2.86744019042508
1.52732353010965
7.02217944111386
5.08386534752357
6.43101768620047
1.4088999568408
4.48852119717608
2.11181320752484
2.41962990144256
2.48365388715559
-3.48392282169747
-1.06361272086078
0.760257566841178
-4.11742558487573
0.0621699584556219
-0.094692230783143
0.291225448568675
-3.88212113665441
1.31335720450894
-4.05034330151289
-4.19426302862639
-4.51868251655707
-1.12779709361875
5.55097204474857
3.809900289863
3.07997246310071
-2.91750396139188
4.04356851467203
4.7147477884931
-2.02757727837689
9.79384715007752
2.58473547000328
1.5321412763894
0.453861158125918
4.77644466470421
2.15568677398341
0.621917777341225
4.26451707433564
0.229266477296809
-1.8734632878609
-2.76628174238333
-0.905389230898109
-1.96646258439062
-4.60057322704238
-6.80280798846024
-3.1525970686764
-6.43076948505125
-5.38444892234486
-2.37015354080448
-4.21133397565135
-4.76237952892243
-2.49291846616617
-1.69208521603164
4.66153981229447
-2.37276681242802
5.7435505050021
2.17457557877417
3.06512500920946
5.66407775767394
4.96290467146657
0.546366676561795
6.46125012999273
5.08412841721135
3.77079393284123
7.54024073010272
4.94116447879479
1.95715556384057
2.86116997620703
-6.51943281946493
-0.892744007224427
-3.17427736527263
-5.10222864195036
-6.22640828342198
-5.51660367783504
-3.25035953217399
-6.18578744151902
-0.51533913221215
3.92879413440456
-1.00854465369213
0.547717979695814
-3.27392853069242
-5.77242844823278
-0.243878126753386
-2.83833767497373
-1.90222034451546
0.755517462803286
-0.496660932486436
1.71368049301259
5.3240960856956
8.41546895232808
7.1173601745292
4.54021098367253
3.67776922608062
6.72055303134061
0.699182086942398
-1.13864986919561
6.6230509039512
-1.91400020332127
0.78495467344251
-2.97247393447224
-6.83895110752274
-1.54356968191558
-4.55931036054069
-9.212049752157
-5.87881364576294
-0.611350403095519
-0.588350192964131
-2.83498891760186
-3.05208675214716
-4.21422694815789
-6.48552078539171
4.89977752670251
-0.905559993660183
2.39531716739946
1.23565618769442
-2.76802608810568
2.12082715389207
-0.196247281605289
3.19810141614992
-1.0450587698829
2.15661944283567
5.80884225850752
-0.428354603757637
0.798639822362342
2.00484206328094
4.58655241201113
-1.76999456307886
-3.09333034979686
-3.86966040818473
-4.07977188839869
-4.30208552848045
-6.41399227019775
-2.22582065286827
0.184562272940333
-1.95246710578861
1.67846448201578
3.93981198038332
6.76878544362379
6.20169814280459
5.87364900928702
3.58951961346512
2.4145527478351
2.69676191965082
0.866754564926832
0.565509454594641
-3.76505052266338
-1.67658430348928
-2.51355749418956
-4.17704906741272
2.3879353411136
-4.01972392603521
-3.41940486828184
-4.95492064392158
0.491495391139161
-2.27305700641268
0.530493683052788
-2.07804462068454
3.54937647282451
0.235612864853235
0.616440453924481
-3.40895288534459
2.57587670423593
7.77250289865948
10.5328863261518
6.91715782006125
-2.35702105812599
5.22634956669508
-0.525606778377838
0.799172724942667
-3.09961744245411
-1.74956276134476
-5.80617490328252
-5.44276008939351
-4.01156811487461
-3.49612867537395
1.73590605550814
2.22572708252584
7.18446384194594
3.30306104002094
1.6359616596783
3.26271370084383
4.98505033895557
1.52382691650186
0.243425273309127
0.295530217041632
-3.16184271917085
-7.06015754075187
-2.37773325843121
-7.33532924555077
-3.73659635531777
-7.29510923336323
-7.32063864188084
-7.79851431571079
-5.11843834434281
1.15181778454779
-2.2424091768343
2.91364564259566
-1.07184239565347
1.48056130359302
1.83256773937601
5.16068728106252
2.59993878600893
-1.31750207338118
8.60288973944153
5.5556165093624
0.229891160357699
6.58075782061622
0.417731918831313
-1.66568186612028
0.966408774777201
-4.62524329530124
0.0782370757311819
5.13350604579438
2.08187743063978
3.63856955947893
-2.0454000190513
0.266630594367504
5.19313088811157
2.01074149758648
3.04473236089096
-0.0226907872680124
3.52623037425638
-5.10137846704797
-2.54647806222898
3.69787356957885
-4.56349819959895
-3.85890712300419
-3.07672266086109
-12.403703095923
-8.43821009780163
-0.565555831199944
-2.5846838301159
-2.38385731680777
-1.78848819550702
-2.88472991152328
3.99525356948387
2.37262197386559
4.0594267444726
4.25593017177526
7.97439869345849
4.96074774096044
8.58824963231532
8.03423327424645
2.0104660327269
4.96013530858074
1.8444964403952
0.543225976461424
-0.333851937407274
-3.52661410150655
-4.79005731507874
-2.88285553870353
-7.71163148853642
-2.74494011170638
-5.56935472889811
-2.13712426700966
2.86136983793028
2.22146118776517
-3.36406929655315
1.47745015269498
1.59059156821592
-0.5001574248522
4.17046380711629
1.50666242275968
1.47968230204747
0.84503878904325
-4.61225508284772
3.72809300181454
-4.94352346709587
0.289482253395317
-5.7267848187268
-6.7851268787658
0.757958070270999
-2.44131177553518
3.0299995372078
2.54001961098033
6.59750122657208
2.48878215450084
7.54144105985502
8.31617230581242
10.0853706810309
1.85895073535217
10.0403053679144
7.48867617628933
1.3925326276276
6.57312632219391
-2.49216559076275
-0.696475896805227
-4.44480938756078
-4.19917303048596
-3.01417390532029
-4.4474565836624
-8.85347896759606
-3.64493685580857
-7.2697199314076
-6.46057179042525
-1.0920998937732
-0.672922172719086
-2.48824920822289
0.652758466024207
2.63123784403133
-0.873140639847841
9.25251628265351
2.45464125050052
2.41697908949936
2.64958279792229
2.39428999301121
4.81356235152293
0.84218973723489
0.919822155367438
3.28221540690358
2.50593200078524
0.383328329425023
-2.61602284838871
-1.20937719570451
5.04472555711293
3.71499503266439
5.72953236420623
1.24630566813694
6.05508712283066
4.57093419171085
5.42929535486045
4.48215830290807
2.26772837753732
2.16398688084859
0.536321992227566
-3.0013615516353
1.81415485210497
-2.63777367542177
-10.6824717974662
-6.55798626040971
-11.1647655180253
-4.21712574013598
-11.1328688427535
3.80816303353065
-3.19866158968274
-5.03574586804606
-2.22632810324752
-3.61164777974144
3.54041435014746
1.47852756441146
4.85240144558963
6.46732979213171
1.16037476775962
8.90876211648914
2.14313010239267
-0.830134103309909
8.08751883643535
-2.08658814963359
-3.23417970221904
-2.17137247296508
0.827077221255286
-2.45190618543349
1.46752536742029
-3.49098784040043
0.963449841659216
2.40989879647402
-3.20655274381276
-3.84927850445387
3.75352872108497
6.12479271811068
1.31311435811605
5.09467580985326
2.03548211407928
-4.8020107534875
-1.87454388548928
-5.30058891480633
-4.45256756766844
-5.4960320247636
-7.77627867024447
-5.69101851510982
-3.18688624556458
-3.59262394562347
-6.60135143147947
-2.62778331133187
3.54336928959681
1.77971778091686
-0.905561987131496
8.8732665935161
-2.83460606012296
12.9059374220429
2.82581643638512
7.73217323553242
7.55641466485467
5.03052103816316
-0.251757442713386
4.48041034609845
0.701889778567761
7.37588852145881
-2.57483238402532
-1.23247663411608
-0.327993472529344
-1.03131311584444
0.676038328044831
-2.79923695789371
-1.44697043719083
-1.23352700555047
0.335161697520926
-1.80124499526835
0.545972440005591
-0.541295757934765
6.26513556983913
3.8742922083951
0.862548928709151
0.882436563132794
4.06982908266322
-0.288980982247839
-1.37782612089494
-7.94820159169014
-2.51130821070921
-2.95738971880763
-7.50723461921175
-0.737662115501166
0.990876336893996
0.0393668116019652
0.143125513459354
5.81787663890392
3.35249484819723
-0.375905981091028
5.9690516089998
6.45372473641411
11.4998246854101
1.9643948150606
9.00738220492318
2.78238580758258
7.16588302380063
5.16821269241919
-4.01805557164083
-5.37035776325546
2.92253937758727
-10.3738358717705
-7.22573906720731
-5.18202976968048
-4.54263210528462
-8.10239473694806
-3.04237092264866
0.820064409203867
-3.43733308939378
-0.713269668955061
-1.22100444133403
1.0188972439833
1.92243971166264
2.36515228260581
4.52335862448632
6.3823405895892
7.30089282973334
-2.10008920509537
-4.59313281504778
-3.99719669448463
-0.0380367308168981
-0.409150771446408
-1.80531319977302
-6.0111829479984
-2.14319089573417
0.300737070774462
1.56843057214542
4.8155725031257
-2.1858580721342
2.78788899059957
4.59718935395975
2.1270420422676
1.76432744254089
4.96303833153068
-5.30750940515214
-0.500609970863103
-0.346314462148292
-0.321216399979229
-2.53753865294879
-4.03163350725062
-3.30111804740044
-4.97937613675866
-8.07234773561443
-6.13520316844564
-4.55045491771502
-1.12690510882166
-3.40045425945208
2.49150299867463
2.28724171276386
-1.84348712634098
3.55233142485567
0.0966163437416183
4.18889351757059
5.63957955505762
9.28804215547744
6.89872851325848
1.46314371523047
2.80154447564717
-2.17104181167969
0.53002762602455
-7.36997162085494
-3.62239787071595
2.47846981817949
-4.93032359774054
-6.12548713256607
-5.26843309537537
-3.04357189583565
-4.24140245714885
2.08809278831613
-4.93628300816285
-0.823552260806702
4.41634025026499
-1.2564558354372
2.62138157109847
6.98160906556841
-1.55284091055501
2.95047340120271
5.22513935060385
-0.827531904337244
-6.61846003156909
-4.55102203584403
-3.65748201441312
-2.56399270492543
-4.10734140131633
-4.58184906667771
-6.89280878384196
-0.48208154631511
-1.91545404009368
4.51918770099238
2.00946927300269
8.40176748731642
6.92271405686351
5.00826908198689
12.959265182302
6.954937420659
5.83240272660833
6.24509556364559
-1.32667839368609
-0.127497432138487
2.18936963452281
-5.64358546971246
-9.25958821932502
-3.43414108088181
-1.34273234854818
0.0628934263895129
-5.75727346921587
-5.21891954690184
-5.07884376694275
3.27981669807867
-3.69633478410541
1.62208661091694
1.99445819203895
-0.628179330183836
3.72246033537265
-2.84556577916358
-0.329754156640003
0.894319004005839
-8.64746787334821
-1.51282789824417
-4.89734897010148
-0.614627469055616
-4.30213007252304
4.39294892777846
-1.70158654337769
0.0236118428406138
1.80295132763117
-2.40831529986079
4.05235279588471
4.62245864123358
3.2680832525289
2.72205992034384
5.39612594222481
6.49203952914437
6.26286988064688
5.24116091488372
4.51667315771617
2.24386137292325
0.228446733146381
-2.54803378926434
-3.73264791425103
-7.26001974619688
-3.89706720365276
-7.72251882771913
-4.26999500438012
-4.54210053231493
-9.25294612613976
-5.26402904936543
-1.17703102460125
-1.10793533770196
1.67229287749212
2.45194591664347
2.31638540518556
4.922227199474
9.79769577824583
6.11878191100667
7.62224517687355
1.15708295692134
2.516443287258
6.41721174570182
-1.89770000925611
-3.13913157941298
-6.68114973653869
-4.03409045971026
-3.10896648966648
-6.4543638803675
-2.8684136305247
-2.34459465863692
-2.36025430231296
8.48655023217652
12.0279819529091
1.41653314565566
-0.263877295662709
6.22100247769136
0.570512774612895
9.26861210478765
-2.24306776446358
-0.918024482106622
-3.0530027516136
-8.25224327701781
-7.67338567397742
-8.16448251099799
-8.27856143194944
-6.19535657513168
-6.2235879662197
-5.17684779693327
1.75141052063926
-1.62943218019192
-3.76282884851282
-1.54035775991387
0.338801632094356
5.75113893610894
8.52330764743705
2.60028662515997
4.6679224551707
7.49360998954668
7.34256688804662
2.6694985026182
5.712686658114
3.55149532831127
3.86159233896897
0.0987899189878974
3.0341648429127
-6.29953177553541
2.06094908252565
1.45175075409059
1.10993586273408
-2.96824667604129
-1.05502772537878
3.83790803784028
4.86787872242187
0.155009432427766
0.381960200967808
11.0238430459823
-0.155569177128098
-0.139124695214253
1.40318957742122
-0.356175856146106
0.201652522720284
-3.29772834814874
-5.4514176813403
-7.49945961354045
-4.95155798867501
-8.03697037221775
-4.47755417318823
-6.08447048212784
-1.47624760232326
-1.43799799187653
5.58800313978127
4.2548175669363
2.04481938656378
5.3471349556231
2.57838340472255
9.77338256019606
1.54656881742177
8.09884349653607
5.61613103664663
3.05630950500071
-2.00695271094638
1.33696219697772
1.11938566122196
-3.87110694312827
-1.43397320270633
-0.896582238457835
-2.16637744638675
-0.601055381725004
-5.15204269298651
-0.42212972218945
-1.9574424167222
-4.17966416564472
-1.68124164494924
-4.11752577240785
-5.650477606933
8.15873294914702
-1.19780853931614
-1.38809854630195
-2.99048800920327
0.667144278912498
-5.54895434108088
-0.0391633090763268
1.19528959776243
-1.45894224852009
-6.76394453347042
-2.3195729660002
2.07979202613626
0.32521428075656
-7.82076468081482
-1.47688185812594
2.10075803049937
0.337137619592323
5.62908928184191
5.24000807000773
6.64474926761702
7.39381535424706
4.74032961557435
5.96975637574322
7.30413764125954
0.541196574257148
-3.46347364762831
-1.10149981091567
-4.93331081346871
-4.55113233872843
-2.6915555837779
-2.38996598406334
-8.4776762441247
-9.85065360126214
-7.04161745883798
-0.0292750776092716
0.213870068183932
-3.22041335703127
-3.37135655250459
2.52908935356894
-1.53656313992831
4.79913720792024
0.526266192981252
3.6430159275711
5.23831059604018
3.27971982782008
1.61540533981608
-2.56012223220899
-0.120531851842425
-7.46890808466733
-1.65805594343448
2.83323960755713
1.84343772062978
-2.18124631598592
3.8181449127335
-0.700533029384337
7.85971555061526
1.95000950936693
5.2327318958219
1.76479315607451
3.86030878021984
-1.22156751671781
0.134580075953637
0.774874385083329
1.3736681047491
-1.32123484942
-5.20163390823356
-1.75286974554244
-4.5727907665446
-4.0757020617205
-3.4143299889428
-6.24313016842714
-6.33682841267078
-7.98611436832454
-10.7508020412682
-2.11326523876473
-0.72369381392469
-0.669985393113684
5.73396726590461
3.97339492004504
7.11655015527739
2.39358406655658
5.89627945514482
5.34942021261113
6.93575671646058
1.39220487213311
1.95154987205396
2.0945936975938
-0.24512600087778
0.645657539928753
-2.86743004486354
5.80278540506791
-3.59471146477824
-2.51098197611479
-7.64523847501521
0.596468194458488
-3.31917247820595
3.9140963030801
1.1017409875263
0.0964552131160628
5.85266691384286
-4.05779379716697
3.952659683767
3.73448848925626
3.76495074614449
1.16741727509435
-1.2391662974243
-4.43779761689241
-2.30836672342078
-2.97556321024921
-2.89421024564267
-8.9059029569314
-7.79485800692151
1.94923707751787
-4.4641803009065
-2.26901169078657
6.48829129681832
1.90540894711332
5.27588833057253
2.70303000463058
5.39941438956732
5.41905561644107
5.93260039499862
4.10340467932828
9.71248848659346
2.78992311184918
0.612251230741514
-0.792273540932981
-1.02325317646377
-3.57803424173102
0.531674703776564
0.728168950076445
-5.64698530099543
-3.96364952854882
-4.91734994778499
-2.84173487997841
-3.76521928195784
1.94480112544841
-0.192400370864375
2.66909249561492
0.839490301024311
-2.44670126184156
-3.15877188840354
0.144989430857461
3.64304835405589
-2.91234537949947
0.127367236975897
2.60417885702443
-2.73002078919685
-2.32127293631314
3.03788610552621
-0.696858345245118
-2.85557807585537
-3.54642926832568
-8.54034876017702
5.39566301225744
1.78166538974114
-0.436435039809951
6.62250530814322
-0.493549929608625
6.75537641892591
6.80936159511698
3.27690422863299
7.20812875811239
7.13934208689578
-0.344837568502701
4.98188380832904
1.77673364029879
-9.23466614406187
2.28525343919384
-11.6738504778747
3.0136071350893
-4.57894599359908
-4.44841910587356
-2.64434356752735
5.02119841890934
5.50411592464228
1.15560796032913
5.91651360917752
0.905677683947531
-0.906018849609463
3.01380807665257
0.694748407843948
1.79189135475278
-0.192304212882568
2.65699364067231
-1.41873544203163
3.92389881562693
2.26701543864718
4.50339406562124
2.56812340421951
1.18055400675526
2.34158871655802
0.454893279361601
1.26848469205357
-7.21356522760354
-7.80321509240062
-10.8269223571916
-6.51293275587119
-7.75241566856252
-5.17846796792424
-7.01013029657623
2.03625126715161
2.49989080267141
9.31967259457088
5.87094951098799
9.91220980652932
10.563219763364
5.464820033798
8.99538270801117
6.29643020693963
1.51701093622886
-2.15297417653266
-5.84533769740715
-10.7082905407598
-9.27754122923261
-7.31853504812195
-0.744509918302031
-5.80631261403734
-0.32252376476632
-0.406458352668481
1.43335801004818
-0.314556972664668
4.53404050883551
2.63738382424296
4.62714347854694
-2.26434794912119
1.49188666483759
-3.90152926243907
8.49076574750568
1.08454973950761
0.448844859456645
4.17959723216141
3.17538442910833
3.23169186827552
1.54453910359615
0.917022472384202
5.4054701303312
-0.0785206210550724
-2.62370607491753
-2.64315244869499
-4.52207727366692
-6.38843753018942
-7.80500250543922
-6.88966753651736
-7.08571558174128
-1.0848126344068
0.889938458164998
-1.55148174422818
6.22962840846214
4.86245852907935
7.95497061357733
7.0638758981371
5.94658763052307
0.919163186794918
0.4966253049152
-4.51696702195118
-1.41550566227012
-8.060041228666
-9.22822045600913
-5.00045220927789
-5.16832096563869
-6.20695589365111
-1.95404719057885
2.29956694417005
-3.46062638446238
5.68735331245574
5.58734362766512
5.21845832981785
4.35805381114063
1.76776660145783
2.40997080369259
-0.430881504694928
0.18290639956413
4.75878195789211
-2.21705347277527
1.16580197111653
1.47756278368989
5.84861210319803
-1.1556059962221
-0.634770360162393
1.4730361622128
4.080384104444
-2.69961229122581
-0.318905626661997
-4.46900116447363
-5.47226177457067
-6.07258499273828
-8.64350267401778
-4.37646291489448
-1.91753983478211
-4.7430889269604
-5.67842949964399
-0.263796180938378
5.12697454464204
1.18559364126339
12.4294386129569
9.89251006573204
7.76358104437993
5.33538026968569
-2.08416797130746
-1.80178498107862
-3.35294395759353
-9.69164782893572
-10.3197196097664
-10.4854055766187
-8.65175210261506
-5.23428489082101
-4.12951266434979
-4.12262335427825
3.09851256111767
3.86668735876872
4.05197330320785
3.83293760722315
3.55705688497233
9.51140655415632
1.03722199567354
2.77664063845073
-2.75105391356705
-1.58445060033034
3.18168561729399
0.91289226057904
0.609890651356284
0.823282190006188
5.78043248091528
3.09069952058901
3.75344164846363
-0.315202474076227
3.26583181178398
-4.95789597107479
-7.15940859574184
-3.9538108282105
0.950303518324134
-7.01899909567246
-7.58196995696009
-4.66584378542015
3.98560954721497
0.987293816466956
6.37792637047503
7.70258107107331
9.07023677463388
12.1098847292635
4.59811149654023
5.59624868013479
6.46684402821944
4.00267995152453
-5.48952371850993
-7.11934699695956
-7.59179993701215
-14.7352686821869
-13.4418216855937
-1.68992270630595
-3.77102100717965
-4.28055857529462
0.187665316035103
3.91167427059311
6.42566541003598
6.11038662201257
6.74993752192804
7.93845001338575
-0.567949675301162
3.55000222195059
5.1359607750854
2.35464299953189
-2.18350268516154
-5.02316631200838
1.15184882243947
-3.64346350671678
1.52230759566767
1.38716310913073
-4.1891251840207
-2.32174579288765
6.18209110407225
-0.741876739894413
3.57906449891312
3.53355625586434
11.477145310522
2.32999724612272
0.930004751773313
2.88681116261902
-1.12643510279888
-4.63912427045136
-5.24260039345808
-13.2660056724149
-9.68182363079536
-4.67475153639226
5.10430818688022
6.36544847614692
5.24577766077626
4.37572409316807
7.46778339496304
0.042267924226832
0.645699413084916
-8.1575270999719
-4.50037355979931
-2.75186254573439
-2.82656302097525
0.609860156880319
-0.187173843280784
4.78702050000306
7.14853115847157
1.94454542079594
5.28862225995441
-0.859245020725318
1.00343843859526
2.28522328432739
-8.66235242350908
-6.93009804011
-4.63388690448608
-1.69056346783881
1.49305375528067
6.26887483466997
10.9098205097411
1.32052138426899
6.06621471982709
-1.36027932649086
-3.14930431853697
-2.20378618044468
-5.36213910619561
-8.66791192369099
-9.60050447368493
-5.83816194823921
0.971339462351969
5.67422576222468
6.07442481669638
3.69413830038811
10.915211003106
-2.42398557308757
3.21638215398727
-5.64967735961845
-0.717774075430631
-6.42239344660829
-3.94151350615746
-2.01568115029531
3.1316423614358
-1.01809806963499
0.84282856004501
6.35674579993246
8.20813696808892
-0.171991071576993
-3.6759366719642
2.17134597555234
-4.2153749613936
-4.98376114875146
-3.06612532627106
1.14210551199022
1.08962179957778
-2.22092075127775
4.622857291752
-1.20190836494488
7.41092258481159
0.878835103519048
-3.05668260909375
-1.61122258697514
-2.02563012222449
-4.40880576362997
-1.86620871593725
-1.94794245630977
0.312832236862529
3.08260769406774
5.0283411128346
3.55219393580103
1.01247288204912
4.7105585562874
1.00725086292625
-2.85618488087108
-0.136790850784591
-2.47540259276269
-3.13903836000804
-6.12018030309162
0.442779949921346
3.80343912406792
6.56946359345587
3.50345931074542
5.3630496707989
6.04933787739523
-4.53978049418693
-2.38272580613039
-2.53731306793066
-6.73324888528616
-0.931445195356582
-5.40985496876226
0.456166666331482
3.45538796135768
-1.78552125323445
1.18727040851504
2.72152808705314
4.20354448589205
-8.52304684289397
-3.55568795568897
-0.925948463894517
-12.4860099228373
-7.4812305153978
-6.15201046126438
7.65553431264591
5.43179633211093
8.07268566582072
3.66642739692683
5.46714039665898
-0.000688364698831823
2.30041638831128
-3.00037967300617
-0.939503531869651
-10.1692015673491
-6.90237365061883
-8.25396321470392
3.95980546957229
1.48425382297676
3.32949300253388
1.43767702239121
-2.61191239132627
6.47181315132002
0.68944843449321
-2.7688065334797
-8.56573421959818
-1.24402800929154
-7.35084179358659
-8.01185248179765
-1.85515627721797
-1.38860319768358
3.11445413171366
5.48328607158453
0.46234182225524
3.83893392634322
-0.410372591917879
-4.00488290463743
-4.86093067760993
-4.68017958654558
-4.9138654693235
-1.68716598095972
0.254144785948359
4.27803256305424
4.30478971793615
4.5676795780102
3.32628491215464
-5.78157530312046
-2.55587651490043
-4.29260514490524
-5.50371978139359
-5.66844935643111
-8.968359039939
0.1478770411353
5.53308701950745
-3.28801571622587
6.81683827330376
3.46544280374625
7.49608599212162
0.947657385037859
-2.10477605658183
-7.43976639489753
-9.39964408045985
1.76774401966856
-9.27566372497464
1.63110198031312
7.13151419160818
2.10875203781187
7.16508767433807
1.37969984049926
7.99199634779477
5.19825411299119
-2.92727272693063
-1.52552488775555
-10.3724594961291
-6.58133384106602
-3.74193334274399
0.734964784368081
-2.84681957118247
4.61254613650963
10.5507625331686
2.64493201913723
10.5151172193453
-0.694422116990163
-2.19205687049982
-5.28543863133963
-3.79858797899804
-7.36408255794982
-2.74423568053583
-0.984651137447306
-2.07896712402134
3.51679575353683
1.41944834655983
3.66411355348874
5.97739542228264
0.759261122254001
-2.19573009468387
-1.38912782521671
-8.59769143841293
-5.44379651755338
-6.93412565555132
-7.62881763957
-1.23357485288048
3.39022452189824
-1.44533975897683
2.61443068141838
5.27339992911932
2.65930872957619
-1.27793434669952
-7.88474931936941
-1.73173887957071
-3.26351598664882
-2.07193475493979
1.95180182399765
1.27928849918911
0.851381132061041
1.50520169744735
4.91882700352479
7.1446904187246
0.65729927481517
-4.38305181114796
-3.48422000459571
0.0223794551294239
-8.79187602158612
-2.48975093604607
-2.98959780566592
3.49278849696868
1.15600286128631
-1.64706229831798
8.86903423775048
4.62649266180822
3.31242882634334
-0.825476667026789
-4.13027877933244
-3.86045156351175
-2.11403573998529
-3.26512557843405
1.62008351486876
-0.0122105025135694
3.30664999214496
4.32377630934313
11.2010967870547
1.46059012987911
-2.02661764444537
-1.91328380787024
-9.92123818458279
-3.98592478402575
0.926467678385082
-6.22324819665457
5.92497112884945
0.404373652882031
3.45850997865243
1.41521945186681
8.01261678236874
5.05126900412593
3.45803036266033
-1.78149497330261
0.587219383145575
-6.51961598162484
-3.52207293644108
-7.38141338842743
-2.4288659228767
0.409977719852501
-1.99213765574219
-0.309301791208203
7.96706143278586
5.09572417706885
3.63372919991032
2.39727093771495
-5.14746134574451
-3.16568401262207
-5.31533398411821
-4.40027352410097
2.40149704936233
2.20684706780618
3.30871384725237
3.87351973606408
7.12379442492134
0.489979215992117
8.53553126815475
1.73639683867906
-7.80729620719792
-2.35251641615567
-3.30110313302976
-0.624250297201211
0.401042158083351
-2.3396533071409
1.68895224516752
9.54568248164329
7.57066898873966
0.52707014929093
-0.493801314116012
1.43582484975354
-1.39355933189729
-4.22237078353378
-8.24807010817517
-6.28014297677828
-1.15240045525814
-2.82903071836619
3.31977198556668
6.05573974464753
2.35794942243275
6.42198072037438
-1.05126186840065
1.35335825837257
-4.65315129276499
-3.64828998406741
-8.11121933386023
-1.10670382713654
-6.89721984448149
-0.734943234593219
0.0181832023534128
2.72322254245174
2.46104001569551
7.03571547723531
5.00895383813783
-2.49394692785125
-3.8204168125217
-0.430209060890853
-3.24143379439515
1.97687127690345
-5.1102804928499
-3.93050370706708
-0.88184116725987
8.7994229790864
4.49358007553514
9.45782331703503
0.934476526328196
-6.8033197487452
-3.13889051565384
-1.11142252793237
-3.78542716120338
-0.567170801161785
-4.16496206942466
1.10299061794794
4.32094404036208
7.74581582517649
5.65077777384199
6.09782786548376
2.3213019223021
-3.68285488080453
-4.50725013454985
-7.85473627511623
-3.65492752503239
-2.73444637473985
0.909822130751188
-2.51420637668463
4.50885913538145
3.01078329826808
6.75113161711313
2.22467597792387
-0.347484581799088
-8.11970626187989
-3.16728978561258
2.27479720845107
-4.67988025491927
-2.43222800340644
4.47302319780222
-0.309350608625087
5.53481193487667
2.8314900371274
7.13658049469868
-2.43943260277029
0.0476970672094468
-3.05428685892136
-1.13237630972893
-4.32773032204978
-6.56296159564613
-0.555059409704184
-1.34769037044739
0.129972788791501
0.895408042754588
5.10441328662529
2.57902428456602
1.38303270339054
-2.33176593092853
0.251422363493088
-4.48045459362611
-5.4867669432758
-4.88764010951395
-8.07088574133486
-0.40029495065913
0.606425234942238
2.77723882375779
5.87036855175165
1.98879842230417
2.03914834808288
-1.58886558394285
-3.70582546173037
-1.00286015139313
0.349435165370887
-6.74970056121549
-5.64127657256754
-0.455955094735642
-0.900400013040032
2.59710047038778
1.5091966747779
4.00683578597533
3.28064790606918
2.61210285970258
-0.409017170354161
1.77369638331131
1.09573537014926
-2.4292612673254
-1.590560758898
-2.59127856758093
-2.34899584618637
8.17938006928318
1.07204988275555
6.65810310893386
0.110804893992441
-0.20562442650204
2.77220874029648
-4.29297789702799
-4.26799002143715
-2.73237226695246
-2.89564716106088
-2.55732940690143
2.79533071344437
3.76459509738805
4.12245194062506
8.82939056466714
-2.17698471791937
-0.0263227165577045
-2.67172938085098
-0.761381465942552
-4.78875326040068
-8.32598592391219
-4.49996349079781
-2.5415179720254
-0.359941065542929
9.33923125002089
4.52219203257844
3.74449482892368
1.14175790402012
7.38996153126074
-0.488458686311593
2.616017708916
1.78381462014093
-3.9682775024919
-7.62731175247407
0.440281847845455
-2.64559187636343
6.10174664761568
4.86833713115534
11.2896550292964
5.31765060752093
0.842277041939279
-3.42720122564862
4.60008434607686
-3.48867473159045
-9.30649285505466
-2.32133872767404
-1.91163274577957
-3.43787400282721
1.57495139593907
-1.25122235536777
8.69148157813528
1.62239036288791
0.151504915048495
-2.508917228286
-0.692914355115211
5.38316013203526
5.63567233688328
7.33408531247051
-0.0132421326728284
-0.485487457135861
-3.66044809252916
-5.27920230723556
-7.41620664346215
-4.42671401189215
-6.36214790733199
-2.29010437786208
-0.256478017713489
-0.292804114343268
5.94791986405756
5.10258963841287
4.78250048661263
6.59734865510366
9.6796750165493
9.23349494689171
8.26396149867932
4.43808522004072
0.954891073697158
-5.88588865467402
-1.01769546151007
-1.53835810410076
-5.74762677259969
-7.33896729828738
-8.08414902516695
-4.46413972940202
-1.71602695756344
-5.4732873438688
0.274609263874369
-1.33835660525893
-2.18214898201724
6.03976470335392
8.30179562681556
0.227239440240455
-0.127841181861126
-2.33341441562178
-0.275704465896592
-4.92753327673672
5.40752584020334
1.70740909022945
3.0122860430013
-0.0287442445785322
3.79281944001281
0.993906879213394
-0.232968600411598
4.29327303704185
-2.57356715408192
-11.0181053694722
-3.40995422507933
-8.19966178157849
-2.76419317264051
-2.91931506734515
-6.07487613176157
-3.01583675599144
-3.10556449605015
5.79088597013246
8.87736270034014
9.44800943400049
8.59495272508724
10.6462555719971
11.9630109437147
2.60731814867272
4.32089273503908
-4.6268336332764
-6.84595350659583
-7.88964203456781
-4.86902119394386
-10.1070004262811
-13.1897076078194
-3.51902960529014
-6.04672707376108
-0.0446217443991332
1.25025862187956
3.25111363917207
7.03602866953663
8.26547983914351
0.12705799879958
0.54461727638986
2.44394923886915
3.85103862862576
-0.522357106555265
1.16747580300183
-1.96879664772191
1.2743175463118
-1.87216362501654
4.14898130887184
2.3540467787496
5.55789060631261
6.71419529876194
-0.32313253064061
3.20562539269816
-5.97322585048765
-1.23910427836314
-5.44163596971302
-11.2841123241826
-6.3533033767852
-10.0687113295947
-2.96277018803245
2.16702405344506
-3.17510150433318
2.99294020412856
7.08447715835418
10.4543605259345
10.5831537881183
8.69994153789979
1.35343307058402
1.38931607531236
1.58580085335111
-1.20677898165579
-5.35392192848451
-3.42062125399033
-9.68140038258025
-10.8630938380248
-10.3328925445343
-7.31546795483577
-7.14110168892081
-0.535902795580069
-0.282549104646841
7.17195133496194
8.22195680483475
3.92623371130065
5.96030412388842
5.58275386712166
8.5173855924806
2.34263918973008
-0.883847754630823
-3.68232826957844
2.14974957859085
-4.30890703355277
-1.58462331173899
2.63174335655339
-3.44932690880299
-4.56742543457969
-3.68421218894822
-4.21067939604001
5.24260749505711
-3.55217907252965
-0.874373626796262
-6.77138963342524
-2.20879844436572
-3.85906060432827
-2.64529592822196
-7.07735545208232
-4.87585983366807
8.05643369687241
-0.08143700629096
10.9684838508173
4.928482087135
9.60579427437414
6.0291998821056
7.61623011786883
1.01319688075085
-1.6716936533809
-5.81535974174163
-2.82817438048933
-7.53786883659723
-4.60150132636602
-8.45622319023934
-10.134782440922
-5.20515718707342
-5.65617482329814
-1.02256943938481
5.75757153057493
6.53466427102759
8.94079343758656
5.32982777640252
8.32532814969265
7.5339021066745
3.22610592188381
-1.30491879634468
-6.45333888641923
3.08517983029305
-8.02792376807126
-4.50740037193793
-6.29516622660644
-4.74083663614086
-1.49706351452419
6.07110200054044
1.53248687922442
-3.04737139089092
-2.17797417555459
-3.01258359527134
0.619850010088435
-3.44706012447843
1.35121897445285
-4.8683190625608
-5.7546454368603
-5.06179140896617
-4.98676431171274
2.0201989471665
4.24805888998919
8.5740346045001
2.00361880776318
7.21028052214883
10.5678540698633
1.21221634686513
-0.693216208547574
-2.17502504561313
-3.89807894636777
-10.2024870980792
-11.3386279260611
-10.2154144407901
-11.3661193323164
-6.57675902132487
-6.63167482091638
-1.15403445246556
-0.449824730118141
1.20200433060904
8.48726481045466
4.23051170760009
7.93624001035978
13.1322304910489
10.8874296833042
1.26004343416657
1.9564740680489
1.48211224615656
-7.46904120693988
-0.989091692107101
-1.59125297022021
-4.17912610400326
-0.621765343530767
5.6084044675071
-3.47296218516142
0.378067581475841
-0.481635516342277
1.21913510867603
-3.24983196849597
3.18373329132207
2.66398027196264
-5.49918431477826
-4.68347698499691
-0.789301794556204
4.72971028591744
-1.97957395033499
0.948721423016578
6.05357604323015
1.53553705551282
3.69910369300201
8.67548250543014
4.8955107087327
2.67749576780448
-3.61049903466049
1.15930550175941
-4.69135170562479
-4.77187694208496
-8.10312471060575
-6.41625225326562
-0.538591975564676
-4.93491927587778
-4.71745355979256
-2.8069966047972
-0.747675133074697
3.9181540663801
10.5625531650106
12.5904880494421
11.0397430766251
5.91958740028561
2.35288877895117
1.70081075239699
-0.749157081513281
-0.615569326179317
-10.184283498488
-5.70015898872992
-7.57342345252703
-7.99822430935862
-3.71633124470007
-8.32857631679828
-0.563703930079006
1.86328257836763
2.92045542421559
-2.51669511706108
-0.862696108620887
-1.14573406866884
-10.1948540819596
-5.28857272173998
4.4190385973496
-1.19360394471484
0.495773173692876
0.848621302947827
-0.0870191770472299
7.5331162367505
7.22406014560273
3.24554294211253
5.30969264263352
8.14803312905457
-4.36586847595015
-1.51324870285138
2.32733334503512
10.3911617915287
3.87654011525293
6.79858540493117
1.74795602671875
2.39163499130925
3.14369949644928
3.55410767041273
0.817333282452578
-3.32938529104402
2.94860974221387
-4.85272101879794
-3.43325985728804
-3.64504538031579
-1.87288228259766
-0.728379224347177
-1.09315824376073
-4.60469503534643
-1.08532296380204
5.71446292337244
10.1539131845283
2.68530646308997
3.59720879259011
-0.881006811702134
-4.38355342094758
-6.99274843107
-5.45553703447221
-8.82183315205636
-5.33193586435867
-5.26910553708758
-7.32779307338756
-4.54070080693964
-5.89917523686678
-0.97230330409621
-3.60495887245173
-5.21159127765145
3.94139757976015
4.30307595332564
7.40863261972096
7.64283802439661
5.97064328771404
10.2733021401888
8.92929781242819
5.67032825566094
3.17766907828353
7.27732408669097
4.17514705343429
0.502779374864246
-5.62777130473145
-1.39923838891047
0.439909315355034
2.84986864381452
-2.68842225561851
-1.0323787235284
-3.86491915805506
-4.92178123579224
-4.06772527198869
1.50450076237456
3.1314081616274
1.3496523020053
7.53501817518989
10.0217962049683
0.581649024503486
-5.64708216265413
-5.30898205853152
-2.66059334534819
-5.4898766114935
-5.42429817166961
-8.33268986023364
-7.45452124169098
-8.99424041628457
-8.14642043897954
-3.51663686381589
-4.79396400287224
-5.24828902817234
-6.76447614957894
1.92696366917944
-1.3659532843961
6.13366439334341
7.95725864568298
11.8738553541237
7.0972112431953
4.10046003434111
11.2583522911509
9.5810161911742
0.820647461442284
-1.96202471073085
-0.462425335706956
-2.47978665445309
3.21869860344481
-0.445005154141373
1.69393954603491
-3.15923870111047
-6.22137420403582
-6.45578853306761
-2.41401401628528
0.424111107845591
5.49369553820923
2.96985591567472
3.85083947553759
5.0268931732315
2.00159961727974
1.47830698720533
-4.77413481363918
-4.56184186019768
-2.55714404688977
-2.67821700356249
-5.14985351519824
-7.01929437066657
-8.01801266471099
-4.08329867426692
-8.23077006357496
-8.00339952041353
-3.66479176645314
-7.37273316804208
-4.60618300531847
1.5935277601194
2.70244468906788
5.22803941975596
11.0460070279191
5.90089658232519
11.607942221783
7.85420553964461
2.81065719200861
5.89890229846147
8.13173454609201
-0.212005517881903
3.62270594286216
-3.16891793633694
-1.4599798482544
3.17104879276057
-4.27666246015233
-1.70393107755521
-0.224942280300438
-6.67321669345713
4.48307580148257
0.190285086644781
-0.944864083857408
1.67122437741638
4.63327148607443
6.92700505457646
5.43738915585072
-0.842118082355996
-0.0135206841978743
-6.81785833424785
0.91686387635301
-3.88174693656248
-6.9023560754665
-3.72920306045791
-0.454938863621228
-4.81590771100137
-6.82563274934295
-6.52887001079399
0.503503924937326
-0.743621229293219
-0.617557052659833
2.43215008564331
3.38973287661778
3.15356689165086
8.68753242366001
9.55857819693636
5.07816850928111
2.89878219230421
1.35785898225193
2.1537696096994
3.24730234070659
3.33211423562733
-0.583016137571802
-0.289205546400802
1.59873635438795
-5.27929899185488
0.776598153222509
3.03058497726935
-4.70880774215367
-8.4832732540668
-6.21926722690788
2.62529214533367
-4.66220994229127
2.99803486596322
1.2403423600903
8.45040377164949
3.08201782273437
5.3614405031159
-1.27300399716026
-2.7284218208265
-3.30676154118727
-1.00743660615129
-1.15240137368763
-8.13694283318558
-5.49520106288339
-5.63403839807036
0.0924692191585139
-2.67689429752384
-2.20388641521937
-8.95456341245776
1.77988391691314
-1.56600277316003
4.19904361634483
12.139379072503
7.08643874616661
13.2620923387652
13.1086372318253
4.3743367017508
4.24652293288772
2.45714543548753
-2.71333179019062
0.496308819941431
-3.72656632815957
2.02526399772876
-2.73209025708542
2.29923639670461
-1.24304964307428
1.40611258083113
0.302571059156511
-2.30473599445683
-6.37684625062542
-5.91987282253605
-1.19774295114792
6.90098746575624
3.47138987916001
5.23645292422969
5.8663691335371
-1.19985712856221
-5.07034266671465
-0.740540362925406
-4.95094273220723
-4.05509132518226
-8.2128411263285
-5.02244326227574
-7.57778916966652
-1.89989685827799
-5.95165362230358
-2.03309257927497
-1.61725692412452
-5.67612155952631
-0.0709440585361145
0.268284322646569
3.87630507022341
5.57605712147478
11.0899812566211
12.5144735897736
8.14370474196949
2.7029728807643
6.81100737713621
3.11682181977066
3.07855101599004
-2.2760387212901
0.928461636706326
-1.53648170161797
-4.49818179474103
-1.31692411466613
2.81725354563438
2.83598467800653
-4.76078531199352
-2.04945463715252
-3.64071400848191
-1.7384980699128
-3.18838764604781
2.2699898318061
7.059172584807
2.16671078242259
7.17679764818448
1.47375173626341
3.91337654346032
-2.86848754041279
-6.77252890181704
-4.0853261356792
1.13983236381694
-8.30606186587332
-8.44099050321185
-0.794529855212385
-2.50612821422239
-4.58009570027883
-0.260592123945087
-4.81970661057683
-4.31690669046215
0.151697535549264
3.04721015590929
3.20360902819077
0.909888179786524
0.910041700379361
4.1189924561044
6.98558821926908
1.03563848180045
-0.752299555277274
-0.297186268146761
-3.22807321723067
-8.57302839570508
1.04556818425984
-0.165511544083148
1.64848253532874
2.67420244252397
2.53586910165806
6.79299354641281
8.6344945472514
2.15416483860574
-1.16798811390612
-1.21719142492192
-3.47399640043965
-2.70445267943058
-3.03663802653414
-0.397835793633215
-2.81901511396312
6.16780114474791
3.01825492284871
3.99203739593528
8.06726162821248
4.70513528066598
-2.5581995346274
-2.77541665300988
-5.38195902795671
-2.82423991687747
-9.22842655102171
-7.95241825045844
-0.630236106634591
-0.815446245151943
5.64635735181503
8.59188937484878
4.32062367887635
-0.465129761853773
2.5258604177035
-3.70520129087096
-5.16786032866067
-3.47865282787394
-9.84625630951924
-1.36857080498609
3.35681430419014
2.47701806431498
10.0598587486186
6.61052730465582
4.12393991044188
2.45606191496591
-3.46135825802644
-4.10058120832104
-4.32449785955581
-9.80440895335614
-7.27790339475268
-4.58954239368912
0.006962465664202
0.175782191105922
6.07194917966044
6.20307765712142
-0.0245140028538007
-1.39089801734266
-2.29575795296348
-2.26000977620653
-2.33871902295385
-2.73517754338722
-2.7198856742861
-0.880863400800665
3.75852282150442
2.37032985274735
2.2842209126428
0.109944358055007
3.9817192886092
6.34409416299301
1.68918357190395
-6.80716096703307
-4.68636493910446
-8.64993727446912
-5.23980022801586
0.715845878824537
2.58148819359017
3.68032935488623
4.26010616832454
3.46082738941787
4.18777106116153
1.90142595674203
-0.574229648071342
-4.35449948442848
2.28620273010282
-1.24076739526724
-0.578821076740607
-1.71129504570118
9.79022792671141
4.4426954526073
2.89749400987339
6.33681641996933
3.30761236336923
3.3670933651017
-2.13091594558412
-2.75881039303962
-4.44875292010842
-1.74380265115442
-4.25545798800945
-5.75786100514901
3.27440670734468
4.07001070096632
-0.621681805863836
3.5629646516946
4.39077028044551
9.80348555531656
0.504664449997452
0.650668811161621
-7.45713626750354
-2.3730149834654
-12.2471076546241
-7.42662205705891
0.471198815089413
1.82955975302455
6.33190625279865
3.73438817008168
8.60571776625629
2.85592682619146
-5.21941220334143
-4.35709225813268
-1.27041951111969
-6.60379156961734
-1.12282691532891
-1.31128774365196
2.27641168033934
4.31373162977986
9.7808512438414
8.35171882130842
2.86843595384771
-2.29874604384588
2.90578438546898
-6.38180765278991
-7.50270672249249
-7.89542267932199
-7.14612915323662
-1.06814005763319
-1.16830044478695
-0.497627457659318
-0.185199692365999
6.12026599254152
4.1881643727514
3.02099710617748
-0.174706691906034
-1.1937078378669
-3.55542432050336
-6.17794053017201
-5.53111270138392
-4.37881011748747
0.710134164596785
0.425727686511354
2.1080622329179
4.59128894501886
7.57853685664408
6.99013128690474
-2.29137165908242
-6.18522629789224
-6.00115977450147
-8.22960296838202
-6.29465032556976
2.39935164729554
2.31473971868371
6.96945029439193
5.21114213415281
5.99020262219359
4.40423078760147
1.72024348982128
-3.46122631244517
-1.36414934046315
-0.186713337112089
-4.17299900727079
-5.36413471900893
-0.0654512481699507
-3.335129083337
4.70352164015481
4.04467002483892
0.373575583089165
6.87431358086692
0.0854003507508254
-2.79758458380896
-4.35386046490164
-4.77138574415606
-8.23171349008964
-3.28342488420355
2.44810409177295
0.716800099252502
-0.265003151666037
0.795323263213013
5.10924013739411
8.47998901572356
2.2166533386989
4.00017892158808
-2.37499435064361
-2.39724686229471
-3.38847390853372
