"x"
14.4679151093907
11.3441837425356
6.04205040466703
2.65189146382127
0.760233904547978
7.23803755532209
3.48212939572738
-2.3454878751047
-8.82713187340165
-3.24338590993981
-7.16791054423503
0.986480950426636
-1.48400709082121
2.31883674076258
3.91630015407085
2.40168225573513
5.10242915607222
1.49749003715075
-0.311982709990651
-3.24578024028146
4.38226336216705
3.29334623949828
-4.44208254579918
0.485318407982559
-7.61584275397129
0.265855086041694
0.643534545534267
7.53608960664991
13.3888347084006
7.49726292660491
4.4562162664464
4.89643933536132
5.48082641258873
9.90598810796618
-1.41438182968301
1.17461076680935
-0.562091053388377
-10.5045529315101
-10.3983403161355
-13.8051557853422
-9.51822371122538
-5.48719197594787
5.12442923759068
0.839318766544261
6.4325268816613
3.41021995954984
6.98192473415375
7.86329664860054
4.40389830654265
5.94053276148635
1.15087526041698
-2.14808088400903
-3.65681399635415
-8.34747884973943
-4.76194686736444
-2.34154880841285
-3.62170243139823
0.731406851995847
0.329050463511464
-4.81478740766712
2.38264707167421
-0.0692264284197401
4.57094226849462
0.0250168678098377
-1.92066964648138
-10.6128873928879
-10.9153592318596
-8.84762150112973
-9.54229146726611
-0.549853328851152
2.05689537895903
2.05086369846887
6.58968112332266
1.25495531542505
5.12987242139185
7.70729919328983
9.56747209021384
9.64059346146331
7.96963666760172
0.16785756600128
-2.62148265623537
-7.01122531229648
-8.53642616520501
-5.83099444543316
-11.2462175089477
-9.50363745933164
-6.7175014228163
-5.28915568623887
-0.370393602309565
2.69837817555619
11.5107483528612
6.47977377575393
5.3058207585275
5.68752290023887
2.67313829582466
-3.63889338260562
1.20848053891802
-4.40974772302071
2.47128928290875
-3.19284133000213
-10.2637592102621
-6.58806133628457
-5.62897947474175
3.870630882306
2.20302684689498
3.9246770345871
5.29962534003358
4.73440384997018
-0.807059183998273
-5.35411246650578
-0.250541565908201
-1.72709809688218
-13.0741992798031
-4.04428775222402
-13.4206304023964
-6.83384080490513
-2.33715968413123
1.7461748841687
10.5808051490647
8.68367950861703
11.4937367032476
8.34777145953324
8.61656041343356
8.39733485449251
3.20264273829513
4.81261458298829
2.09197020391598
-5.77885316774252
-3.29801241799361
-12.2632856139498
-8.4795386628833
-7.05332904423997
-0.869842875166055
-2.36611950665746
1.66953264895601
5.5044686938982
2.00477411734326
1.76034209283796
2.83055630358899
2.05100542225215
-1.12628106211036
-3.60678468164513
-9.08296449782635
-7.57623336508354
-4.42397385331832
-2.50035460519563
0.867319618497876
6.64687110387251
4.43171499251225
8.97021153346228
7.36643973147326
5.43819218590399
9.12603597862023
-0.117022924252828
-0.690955553903249
-3.41376316024708
-13.9396706562802
-9.88483855818752
-9.12974675055547
-6.5147888791174
-4.38558678106932
-4.30218473852918
0.509918754410654
0.527706573668672
-2.26575602087295
5.88954061302547
13.5616482134346
10.8399388609889
4.82446073886295
4.68236844029148
3.64896257434063
-4.77427501788319
-10.4150755096101
-6.52837893177633
-5.75779828247444
0.571133526577377
-7.57128465701038
-3.66979517056956
-6.8461620885321
2.16086999737069
5.40480157980107
6.95757501656953
-0.136976956373207
-1.644020541164
-7.24991565058501
-2.45177005012387
-8.60630479304185
-2.06584020441205
-5.08946992594236
-2.80241219799918
0.552076882853751
0.529557723440438
0.302632699255995
4.13597079453155
14.9124306550322
13.7353351066421
9.19407478599668
5.40122701430716
3.79213477512955
-1.84038694996847
-3.52839251920296
1.07104933985181
-0.547465029739296
-8.25324781561821
-7.74133261975674
-8.38787289576202
-5.06920334480994
-4.68499645042569
1.38361757202418
7.79890382988944
5.95194684858197
1.51099604584225
8.40185261518788
-3.16853372351819
5.07945473398266
7.67562547410078
-3.17064188091896
2.76360297731732
2.51418586272837
-2.40846088068295
-3.20818249617942
2.49466498744424
0.316587509898608
-1.97156181949705
-7.91145520664657
1.56738060859676
-7.38271573535599
-5.42641864535222
-6.99926492090651
-4.98667759300294
0.200016096709478
0.144141235466963
0.31938679782304
-2.40576661838049
-0.2293636288401
0.711553826584658
1.95738284631383
-1.94982212792036
8.08182327505913
1.0571573460554
2.80416826596095
5.06953444271295
3.06035727800257
-1.09881418597573
3.17200440381566
-2.85341170027908
4.94528611769818
0.140657900603765
-1.41991389855943
-4.29451643205156
-2.89643988238244
-3.06497633337006
-1.00775535662451
-0.189929809727198
-5.06221596968262
-7.9852894456714
-3.81790522282685
0.850252585104852
-1.2321744005456
-1.83580165398707
-2.52632646731793
-1.43568625735463
-0.560887145149426
-0.142116646193071
-0.249233029903355
2.41003954939808
4.41848948008097
-1.7192902335047
5.73172680537671
5.84408101181595
3.24985100150519
2.70802598891941
2.90971038777793
4.37304922422957
2.53693349995469
3.63779512808223
3.47588103799629
-0.87049354572377
-0.767705641819752
3.12371080960071
2.13643126902425
-7.2875249082693
-2.50384869732373
-4.5512470380607
-2.68830416448528
-5.28419705695759
-7.43720873592122
-1.35886977818673
-2.67383180496874
3.12639594957522
-4.3116857805625
1.83401854526432
-6.25811790544162
-0.0501257238834163
0.637096812154484
1.08292665549166
-1.75881090384547
2.54839841321851
4.05510385214109
5.31425191178976
4.33468369971572
5.84755950856164
3.15786782208239
1.14549809527869
3.05503918289049
-1.45865786158829
8.52348510302638
0.773731754121079
2.25449374718224
-0.325784750180642
1.33493858218395
-1.05684153662013
-0.230539918172016
-3.45017110101082
-1.33578288974421
-2.89706133633094
-4.4330446664671
1.65789437183034
1.59743188712326
-3.32980509739185
2.16542431191901
-3.31822008208947
1.95792505155113
3.99590738747016
-4.30580902063316
3.07649033703384
0.536533795015762
4.0951536712631
0.70071740159087
2.64820977082513
4.59291102548329
10.9260558944238
4.98967204951327
7.22711630914049
2.92856293435778
0.797632590952198
4.10599445632741
-0.422076984623119
1.51895585502199
0.957392169355566
-7.8850366573654
-3.52108324955454
-5.52275596225673
-0.111781833850614
-2.59906947194136
-7.18082859219059
-4.17650704633118
-3.35486600163396
1.98707177593394
-1.39979952087881
0.852494730698514
-4.72886563562208
-1.05190939008993
3.56761191297911
-0.153748486063209
7.92043560595783
-3.04507955670629
2.19170534073878
4.61797415447304
4.78583681411641
0.397661652939187
5.55346514649972
-2.75825843559388
5.15869051153558
4.52111086008707
1.42440832136038
-3.18032358814314
2.68811421004824
-3.5081549476381
5.31829865844525
-4.07125142828791
-3.47233073591863
1.2930284377458
-2.64929266109642
-2.27131243990735
-3.01434189165387
-9.82529899845604
-5.81488506345754
-7.91777069611152
-0.728164845954764
-1.56551814369909
-2.89790370161238
0.0504518596833319
3.78230841599115
0.402418660488466
1.68882990698134
0.404169160894136
-3.17467539171476
2.37141459834487
0.584301758441656
6.35823768802559
1.98974370031354
5.70374645762487
4.46207045079751
-1.80078256606668
3.40138136950392
-0.266924743530969
6.65284652417312
0.923174697227328
2.6113790411991
-0.0839033621448431
-7.53685030023519
-6.00943166580884
-5.50271499422941
-4.51241351924263
-0.949313768070168
-5.24857092333752
-8.73669645544455
1.01418256609705
-3.1617031567054
2.2576617380751
0.605857003099845
-3.55192317163125
5.61754456396874
1.33612414480278
3.25790401800507
1.92438084369221
4.17262279493675
0.130191464979054
4.26137697091935
3.9238417585768
6.35002236622921
0.60925899149631
4.0513799881915
-4.06815080919482
0.409608332082969
-4.2330157079618
0.63827526281564
4.35715910694528
-0.251569233912783
0.114096620348395
-5.62497699500682
-5.02444528258153
-4.5125533475601
-2.71735231019168
-1.14724226349941
-6.45246527886672
1.16202930157917
-1.16961391909536
-7.40270757077907
-3.23813466157764
-3.78684751464836
0.0948368868019629
-0.972869258465358
-0.899369873813097
2.23274927066858
-4.39932965011572
11.6890632499755
4.74623101837247
9.69717681429447
6.38878070346921
6.83268979288549
3.13850033256638
2.98748802380546
3.73125118327924
3.97316422510943
0.558191196114509
1.9305079765504
1.85446756189473
-4.45620898891424
-3.93266658867198
0.0178089679818045
-2.32282723924643
-8.21391633700031
-6.56457349914405
0.549090127417522
-0.833400866875409
-8.26961542911673
-2.75243230074583
-8.64091762075094
-2.67686976401262
-8.07407835934881
0.257337912311122
-2.79369527101441
1.26697381641232
-4.14494471798905
7.30112119014191
-2.76074647060433
-0.616813169611917
5.53481024490134
1.65766895716382
9.02230410468033
1.27168857867601
5.93180272771616
5.20056546956288
2.12529531834849
6.46641897730711
-2.97628994191657
1.88513282704003
-2.57709941527185
-1.7299968379657
2.32500707560797
-3.74157652741922
-5.34267132279009
1.80687885844967
-1.09360779181204
-7.56897272589631
-4.09390086755556
-4.96634695370484
1.67298837190272
-6.81621352391262
-5.32959006889413
-0.777895792660987
-6.72254279122924
1.6623281074747
1.1689832881641
-3.3898983754202
1.52021563810882
1.13651258120904
3.31696890067453
8.03742460404917
1.50624279862447
8.27675427421689
4.08990268105658
5.77543139277965
7.91492163530758
-0.498199997278225
8.52385583323783
1.5764272071881
2.16220615311883
-1.19035367858504
-3.6583364928975
0.0515864639421482
-3.51716366587572
-5.34537268213973
-2.39071555742141
-6.79658465969206
-0.78270117218385
-2.90962738507241
-1.29761876340815
-2.11577775376083
-1.4007680280789
-6.53375505573257
0.266727186518422
-1.88199532184594
0.226620856333194
-2.81019287863841
2.01519662735264
1.7431518889685
3.95065159219682
0.792654130178343
6.59226855125998
7.35219293390395
6.81443534505401
-1.35042860398664
-0.12295495225293
1.10177202631509
-4.72524887919561
1.64265375267991
-2.93793952643143
-1.88484071491453
0.566362349393667
2.14770207359558
-5.44010935523366
-4.13781946315606
1.67353151862268
-4.84162209929014
-6.29228107189907
-6.99519631545056
-4.67733314264227
0.568884890439539
-6.09795100490392
-4.17665685582429
-1.76622982893013
0.129481590902928
-3.73188830602754
-0.870157430336989
2.36499309983889
2.22082440182379
6.66399474967415
0.905437683018967
7.40736280935535
9.09537442338084
3.21924403532816
1.57621785099324
7.65920516910159
-1.35623642980787
2.84862895395187
-0.372143817671835
-1.71656317436407
0.579344391849073
-1.34639096367334
-2.31165589297442
-2.98136878645778
-4.48370935782486
-3.29376685574375
-0.812503358034955
-4.30505845764885
-2.34215035228574
-5.81705962288797
-0.0415183850230814
-5.90181959641939
-0.0497647519057984
-0.257470127726731
1.77710576755999
7.44468331611711
-4.37446823849089
-0.838194099382329
5.14994352038098
4.77185573306145
2.59267494449684
2.20718317475628
4.44522833687115
4.19318880251988
10.3308694105811
8.80607681324982
6.80836217197155
-3.17295148574483
-1.56179154570702
0.559595492150633
-3.49549727538902
-0.0829804330206618
-3.42024358534146
-3.72618551032771
-0.944243622158288
-4.17711965216805
-5.86112308021264
-6.61862239313794
-3.68816420075399
0.219005345898685
0.3562831180755
-3.57374061534587
4.22643171192262
-0.43832362145568
0.749349510122964
3.29299853869497
1.34641735250981
2.12474572693155
7.35644532684899
0.821462354954664
9.05864127808502
6.01029866644894
5.90319549832659
4.82438421963221
1.50349420739286
3.74239959020503
4.24217351506077
-0.754180500975021
-1.57536834126849
-0.0509372884897912
1.29215863832968
-2.10882034356702
-1.27525690771142
3.44742359675135
-8.70583578928319
-5.88223919487943
-1.18651600628114
-5.46977003311491
-2.96642871786005
-2.51106064828643
-6.32901307289073
-2.55279645979015
-3.29609831952595
4.69975522154268
-1.13281376157659
4.23247455583387
3.70355565262944
-0.0300873063787064
-4.67969649913429
10.3908553860065
2.84278656954374
3.86609068103453
4.18086908492935
7.5116080607341
-5.13923547682236
1.86614592195329
0.00325922561653602
6.23497572146368
0.198362270514448
2.22005843700038
0.619084582797395
1.76346714799567
-6.07350048553045
0.578529925634474
-7.07217928256898
0.252787883580575
-0.653084526340088
-8.09229508306159
-1.52298700667315
-4.72744574914278
-12.1606743911737
0.311459062735047
-0.803666118835492
-1.8687872831698
4.89413063334197
-3.37296058330692
4.10161798172752
0.296907274364606
-1.75853655909203
-2.62662157164434
2.09363512567323
7.88035945136852
2.71688566089118
-0.697734365723649
6.00225942329294
5.94228281743154
1.20952405425143
-0.786618276949173
8.87942500061973
4.32470077800157
-5.86922090049465
-3.49714479344816
-7.77934209557653
-4.75607352028558
-3.8873732669814
-4.84060309617668
1.1073560236392
-6.765386995265
-4.00288510560988
-5.73394718118287
-2.15150488861359
-0.511812851135895
-6.48180119371785
-0.353751523934027
-0.730971143990291
-1.10143954493096
0.834641455971771
2.20455374200937
2.32183599097178
10.3193682124838
6.53112864917463
4.98307908750708
-0.730175875532817
4.26676309863182
1.98809552330889
4.99458995948298
0.716963286796876
-0.655787201755932
1.10643263288639
-0.932576807602483
9.44725831902342
-1.79879358606558
1.3585570669272
-2.45753177887091
-5.71137143416941
-1.75257746112874
-4.41798823246377
0.133067284619218
-2.76962116173729
-4.1191896644673
-6.07108514209242
-4.67231380553341
-2.3448768341163
-0.718932212083525
2.96771146220985
-1.9175903405415
7.99272495498564
0.0679373470029936
4.18356864463248
7.34915815064515
8.95156016174795
2.59232964868346
3.82312202660918
0.00487098463139324
6.2257891965817
6.78120391527697
1.54881769576526
4.19765506265177
2.20496403179894
-0.935077513608732
0.679120959767812
-3.67225472559224
-2.82478833177207
-6.58384971553732
-1.88757372423106
-4.71147357756419
-4.11724961900183
-3.72632184159834
-1.31320616597641
-4.3079827904137
3.15026127804088
-2.77038304599991
-2.73674192694676
-0.325874082524663
-0.570180607671066
4.72567684615779
0.775428942696694
1.75569952476128
2.2786662494362
6.71398519285782
8.87191116122631
6.53126818461521
3.31557004064722
1.52088696535106
2.32673126357388
-1.8894530337221
-1.37875429496153
-9.25415729883339
-9.69884222883326
-5.85972999406248
-6.40365121772527
-9.42238893641446
-5.0644723100758
-7.73982616613261
-3.97712217466746
1.49157442491504
-2.3090775972248
0.393226068954561
-1.50799365565682
5.54204360214825
3.259589815215
3.1128074558583
2.42815162703024
5.63386644882667
3.76784899183741
-5.56715856158629
2.90974252814732
-0.735199623189005
-4.03659158101091
-5.31433173815293
-1.4099326581092
-3.11379094429667
0.803762364686217
-3.03207856791471
-4.5229699688261
1.89476994705537
5.20187521746343
2.45154644520423
0.29134426892561
4.57076667193647
7.34269642665302
-1.00658596572661
-5.45776437756861
3.68376078900764
0.39574918612008
-4.52072191137949
-4.81120318583638
-4.73293838760924
-4.35254041889968
-9.21749948170418
-3.19658924126572
-3.18534971046995
-4.79515211345993
-4.83958505339818
-0.834115522012507
0.786832947109072
-1.59884634806722
0.91898047574655
2.14961558411893
8.62463266298242
9.09395409317084
6.56320461318693
10.1892195938724
4.87555389405912
1.44726458447913
4.37189056233618
6.84756871542841
2.43008947428617
-3.38529621523718
-7.19435906651664
-2.99094157724276
-3.36749477088172
-4.19685554762955
0.373190501170094
-7.30340314593165
3.29981322914439
2.57585187762775
2.6302741780133
1.18329116570751
0.194490330669764
0.0241597190524496
3.71095432816433
-0.828440652093061
1.8974602484528
-4.37579220783637
5.52865923904463
-0.262517474752936
0.263405773712111
-0.387219536153042
2.48880559364601
-2.98894595786981
-7.97597510127655
0.945838699244886
-1.05939422747504
1.08277197931564
4.95158281258782
1.50075241359418
5.35736646827142
1.01565202830294
8.1887359848759
5.82442498482646
13.6263491417659
-0.84666706279797
3.35820692349461
3.8815464722149
-1.04581645541249
6.14605678297997
-7.7258682403357
0.973203071518297
-11.0814810167159
-4.27288037222155
-5.1083563558765
-2.1726005066554
-8.07957559323117
-2.38637246988314
-6.98493213408873
-5.44203794206168
0.373173556148046
-0.00303898565726249
4.45050948356711
4.17401738323872
-2.88487859966289
2.9833226641085
6.66353147915508
6.59018707112277
6.49242618724197
6.20832416222093
0.543324616863122
2.58197965204285
-0.198050711097608
-1.8069384459024
-0.981037665145772
-3.25092437034506
-3.004212307845
4.14951846062843
4.1954748152366
-3.29210436653114
-3.94085886724352
5.9848488556535
4.52556441804886
3.34298968786993
2.04952737292071
2.43208694995348
3.53393620114291
-4.12594839590556
1.86049651163965
0.111085973467432
-6.81146470324031
-2.03895788748135
-6.28390630613536
-9.64774946177442
-10.9629199337244
-6.74363991704858
-5.28041032253448
-6.50840363054304
-2.60633907086641
1.6091124636364
-1.66951934919568
2.00214537356323
4.05702624593559
1.57829654372754
6.9364073006868
5.51188929848367
6.09188496724927
4.06093391148405
2.62621388993766
13.542382169643
0.326766501491714
0.471231688067049
-2.13804046951799
-1.4343603445641
-6.38198216057327
-5.45770523681735
-4.75098670436438
-7.46982416608521
-1.10057919776991
1.81120289498207
0.0752366549083519
4.24510826949424
-1.29900678926301
-0.30091970834966
1.80241722871249
0.688011495788056
-1.1679503533753
0.539870854630303
2.0696330367848
-2.64520493440889
-2.31031960224793
-4.45549361930814
-9.14171828555621
-5.52815261067196
-11.172620715337
-4.88807361096109
-3.01316337461596
-0.660268865674792
-2.15253682221697
-0.4208472071911
2.54188066896132
1.50013891285323
2.71975497127945
11.5549650431208
13.4711712328375
6.4434865217117
7.33283963524179
6.89281120510978
0.328867927632398
4.27733633344373
2.9564555405512
-4.78293920969251
-4.92280887112059
-2.02685911786224
-5.29976724967222
-1.07158529365551
0.217754994707914
-8.23359726384422
-6.55212020857714
-4.48084534462521
-2.65243613585762
-2.54224351939765
-2.38223182938068
0.209190353990818
2.9184165601728
2.24468107078178
3.69795371493189
-5.2553715266204
-3.6094423149692
-2.68573305645055
-2.80440932784141
-7.65444253780472
-3.0645412487175
1.26111695365316
-0.948491392586298
-4.10353517778472
-6.11617520525853
0.307149430148263
2.02142798533817
3.22334273637973
-3.78457490394827
9.06923157355187
6.45753386993941
4.72645696748944
5.62149929634184
11.2760637590093
6.26844016713472
2.55148969506739
2.88487355843507
-6.0144195977653
-2.05285717257808
-2.94501132372081
-1.32850947563465
-8.16126301475948
2.6646530181575
-7.19412317313437
-5.63341412230392
-1.15120345383213
0.0614707663902387
-7.02537310025293
-0.600473125174394
2.16672822781854
-0.307665215482309
1.9804321557886
4.06804329269631
10.2781714434918
-0.714558935649046
-2.0715294438766
2.99611550388636
2.6720065196085
-3.56444712421405
-1.01665438886922
-2.37067389205937
-3.1573624588784
0.482788920788758
-0.954155645055475
0.238273723661188
3.37620069997142
3.7918406003173
-1.12093161216281
-1.17449049123579
4.84515704850947
2.70248391932692
6.47088064803363
2.77490454903326
8.01278479081976
4.88138645072141
1.19374074501517
-3.85481945193104
-0.950241565766735
-0.813827951239638
-7.53794566611887
-0.169793018747177
-10.141271584282
-7.54340580008425
-2.13210220520726
-9.1979365698769
-7.98214081540184
-0.572452496165957
1.68300751826573
-3.78855144802688
2.27582251444087
2.36681476432166
7.46713891346782
4.93855558321897
7.68001019055975
2.931776661482
6.66022634931243
5.60648363919181
4.13775303922018
2.69788289645565
3.5043482854144
-4.91225864023728
1.10903190291056
-0.250993870266186
-6.01057416234556
-6.48893339321602
0.798069109313973
2.65778842550493
-1.02136042325714
6.66148285018688
1.31952623060923
1.16913124618547
-3.64852087901334
0.320030077900117
1.95759611727379
2.11338913034839
4.19364989890015
1.31779271805484
-7.17984496352004
-5.31360876800134
-3.11265302658062
-2.48232419347484
-4.87339970022489
-5.59361457572685
-3.93595896731887
-5.75007565623265
-1.63558047216022
-4.01358869279407
5.62283986795588
3.8345007519033
4.50948629784873
6.42360464819833
4.93153764069326
4.96306277302102
2.69036470633793
7.99182785747098
2.62822204899048
-3.5106221124101
4.80320601759708
-0.166262109481564
-4.03905019715058
1.03847933136381
-8.59509459290042
-4.6285072481897
-7.20057972958104
-1.59484874556775
-2.85591528338552
-2.16691451879286
-0.709449071373285
-2.09845017249024
-3.94611872015892
7.19643856011873
1.79647728699077
-1.52846657198965
-2.21879213548976
0.260249854368266
2.42069709512085
-0.438480935275208
-1.56236115818985
-3.26066368638681
-2.50569396997052
-6.66602136194092
-1.18207227651221
-6.29392121569475
-3.94357273841494
-0.29994874282489
-3.81414301777797
3.14862532045668
4.51824210361303
2.73719223830553
5.69577161905894
8.19335188149292
6.44507345476232
8.46510419194334
7.94074270173192
5.1400607576654
-1.34191777214743
3.79095458667102
-2.14686253307704
-2.54728616154106
-1.55460783461843
-8.50866298929729
-2.28133310401343
-3.41881040544724
-3.51313719787549
-3.30527609992435
-5.98133378485173
-3.68465531977125
4.89722076096216
-2.16188499759973
-2.73121012945145
4.3478814516878
6.33849582013016
3.36992415713784
2.82332352771847
-0.94770188643464
2.58992729647634
5.57452332606522
2.63770450965306
-5.70197075277385
-2.2245485502261
4.06657055088933
-11.7036319105957
-3.11620523004431
-2.98796096620658
3.75958171958604
-4.85173491664558
-0.116267735950166
4.32810269283189
4.18273977667688
3.3904340706333
5.06372220484444
6.45711752451788
-1.14994880021484
5.61028764107517
-0.545004000801827
-0.299765646543096
-4.20133308036067
-0.492450854632878
-3.08260851290123
-1.01502887136361
-4.63847132455911
-6.97744164226203
-4.41252263446218
-5.38639100469761
-5.03433306136162
-1.37689528677228
-2.16437375197406
-2.07970833823452
0.92721564963548
-0.0548116328752228
-0.31210554113037
6.15533269577632
6.44271903616428
5.90934239204393
9.20342495915352
5.3516822719968
-3.47362437210904
7.0890199967761
-1.00099832076363
-1.04757765175475
2.88949780609327
-0.817282114107474
0.503252447077102
-3.1032991537264
-2.48829135978156
3.43896549385435
-1.70440939008816
0.914073208454878
0.339032304485459
5.54981201319052
-1.44577672391578
5.37989450229645
-0.124490220958493
-1.20099902260091
2.13235061585692
-0.964339829076494
-4.34930676399008
-10.6056333120906
-2.21075435432276
-4.91321663355038
-7.9403092962142
-0.234396892396966
-7.79250645634367
-6.14059212795453
3.67150443528969
-3.63244169084062
1.82057614811992
2.82047328366576
3.9679208890583
5.6269933087029
4.59790421957196
5.40403789687202
8.71921761835712
6.84369148435735
8.04595315708287
4.68647750077866
11.412293672366
1.01172553535287
2.50262619588025
1.84952834888496
1.35474997689444
-1.94345131607905
-6.95473794609419
-1.40763692914382
-1.99544389500304
-8.90561399675573
-5.14640445786382
0.72259959201667
0.0655674660749566
2.42406866096608
8.0832814210059
2.75382413102331
-1.13501465090309
-1.31951960375333
0.170520990253397
1.33554668679396
-0.0357537409913543
1.02538743625428
-1.36126641088622
-0.507988836920844
-5.42728440087346
-2.73546266470366
-0.0506441776665731
4.52565978882946
-1.08518390380615
-1.22906435119811
1.33079126203264
2.97928610834741
2.39838428354862
2.27418448427642
2.42908783871599
6.92700086410241
6.72895259380511
-0.56753003671561
9.03572214741162
0.451355707716085
-1.08074825706166
-3.62631631317673
-3.31653985167994
-9.04947317643105
-7.1917329381315
-7.62345034848438
-2.76522605559045
-2.92772971695108
-10.2327642603728
0.833663319491208
-3.07062769460207
-4.41153191698496
-5.085222300751
0.444561196973721
-2.99260470131941
-0.851328586619846
9.49613746945061
1.80884750494371
4.55006793377822
0.673285496834796
-3.61222237537305
5.23431951321053
2.84252318866874
-1.88005310513127
-5.08721090455109
-3.18869625945886
-4.11959230838972
-1.37176474666374
1.02085627594538
1.59783230921308
1.88678142604655
0.0204715740040888
0.429861772128227
2.08433543086175
7.43829525645683
-3.89392276019444
2.23879143644641
6.78543952034759
-4.33811103889049
0.877601082022801
3.04878916484823
1.24226453589574
-3.0292229985767
-4.19015087540947
-3.42633625318092
-8.45451392149609
0.0857172177232286
-7.51733876422318
-6.07545124341935
-3.67457911503014
-2.98710420182508
-5.61529744303384
5.24301334694998
-1.58446877652895
1.25199070568686
2.24587584949586
5.87160763298716
5.34275877814961
8.95866682750276
4.25043597568659
2.61459656409175
1.1074442472394
3.81052051874265
-0.0799782997283224
-1.28009457812714
1.2918154235725
2.40486186737491
-0.715642303351143
0.362366729610628
-1.05499825609058
2.67281599549878
2.1812216581389
3.69253268429823
2.913146527182
4.69759733411772
2.40766073033374
0.210358343558602
-2.18987267090885
2.55053444950548
0.786299497850609
-0.701016800981271
-0.848669674310431
-6.77528468758585
-3.93844959746941
-5.03967268169834
-8.61440800137305
-10.2522781083966
-8.7389774219191
-8.31931891812142
0.715882969378708
3.59785533396017
6.65280785333993
1.47017213372444
1.18523975364979
5.98883755588112
7.16897281846154
7.74059358855406
9.0418523749402
9.61343014397994
4.28884610112614
-0.0686316131659761
0.816924261858626
-2.59207202736623
-1.13016966846086
0.34120755747085
0.974552017912822
-4.22337134151399
-0.586696097844445
-4.55049581507458
-9.84886603843631
1.35149573187836
-1.34864439462604
0.951147840812498
-4.46256161186509
1.01881314470237
6.3384048159644
2.77741254548346
0.289013470367782
0.873971195381524
5.32746657421507
0.0203756646994221
-4.10586943581382
0.590341241638596
-3.1882339326049
-2.87386101788633
-0.0237454057456876
-3.53353590879222
-2.87031512066382
-5.42179352903033
0.293175405028701
-1.38433388776416
3.85036692690477
2.93137108759576
8.13457710108636
4.92957641233832
5.53536525462525
4.3509350840695
6.56443480411666
12.7094139182384
1.15164158306028
4.33070208683644
-0.867671146165523
1.42016140009872
-6.12565495985312
-2.4630047515977
-3.82700594389957
-3.89577581831435
1.61436788029093
-5.79935621117176
-8.31152283720967
-6.75098305398965
3.15946217309221
3.03997892377915
-3.76102294000588
4.50481556089792
2.85459547337774
-1.0645582909747
-0.384357551965145
3.35856841947087
3.0315793499958
4.12172107248108
-2.77079224920526
-5.88749181713099
0.960725176331693
-2.99633551654883
-2.95689697606034
1.06887242103856
5.09147179971527
1.18425341138606
-3.78592499789691
1.22364875567826
-3.13163580165696
2.11053238182957
-1.31182353867908
-0.0384470201917546
0.407524366490263
0.36391183219591
4.98641505105963
-1.30138112822711
1.04836385278557
-0.107237425294759
-5.27825710856922
-2.20708909262276
-4.03888629816136
-5.9140291821751
-4.03940514081326
-5.57328752242779
-4.29293909842488
-9.87068702334822
-4.76479216234807
-8.66141468066431
3.5842094840765
2.90715605433176
0.734861037775314
3.56111581392756
-1.40714414061477
8.2032837358175
0.763423828078486
-0.509735067858715
0.919530139175815
2.64648123295012
2.28326616756656
-0.861123613198353
-0.809928924761908
-0.75489544884361
-6.15334053542669
1.26288903772493
0.864541564769291
-2.78368752542126
-1.54314932510443
-1.33714650775729
4.94409876356364
0.700923693968812
3.21363664801279
9.20931694657309
2.58026951173262
-1.13466533924385
6.02009346017671
5.47175666847148
-0.256874610418529
0.179001652953881
-2.30747538332873
-5.49663441381742
1.1108325177091
-8.98659128505499
-1.90390592399905
-5.30611833386636
-3.54307189289113
-2.69850462207139
-0.49867576134482
-1.31510326103685
-0.864354838155379
0.131781755263435
3.27098316005127
7.26816560505277
3.84816563350003
6.33773892848631
4.31690819540035
9.81460224054276
-0.947146358529004
4.50241330615678
2.28571938086818
-6.51700217856505
-1.59614488683211
-1.22136602215637
-5.13592427275476
-8.31890418784498
-4.07499578275943
-3.40593092242631
-3.86149501527552
-2.85445692018188
-1.9104565814712
-4.41330224505733
-0.164011492499902
-1.34066847606923
2.87943084711088
1.31209455981581
3.45954254954448
-2.79983378651553
-2.72730731928827
-2.47293480433226
0.657159712020309
-0.230568761782284
-8.39710824242667
-5.03110491023235
-2.96839725816572
2.67449596473048
0.322851158563121
1.86580546380051
-1.90187183035572
1.99376943838084
1.89488826517333
3.27986137676794
7.39019930093116
4.88819710870555
0.851477742102595
9.13353194912156
4.26970986985819
8.89528017480759
2.44106898456419
-1.04758998736768
4.07600956898837
3.8376885061506
-8.35108567613003
-3.43237444747231
-1.29948748326169
-8.15070721932495
-2.16267129988733
-1.44557992251222
-0.721597680949801
-2.43642052837766
-3.67769975938464
-2.54137967850485
-2.74917061771582
-1.10359812892643
2.48755518381524
2.68646976394798
7.62018854024788
1.89924813387911
0.150886202057671
9.73356252848562
2.63326657108709
0.123107954591933
3.63645172986956
-0.313284345947939
6.21147707667412
-0.208860390851879
4.34052522640694
1.14451792548496
4.54221926366772
4.59528852842177
0.302549603441193
6.75199287376403
3.8158832876702
-3.05541410622079
5.84192917925129
4.28147053729286
1.53167258699855
0.65034519899678
-2.02569417850174
1.89423933952582
-2.37092727225161
-2.83761070002139
-3.18995157657281
-5.24003783178339
-7.37257781834359
-9.27159265073376
-5.91226144476933
-0.330942924335114
-6.24439196696776
1.70876344918753
0.862746207932742
-0.0842469297890336
-0.753611319292484
1.88863991835505
6.05005141446815
10.0024947778276
5.21060103371618
7.34648974055817
5.01705943199334
2.26247585307553
5.66385996558093
-0.615879909206269
0.989539086389002
-3.38531571125492
-3.22179413601754
-5.66240535173039
-4.46593355648878
-2.20572061825803
-0.439472705461322
1.42621229213378
-2.87343127043975
2.04125691406645
-1.39375338320262
1.55640149549791
0.0959049725666907
5.90239712007486
4.20789029952234
-0.704487196633668
-2.59053778352372
1.36132790691095
5.6985003544103
-6.08945198829191
-2.94338678664961
-0.86320103271296
-1.74268734354073
-3.47929823632461
-2.38600308968028
-5.80395223899242
-6.12490051129882
-6.12977070880929
-3.42522752811631
1.03405445675245
-0.30935236443948
-1.13279315632361
4.44710498282669
2.99628721702934
4.67018183871197
6.21095665415114
6.52224338779102
10.0513147672499
1.56734401057526
-0.228279028823929
-2.08229372490006
-1.41096186940239
-7.46114732687741
-4.36532559953038
-4.30650469058611
-2.33268064512626
-9.20215773379062
-2.02895630206423
-0.00215292015840873
-0.812950935334705
2.16986349864707
0.3972539450461
2.00336911475078
1.30794257707295
5.27666372653558
-2.63929602728525
2.00971421517976
2.13132227217166
-6.34020296713087
-3.13616824335365
-3.0396435093484
-4.45645064369134
0.386887342170527
-1.554489832067
-0.654388717274781
-6.76741081095535
-1.14069717978105
0.431069274895695
2.07204809477828
1.82628617213746
5.22739452928404
0.883279657747488
2.6228028552212
5.28972203044078
8.12356891158874
4.64699026996557
-0.53006382809543
-1.51907358959554
3.10796943893463
-8.06478287658121
-3.28028178835707
-4.20193058151461
-3.18240940345917
-3.85522932289718
-2.75567287389352
-6.04407089282352
-1.84882896624377
-2.58678849916976
-3.40078179757876
-1.61679531949477
4.4295490956075
1.63585154426972
4.71796098561572
1.397333343275
0.151225067567064
4.31522965287136
5.20856650548668
3.27661662380905
3.93597571008589
4.89051004375539
0.0354716565946912
0.964199296532726
-0.0686285849604777
-1.58128322052528
-2.71702373080683
2.55352963722155
-1.50983353450517
-4.10294436961736
0.919653129433693
9.6502886938665
0.463020676438683
4.92563319631279
6.58982268012377
1.26267247729163
6.42226908372937
-2.91757154034601
1.94536630711395
-2.80598545024391
0.90862297104638
-2.71143993570844
-1.72988705074893
-7.49641992576585
-10.1244261160539
-10.4129787015557
-5.54340263408006
-0.406505674207931
-2.97671880113063
0.239753019278366
-0.285204602156695
2.73705344802253
1.72909426960965
5.29604193111456
6.84667540131087
1.38939257134978
7.32091215907967
3.62491996821105
-0.306904420895408
1.23851527608105
1.36589560203187
4.16583078058597
-2.36475832747346
0.653855151159779
-4.68255641937026
0.637723618307251
2.96497590655748
0.153193435010195
0.107650821719526
-2.98630538536216
-1.54420339134495
-0.380406900809995
0.793900087135146
-1.77008820240006
2.37569175970618
6.91324323186576
-1.83172727625674
-0.406671051614476
-0.180272824178406
-0.166910370709741
-0.136686449837163
-3.60061000631638
-2.0214753810118
-5.58649812331383
-0.672542350103975
-6.47439692569987
-1.30743067091882
-3.67288812235637
-5.93622546924126
-2.24216954340741
0.311434033652192
0.240527871666025
-2.18027211640635
-1.97955396004747
-5.50809972372716
-3.58461357284604
1.04945578727843
5.14319275902108
1.81186738883101
5.5388080810639
3.49797736202972
-0.671942733363114
-3.0369431874367
-3.37328186674466
-5.34450781999149
-1.36588936891972
-2.82115564864358
-4.48445099903554
3.83253873844178
-2.46379579948444
2.22103407515835
5.576383864307
2.83478455744293
4.1343391457255
-1.62255969921622
2.81244598225946
-10.588206877584
-1.19169472321959
-5.60717312699922
-2.1711619817575
-3.84170198510984
5.54238205132547
4.09423783496916
8.73469538945981
3.466523528065
2.6849656825217
4.06063183510304
1.40253550583638
-6.49611322383612
2.99110385163146
-6.81362958832652
-6.19658456974339
3.23750667002962
3.9762472746855
9.04457335602307
6.66996441094147
7.36395605030625
0.509820681154937
-0.856953832951128
-3.40795746776595
-0.405449540471114
-5.73196476529653
-1.20120447071765
-2.0593673456881
-0.836195753001632
6.96589472385698
4.09395048065835
5.03869414500102
2.74603895189778
6.33826969648791
0.147073208943038
-7.70044941073901
-5.1307121760765
-2.34270120995118
2.25274379636709
-0.0567954401804376
4.43482977718819
3.78320561106154
4.46992423069896
6.24371000227195
1.21051493386239
2.88744912974294
-2.41617806880423
-7.14366678145339
-5.13280861753705
-9.52703468330482
-5.17875542026712
-2.43126949890226
-1.35862739600827
2.71797257079246
1.25608363343691
5.10666883827365
-0.866339718519064
-1.58407085202013
4.21741467029657
0.555651700469892
-6.04225090451234
-7.57275831102721
-3.41309413784232
-2.7058351580074
-0.832085236889657
-0.744039677636111
3.42763641512707
3.45703545516741
13.3335867780302
2.52963274998481
3.25522128911003
-5.07938193059833
0.364821119675948
-2.59731991453248
-2.38866365911244
2.40737370742513
-4.40683264807175
2.07875197037546
5.80822603179883
2.24885698229219
2.17446073569313
5.80709387809608
-0.767169762908825
-2.13074668967459
-9.01722779995119
-0.179024624664983
-5.69312556342277
-4.64220015572277
0.921980404108214
2.02893244937553
2.24140962766083
3.71725980623767
6.599560413237
2.0593148910583
-3.45699434090708
-7.65083832418978
-1.30857365837121
-8.19746140620459
-2.59427146826064
-1.14795997724348
6.25834396718753
0.320014972983765
1.45302850187453
4.95421263963255
6.54747243955255
5.94191850525605
-1.47693302383467
-2.52857179389469
-3.72734364738532
-9.29249984759226
-4.31604514165021
-8.33276777620183
1.26099472939524
3.07600142639931
6.51989403955278
5.75992465735795
1.86964023643791
4.25376525762592
-2.96437930028246
-1.34316573017097
-3.9760678194996
-5.46648206686688
-6.07050465779494
0.86808828904539
-1.38188701315869
6.16326033823401
10.1713593257255
8.3756323331963
5.77459269183426
2.37243492207239
-4.03380197367595
-5.86739818404975
-10.9160434032862
-5.63825266944975
-10.7011517596762
0.83153694388589
-2.91632830314877
2.28458548150813
4.26525600415153
4.85213011889759
-1.1278353837815
1.20125886569978
-3.52449540946394
0.930960562038654
-7.96727106692305
-1.98825323209925
-0.572026010901258
-3.27800745341422
3.0085227390728
4.51434702122811
-1.14914240829215
11.7572632046653
4.66717796660318
5.87857832287811
-1.29081360490814
0.705239179027169
-2.77287925037044
-6.10107563434139
-4.52521468867069
-2.35701944680216
2.30664238351524
2.26991465918078
2.19852236911199
6.39063979124078
2.31227495296236
4.39840324553198
-5.96660649901464
-1.37031005791118
-5.09384965349817
-9.81210168886167
-5.92033713959449
-4.57983563642254
0.0987721578986526
8.09984064644514
3.36839259691455
3.9691812939021
4.53760379929817
-1.30076262180134
3.17331558386172
-5.95420762384215
-3.33562026971101
-3.46792062929012
-3.65852307650123
-5.41646596444301
2.04285484693943
2.04160930835342
1.00004450632455
9.63794297256862
5.45294483993087
2.06329161960822
-3.88811654734693
-2.49929363823482
-8.3025979213117
-4.99740659467005
-8.75170897693434
-9.12560887408437
-5.30747518633422
-3.08414435564554
5.83762417576559
5.24921959775107
8.88420445486992
2.64186585164278
4.35422963328031
0.492599496112964
1.26253694656412
2.00833915905099
-0.26746397212706
2.14550483426261
3.37815398247133
-0.417472915832745
-0.525428402936477
-5.891165826026
-2.41129337275107
1.7467995579247
-4.43556497192905
7.6354176435885
4.06188659277715
0.467154302461737
-4.41775192757643
-1.41280502614709
-0.63461105872104
-7.59145927081439
-7.68916653990874
-3.68354556088208
3.37133424361246
1.73888948835298
4.32550038455239
6.7261608513493
11.5026072405992
14.3089489881036
1.6035423255642
1.28391101573448
2.9642641067778
4.13663323966877
-4.07630740416555
-4.06134871301693
-6.57366331864327
-10.5364822101123
-13.2367248167748
-3.83861444957953
-3.1560140978177
-2.89198679281817
1.44838911494494
4.62409555662475
5.0407089296598
8.55187831541549
6.29819630178391
6.82081062465945
2.93534749968013
2.07881800397616
-0.934788408671119
-0.896202628561573
-3.87355918754473
-0.188212296219943
-0.11574827725172
0.328307692890707
-4.9194189014177
0.386521992183661
-6.18356165842678
-1.32003608282644
1.16222239670103
-3.54172529798695
-2.16586732866579
-0.43222316808741
3.03976995231086
-4.86288094319115
-5.60601625269812
-6.31056793680823
-3.07889089392907
-1.55578038366361
-0.284913734038667
-1.88166739696949
3.91300259338264
10.965157742026
5.66425433451037
4.65317897172634
10.5102913954657
0.601899390280186
-1.35534907983501
-5.79114330147184
-9.44265408896151
-7.30032690492772
-8.11239324546493
-8.37794034355691
-9.77555261465607
-3.4028757790966
-5.88929941345256
3.51621038804358
2.98903174350994
4.63107340991222
6.46149100509137
7.1101912506
8.71166165787659
8.83306547687203
6.67401284174284
4.928993562454
-3.77524914773925
-1.15310423802919
-6.92752655797314
-7.17459724468626
-5.29754971324975
-1.98797355054117
-2.75523788050793
-2.6164826900824
-4.94700353755666
1.25057020982348
-0.638782510446577
-2.11307370002945
-6.30625998826527
0.932694001790639
-2.68886335828943
-9.06058004769556
-4.48489508216371
-0.651087183912402
0.873747240271095
6.46864479583991
6.98509442947698
8.0641686343354
1.70640809478315
9.15533246029652
4.31411666129165
0.266639130530429
1.38655825407889
-4.17621957938035
-6.94951394664238
-9.19687137364228
-13.2474907173355
-10.0117677252845
-6.63842438032808
-6.19883360188837
-3.25128956260661
-0.28767244903536
7.12538031110501
1.35478806631597
12.8214843539806
11.5410598444431
6.36551020982321
10.9614911980347
2.5815839533289
2.03552210215926
6.65422272409828
-4.39169867020721
-2.68743416159044
-4.07594835564702
-2.9684171510635
-2.89634362990535
-2.79865233152469
-6.96287831845606
-2.70023673356901
2.17435351752271
-0.453886061660864
-1.62269644782082
-0.0479222885610346
4.40126876233747
2.58944468156288
0.571784413293862
0.102882030109566
0.00506325840977789
-4.64496996158897
3.39409780424361
5.61624457702269
3.89696486640363
8.68959096648896
7.50379352163526
5.16858917175303
8.61754547250608
4.94461140869921
-2.35173197268783
-3.8753031865407
-5.04672125564441
-7.95610260035288
-8.96135292564555
-10.2566129269548
-6.32456890721286
-6.74105846326419
-5.19982556625557
-0.229282758193847
-0.777272406020682
8.22626590312952
9.21692647918325
8.16145224780942
8.54593766352552
8.9559398735096
2.3928158562769
0.716353294661668
2.41212457830965
-2.16281607372636
-4.47412490102034
-7.89695499575177
1.73060883408875
-6.41533376589494
-5.66014352685588
-3.87419558581186
3.14590233553397
-2.18442920324925
1.52103352745426
3.18789843908199
2.94663765275945
2.96121378680941
-2.68870174473013
-0.256707346711031
-6.27114310376948
-3.3949662908995
5.67738219563717
1.8779382439945
2.26533446067668
3.95590488696202
6.15390166947169
7.89635472846206
-1.71358710245066
4.98810965232496
0.152114120932959
1.58600585759165
-3.25373468030421
-2.62931395612782
-8.45225893127833
-9.94985376975677
-9.18984352753051
-3.47597876142704
-4.93024743516054
1.73865434749202
3.23168806830495
10.4171315826436
8.73957257956106
12.7868079245642
6.69070246239374
4.14629451397348
10.5453888522219
4.27780515649008
3.19668817413461
-3.13773945493875
-3.07642271602047
-5.98736335659956
-5.83637778606978
-4.12990496431426
-6.86299075542783
1.36164675274894
-5.22120233813001
2.4745947755398
2.96405407001275
0.458868410302753
0.237225913806078
5.36523606198165
3.88410651363202
3.58443901558212
1.77724279446996
-0.382729668301377
2.82270426099282
-2.5328796289613
0.269061392712061
0.785695318059708
6.23912136906217
1.16986821132708
7.24741763002083
1.14462571616119
0.662288945749615
-5.85556835292287
-1.82452215634258
-4.7269144468649
-0.924689883824692
-7.45668507784987
-6.35539177029695
-8.40070041010536
-5.15863104801269
-8.21983811756468
1.02654251992112
0.242132543599133
5.45797199118493
12.7025032106382
7.76936921198169
11.6124419406268
9.08812908533708
4.61122510851377
2.18205729910117
1.30957164497896
-0.10055529865723
-6.57552132623683
-6.34346934862014
-3.59898331191138
-4.4515405019257
-4.42554358433962
-2.08596107087935
1.40061708355363
-2.80170418595376
3.06808638735079
2.0124154154587
6.34412204864978
7.63629546792346
5.47155629554834
3.58833863881908
1.09949777653478
5.15767720006474
0.254419439601432
-4.050585824034
-4.39565132592378
2.74284798608465
4.17896176551067
1.4313044791429
-1.27811577748335
-3.83847690493662
8.03746365719086
0.515182220850298
-5.18405424228418
-1.94781436782499
-3.51929651548588
-1.35946003680987
-3.47458847830872
-3.5294442379966
-1.35216706625418
-2.22309295111436
0.0115655214737131
4.59066791967176
7.60503519112279
7.36443026426749
9.97594340477697
3.48312886935536
8.87545588207477
2.45155220483374
2.50519489816047
-3.04578960613073
-4.48840611511644
-5.63158617034262
-10.525484002914
-4.39884956769315
-10.5369974291305
-5.84165952150829
-5.08751622356937
2.01281409010371
-2.49256171649157
7.50229330764112
3.83866254181266
8.31306446929115
4.02202513353724
3.93947181100561
2.61693650056163
1.26699573074219
-3.58793065582865
1.17048157768826
-0.714465886555423
-0.739671046405076
3.43872032027765
-2.39935799922558
-2.90501469159293
-5.68624840985925
-2.74942085078672
-1.5529054916467
-4.86886705492361
-0.166050118252644
-1.70619966791093
-2.66867961319069
-1.45300971141315
-2.12211141237944
-5.69483677972536
-0.428082198063677
-1.48740816666224
7.23536933213384
8.11621256457835
0.235824475823263
5.91734336591544
4.94228407529941
4.97693557668591
8.05164262555185
3.21061877666348
3.18428425977351
-3.27066442003751
-8.11032762677621
-3.86679167895417
-9.37202786273615
-10.2609102271368
-6.63027986814918
-4.26490676094606
0.196105995701988
-2.56657778493161
6.62945644849212
1.03943608211482
6.85777289662494
6.54502753252384
8.1285867447727
5.50349902732203
2.89613048885244
1.23285175591752
-2.128177442683
0.625470272017764
-3.38784676008541
-1.1596482906683
1.26879183250077
-1.14589711093545
-0.973005902116259
-2.87521317102075
1.3434424777436
-10.0798817691669
-2.87047958530047
1.01645528075284
-3.10694909199227
0.930334937668063
0.0311910638270287
-2.12339418977316
4.21267226156616
6.51770832915757
1.8080379831303
3.09729389722907
5.30027454358091
1.53267314520307
6.42851114904239
3.43208435330377
10.2833970355224
-1.9076320140695
3.30205924060729
-1.63159566717573
-7.63769303672283
-6.31351274172333
-10.4211956140849
-11.706982318997
-6.79665366304191
-6.2823836979672
-4.51316789693756
-1.46652546948629
6.11657261831588
6.6629823060257
6.74142752487753
8.18898775608136
10.7818232324486
7.1992072112343
4.08163661157918
4.2625642351779
0.409002876866532
0.147091603930026
-3.35924204266424
-9.5663311670966
-6.17035149439398
-0.1227890908632
-3.92641207242157
-4.45036045874694
-3.91780251074422
3.29386627706397
1.60803518815257
1.37983609037035
-2.37997625960336
-6.1290189414639
0.947358863387807
0.4501430026381
1.246294229291
0.71601632230394
-1.91506504447108
-1.67746298654673
6.25821000673952
5.33372488119231
10.134247085152
8.64101314098023
1.36305698014165
7.33742600271001
8.0186389639956
-3.76656585802834
0.901687457778752
-2.58817897102646
-6.74070683771664
-6.66171732565711
-9.27988651789444
-9.09822522042737
-4.32956787007717
-6.18802436346392
-2.54862395649441
1.36946986990759
4.32202922099137
7.81489418509733
5.42867524058072
12.1055651437163
3.9192712778866
8.71973179321705
-1.0667710177218
-0.795292239757926
-3.16738284757662
-1.82244415881979
-4.77960934924779
-2.65733633497601
-10.3878834535211
-3.73531600292162
0.466086763691706
-3.11383259474886
-3.85399409796978
-1.37564332808002
-3.78582225517549
-2.23015362706662
-0.718495875813699
-1.3897283370612
-0.0714946827068035
-1.28443882170243
-2.66368516632562
3.53139120132236
2.85497383263214
-2.46389229509535
4.05995531579411
8.15681328298985
4.29589228963895
4.13236591052012
10.0898116460645
3.17984727096069
-1.68792340270931
1.2939466794317
-6.04084962530915
-8.67468537131942
-10.0031439719381
0.737815708050206
-8.80270984279446
-1.32581293146737
0.967866212979497
3.68179547192346
1.63677269846395
6.07198041154173
12.3536168442554
10.9964717553343
10.3509356334798
4.12993953753976
5.19947443755873
3.70819198749598
-1.81492460947582
-4.16454718637287
-8.94127813150884
-10.0839148397412
-6.38354143426514
-7.3091038092407
-8.11721560593949
1.73027942905359
-0.610915393901158
2.98602267720046
-0.447965160648433
5.61460272287074
1.76268928466367
1.39905931474287
0.68999942591434
1.56725461771046
0.569703083827305
-1.24449278588626
0.948149868032223
1.59785659804037
0.345887410132152
1.81997060460824
7.13295753805807
3.48675408325697
10.0226685276541
1.44899997902022
-1.0240880208854
-4.43965472317893
-0.597574315138371
-6.00913232044801
-5.06776136587392
-12.0768685621141
-5.16719824171222
-8.45493410280491
0.128143622918758
-6.85602413577052
4.59952472773378
3.48641471138205
8.32861522428699
4.78494492515462
8.85976343944541
9.0501531767386
7.56801893065795
2.86208940245272
-0.631054140899147
-0.407331765256396
-7.65012070082916
-2.69849481012578
-3.54696451571692
-7.67217645132438
-7.78700710606108
2.59678487932635
-8.02719662398288
1.585880644934
-4.29466724918416
6.26543461494628
2.20479359729686
3.63735448758543
0.962073310617873
-2.51167925120465
-2.90166002083691
3.72455808468817
6.05485798686566
1.08355663439761
1.05711805568133
7.59985480517387
2.47220848480769
5.27385851196579
3.54225600009627
-1.28441254837825
-2.9418833481812
-1.82176931352159
-2.07810250215115
-7.81401303657812
-2.78927455332375
-3.46598977516934
-11.2266828850051
-9.45291188020439
-2.23852272938445
1.45648718235134
-4.09305812547916
9.31093070936028
9.32947214239219
8.18051870049792
7.46421072185164
8.83592060950707
3.70892686356441
6.12159559337436
3.18638914533375
2.11145142218359
-2.54538409557902
-7.90623316531389
-11.9050311780578
-6.81285476302939
-9.46659593081032
-2.68180850179042
-3.86291263903412
-4.43409560872991
-0.500061625247957
-2.5005258394945
-0.474009615329185
4.11185359162561
9.401660711887
4.42178378584085
6.10337497947246
1.11017778620313
-0.813243056820038
-0.977317596172374
-1.552611408127
-1.81680378739488
1.59475808130116
-2.67304618312711
4.60255990129322
3.54189538691045
0.0378938167792091
-3.0660071897675
-2.60747804438083
-4.22265312896736
-2.6417802552214
-2.96207059674542
-5.1463278413791
-8.23922036651437
-7.43071615848963
-1.04406824108734
-3.26396695074248
-0.736901564459115
4.63376255551367
8.88761484912634
9.00560818103133
4.53270509110222
3.4820260432678
3.37590044109732
4.21779141917321
-3.22305880144434
-1.85265376193392
-9.25660138047895
-7.29304627514008
-10.418271608345
-8.22801000279494
-7.66728151174936
-3.37490964990997
-4.82846487236419
0.195934066613341
-1.90565091679481
2.90476079121784
4.14437692257961
1.57173656735034
7.9059000581651
7.85604068316145
2.05983882640351
-3.31378704993779
0.316880378245298
-0.18015741174108
0.224810794100187
5.64416388735487
-5.95637673321803
2.95561280061475
-4.51676577227004
1.67859922203244
8.23876943457325
-3.41684492087666
1.18132792916999
-4.16502660356666
-2.72873111001638
-2.0635810976187
-8.2558659366964
-7.21550062140786
-0.900781553951575
-3.74332498482345
4.96143121198259
2.61308377919845
6.39690754231443
7.31815409275995
10.9222968547194
15.873683668148
6.70905376081152
7.58088244931552
6.3093013349926
3.45933304542078
3.22981426801152
-2.79974565154404
-10.3746011721472
-2.05238541741195
-8.91830461581549
-8.62955156714734
-2.62356919061357
-1.83819489992633
4.36670760946368
5.1946152963873
8.02061422497201
11.2918973099472
10.292294085982
7.17891878111286
4.90111106572652
2.46050985066683
-0.0549272937634515
-1.13539521933582
-4.2134300107802
-7.26574613804751
-5.47516689097542
-4.76272320242016
-0.261404471588523
-1.51601577957182
8.03502830009217
0.184306018308783
-0.92442986453511
1.30917747772067
-3.97250206130678
-3.13488593306161
-5.80305887225786
0.477519235080333
1.11582401559462
-5.2769373029255
-2.18045767169348
2.91429674645115
2.35653536392903
3.70917436096383
-0.0891895329300532
8.76579349661231
7.23484118344665
2.71331236351629
3.61539603137574
0.0340391166361258
2.02068740851686
-3.02780075135279
-7.66041945620498
-7.68388423117127
-6.564200377413
-9.21361030352182
-7.3154301742412
-5.53139101915376
1.046008154303
4.25756211093411
5.01829769822105
6.50645565030251
7.52830949543538
-5.55202505047932
-1.90593463915699
3.74652548856202
3.56684905849941
7.77447638815915
5.78066713829039
-0.549971811216134
3.41056231435467
-3.93093595042033
-5.39485577371137
-1.9070919746646
-9.87828402927142
-1.12561779799733
4.03929226568147
2.23951479821571
0.696195153057785
0.995277066668355
6.01397870280153
7.45718189929584
-2.45249974412609
-4.44292739315359
-0.886652328492511
-5.45755034221206
-0.414595173937736
-2.92606068543361
0.836465105002299
3.78673266200605
4.60290828261131
2.51953582668451
2.811718902758
3.73190053509928
0.933378368169464
0.214996629827704
-1.4223796380708
-2.69861663565333
-3.9403427687805
-5.76175280552827
-5.09689650419576
3.72546554122298
6.46951085047819
-0.9717825038424
4.38905848319459
2.00717920599403
-3.97149565577405
-3.80440352587682
-3.81262451639006
-8.86989444893995
-1.57871781920339
1.67607565359657
-4.03090953461431
1.3022396036184
7.6399186032026
10.0123323442665
7.25123570074124
6.88280612065929
1.37068233701647
2.11202783268809
-3.26801543448349
-6.11048072908536
-6.85154316155976
-4.00407934929046
-2.15130032685242
-0.364433226050979
6.75304394006622
9.6786313693868
4.43728522920341
-3.20017463716282
-3.05044221956735
-6.87651531133838
-3.45293510765839
-3.54231722535344
-1.1064440170322
-3.95101460991928
-3.12392767553024
3.63766306166079
9.51840925749087
4.4992613363555
5.37229898008278
7.59867442701888
0.264280798950614
-0.193730599213278
-1.4325932658
-8.49358166334549
-7.17139377357622
-5.23392896285384
1.2522459990736
5.89917836943845
6.58725491036846
3.43061482565346
10.1751696032283
5.49916029995105
-3.68667558472935
-5.15274621694368
-4.93273881146947
-4.43711534533424
-2.34239012791554
-6.51128293624657
-0.400587793149981
-0.914070806590864
3.51543712868458
0.673792431881648
8.63672995520392
5.03125329579165
-1.01615835495552
-6.95620415306941
-5.72318731937949
-1.43929764954539
-6.81872034958793
-4.8512470383977
2.76336302533473
-0.744976822758304
2.17612079583334
3.18834773360723
6.9780942965703
-0.17649522927328
2.4923345414806
-5.99811734420989
-1.83079005177124
-3.71374055642564
-7.54417504974905
0.763924223692866
0.307478024907536
5.45493993963895
2.94365981650748
8.74640182372594
5.34284633106678
-0.867844726228728
-2.8065451483436
-6.30438176757587
0.322691063380717
-6.28663615420828
0.84047878786044
-1.36195836814874
0.52194329044356
1.08850745970691
1.79963343329136
9.14507492329685
-0.00300608038797812
3.7475887848878
-2.73327348812958
-2.10506573396941
-6.01621616115599
-6.19557739472598
-7.14389795533956
-4.02100281734228
4.923817565111
9.00860431391452
8.92570799175368
5.99032785044946
5.79490101334935
0.344757199468113
-2.01032231599408
-7.28246409224235
-5.09512777452711
-7.44669708978515
-4.57081245992936
2.28735874272755
2.23693398680536
-1.1611492511544
4.4776707412939
7.34453581569643
6.96906848356681
2.37538195234114
-1.08282726738338
-1.13684259266619
-10.1468355249757
-2.6942744712069
-3.32421046234582
-4.46340731159528
5.63839254724114
0.845346699965761
2.94102474063039
6.10900687607482
6.57996761482418
3.04552867553936
6.35050588961008
-4.7641051611154
-2.26130477975539
-6.32233093895096
-3.31217483703501
-1.37685417995891
-2.1890783861089
-0.308657824049499
0.452864735300927
13.6444558990806
-1.17418767699848
-1.01671714976054
-2.82034633648052
0.918068952123978
-2.70350487994401
-7.64943991198371
-2.32145413012297
-2.73282788988496
0.243089604104632
0.614721802446637
4.18551367235006
5.86767212826778
3.98272229634684
0.665330816838581
-3.71898372113849
-4.85455212685607
-2.25862276487722
-3.73824536734486
-6.66589265706162
3.50137023020474
-1.72650126405234
-2.00866431816668
4.35278580202304
8.92803081629593
2.69819807313168
9.98965035729206
-1.5740284061349
-4.76666937659057
-4.30871567636055
-3.4304155715978
-0.324454286925717
2.74998632135668
-0.229242852626672
-3.44499142352192
-2.05904799084382
-2.95494734690665
-6.70641519958558
-5.88683750994642
-1.7141720803751
-3.01754416935671
-3.52061795120404
0.517267838507687
-1.68921940695435
1.5709939551528
-3.24676937643851
0.0214991752529337
0.598827768275017
3.78295981111232
6.06657640987398
4.11150962625071
2.50096478829568
2.37587504244886
7.28752487229004
8.1011870661815
3.64727957759164
-1.36222129787785
6.822368389267
6.00995119161177
1.91430365780054
2.20966560583971
-1.88765877566273
-1.90386093779771
1.42348686145826
1.25417270937218
1.94083816402894
-6.43667719905839
-3.77441025556618
0.00933983388798465
-7.48327332235886
-0.379021862472364
0.523624022286151
-3.0031225953743
-1.95156153921209
-0.453049041466542
-0.723818295400365
-2.3041858521829
-0.110562507968212
0.576849273173987
0.883824656208596
0.497163708604782
1.15125568052263
1.39531080311545
6.53463855710808
1.46132323632118
5.94361936906839
2.65503433860551
3.68509648933981
1.95926592009511
1.15818649968033
-2.13421565665478
-0.00979315510341427
-3.40284122419829
-4.62593909630162
-0.386357539986332
-0.202957774554467
-1.58500244878352
-5.18920271312674
-0.181587290944114
-3.85154130122977
-6.07168104014336
-1.42904092830287
0.392339845533765
-3.2075167697743
-4.57457141012805
1.86330321782111
-2.98026062960507
1.38428986924153
2.25188654404036
5.8622975646625
-0.425907851039923
5.19354229106831
4.86363627411142
-1.5536962037115
6.13067948711126
3.52976930551379
7.97253047813801
-1.30276147204676
2.62086391081904
-1.07062923281321
1.30458706167817
-2.56533807770471
-4.9126705325658
4.30468964356504
-0.250663544882491
-1.60313928196386
-4.36240425374548
-8.47583365050859
-0.442905407321701
-3.372751605357
-5.49938845253406
-1.86613372537814
-0.361532740853777
-2.75970784730355
-1.98914517902938
-4.25534872828529
2.29979057516707
-3.46786652855701
-6.97339929396524
2.89397451902579
3.91278757325331
4.01926995684721
8.92287743729665
0.652830066308264
4.00097640102435
6.51690088250168
2.79525326685949
3.70278256338302
0.189565504702089
-0.50769424270434
2.12582552845747
4.24695873019214
1.23923388565248
-0.362319020561203
-1.94943681700472
-5.38934272838426
-0.371574342932089
0.446340860724115
-7.36404492450326
-5.83720323533784
-7.30567411307288
-4.62679377724242
-0.300967124926908
0.92121858942391
-12.4456502967218
-4.86210477975943
2.44156845374259
-0.519784382795514
3.61372326269294
6.59398298018435
3.86254911095863
0.992615302738077
5.45107575543629
1.92153098417944
6.52149856610756
7.36415456291766
4.61369024548515
-2.73841175677211
-3.73597287026651
0.318470983654253
3.62606377343171
6.86119385444711
-1.26796836021074
3.95150212512254
-0.954956941625425
-1.51174233773272
-4.51187641662256
-3.66856255180019
-4.12016949018065
-6.32774410770077
-5.81734445410158
-0.221873208391843
-4.05925620670146
-1.15411783662219
0.699016771122164
-0.94699685693545
-6.05509508090024
2.05170920827979
1.75119184335989
3.95488094135604
4.8831247691017
6.87870328724563
4.99197015922181
5.19082404300975
7.97323263733181
2.49060342109158
-2.70987869242077
4.77438937693315
5.58962009472577
3.50185698571184
-0.201531780711842
-4.0590436744579
-2.97451050969529
-1.03585428715328
-4.10243210090477
-1.9473989918211
4.01474694647734
-3.66013163547037
-2.79181853575681
-6.99719172256333
-8.99311767403866
-4.25787296740919
-3.87410170130208
-2.58081250113777
-2.61992732705855
0.171395433198572
-0.0203667162837338
0.0519761343704084
1.57398384313013
0.98971382782699
1.85670508404879
4.29517318704998
-0.0578198591093173
6.45073827056127
8.8601444619829
6.47018020906612
2.75875520887172
3.68073535802895
5.60867827040244
5.76561871240664
3.62457814259057
9.42637994750929
-2.57543146083639
0.161321852153156
-1.80995798501333
-2.02302216153064
0.838074914835651
-3.21546824343213
0.289108989676051
-1.72415058827454
-7.29311120498307
-2.98089124172732
-4.41883757313255
-5.22317450598747
-7.18037204066731
-3.98657525621642
0.453255936998809
6.66048471405794
-0.492045380593687
0.733606655188062
0.379513888740874
3.32252788401282
2.03005563349956
-2.38216855534684
-2.17690364876245
9.27157956213174
7.20696208633133
7.03262832930408
3.15199316379453
-3.58519879636048
-2.80294324264946
-2.31813606041072
2.55836946279071
-1.78223999380711
-6.91092150057268
2.77770256422165
-0.378356562914664
-6.91118434253371
-5.50458964110353
-7.72797321460881
-7.76777487155572
-1.83678542964181
-3.41265100882109
1.95719112513695
-1.69874482572824
0.0805080448549009
1.31174864549446
0.368858368456746
3.01090026576461
3.50303346362341
1.27721196696788
1.67319575150929
6.62666182455082
3.46608003999499
5.61267538028507
4.50351679534865
4.25184107979637
1.32568233957809
5.67588495735037
-1.419655102059
2.00186392582512
3.84734997793634
1.05705317806306
8.94486112304013
-0.676421201156708
-0.648125589626245
-3.958564008631
-1.03456237273805
1.47084226048284
-1.31554994267711
-1.93063962186779
-1.64089365122905
0.87313139824153
7.60176543031243
-1.00354362039075
-2.47622703172603
-5.35083205720982
0.64931496442392
-0.965403389485409
2.4385517943778
7.42721189533806
3.86538182418863
2.36888587732086
6.84402962873491
2.72910673656751
3.43780009860178
0.556188194325065
6.73775782745778
-0.295941685951367
6.68012275053779
4.06478239806469
-2.27198147899276
3.08858251292718
-2.66094569250712
-2.07257232608356
-3.85242769499432
-1.74056277598934
-4.45864296697359
-5.06269527212847
-2.13236067937949
-3.98101613631339
-5.13260131203214
-1.65328587048533
-2.46322459001779
-1.96390044115103
2.16773993275567
3.37534607005925
3.53828762280753
-0.8976016440848
5.42427323977669
3.22953416036515
9.08419856965126
4.53673811085877
5.22315921571476
5.37106704095818
6.42802192212879
5.51359507214714
2.41135848929877
3.78203814131053
1.78756518705213
6.48806710155251
-6.48450046704607
-1.65199220589564
0.323261824846019
3.52197496082321
-1.09610342082494
-2.73952551161478
-0.765361786999337
-0.556964726413641
-7.36968331167242
-1.71086657588279
-0.314717843861414
-6.56968907475879
0.849489984079378
-0.805725686293494
-7.56705379499116
0.523309033144201
-2.09687521744165
1.11785867061615
-0.679294101868459
0.423777231707146
10.2166488139999
0.134960255910257
3.5181559683624
4.44955400284731
3.55631321705087
3.39383898054996
2.22652016267113
3.35917505954788
3.98202647180072
0.594218397921515
0.0179516915490919
-3.15180245119027
3.32479793665017
0.847889678073338
-2.73319629863218
-2.48725503209529
-2.74912229220674
-2.46973076792845
-0.848651188104125
-3.82054346655004
-8.53229971243974
-1.08130141822531
-0.272212991086859
-0.0149747967298905
-6.60859436915358
2.99976318718096
-0.938007405872792
2.15601300514282
2.8430285134902
-1.90051778285375
-1.15951878243863
7.03417745525341
7.35260817910734
2.83794678457712
1.03481000835836
3.96070901118372
3.9337007844991
2.37372485660703
9.08505626985015
1.40064959808746
1.65914771464396
-0.0854285783627688
-5.50763548445733
-0.204388289299941
-4.12701486611913
-1.8171267445821
0.150811555065407
-4.38412303348801
-3.50464980871352
-0.37672335099635
1.26841259952412
-7.64881555418749
-6.49859780184309
-1.900953274489
-2.90014178787813
-0.565648797549334
-1.19878900608373
3.98307112029181
4.54680555290541
3.35814634042059
6.42630915638623
3.01104421920721
1.43375060786899
-0.0652515411642387
7.36427520132877
-1.58781525248544
4.64909082277734
-0.218205389508705
-2.94519260099072
2.64805332792358
7.57381901305238
-1.8359057555005
1.95191971952241
-8.2577396217888
-2.96851275739963
-1.27348946236198
-5.18737618986188
-4.89169176435846
-2.96993977028382
2.95532763974329
-0.677140075390308
-4.83659698484295
0.659601256317667
-2.32494428541252
-5.94006740430721
-6.29969637060332
-2.69531671860389
-3.19319305817347
5.52287414423752
0.879044913897083
3.18328007277522
1.90933692548357
1.30245811126969
0.847698410025663
2.8996154513927
5.11377655616194
2.161209125584
5.46204404983397
1.10761964570041
1.43020105080533
3.70616655722849
-3.1808596458146
-0.0255917744061798
-3.52942457738389
1.37554218262665
-6.79917391114223
-2.63173787060848
-6.04853544091766
-1.94192487200079
-4.87725634829999
-10.7505118896643
3.72442037766809
-1.61479051606262
0.877184949653395
-2.19234158698881
3.66460603243381
-4.3477541731442
-3.40289293940035
0.358343563875509
-1.29848639239795
3.44771366356136
7.71544708438894
4.72791081644371
2.38188796772139
6.77046088193955
7.94002449253332
1.35319138637643
1.68547591308095
1.52270368667589
-6.92884788143229
-0.679486262499042
-2.02630153056653
-3.51557769602064
-4.27280664438549
-6.05492489731225
3.45620849788509
-1.57847732211894
-0.748281357518352
-5.47890094847515
-6.16083627900986
-2.41196061942772
-4.73516589846442
-4.75301096237933
-0.808483514883279
0.986366824112072
2.74985590236248
5.19152098849155
-0.797864170335918
0.0627519544602984
1.55297253208307
-0.842371657114712
3.2253660549051
2.89992896065045
4.43978175119585
3.21225221810293
4.16993314608075
3.71498685216812
-3.59583451512548
-3.99057873705871
-2.89925920337118
2.03101526481015
-5.74866789626206
0.518745255489862
0.657248744277531
-7.47522830417551
-9.47846541530611
-3.92009300484195
-4.17577096196373
-5.21834608192937
-7.21107047035466
-0.348545554679921
-5.51597994054304
-4.90881841124551
-1.36775472023422
2.89420575490348
-1.02221204344113
-3.54490808114167
-1.76826762838928
0.395755683672694
0.531398373148877
6.96585566376952
1.72307989102393
3.2322101066304
4.81592394361243
7.45805068047274
0.986483761809961
7.17145443233421
8.27118385391289
3.4527711803286
2.62391029050607
-1.36155234823184
0.390612235292812
-2.5987021362445
-3.29971643923387
2.09385855433455
-2.47362697845756
-3.87139265980421
-7.64965364291429
-1.85237727864023
-2.05384347443501
-9.3335619973389
0.98827355887362
0.189315572293822
-4.72717393838721
-8.33026092176793
0.722321824418588
0.239512288639185
0.431791861522597
-1.6098089691396
1.40656857073449
5.2577916968168
3.89646602520722
7.34741013498008
1.78200597801273
1.91119886026833
6.44733666010365
1.83437572761113
4.93359358176506
6.57862528200797
5.27930103333133
1.03232117821358
-2.85428023678188
-1.15274563848534
-1.41706243791359
-5.96406683711453
-6.01313214036973
-0.190222512868123
-0.495522951608899
-2.34719670648958
1.34213992237085
-4.17656365860228
-2.98541852366212
-3.00922420232524
0.831175617301465
2.87259199759413
-2.55547006814876
-0.692394787844339
-1.47541345841025
0.820177606030889
2.51079417464401
1.60793665422223
4.88737565231245
5.12771965674511
7.8339355826865
3.80083259341139
3.04147772154181
4.05175422147485
0.240291296582867
5.47794081778539
1.95970622244152
1.68728959961584
0.482340877732293
-0.961700032090784
1.78102437450044
-1.72228578666103
-2.22241650157678
-0.655230181801185
-5.77849697119383
-7.00661514027568
-4.20170811042021
-1.2238478268312
-2.00078793164885
-3.43826855530235
-3.28478158855957
-2.07779691047213
-3.43593970466877
-0.220498781348979
-0.459523991633673
-1.33126321763428
2.57606353580433
6.39043488091011
4.30783521364749
1.92161452494644
3.92521574241076
3.07760382833656
0.578823169309172
1.74064451436425
8.31496128882101
3.41123261426418
3.62699640033919
-5.82893269678068
1.19580531058836
3.55120163683459
-1.76044386161603
-6.97829519987884
-5.86669775624559
-8.22534358235388
-5.30846066423307
-1.12422175331184
0.92648007063253
-0.675272464822471
-0.126996793923461
1.16477689489325
3.06185450668818
-2.51104714169954
-6.82085076351123
-3.29953654727007
5.6874743790653
-0.363751972527176
4.26634939319679
2.3210987977637
0.550482450506497
6.11587974977532
1.7330561205997
2.23343279899671
5.6454395003037
2.42624521849514
-0.353816319082306
0.20667553513859
-2.31122343226927
1.12661603769983
-3.11253914691028
-0.791718584722444
0.975536395390963
0.383954681404278
0.662291364171578
-3.63088394957851
-3.99687047674789
-2.82498740500074
-1.34028972933816
-1.72904968982109
-7.66164623411246
4.05943144538611
-6.72608179459243
-4.48880393578027
-5.09840238566768
-2.73804250089474
0.0236705101990609
3.97784591390668
3.06798347006514
0.211493796911363
1.9769901606723
1.04067298353145
4.02258329329896
1.42400692411695
2.08199249250554
1.39417009685245
1.77733687889261
-0.950784166013983
-5.56579318306169
0.20061137503561
-0.624968503807182
-0.852698816574697
-7.12507969528741
-2.38607234047214
-3.52423061852439
-5.55830832277004
-2.11774974629422
-6.14398974167754
-1.41940559136361
-3.10976336109114
-2.70108257219327
1.62046611127684
-1.87709070020282
-7.91101657380855
-5.13097416072877
-2.3943185310509
-3.01733442033563
1.27168830419316
-0.92686946662367
5.11829136355504
7.70151897043579
6.33379054211079
4.95246804471392
3.5478424986794
5.88399883687334
1.55438402453714
4.71707538960533
0.278258949911663
-0.92299719628186
0.793701236334599
-1.8614002949619
-2.55537309575967
-3.06564145062779
-6.34699866645717
-0.771536677748088
-7.44992959753598
-8.37838820502872
-5.90966776364746
0.0909262657580356
-1.1184522582393
5.60704078062931
-4.87738234153738
-0.348614566755502
-2.28597455555226
0.39923333518303
-3.64313746224439
-0.856048825904679
3.21095326944325
1.64689210479446
3.50641163474187
6.97839573385134
0.709765947722209
-2.99590260840998
-0.155552984080718
6.38482369950424
-2.98888682740738
7.168093036753
-4.48976198209089
-1.24871650021305
-0.631721320882553
-0.247192836977604
-1.71071491197078
2.37952857729184
-0.0549217657628711
-6.83516938769361
2.86404440932813
0.0661865184652211
-7.3715875042953
-6.79606003019172
-1.78412937043495
-1.88630556984874
-5.2732837245081
-3.43018054780367
-4.60983749144077
2.10823058311002
2.30217328346309
5.2653587436544
3.60564379711357
0.843283409682233
1.88251273876973
3.85611477131765
4.34598311419295
9.53482073058577
5.76530656676949
1.89794304369519
-3.52353336084702
2.52479269501301
5.46420988776556
-0.123511963972692
4.05984257372835
-1.77493037069765
-3.52964565986291
0.926105630956482
-1.99426824095288
-2.15188647631816
-4.16582176462957
0.152771014166178
-2.04782206602158
-1.52922025588118
-6.70045498933706
-2.52867357962901
-5.52744513166658
-5.89687258393589
-4.320840588782
-1.088129770962
-2.87487156077126
0.534795028255163
1.42682580217484
3.5665827274916
3.49282998206479
1.03075198809051
0.631003729215419
4.08961732878909
9.25644998818603
6.00217428016043
-1.21025682576722
4.56420364360547
5.08314473681477
-5.20216820924276
-3.328958891264
-3.38104763911037
-0.173576528071321
0.0142575731698593
0.963795607885751
3.40307417064923
5.31532097969422
1.64016363115641
6.44766323349904
9.38799918017874
1.47932273443949
1.0757896219552
-8.31776191137823
-8.70081238996861
-7.93367427135705
-12.6732554962471
-0.697283214530218
-0.105852186122601
3.08211331180835
3.00711462639126
3.77597498605193
2.6381706607616
10.1534083712551
16.3579810510421
8.07130064361623
7.21588465529521
6.7655926809156
1.36548870373882
-4.57820608004039
-8.79140342000355
-10.499292026966
-6.44729759957839
-4.51358056278273
-4.49855421556877
-2.8317397392228
-3.68920642952982
-2.54597057441173
3.24877006927091
9.49744688685171
5.14435953766753
2.34324481805361
0.108520294480364
-2.4484085643236
0.897713785280263
-6.85004188664139
-1.41127996511268
2.37680002535737
-2.08836099518926
-3.05864199635729
-3.54643624259403
4.24292875634631
7.61241821006674
11.0268780042839
5.3009070832712
6.54234559270761
-0.0126619426805504
-6.48337537999862
-7.63983598603696
-4.65161140454268
-6.34916588329747
-9.69999505279889
-9.06173415808317
-9.50972109562384
-12.3561454490175
0.826105539423014
3.58631070902957
11.3667369235667
9.13231951496912
6.29548384325446
8.3846063908632
5.20860640027923
3.24168593096218
2.53417665496583
0.360248414833608
1.11118340879501
-3.60016261749787
-10.7132950118401
-9.91772588210086
0.0934707685291043
-0.364241171136424
3.51867921056056
6.84162771391049
2.59882581504982
-1.11944169803156
-3.82064218982997
-1.79850141717788
-0.45292256219327
-1.14427150102322
-6.18199645188005
-1.27469287484688
-8.49461608683039
-7.45002349563935
-5.10215950257557
-3.60890360196034
5.19243410454521
6.736988068708
12.2718341996665
7.24690399712318
7.05191223360053
3.9117624937587
8.8297723992384
7.01579657721517
1.95273507977295
-3.8376616344288
-6.4756054530732
-18.6420441746285
-13.0488641634637
-7.43972646743353
-3.41575032476643
-3.4102619387721
-4.63363948661234
-0.777726952097614
-1.01609394607421
5.3074237306214
7.29734799563597
9.87510750051199
7.80723225517607
-4.58946393588958
-1.03728003750155
-1.51281284131744
0.154277362896144
-0.441604236976055
1.66818024536703
-2.46208157245032
2.42087545753015
0.228688524641126
4.38660238216211
2.52546353016871
12.3915964795053
4.9984321919439
6.83498569033561
-3.4949476061276
-8.60403028076472
-8.10597250757711
-12.3281980640648
-5.90452812775518
-6.4090302619324
-6.06156691885033
3.41772726662103
4.39489643921666
3.13221609961239
9.69327068800414
9.96324786275843
12.2809460607444
13.0889765945918
7.22615684533762
-1.76471564740276
-5.91952772232871
-10.1814503902073
-1.14144797982508
-3.53865148877809
-7.75651682140196
-11.1090090842737
-8.1815473142386
-4.46869677595847
0.309558939892963
3.44746078904621
6.3665513182684
4.94761067171033
1.31843032477952
2.19627044438953
-0.933380422037565
-3.37484343503232
-3.22306736923688
-6.80075221429261
3.62613367191615
-5.1176410097975
-2.89625769464874
-0.864676806078443
-1.36773918130119
5.04890338179528
6.19767412074406
13.6704631622499
4.50488319121725
3.77660773078635
-5.01080767309508
2.29733221913918
-6.89016109278075
-6.21873626780341
-8.7496345370438
-9.50452204280567
-10.8730441702968
-4.95310697539431
-6.65109317414577
1.24290469610664
2.57545981871851
7.41953763963667
8.48708581452096
4.3335437396268
8.12323822184987
2.17950760272692
1.06106436362942
7.32532844955747
2.95877911219921
-1.39918331481909
-7.31740281324222
-9.2893883372455
-6.1811278982039
-4.52768235909409
2.61637193790274
5.15692322793575
1.98716590020228
1.62272424759625
2.40320507116903
4.96049772804377
3.11227701043698
-1.90403782780554
0.339452342329055
-2.58201118426685
-10.9530055029802
-9.73494044694411
-7.34383289434966
-0.631150041298687
-3.89172079514668
4.43948701344482
7.12712441602049
2.15755348656969
10.7476508375544
8.43126426643335
8.63471492404431
7.73616217217594
5.53261244041534
-2.28431223445939
-5.70810679131961
-9.58722495003777
-14.7779141536085
-12.2550060470343
-4.93626820829752
-3.80165681518004
2.37324465836767
3.95876158276868
0.268449156906083
5.8353863573688
0.309824710602336
9.38642891576083
12.0019746350265
-0.329912547313319
0.821258518789793
-2.9553105533211
-2.34335765019134
0.317104634061117
-1.95731895423426
3.90433498224984
-4.4947473692645
-1.4903232038071
3.71774811649715
3.92031963004267
0.411526935629228
7.62362113211744
2.97853679554267
-4.93712546698284
-3.33514728269586
-12.1338880697447
-8.11779488107307
-4.34502918410309
-6.0649110526135
-7.34728434979646
-6.09041151088327
-2.81509726704527
0.401389206264465
4.26095264662664
6.03619299467462
10.175796032771
13.8532703490333
8.75823984597085
10.0588895066747
-1.27816167936062
-1.44143479021644
-3.45758145049639
-4.50818784887058
-5.24839081992944
-5.39697792707614
-5.95297491385004
-5.43852826822294
-4.72136137755786
1.4439428005189
5.28020346381322
7.1239164980346
4.94167767352902
-2.32451648516514
1.38340672702733
-2.6742216761509
1.7476706880376
1.39950936815792
-0.964224110000569
0.506076048483439
-8.05267821794877
-4.53939065509903
5.23270332706818
0.562448388213279
4.48606185808145
11.3941256526009
-1.84411009421903
11.9758579903551
2.17518601510267
1.17442088545681
-1.25923304956785
-8.83013652885588
-3.41441595373839
-10.7291618309777
-12.2318064056094
-14.0622583510897
-10.7989880288164
-6.4449064211888
1.96861320796701
6.27790196103334
5.16042066701854
4.5523146069278
5.10966225531799
5.97695339137405
6.54469670487463
9.61001570606516
2.47717625272351
-2.00922302245556
-7.09350542195664
-3.15116334057317
-5.01470669786039
-8.47381348898673
2.87992262421544
5.09971499152391
1.00974767793698
2.03450752008423
-2.58573064996569
1.50559468206214
0.267765372836083
1.5360708213188
7.27378458495975
-0.339896892692028
-1.7826375914189
-8.04974940762304
-3.82574365969328
-1.11258727539714
-0.466544159324151
6.97659434192808
8.78999471750942
6.27265031093588
5.71540939383994
6.57314341168872
13.498147965759
10.7750238099555
8.76873991531311
-0.602548506698011
-3.62421000166278
-6.43299553463341
-14.7390247313577
-2.93757971567248
-4.84019066666272
-5.31143739473724
-5.83494846306858
-1.14100435808587
1.52689177458041
2.05094485165661
5.71684034131819
6.91525876355075
9.06506658478171
3.4658696184555
0.19702548126719
-2.90904200249986
-5.32362502821534
-6.50113546937871
1.17021211237601
-1.2098108199259
-3.874344385356
1.49995406570035
2.32169492601132
-0.0151793229023993
3.47395915010331
7.69507453869634
3.94310960997361
2.30674433685196
5.22196543705615
-8.19281373811761
-9.00106372520511
-5.57572486995571
-6.13056661586974
-9.77198478554331
-10.1530262955841
-7.18685266268742
-5.94034400435733
-2.29334015317335
1.14444388355101
3.78511746297557
8.86799410493811
7.63778702789198
12.1998543563792
9.10648504869981
3.0323755529808
1.75899245547475
6.85079131677028
0.827517247965678
-5.70395017878052
-8.00996453653832
0.533351465097766
-10.89064198852
-8.94063297303005
-6.86336208948944
-3.38789802668415
1.0734615129087
-1.07844552590136
2.57294116468953
5.22630697090141
1.80700609872284
-2.40547212162012
0.672069976799819
-1.1807833648221
-4.45175434672644
2.35535274484182
-3.22243589594894
-3.41736952267936
-1.39192555006459
1.20456946456201
5.87856565580559
2.73210719749966
3.34708418165184
2.07207470310702
-3.63324710877646
0.601514222631826
-3.98285458509335
-6.34143244423305
-4.42529697487039
-9.74292331499424
-10.6901557300123
-3.77217178487227
-0.450616637450849
1.95811053603581
1.8852660712715
4.63695743161382
7.19632867096754
6.83040703642194
8.2522848671961
6.44343987476848
7.27966431684532
9.90404110200096
-0.335963240629168
-8.60962322204781
-3.60148947237148
-6.45323145857455
-8.71444446930443
-8.25200765898206
-10.5018099950693
-1.28587796141832
5.12939963467122
-0.616853598313327
-0.706998121607508
-1.34525989868649
3.00343081726202
3.83116488343755
-0.278298226421388
0.726327251037465
2.41836463436671
-1.57672219241232
3.83179919789857
7.49353225571155
-0.881513123069712
2.92789519262775
8.41604322129295
2.50810935081405
3.19210481495969
2.13424151832614
2.83012771145377
-3.50857138319749
-2.18024922038496
-8.25952307481593
-10.8416740080888
-6.35075453316993
-9.81457102685916
-9.79746911256486
-12.8192993522969
-6.28800547101966
-2.65235714663387
4.99786823956902
6.1049385506017
3.64391536934363
8.973914915441
8.91092637392002
9.34262913679163
2.2015647381233
4.52969559228484
-1.18958770931731
-2.37003185600606
-6.18030246433431
-8.96872188001008
-10.9072922121754
-4.22567006520613
-7.90917048176939
-1.70604705864491
-11.5088514860537
-0.837269862599013
-5.05898439647923
6.37754045174111
5.51664070962165
-0.307187295107338
3.64849105095298
-3.05558607162956
-2.69089228241961
0.798174863533685
-3.54093486141687
-1.87022918023827
0.58459451599447
0.0319709117259501
3.49038931395781
-1.0525406702075
-0.38488142293571
-0.22255672429311
-2.56593242985905
-0.588081002040779
-1.93407299921224
-4.03545434573039
-5.96208263936608
-4.76705769875934
-7.83660889948546
-6.68874312961563
-0.333145088120489
-5.48314269760826
1.34092841292207
5.06527121336198
5.47243487781481
8.94342005457231
9.04005064314723
6.98146295281061
1.5913455427326
1.11223356169216
2.74755169655078
-4.56479102609109
-3.60137749901794
-10.3629621112382
-14.768234939757
-6.82064722810229
-10.7798301748653
-7.92933012671647
-4.46107206547862
-0.570330683579192
4.0389743119859
-1.54417462676101
2.46522232343407
5.42372559439259
4.60855538597763
10.4841070048194
-0.840819318221328
6.11518366240095
-0.349331737062174
3.21202967317956
3.05215081047707
-2.5536444433112
-2.22497804360536
0.768533828002639
-3.82732009964399
1.34596043394908
1.75108484839866
-1.15384128502691
2.70724603354235
3.15985770658032
-6.03635297118009
-4.84914602479313
-8.20124123045499
-4.35275067892223
-0.789496274863121
4.61052114947215
1.36072531071846
4.05122256850016
13.2269457975559
9.60211625458302
8.24810370238844
5.93612085975742
5.93924461662009
12.7848033616492
3.38830461237914
3.04531393325716
-2.79626837348854
-6.09616929376175
-5.3782708701218
-6.85313955405593
-10.1686937336354
-6.07179154396417
-1.78444416393206
4.38409992738239
2.4965724638385
-0.228383809858933
5.40240723250102
11.1156711725412
6.88411042364693
14.1234733401589
4.71510337483451
8.38038731862161
2.30942587026224
2.42796656858174
-1.89571793213127
-5.00026202992828
-6.08738625556996
-3.22649152104569
-4.78217782296114
-4.80552425644059
-3.20639143081575
5.49388113366361
-3.91892273387938
-1.78570884579408
4.61340808399361
-5.13566054741703
-3.41288038344745
-5.61880655351964
-6.39331052442623
-0.812869420747026
-4.00627221810465
-3.27957161008386
3.92673679961382
5.56925584250832
2.53693079784279
12.3422983890377
7.81554684407414
9.51696098109454
6.68320255811739
-0.542898996270768
-5.76553001191834
-8.00473539054175
-9.12533453984504
-5.84651139357287
-7.18437490422629
-4.91177974544543
-9.20393712743155
-3.8880262173299
3.51420612230856
0.492677103587404
5.33237968004207
5.97647359157226
7.25382021542825
3.20465259312421
9.83681417601415
4.5055064007768
-0.37404892556498
3.74256936585329
0.369135869801551
-3.05212280108994
-5.87877989127497
-3.00746193882258
0.283275985942557
-0.819542379619057
-7.01452793175538
-7.8861368690396
-2.23032863178431
4.91956213572604
1.98710663928567
-4.3997212602364
1.0036630883334
-2.40128920706402
-4.96757006281289
0.304128193513176
0.549430570805748
-3.00307630415049
3.18604417054135
1.75143470402911
-1.23379762724546
0.460588613111483
6.97973355068305
5.6257987241415
7.40079511264198
-0.22566308498511
0.229079403205784
-2.04968052005757
-7.01991807222289
-3.36541843391504
-3.14014715506654
-11.7836320411984
-14.7465629368961
-4.7497989456594
-2.8382021717972
0.92768095931345
0.780434920119828
4.05059219174482
6.52668454126429
9.64272552901648
6.41510176374651
6.42674997170058
7.14442262284198
4.48152584662323
-1.5870126320074
-5.01532731365693
-0.382411923344321
-3.03225433094107
-4.94613837986368
-0.177282375203985
-5.38927828375657
-3.36076629327723
-6.46968054459041
-3.53100739036895
6.71146654314348
-0.0823513013268595
1.84814107511634
0.286918862830157
-1.8452158415186
0.19206367044043
-0.483581704799244
-2.36825685544022
-2.36589227440348
3.19681684919613
1.40059779190361
7.98026886037104
2.27885166421717
11.608460892277
0.264582588501434
1.68930864705428
1.4103102222723
-0.863853475510404
-5.95518504952962
-8.31938216816268
-8.85041396045639
-13.044619731323
-4.50514765772137
-2.72364727797769
-1.37307619456321
-3.80774124874132
-0.379462200577688
4.39747890303021
8.4863757526277
6.56640042688815
7.51262905154453
4.17354637211114
0.628572802272169
-2.08874401401058
-0.853505377009222
-1.31295288681133
-1.2926736284596
-3.80161083330596
2.13151223328378
-9.94076109383437
-2.22840451587539
-2.77903236609867
-6.1921722490643
-2.922993304511
0.568110180646922
11.9702572076221
1.38970584307743
3.28966998071029
3.13444838031474
-0.337354247799328
-3.45655291571124
-2.44156752788954
-1.44070183892033
0.737039686526449
0.678839616592066
2.81681171401612
2.24489500366315
9.44236026155678
3.56990718398549
-1.35745926954019
2.87210464716842
1.31833721621637
-2.31584327595482
-0.731662116768169
-1.86089798895269
-13.6635707544403
-13.8844593456261
-5.17350132342015
-6.24892113597768
-3.35559346476289
1.13445290461442
2.1940373689413
9.84861558869942
11.6199103723567
8.24023583944311
5.78570262558971
8.31003276051407
8.92023972190536
5.14709247511991
1.13525474289405
3.28580019898118
-11.4681902042516
-4.49167393169805
-9.70081039948896
-9.84662790923114
-6.4563254346419
-8.87230030106431
-0.433732252579188
-0.579388056142056
-0.044657182526243
0.916200161979971
1.70009048319203
2.30141682030442
5.97758968744533
-1.36960336094675
-0.414548476316033
0.489163770482385
2.99953545114011
-1.83257330870589
-2.98045458711995
0.889688990447501
5.34167019496885
-0.783033862852287
10.1333138417907
2.23118320978043
2.172036291457
2.39910623908701
-2.86975876383963
-6.38971948891103
-3.55832657600625
-9.00101967216895
-8.93757338685126
-8.89206902166764
-6.43489184874686
0.132276227245213
1.23605102014779
0.0192563030538668
-0.0377490273220449
12.6140199090333
9.18096466525924
6.43626820068548
7.30146436131822
-1.6958917858932
3.99018975284742
-3.00119434835484
-2.49944569380866
-7.07827350006429
-9.03519659572839
-10.4866702004838
-11.2462059589842
-2.42096105756718
-1.44022972925663
0.460492027612006
3.69991428809685
-2.20791114519869
3.04955908880739
3.16508883156794
8.83175110142559
4.08917669419316
-1.69345509135914
3.61234556995936
3.90491554299458
0.323948390034665
-0.845250273833962
-1.72420874834391
3.08042815540809
-1.14109669282945
6.11838888707375
1.1973763524178
1.68244670928667
-2.8702265747677
1.7880400734595
1.41283375912009
-6.00711545264188
-4.62305055478045
-6.31568258341501
-8.19354956194389
-8.55907620945917
-3.66994011852008
-4.23021768971639
3.94786600786907
-1.15911462509897
7.02370498131218
10.9933724315201
9.04262829844508
6.60852809143621
4.11128686834474
5.06249686427014
0.363350682016342
-6.92597492799291
2.04794615430479
-11.4008396569777
-10.9376162997572
-11.9078423363063
-15.5271608853489
-6.8709784397296
-6.54059167674326
-10.1884253259166
0.87888945497436
3.99137427439992
1.80688713000774
10.189117176392
5.60094043540884
3.59780895263308
1.07856465193419
5.07932451025533
2.67582867437354
5.18179122109431
-4.52662514727199
2.42141730126056
-1.32206426343036
-1.18029726940953
3.80662185892107
-1.5867916816564
-0.519502454128359
-5.15235133624266
-0.17862058145103
-0.517289956969159
-7.97709818027056
-4.71972046027604
-2.99855116640075
-3.64656367799276
-7.63804036745254
-0.630990769480534
-2.40142912000247
4.77779837682612
9.2444026413513
3.35827388168939
5.69403647830042
9.05404051636739
9.5495855570081
5.93262953785559
3.5955133383805
-0.932634301453326
-6.19856955045679
-2.18959710031148
-10.7067794423925
-7.97710672267886
-9.53940744960275
-5.76813650050399
-6.06336826439179
-0.407462373847407
-4.45790835925223
4.64254853792351
12.155931930138
5.33401481566885
6.46419938647348
9.35285472309688
8.52172666989214
2.64509018026595
-0.318063171042868
-1.79807549204453
-3.65331801265972
-0.108155909459624
2.56489203555651
-0.374260839226777
0.92892661356178
3.36225996348589
0.684651528115411
1.58444172556132
-4.67638299665692
-0.456756340801052
-6.63313978268629
-3.67009865498412
-1.25105571084102
-6.25087987552183
-0.833734551499875
-1.44618144508194
6.74139034093894
-0.590760964636783
0.714221365709427
0.8788864738224
6.13168529654591
6.47928840685772
4.42411650346658
3.96335441233733
5.3377073362876
-0.700905050148805
-1.77329885099484
-0.422391903944876
-6.12496134673713
-11.1536753636124
-8.96631257213071
-9.03341747221518
-4.85795642066024
-1.38638382349833
4.07198879965151
5.50636573907981
0.782442059442845
8.99696153223534
5.77675413971799
9.49885638636848
5.76618382497208
2.97083352448169
5.47363808852806
-2.3905499737582
3.17981752590016
-2.27773909233449
-6.18305948636777
-4.90887937577097
-2.3389226111092
-0.663617736992022
-1.41519323970308
-7.93055379750757
3.77657745539636
-2.2435242213744
0.349625193524029
-5.41810434575349
4.17711743837104
-5.59821993393506
-5.49410325120564
-2.58371468215729
-0.122893727544163
-5.20395832483841
-0.18317687188044
5.38496643409555
7.22131825985619
4.53063872239684
6.00247932049644
7.13802039691567
3.2463255336945
-1.20414527270718
-0.672027577673746
-1.57635149213606
-3.04521288016998
-12.056833629276
-5.17310104998715
-5.84597124719204
-13.9101363951151
-9.51609681325566
-4.49572742351632
1.26279195618435
1.23578212453436
8.61238230207361
12.9155551236341
9.07602808905595
4.84858467212853
4.61376009710509
3.32139876969088
4.05194773383693
-2.73076589834736
1.7818965210414
-5.59073122791642
-6.50378696821027
-6.95495467168574
-8.44589186580441
-3.84664668444446
-2.79131186301572
2.72911274729479
1.10762695905258
1.52501323120176
-3.01112068489952
-1.12639219750909
-4.8064003126917
-5.35330249627217
-2.34688458945955
0.647910151078341
5.51753487398356
1.3427181961585
-2.11576765423183
0.0767053288993247
-0.257415156883008
10.5554924133656
5.77591543680582
4.14901353889791
3.10311472757147
1.75195065570715
2.18470901554028
-0.645195385347529
-7.40757577440804
-7.10487417006643
-9.96221272490719
-4.34685799156437
-7.41846852275597
-1.7516697712405
-2.09760207649968
3.61275577748793
3.04236102108128
5.50785222962289
8.76492442391265
6.83859918879194
9.31273441941114
10.4082381807899
4.30109603777051
3.31582108795223
-6.89147201077498
-3.23377731078852
-10.7188560326734
-4.67084001578375
-6.40205565899284
0.53554283418751
-4.86994860938905
-5.29938945361826
-0.42448006046285
-3.06450105496447
8.13575662823082
1.32953481239232
-3.18936277416701
0.742607213132104
-3.15742826578969
5.06580376895955
-6.74341782382814
1.38412640659294
-2.91007246877799
6.88483945142125
-1.03435847194709
0.173250698355839
5.0969082102655
1.54137593536359
4.79495584358039
7.40731924494501
1.79108663289429
-1.84732893152756
-1.9065049839801
-6.39716309998954
-11.4191062628074
-6.16737780357963
-8.07478586111506
-9.03249755421444
-0.166716702590209
-1.80025144120008
4.55736540046123
4.17477010318952
7.81881518588145
7.5812104399983
12.3173194955158
2.88331020887386
7.53980646500638
2.16868887610414
-1.79379688173874
0.714655019190734
-8.33508986415294
-4.22188987470284
-3.30072463560768
-12.6346074781144
-8.14740972413533
-10.4783663345179
6.45030617423621
0.294192176953691
4.29948582101215
2.1584767753719
4.36699179666302
3.09180855081876
6.99015100315725
2.27058434022889
-1.5800162051123
0.146904044873193
-1.02883820898344
-2.10603890854678
-2.23160840997165
0.136428972764892
3.27994009617859
2.35894770484893
0.509219405109997
-0.62580368847415
2.75236531522764
-0.443291797005876
-3.57193605009095
-6.72263052862642
-10.9826364979731
-16.0837437812552
-6.2265113817387
-11.0572970910463
-6.15010842951151
-1.99515592891143
1.20191804792066
2.94230176871067
2.44435434771039
5.69120185155295
7.0504882397534
9.03052316730907
14.3928018913519
5.62211315386148
1.94201774164212
0.73274391996125
-2.21897864060884
1.57042734379265
-6.28428009424909
-9.01690068175946
-14.5217034745326
-5.31364711400929
-1.74811910535743
-5.30597725165339
5.08918012413491
5.69863944117469
-1.87984467119686
4.36089410403089
2.67061842518405
3.8284008780141
3.39217673468343
6.22808992204888
-2.43188788056042
-0.56014343901588
-0.540455858953161
0.165031676253553
-5.64324229224722
3.47929653517678
7.51911986704003
2.26423695722995
0.510333026654862
-0.659618905184562
1.65882549439415
-2.36522981521764
-0.559032385716292
-0.489364088054389
-6.29055353433335
-12.6745369429844
-3.0172864810466
-3.18038196676894
2.51600212596296
0.369313462448965
3.77008205456737
7.98172353362671
6.2838219303338
9.37967334259186
7.24110310765294
5.06621732612669
5.48369197546773
