"x"
4.59807621135332
4.96410161513776
4
1.96410161513776
-0.598076211353314
-3
-4.59807621135332
-4.96410161513776
-4
-1.96410161513776
0.598076211353309
3
4.59807621135332
4.96410161513776
4
1.96410161513776
-0.598076211353317
-3
-4.59807621135331
-4.96410161513776
-4
-1.96410161513777
0.598076211353308
3
4.59807621135331
4.96410161513775
4.00000000000001
1.96410161513776
-0.598076211353316
-2.99999999999999
-4.59807621135331
-4.96410161513776
-4.00000000000001
-1.96410161513775
0.598076211353298
3
4.59807621135331
4.96410161513776
4.00000000000001
1.96410161513777
-0.598076211353297
-3
-4.59807621135331
-4.96410161513776
-4.00000000000001
-1.96410161513777
0.598076211353314
3
4.59807621135331
4.96410161513776
4.00000000000001
1.96410161513775
-0.598076211353313
-2.99999999999998
-4.59807621135331
-4.96410161513776
-4.00000000000001
-1.96410161513775
0.598076211353296
2.99999999999998
4.59807621135331
4.96410161513776
4
1.96410161513777
-0.598076211353277
-2.99999999999998
-4.59807621135331
-4.96410161513775
-4.00000000000001
-1.96410161513779
0.598076211353294
2.99999999999999
4.59807621135331
4.96410161513776
4.00000000000002
1.96410161513777
-0.598076211353311
-2.99999999999998
-4.59807621135331
-4.96410161513776
-4.00000000000001
-1.96410161513779
0.598076211353328
2.99999999999999
4.5980762113533
4.96410161513776
4.00000000000002
1.96410161513781
-0.59807621135331
-2.99999999999998
-4.59807621135331
-4.96410161513776
-4.00000000000003
-1.96410161513776
0.598076211353292
2.99999999999999
4.5980762113533
4.96410161513776
4
1.96410161513777
-0.598076211353309
-2.99999999999998
-4.5980762113533
-4.96410161513775
-4.00000000000001
-1.96410161513776
0.59807621135329
2.99999999999996
4.5980762113533
4.96410161513776
4
1.96410161513778
-0.598076211353272
-2.99999999999998
-4.59807621135331
-4.96410161513775
-4.00000000000001
-1.96410161513779
0.598076211353289
2.99999999999996
4.59807621135332
4.96410161513776
4.00000000000002
1.96410161513778
-0.598076211353236
-3
-4.5980762113533
-4.96410161513776
-4.00000000000001
-1.96410161513783
0.598076211353323
2.99999999999996
4.5980762113533
4.96410161513776
4.00000000000005
1.96410161513775
-0.59807621135327
-2.99999999999997
-4.59807621135331
-4.96410161513776
-4.00000000000004
-1.9641016151378
0.598076211353287
2.99999999999999
4.59807621135329
4.96410161513776
4.00000000000002
1.96410161513778
-0.598076211353304
-2.99999999999994
-4.59807621135329
-4.96410161513776
-4.00000000000002
-1.96410161513776
0.59807621135325
2.99999999999996
4.5980762113533
4.96410161513776
4
1.96410161513781
-0.598076211353267
-2.99999999999997
-4.59807621135328
-4.96410161513776
-4.00000000000004
-1.96410161513773
0.598076211353284
2.99999999999999
4.59807621135332
4.96410161513776
4.00000000000003
1.96410161513778
-0.598076211353231
-2.99999999999994
-4.59807621135329
-4.96410161513777
-4.00000000000002
-1.96410161513777
0.598076211353319
2.99999999999996
4.5980762113533
4.96410161513776
4.00000000000005
1.96410161513782
-0.598076211353265
-2.99999999999991
-4.59807621135331
-4.96410161513776
-4
-1.9641016151378
0.598076211353282
2.99999999999998
4.59807621135329
4.96410161513776
4.00000000000003
1.96410161513785
-0.598076211353228
-3
-4.59807621135332
-4.96410161513776
-4.00000000000002
-1.96410161513777
0.598076211353245
2.99999999999995
4.5980762113533
4.96410161513777
4.00000000000005
1.96410161513775
-0.598076211353333
-2.99999999999997
-4.59807621135331
-4.96410161513776
-4.00000000000004
-1.9641016151378
0.59807621135328
2.99999999999993
4.59807621135328
4.96410161513776
3.99999999999999
1.96410161513779
-0.598076211353296
-3
-4.59807621135329
-4.96410161513776
-4.00000000000002
-1.96410161513784
0.598076211353243
2.99999999999995
4.59807621135327
4.96410161513776
4.00000000000001
1.96410161513775
-0.59807621135326
-2.99999999999997
-4.59807621135331
-4.96410161513776
-4.00000000000004
-1.9641016151378
0.598076211353206
2.99999999999992
4.59807621135331
4.96410161513775
4.00000000000003
1.96410161513779
-0.598076211353294
-2.99999999999994
-4.59807621135326
-4.96410161513776
-4.00000000000006
-1.9641016151379
0.598076211353241
3.00000000000001
4.5980762113533
4.96410161513777
4.00000000000001
1.96410161513782
-0.598076211353187
-2.99999999999996
-4.59807621135328
-4.96410161513777
-4.00000000000004
-1.96410161513774
0.598076211353275
2.99999999999992
4.59807621135331
4.96410161513776
4.00000000000007
1.96410161513779
-0.598076211353221
-2.99999999999988
-4.59807621135329
-4.96410161513775
-4.00000000000002
-1.96410161513784
0.598076211353309
2.99999999999995
4.59807621135327
4.96410161513776
4.00000000000005
1.96410161513789
-0.598076211353255
-2.99999999999991
-4.5980762113533
-4.96410161513777
-4
-1.96410161513781
0.598076211353201
2.99999999999998
4.59807621135328
4.96410161513777
4.00000000000003
1.96410161513786
-0.598076211353148
-2.99999999999993
-4.59807621135332
-4.96410161513776
-4.00000000000007
-1.96410161513778
0.598076211353236
2.99999999999989
4.5980762113533
4.96410161513777
4.0000000000001
1.96410161513783
-0.598076211353323
-2.99999999999996
-4.59807621135327
-4.96410161513776
-4.00000000000005
-1.96410161513788
0.59807621135327
2.99999999999992
4.59807621135325
4.96410161513776
3.99999999999999
1.9641016151378
-0.598076211353216
-2.99999999999999
-4.59807621135329
-4.96410161513777
-4.00000000000002
-1.96410161513784
0.598076211353162
2.99999999999994
4.59807621135327
4.96410161513778
4.00000000000006
1.96410161513789
-0.59807621135325
-2.9999999999999
-4.5980762113533
-4.96410161513775
-4.00000000000009
-1.96410161513781
0.598076211353197
2.99999999999997
4.59807621135328
4.96410161513776
4.00000000000012
1.96410161513786
-0.598076211353143
-2.99999999999993
-4.59807621135332
-4.96410161513776
-3.99999999999998
-1.96410161513791
0.598076211353231
2.99999999999989
4.59807621135329
4.96410161513777
4.00000000000002
1.96410161513796
-0.598076211353177
-2.99999999999996
-4.59807621135327
-4.96410161513776
-4.00000000000005
-1.96410161513775
0.598076211353124
2.99999999999991
4.59807621135325
4.96410161513776
4
1.9641016151378
-0.598076211353353
-2.99999999999987
-4.59807621135329
-4.96410161513777
-4.00000000000003
-1.96410161513785
0.598076211353299
2.99999999999983
4.59807621135326
4.96410161513776
4.00000000000006
1.96410161513777
-0.598076211353245
-3.00000000000001
-4.59807621135324
-4.96410161513777
-4.00000000000009
-1.96410161513782
0.598076211353192
2.99999999999997
4.59807621135333
4.96410161513777
4.00000000000004
1.96410161513787
-0.59807621135328
-2.99999999999993
-4.59807621135331
-4.96410161513778
-4.00000000000007
-1.96410161513792
0.598076211353226
3
4.59807621135329
4.96410161513775
4.0000000000001
1.96410161513784
-0.598076211353172
-2.99999999999995
-4.59807621135327
-4.96410161513776
-4.00000000000014
-1.96410161513788
0.59807621135326
2.99999999999991
4.59807621135331
4.96410161513776
4
1.96410161513793
-0.598076211353206
-2.99999999999987
-4.59807621135328
-4.96410161513775
-4.00000000000003
-1.96410161513772
0.598076211353153
2.99999999999994
4.59807621135326
4.96410161513776
4.00000000000006
1.96410161513777
-0.598076211353099
-2.99999999999989
-4.5980762113533
-4.96410161513777
-4.00000000000001
-1.96410161513782
0.598076211353328
2.99999999999985
4.59807621135328
4.96410161513777
4.00000000000004
1.96410161513787
-0.598076211353275
-3.00000000000004
-4.59807621135326
-4.96410161513776
-4.00000000000007
-1.96410161513779
0.598076211353221
2.99999999999999
4.59807621135323
4.96410161513777
4.00000000000011
1.96410161513784
-0.598076211353309
-2.99999999999995
-4.59807621135332
-4.96410161513778
-4.00000000000005
-1.96410161513789
0.598076211353255
2.99999999999991
4.5980762113533
4.96410161513778
4.00000000000009
1.96410161513781
-0.598076211353201
-2.99999999999998
-4.59807621135328
-4.96410161513775
-4.00000000000012
-1.96410161513786
0.598076211353148
2.99999999999993
4.59807621135326
4.96410161513776
3.99999999999998
1.96410161513791
-0.598076211353236
-2.99999999999989
-4.5980762113533
-4.96410161513777
-4.00000000000001
-1.96410161513796
0.598076211353182
2.99999999999985
4.59807621135327
4.96410161513776
4.00000000000005
1.96410161513775
-0.598076211353129
-2.99999999999992
-4.59807621135325
-4.96410161513776
-4.00000000000008
-1.9641016151378
0.598076211353357
2.99999999999987
4.59807621135329
4.96410161513779
4.00000000000011
1.96410161513784
-0.598076211353304
-2.99999999999983
-4.59807621135327
-4.96410161513779
-4.00000000000014
-1.96410161513789
0.59807621135325
3.00000000000002
4.59807621135325
4.96410161513777
4.00000000000017
1.96410161513794
-0.598076211353197
-2.99999999999997
-4.59807621135322
-4.96410161513777
-4.00000000000004
-1.96410161513799
0.598076211353143
2.99999999999993
4.59807621135332
4.96410161513778
4.00000000000007
1.96410161513804
-0.59807621135309
-2.99999999999989
-4.59807621135329
-4.96410161513775
-4.0000000000001
-1.96410161513783
0.598076211353036
2.99999999999984
4.59807621135327
4.96410161513776
4.00000000000013
1.96410161513788
-0.598076211352983
-2.9999999999998
-4.59807621135325
-4.96410161513776
-4
-1.96410161513793
0.598076211353212
2.99999999999976
4.59807621135323
4.96410161513777
4.00000000000003
1.96410161513772
-0.598076211353158
-2.99999999999994
-4.59807621135321
-4.96410161513778
-4.00000000000006
-1.96410161513777
0.598076211353104
2.9999999999999
4.59807621135319
4.96410161513778
4.00000000000009
1.96410161513782
-0.598076211353333
-2.99999999999985
-4.59807621135328
-4.96410161513779
-4.00000000000013
-1.96410161513787
0.59807621135328
2.99999999999981
4.03553390593265
2.4673557989454
1.43331154376665
0.923175039987772
0.715482114705106
0.49999999999999
0.0292467816293405
-0.761920914091637
-1.71660540010105
-2.51244077082018
-2.79289321881345
-2.32203403081791
-1.10151653659563
0.597904398716626
2.30585902963115
3.5
3.77889072147442
2.99705647422715
1.31272147505702
-0.868948974807216
-3.0355339059327
-4.73788717647409
-5.72868960032177
-6.01923203528293
-5.83638578902664
-5.49999999999998
-5.27114540178057
-5.23219203436273
-5.24668254627306
-5.01540172789995
-4.20710678118661
-2.61267756707294
-0.261433438279588
2.54802849764761
5.31800560177041
7.50000000000004
8.66825087409641
8.65538450565744
7.60069057024791
5.89383051644755
4.03553390593273
2.46735579894546
1.43331154376661
0.923175039987787
0.7154821147051
0.499999999999976
0.0292467816293114
-0.761920914091594
-1.71660540010101
-2.51244077082016
-2.79289321881345
-2.32203403081787
-1.1015165365957
0.597904398716704
2.30585902963121
3.50000000000003
3.77889072147443
2.99705647422721
1.31272147505711
-0.868948974807111
-3.03553390593279
-4.73788717647415
-5.72868960032179
-6.01923203528293
-5.83638578902663
-5.5
-5.27114540178057
-5.23219203436273
-5.24668254627307
-5.01540172789993
-4.20710678118656
-2.61267756707285
-0.261433438279472
2.54802849764773
5.31800560177029
7.49999999999996
8.66825087409639
8.65538450565747
7.60069057024784
5.89383051644747
4.03553390593265
2.4673557989454
1.43331154376658
0.923175039987773
0.715482114705106
0.500000000000019
0.0292467816293414
-0.761920914091551
-1.71660540010113
-2.51244077082018
-2.79289321881345
-2.32203403081791
-1.10151653659563
0.59790439871662
2.305859029631
3.49999999999993
3.77889072147442
2.99705647422715
1.31272147505721
-0.868948974807414
-3.03553390593288
-4.73788717647421
-5.72868960032176
-6.01923203528293
-5.83638578902665
-5.50000000000001
-5.27114540178058
-5.23219203436273
-5.24668254627306
-5.01540172789995
-4.20710678118651
-2.61267756707294
-0.261433438279596
2.54802849764734
5.3180056017704
7.50000000000003
8.66825087409636
8.6553845056575
7.60069057024778
5.89383051644739
4.03553390593274
2.46735579894534
1.43331154376662
0.923175039987788
0.715482114705114
0.499999999999976
0.0292467816293143
-0.761920914091591
-1.716605400101
-2.51244077082015
-2.79289321881345
-2.32203403081795
-1.10151653659557
0.597904398716699
2.30585902963107
3.49999999999996
3.77889072147441
2.9970564742271
1.31272147505712
-0.868948974807103
-3.03553390593278
-4.73788717647414
-5.72868960032173
-6.01923203528293
-5.83638578902663
-5.5
-5.27114540178057
-5.23219203436273
-5.24668254627307
-5.01540172789997
-4.20710678118645
-2.61267756707286
-0.261433438279481
2.54802849764746
5.31800560177051
7.50000000000011
8.66825087409639
8.65538450565747
7.60069057024785
5.89383051644747
4.03553390593282
2.46735579894528
1.43331154376658
0.923175039987775
0.715482114705108
0.499999999999991
0.0292467816293431
-0.761920914091549
-1.71660540010096
-2.51244077082018
-2.79289321881345
-2.32203403081791
-1.1015165365955
0.597904398716777
2.30585902963114
3.49999999999999
3.77889072147442
2.99705647422715
1.31272147505721
-0.868948974806998
-3.03553390593287
-4.7378871764742
-5.72868960032176
-6.01923203528293
-5.83638578902665
-5.50000000000001
-5.27114540178058
-5.23219203436273
-5.24668254627306
-5.01540172789995
-4.20710678118662
-2.61267756707277
-0.261433438279365
2.54802849764759
5.31800560177039
7.50000000000003
8.66825087409636
8.6553845056575
7.60069057024778
5.89383051644739
4.03553390593274
2.46735579894547
1.43331154376662
0.923175039987789
0.715482114705114
0.499999999999977
0.029246781629316
-0.761920914091588
-1.716605400101
-2.5124407708202
-2.79289321881345
-2.32203403081787
-1.10151653659571
0.597904398716693
2.30585902963106
3.49999999999996
3.77889072147441
2.9970564742271
1.31272147505713
-0.868948974807096
-3.03553390593278
-4.73788717647414
-5.72868960032173
-6.01923203528293
-5.83638578902663
-5.5
-5.27114540178057
-5.23219203436273
-5.24668254627306
-5.01540172789993
-4.20710678118656
-2.61267756707286
-0.261433438279489
2.54802849764745
5.31800560177004
7.5000000000001
8.66825087409638
8.65538450565747
7.60069057024785
5.89383051644748
4.03553390593282
2.46735579894553
1.43331154376658
0.923175039987775
0.715482114705108
0.500000000000021
0.0292467816292876
-0.761920914091628
-1.71660540010104
-2.51244077082018
-2.79289321881344
-2.32203403081784
-1.10151653659564
0.59790439871661
2.30585902963099
3.49999999999992
3.77889072147447
2.99705647422716
1.31272147505722
-0.86894897480699
-3.03553390593287
-4.7378871764742
-5.72868960032176
-6.01923203528293
-5.83638578902662
-5.49999999999999
-5.27114540178057
-5.23219203436273
-5.24668254627306
-5.01540172789991
-4.20710678118651
-2.61267756707296
-0.261433438279613
2.54802849764732
5.31800560176992
7.50000000000002
8.66825087409635
8.6553845056575
7.60069057024779
5.8938305164474
4.03553390593275
2.46735579894547
1.43331154376655
0.923175039987762
0.715482114705101
0.500000000000007
0.0292467816292601
-0.761920914091669
-1.71660540010108
-2.51244077082015
-2.79289321881346
-2.32203403081796
-1.10151653659585
0.597904398716688
2.30585902963106
3.49999999999996
3.77889072147446
2.9970564742271
1.31272147505713
-0.868948974807089
-3.03553390593295
-4.73788717647426
-5.72868960032179
-6.01923203528293
-5.83638578902661
-5.49999999999997
-5.27114540178056
-5.23219203436273
-5.24668254627307
-5.01540172789997
-4.20710678118667
-2.61267756707287
-0.261433438279498
2.54802849764744
5.31800560177003
7.5000000000001
8.66825087409638
8.65538450565747
7.60069057024799
5.89383051644732
4.03553390593267
2.46735579894541
1.43331154376652
0.923175039987749
0.715482114705094
0.499999999999994
0.0292467816293476
-0.761920914091543
-1.71660540010095
-2.51244077082007
-2.79289321881345
-2.32203403081792
-1.10151653659579
0.597904398716766
2.30585902963113
3.49999999999999
3.77889072147445
2.99705647422705
1.31272147505704
-0.868948974807188
-3.03553390593268
-4.73788717647432
-5.72868960032181
-6.01923203528293
-5.83638578902665
-5.50000000000001
-5.27114540178058
-5.23219203436272
-5.24668254627306
-5.01540172789995
-4.20710678118662
-2.61267756707314
-0.261433438279382
2.54802849764757
5.31800560177014
7.50000000000017
8.66825087409641
8.65538450565745
7.60069057024792
5.89383051644723
4.03553390593259
2.46735579894536
1.43331154376662
0.92317503998779
0.715482114705116
0.500000000000036
0.0292467816293196
-0.761920914091583
-1.716605400101
-2.51244077082009
-2.79289321881345
-2.32203403081788
-1.10151653659572
0.59790439871652
2.30585902963119
3.50000000000002
3.77889072147444
2.99705647422699
1.31272147505696
-0.868948974807287
-3.03553390593277
-4.73788717647413
-5.72868960032173
-6.01923203528293
-5.83638578902669
-5.5
-5.27114540178057
-5.23219203436273
-5.24668254627306
-5.01540172789993
-4.20710678118657
-2.61267756707306
-0.261433438279266
2.5480284976477
5.31800560177026
7.49999999999994
8.66825087409643
8.65538450565742
7.60069057024786
5.89383051644749
4.03553390593283
2.46735579894554
1.43331154376673
0.923175039987777
0.715482114705109
0.500000000000022
0.0292467816292921
-0.761920914091623
-1.71660540010104
-2.51244077082012
-2.79289321881345
-2.32203403081784
-1.10151653659565
0.597904398716598
2.30585902963126
3.50000000000006
3.77889072147443
2.99705647422693
1.31272147505687
-0.868948974807386
-3.03553390593285
-4.73788717647419
-5.72868960032176
-6.01923203528293
-5.83638578902668
-5.49999999999999
-5.27114540178057
-5.23219203436273
-5.24668254627306
-5.01540172789991
-4.20710678118652
-2.61267756707297
-0.26143343827915
2.54802849764782
5.31800560177037
7.50000000000001
8.66825087409646
8.6553845056574
7.6006905702478
5.89383051644741
4.03553390593276
2.46735579894548
1.43331154376669
0.923175039987764
0.715482114705101
0.500000000000009
0.0292467816293798
-0.761920914091663
-1.71660540010108
-2.51244077082015
-2.79289321881344
-2.3220340308178
-1.10151653659559
0.597904398716676
2.30585902963133
3.50000000000009
3.77889072147441
2.99705647422711
1.31272147505714
-0.868948974807075
-3.03553390593258
-4.73788717647425
-5.72868960032178
-6.01923203528293
-5.83638578902666
-5.49999999999997
-5.27114540178056
-5.23219203436273
-5.24668254627307
-5.01540172789989
-4.20710678118647
-2.61267756707288
-0.261433438279034
2.54802849764795
5.31800560177048
7.50000000000009
8.66825087409638
8.65538450565748
7.600690570248
5.89383051644767
4.03553390593268
2.46735579894542
1.43331154376666
0.92317503998775
0.715482114705095
0.499999999999995
0.029246781629352
-0.761920914091703
-1.71660540010112
-2.51244077082017
-2.79289321881345
-2.32203403081777
-1.10151653659552
0.597904398716754
2.30585902963112
3.49999999999999
3.77889072147445
2.99705647422729
1.31272147505706
-0.868948974807174
-3.03553390593267
-4.73788717647406
-5.72868960032181
-6.01923203528293
-5.83638578902665
-5.49999999999996
-5.27114540178055
-5.23219203436273
-5.24668254627306
-5.01540172789987
-4.20710678118642
-2.61267756707279
-0.261433438279398
2.54802849764755
5.31800560177013
7.49999999999985
8.6682508740964
8.65538450565745
7.60069057024793
5.89383051644758
4.0355339059326
2.46735579894536
1.43331154376663
0.923175039987737
0.715482114705087
0.499999999999981
0.029246781629324
-0.761920914091743
-1.71660540010116
-2.5124407708202
-2.79289321881345
-2.32203403081789
-1.10151653659573
0.597904398716508
2.30585902963118
3.50000000000002
3.77889072147444
2.99705647422723
1.31272147505697
-0.868948974807273
-3.03553390593275
-4.73788717647412
-5.72868960032184
-6.01923203528293
-5.83638578902664
-5.49999999999995
-5.27114540178055
-5.23219203436273
-5.24668254627306
-5.01540172789993
-4.20710678118658
-2.61267756707307
-0.261433438279762
2.54802849764768
5.31800560177024
7.49999999999992
8.66825087409643
8.65538450565743
7.60069057024787
5.8938305164475
4.03553390593252
2.46735579894531
1.43331154376659
0.923175039987779
0.715482114705081
0.499999999999967
0.0292467816292965
-0.761920914091617
-1.71660540010103
-2.51244077082012
-2.79289321881346
-2.32203403081785
-1.10151653659566
0.597904398716587
2.30585902963097
3.50000000000005
3.77889072147443
2.99705647422717
1.31272147505688
-0.868948974807371
-3.03553390593284
-4.73788717647418
-5.72868960032186
-6.01923203528293
-5.83638578902662
-5.49999999999999
-5.27114540178057
-5.23219203436273
-5.24668254627307
-5.01540172789992
-4.20710678118653
-2.61267756707298
-0.261433438279646
2.5480284976478
5.31800560177035
7.5
8.66825087409635
8.6553845056574
7.60069057024781
5.89383051644742
4.03553390593245
2.46735579894525
1.43331154376656
0.923175039987765
0.715482114705103
0.500000000000011
0.029246781629384
-0.761920914091491
-1.71660540010107
-2.51244077082014
-2.79289321881346
-2.32203403081781
-1.1015165365956
0.597904398716665
2.30585902963104
3.50000000000009
3.77889072147442
2.99705647422712
1.31272147505716
-0.86894897480747
-3.03553390593293
-4.73788717647424
-5.72868960032178
-6.01923203528293
-5.83638578902667
-5.50000000000003
-5.27114540178056
-5.23219203436273
-5.24668254627307
-5.01540172789998
-4.20710678118648
-2.61267756707289
-0.26143343827953
2.54802849764793
5.31800560177046
7.50000000000008
8.66825087409637
8.65538450565738
7.60069057024774
5.89383051644734
4.03553390593269
2.46735579894543
1.43331154376666
0.923175039987808
0.715482114705095
0.499999999999997
0.0292467816293551
-0.761920914091532
-1.71660540010111
-2.51244077082017
-2.79289321881345
-2.32203403081793
-1.10151653659553
0.597904398716743
2.30585902963111
3.50000000000012
3.77889072147441
2.99705647422706
1.31272147505707
-0.86894897480716
-3.03553390593265
-4.73788717647405
-5.72868960032181
-6.01923203528293
-5.83638578902665
-5.50000000000002
-5.27114540178056
-5.23219203436273
-5.24668254627306
-5.01540172789996
-4.20710678118642
-2.61267756707281
-0.261433438279415
2.54802849764806
5.31800560177058
7.50000000000015
8.6682508740964
8.65538450565746
7.60069057024794
5.8938305164476
4.03553390593293
2.46735579894537
1.43331154376663
0.923175039987795
0.715482114705089
0.499999999999983
0.029246781629328
-0.761920914091571
-1.71660540010115
-2.51244077082019
-2.79289321881345
-2.32203403081789
-1.10151653659546
0.597904398716822
2.30585902963117
3.50000000000001
3.77889072147444
2.99705647422724
1.31272147505735
-0.868948974807259
-3.03553390593274
-4.73788717647411
-5.72868960032172
-6.01923203528293
-5.83638578902664
-5.50000000000001
-5.27114540178055
-5.23219203436273
-5.24668254627306
-5.01540172789994
-4.20710678118637
-2.61267756707272
-0.261433438279299
2.54802849764766
5.31800560177022
7.49999999999991
8.66825087409632
8.65538450565743
7.60069057024788
5.89383051644751
4.03553390593286
2.46735579894531
1.4333115437666
0.923175039987782
0.715482114705111
0.49999999999997
0.0292467816293001
-0.761920914091612
-1.71660540010119
-2.51244077082022
-2.79289321881345
-2.32203403081785
-1.10151653659567
0.597904398716576
2.30585902963096
3.49999999999991
3.77889072147443
2.99705647422718
1.31272147505726
-0.868948974806948
-3.03553390593283
-4.73788717647442
-5.72868960032175
-6.01923203528293
-5.83638578902668
-5.49999999999999
-5.27114540178054
-5.23219203436273
-5.24668254627306
-5.01540172789992
-4.20710678118653
-2.61267756707299
-0.261433438279183
2.54802849764726
5.31800560177034
7.49999999999968
8.66825087409634
8.65538450565741
7.60069057024808
5.89383051644743
4.03553390593246
2.46735579894549
1.43331154376657
0.923175039987711
0.715482114705103
0.499999999999956
0.0292467816293884
-0.761920914091652
-1.71660540010107
-2.51244077082014
-2.79289321881346
-2.32203403081781
-1.10151653659588
0.597904398716654
2.30585902963131
3.49999999999994
3.77889072147442
2.99705647422736
1.31272147505717
-0.868948974807456
-3.03553390593255
-4.73788717647423
-5.72868960032189
-6.01923203528293
-5.83638578902661
-5.49999999999998
-5.27114540178056
-5.23219203436273
-5.24668254627307
-5.01540172789998
-4.20710678118648
-2.61267756707327
-0.261433438279547
2.54802849764791
5.31800560176998
7.50000000000006
8.66825087409648
8.65538450565748
7.60069057024775
5.89383051644769
4.0355339059327
2.4673557989452
1.43331154376667
0.923175039987754
0.715482114705096
0.499999999999999
0.02924678162936
-0.761920914091691
-1.71660540010094
-2.51244077082016
-2.79289321881347
-2.32203403081793
-1.10151653659554
0.597904398716408
2.3058590296311
3.50000000000012
3.77889072147445
2.99705647422707
1.31272147505672
-0.868948974807146
-3.035533905933
-4.73788717647404
-5.7286896003218
-6.01923203528293
-5.83638578902665
-5.50000000000002
-5.27114540178056
-5.23219203436272
-5.24668254627306
-5.01540172789988
-4.20710678118665
-2.61267756707282
-0.261433438279911
2.54802849764752
5.31800560177056
7.49999999999983
8.66825087409639
8.65538450565735
7.60069057024795
5.89383051644727
4.03553390593262
2.46735579894538
1.43331154376664
0.923175039987797
0.715482114705119
0.499999999999985
0.0292467816294486
-0.761920914091566
-1.71660540010115
-2.51244077082008
-2.79289321881345
-2.32203403081774
-1.10151653659575
0.597904398716811
2.30585902963144
3.50000000000001
3.7788907214744
2.99705647422725
1.31272147505699
-0.868948974807245
-3.03553390593273
-4.7378871764741
-5.72868960032183
-6.01923203528293
-5.83638578902664
-5.49999999999995
-5.27114540178057
-5.23219203436273
-5.24668254627307
-5.01540172789994
-4.20710678118638
-2.61267756707309
-0.261433438279315
2.54802849764816
5.31800560177021
7.50000000000021
8.66825087409642
8.65538450565743
7.60069057024789
5.89383051644753
4.03553390593287
2.46735579894532
1.43331154376674
0.923175039987784
0.715482114705083
0.500000000000028
0.0292467816293036
-0.761920914091772
-1.71660540010102
-2.51244077082022
-2.79289321881346
-2.32203403081786
-1.10151653659541
0.597904398716565
2.30585902963123
3.50000000000004
3.77889072147443
2.99705647422719
1.31272147505691
-0.868948974806935
-3.03553390593282
-4.73788717647392
-5.72868960032174
-6.01923203528293
-5.83638578902668
-5.49999999999999
-5.27114540178054
-5.23219203436273
-5.24668254627306
-5.01540172789984
-4.20710678118654
-2.61267756707264
-0.261433438279679
2.54802849764777
5.31800560177032
7.49999999999998
8.66825087409634
8.65538450565741
7.60069057024809
5.89383051644744
4.03553390593247
2.4673557989455
1.43331154376657
0.923175039987825
0.715482114705105
0.499999999999958
0.029246781629392
-0.761920914091646
-1.71660540010123
-2.51244077082013
-2.79289321881344
-2.32203403081782
-1.10151653659561
0.597904398716643
2.30585902963102
3.49999999999994
3.77889072147442
2.99705647422737
1.31272147505718
-0.868948974807441
-3.03553390593254
-4.73788717647422
-5.72868960032188
-6.01923203528293
-5.83638578902661
-5.50000000000004
-5.27114540178056
-5.23219203436273
-5.24668254627307
-5.0154017278999
-4.20710678118649
-2.61267756707292
-0.261433438279564
2.54802849764789
5.31800560176997
7.50000000000005
8.66825087409626
8.65538450565749
7.60069057024776
5.8938305164477
4.03553390593271
2.46735579894521
1.43331154376667
0.923175039987757
0.715482114705069
0.500000000000001
0.0292467816292485
-0.76192091409152
-1.7166054001011
-2.51244077082016
-2.79289321881345
-2.32203403081794
-1.10151653659555
0.597904398716397
2.30585902963109
3.50000000000011
3.77889072147445
2.99705647422708
1.31272147505746
-0.868948974807132
-3.03553390593299
-4.73788717647404
-5.7286896003218
-6.01923203528293
-5.83638578902666
-5.49999999999997
-5.27114540178056
-5.23219203436273
-5.24668254627307
-5.01540172789996
-4.20710678118665
-2.61267756707283
-0.261433438279927
2.5480284976475
5.31800560177054
7.49999999999982
8.66825087409639
8.65538450565736
7.60069057024796
5.89383051644728
4.03553390593296
2.46735579894539
1.43331154376651
0.923175039987799
0.715482114705091
0.499999999999987
0.0292467816293358
-0.76192091409156
-1.71660540010114
-2.51244077082008
-2.79289321881345
-2.32203403081806
-1.10151653659576
0.597904398716799
2.30585902963088
3.5
3.7788907214744
2.99705647422725
1.31272147505701
-0.868948974807639
-3.03553390593272
-4.73788717647434
-5.72868960032171
-6.01923203528293
-5.83638578902664
-5.50000000000001
-5.27114540178058
-5.23219203436273
-5.24668254627307
-5.01540172789994
-4.20710678118639
-2.61267756707311
-0.261433438279332
2.5480284976471
5.31800560177019
7.50000000000021
8.66825087409631
8.65538450565744
7.60069057024763
5.89383051644754
4.03553390593256
2.46735579894533
1.43331154376661
0.923175039987785
0.715482114705113
0.50000000000003
0.0292467816293083
-0.761920914091434
-1.71660540010101
-2.51244077082021
-2.79289321881346
-2.32203403081786
-1.10151653659542
0.597904398716554
2.30585902963122
3.4999999999999
3.77889072147443
2.99705647422697
1.31272147505728
2.56833616355152
1.34888787287151
-0.078280145428594
-1.59830289557527
-3.08399540373942
-4.40760805268964
-5.45276334448133
-6.12542390201134
-6.36283170757086
-6.13955208630094
-5.47003399599776
-4.40743373618542
-3.03880956812606
-1.47714484007674
0.149037066700687
1.70747109010918
3.07423238001524
4.14494687792049
4.84406278495082
5.13130574797217
5.00471610886206
4.49999999999996
3.68628482700835
2.65871870646113
1.52865865091911
0.412423957968528
-0.580273172580572
-1.35708141209173
-1.85189535066335
-2.03100706852749
-1.89593233475169
-1.48264999963995
-0.857348712093671
-0.109120811382336
0.659654850161287
1.34427095263675
1.84888787287166
2.09684158178114
2.03902448922079
1.65949069146917
0.977711284120824
0.0472366555189323
-1.04912155957581
-2.20713086465466
-3.31124169588002
-4.24596878508321
-4.9074337361855
-5.21393129533585
-5.11447222487264
-4.59444902850769
-3.67784824670197
-2.42576761998431
-0.93135546451569
0.688361942035121
2.3029953575507
3.78065089794746
5
5.86140655421802
6.29604609125749
6.2721447461273
5.79774329477961
4.91972682741933
3.71922093034397
2.30380549225245
0.797303321893492
-0.671867123837143
-1.98264999963983
-3.0324704393034
-3.74644819617817
-4.08383124504735
-4.04104838417379
-3.65111212712856
-2.97946076065458
-2.11667635369515
-1.16881969895189
-0.246353926793601
0.54723665551881
1.12600016763419
1.43019652014123
1.43224439932863
1.13935055172758
0.592566263814492
-0.137628952900102
-0.958771381956765
-1.76613863808646
-2.45378303578728
-2.92576761998451
-3.10647719172527
-2.94896544276117
-2.44049073765732
-1.60466843886362
-0.499999999999969
0.785104211782244
2.14034524834151
3.44383435570621
4.57367808386518
5.41972682741943
5.89434265755405
5.94113287704867
5.54078941710202
4.71345221297357
3.51735000036017
2.04383190313235
0.409252646737745
-1.25552085462619
-2.81698317325912
-4.15111212712874
-5.15458248786437
-5.75400373849139
-5.91230579416043
-5.63167326360441
-4.95276334448116
-3.95030217480167
-2.72550432277485
-1.39606599109221
-0.08471465918712
1.09256626381471
2.03749277430991
2.67855600283932
2.97734745712192
2.93153630102343
2.57423238001539
1.96982515071069
1.20673540015486
0.387819652763877
-0.380603227948965
-0.999999999999913
-1.39001751542767
-1.49698213645455
-1.29965173950219
-0.811641252945938
-0.0802731725805157
0.818040315118002
1.78543203413295
2.71247902668077
3.4893870020592
4.01735000036022
4.21895363034224
4.04658003153384
3.48796524058209
2.56833616355167
1.34888787287156
-0.0782801454284008
-1.59830289557517
-3.08399540373946
-4.40760805268954
-5.45276334448122
-6.12542390201145
-6.36283170757086
-6.13955208630095
-5.47003399599756
-4.40743373618549
-3.03880956812584
-1.47714484007683
0.149037066700907
1.70747109010899
3.07423238001535
4.14494687792037
4.8440627849509
5.13130574797214
5.00471610886208
4.49999999999978
3.68628482700845
2.65871870646126
1.52865865091925
0.412423957968656
-0.580273172580497
-1.35708141209165
-1.85189535066338
-2.03100706852746
-1.89593233475183
-1.48264999963965
-0.8573487120936
-0.109120811381965
0.659654850161078
1.34427095263707
1.84888787287151
2.09684158178114
2.03902448922073
1.65949069146925
0.977711284120875
0.047236655519058
-1.04912155957568
-2.20713086465494
-3.31124169587985
-4.24596878508312
-4.90743373618536
-5.21393129533585
-5.1144722248726
-4.59444902850779
-3.67784824670174
-2.42576761998449
-0.931355464515346
0.688361942034909
2.30299535755105
3.78065089794728
4.99999999999986
5.86140655421793
6.29604609125746
6.27214474612733
5.79774329477969
4.91972682741946
3.71922093034414
2.30380549225263
0.797303321893685
-0.671867123837452
-1.98264999963967
-3.03247043930358
-3.74644819617809
-4.08383124504735
-4.0410483841738
-3.65111212712839
-2.97946076065466
-2.11667635369534
-1.16881969895199
-0.246353926793749
0.547236655518988
1.12600016763413
1.43019652014121
1.43224439932868
1.13935055172762
0.592566263814648
-0.137628952900024
-0.95877138195656
-1.76613863808682
-2.45378303578709
-2.92576761998478
-3.10647719172518
-2.94896544276126
-2.4404907376573
-1.60466843886352
-0.50000000000004
0.785104211782076
2.14034524834139
3.44383435570606
4.57367808386506
5.41972682741936
5.89434265755397
5.94113287704865
5.54078941710201
4.71345221297371
3.51735000036022
2.04383190313256
0.409252646737521
-1.25552085462598
-2.8169831732593
-4.15111212712858
-5.15458248786442
-5.75400373849133
-5.9123057941604
-5.63167326360446
-4.95276334448125
-3.95030217480181
-2.72550432277501
-1.39606599109233
-0.0847146591872794
1.09256626381466
2.0374927743098
2.67855600283937
2.97734745712189
2.93153630102348
2.57423238001543
1.96982515071048
1.20673540015494
0.387819652763645
-0.380603227948895
-1.00000000000006
-1.39001751542765
-1.49698213645452
-1.29965173950224
-0.811641252946021
-0.0802731725803034
0.818040315117838
1.78543203413284
2.71247902668058
3.48938700205914
4.01735000036007
4.21895363034226
4.04658003153376
3.48796524058209
2.56833616355168
1.3488878728714
-0.0782801454287321
-1.59830289557542
-3.08399540373928
-4.40760805268977
-5.45276334448112
-6.1254239020114
-6.36283170757086
-6.13955208630101
-5.47003399599768
-4.40743373618565
-3.03880956812603
-1.47714484007647
0.149037066700696
1.70747109010893
3.07423238001519
4.14494687792038
4.84406278495085
5.13130574797223
5.00471610886187
4.49999999999993
3.68628482700814
2.65871870646142
1.52865865091896
0.412423957968775
-0.580273172580385
-1.35708141209185
-1.85189535066332
-2.03100706852755
-1.89593233475184
-1.48264999963983
-0.857348712093663
-0.109120811382179
0.65965485016101
1.34427095263712
1.84888787287148
2.0968415817812
2.03902448922071
1.65949069146914
0.97771128412098
0.0472366555188155
-1.04912155957554
-2.20713086465481
-3.31124169587974
-4.24596878508303
-4.90743373618551
-5.21393129533585
-5.11447222487265
-4.59444902850765
-3.67784824670189
-2.42576761998468
-0.931355464515553
0.688361942034696
2.30299535755139
3.7806508979471
5.0000000000001
5.86140655421807
6.2960460912575
6.27214474612736
5.79774329477928
4.91972682741959
3.71922093034383
2.30380549225282
0.797303321893347
-0.671867123837268
-1.98264999963992
-3.03247043930345
-3.74644819617832
-4.08383124504731
-4.04104838417394
-3.65111212712822
-2.97946076065485
-2.116676353695
-1.16881969895217
-0.24635392679347
0.547236655518882
1.12600016763425
1.43019652014121
1.43224439932853
7.70477069533189
5.50791457293331
2.63840127202889
-0.512228501817515
-3.51801096463422
-5.98258708560487
-7.59774211749197
-8.18714450800841
-7.72849536299258
-6.3509342641557
-4.30867252868456
-1.93574004039398
0.410224529792767
2.40554626301828
3.80984011755164
4.49909965483329
4.47751370282337
3.86674752277425
2.87535156180364
1.75436132182334
0.747441177044055
0.0447152565289475
-0.251404467614587
-0.142379118635264
0.270976162417429
0.812564279360495
1.26993100010439
1.44062539990233
1.17720001227267
0.422260053930314
-0.773272631623674
-2.25251455982562
-3.77570985124657
-5.06038847859012
-5.83175492253404
-5.87446924952893
-5.07652155151677
-3.45707550811316
-1.17277998874539
1.49932241316236
4.2001443429821
6.54230328656126
8.17065366255209
8.81965738629408
8.35800009432455
6.81284361273345
4.36939586674688
1.34552695679931
-1.85471743809191
-4.80135405242417
-7.10281550027407
-8.46410161513787
-8.72944779457008
-7.90280825139456
-6.14313496085853
-3.73559569741214
-1.04381295779592
1.54874323597914
3.6984205782486
5.15232905382632
5.78244274262363
5.59774211749229
4.73310702041993
3.4176548483655
1.92867421022532
0.539641873746999
-0.528361574743723
-1.14333155021281
-1.28089782482134
-1.02189815281371
-0.529924656914001
-0.0134120876860511
0.320396985233837
0.310840514627225
-0.120043232630955
-0.947585520025688
-2.04471525652886
-3.20263301997361
-4.16846139599205
-4.69323621634799
-4.58159493429841
-3.73403261524207
-2.17373242032307
-0.0525515740766029
2.36568191080809
4.74244762954313
6.71661617496364
7.96285435925531
8.24658055502091
7.46607301172583
5.67432490654663
3.07652155151674
0.00303802052437629
-3.13806052588183
-5.92158246709259
-7.9691749979197
-9.00640490169919
-8.9037606829722
-7.6950089480975
-5.57005812958585
-2.84366861481325
0.0947057483909692
2.84161755120934
5.04090951452285
6.43567214161604
6.90267115729216
6.46410161513765
5.27541030698207
3.5919677367675
1.72087490692825
-0.0334349575257993
-1.4202886573424
-2.28185025639942
-2.57377214005228
-2.36438708908769
-1.81326774470396
-1.13364050235452
-0.545962512411576
-0.231462771934361
-0.294356121033207
-0.739786216728764
-1.4716384252557
-2.31070593737517
-3.02994268980558
-3.40036190111739
-3.23910599802432
-2.45068952745234
-1.05350400565432
0.813807923569114
2.90798519736934
4.91676051794558
6.50881687166681
7.3897775279819
7.35465347242262
6.32755430553953
4.38145059131691
1.73403261524237
-1.28030506726502
-4.25828894055071
-6.78794196473833
-8.5114782844811
-9.18071779010145
-8.69596137967511
-7.12193211682481
-4.67813104698731
-1.70514990862728
1.38758006362059
4.18410648748366
6.32425260231294
7.55590055628509
7.76903065493792
7.00640490169986
5.44972319538412
3.38416843347029
1.1477980756556
-0.925362040124226
-2.55880736352866
-3.5747245716294
-3.91626107632631
-3.64773017687813
-2.93349615937284
-2.0000000000002
-1.08826579897332
-0.405775660336436
-0.0865568177361871
-0.166709385455899
-0.579711342657569
-1.17218723118915
-1.73706837457543
-2.05787296484337
-1.95576291023378
-1.33046111278325
-0.187144508008353
1.35611121013049
3.08229808577169
4.70896121464884
5.93574004039386
6.49785044538373
6.21613476623645
5.03467999030918
3.03896165504208
0.450689527452425
-2.40053348193435
-5.12464843819634
-7.3302452512997
-8.68579117288336
-8.97291848680452
-8.12288454840253
-6.23000503422636
-3.53961234080088
-0.412275593397179
2.7300689998955
5.46744957527448
7.44448101698163
8.42226005393057
8.31133394149939
7.18071779010185
5.24192389208697
2.8110916021979
0.255870993057143
-2.06388074631055
-3.85168167875903
-4.91721350790421
-5.19960416411683
-4.76795859154657
-3.79985565701814
-2.54230328656179
-1.26257868737537
-0.197976357039458
0.486520013536808
0.725217697142664
0.558807363528951
0.120687084041519
-0.394579438300929
-0.774529877052861
-0.835534495565229
-0.46410161513773
0.355158778552891
1.53042409853285
2.87449878247499
4.13588438337561
5.04381295779493
5.35933173919717
4.92326045100599
3.69219105403496
1.7556185672518
-0.669538887216414
-3.26689297958011
-5.66695172475742
-7.50455813970209
-8.47799186958657
-8.39984165553158
-7.23095746580379
-5.09148632803952
-2.24673802557125
0.930213342877224
4.01341208768585
6.58767798994247
8.31084051462725
8.96456334049213
8.48564682990177
6.97291848680464
4.66884706081434
1.91916451959904
-0.882647713129706
-3.35675506154078
-5.19417061503323
-6.2005565956943
-6.31983257878522
-5.63431808919193
-4.34215894357996
-2.71661617496383
-1.05477938407821
0.37510047423323
1.37844709613512
1.86373640332881
1.85168167875907
1.46317602031549
0.888763649489028
0.345698537615957
0.0308250020802485
0.0782016714238294
0.529471666955222
1.32262479523599
2.30142195120184
3.2439573007775
3.90529425160887
4.06645742396712
3.58077151473187
2.40884796624475
0.635390152583352
-1.53589838486247
-3.80919626614088
-5.8412646131599
-7.29675883640527
-7.90491503831356
-7.50791457293327
-6.09243875961747
-3.79861201281021
-0.90424908929686
2.21355643066762
5.13364050235421
7.4540374875885
8.85314380118874
9.13887622889423
8.27784752660468
6.39984165553218
3.77691997821582
0.780645813412589
-2.17552202835935
-4.69924399781507
-6.4775137028234
-7.32078501036302
-7.18619207643096
-6.17662137575378
-4.5164718319819
-2.50881687166668
-0.48170255280603
1.26702755683159
2.51696580232132
3.15661071855936
3.1941706150336
2.74651910810594
2.00899206415794
1.21205803526169
0.573128288641978
0.252514559825984
0.321672363658357
0.749547963963113
1.40949486860375
2.10543859459099
2.61241993637822
2.72396848769254
2.29742842694125
1.28861955157616
-0.230969345062283
-2.07820167142313
-3.98350915454328
-5.63346530986318
-6.72368200513238
-7.01298795571539
-6.36939586674707
-4.79956444438719
-2.45612307653534
0.379093998494024
3.33378484533598
5.99999999999993
7.99634077414965
9.02745668959099
8.93107692559736
7.70477069533189
5.50791457293332
2.6384012720289
-0.512228501817513
-3.51801096463423
-5.98258708560585
-7.59774211749203
-8.18714450800848
-7.72849536299252
-6.35093426415579
-4.30867252868478
-1.93574004039401
0.410224529792775
2.40554626301834
3.80984011755174
4.49909965483342
4.47751370282358
3.8667475227744
2.87535156180377
1.75436132182328
0.747441177044101
0.0447152565290869
-0.251404467614664
-0.142379118635389
0.270976162417271
0.812564279360324
1.26993100010423
1.44062539990252
1.17720001227299
0.422260053930568
-0.773272631623649
-2.25251455982554
-3.77570985124646
-5.06038847858999
-5.8317549225339
-5.87446924952881
-5.07652155151668
-3.4570755081131
-1.17277998874502
1.49932241316194
4.20014434298177
6.54230328656121
8.17065366255204
8.81965738629404
8.35800009432451
6.81284361273344
4.36939586674688
1.34552695679931
-1.85471743809191
-4.80135405242457
-7.10281550027369
-8.46410161513763
-8.72944779457013
-7.90280825139462
-6.14313496085859
-3.73559569741219
-1.04381295779594
1.54874323597916
3.69842057824813
5.15232905382589
5.78244274262348
5.59774211749242
4.73310702042007
3.41765484836561
1.92867421022539
0.539641873747015
-0.528361574743764
-1.1433315502129
-1.28089782482148
-1.02189815281334
-0.529924656913641
-0.01341208768575
0.320396985233719
0.310840514627158
-0.120043232630965
-0.94758552002564
-2.04471525652876
-3.20263301997348
-4.1684613959919
-4.69323621634784
-4.58159493429882
-3.73403261524251
-2.17373242032284
-0.052551574076602
2.36568191080805
4.74244762954307
6.71661617496356
7.96285435925523
8.24658055502114
7.46607301172618
5.67432490654709
3.07652155151673
0.00303802052438029
-3.13806052588279
-5.92158246709258
-7.9691749979197
-9.00640490169921
-8.90376068297223
-7.69500894809754
-5.57005812958618
-2.84366861481368
0.0947057483904765
2.84161755120937
5.0409095145229
6.43567214161653
6.90267115729227
6.46410161513776
5.27541030698218
3.59196773676759
1.72087490692829
-0.0334349575255084
-1.42028865734205
-2.28185025639904
-2.57377214005242
-2.36438708908785
-1.8132677447041
-1.13364050235466
-0.545962512411675
-0.231462771934263
-0.294356121033201
-0.73978621672885
-1.47163842525558
-2.31070593737502
-3.02994268980542
-3.40036190111723
-3.2391059980242
-2.4506895274518
-1.05350400565429
0.813807923569096
2.90798519736976
4.9167605179455
6.50881687166641
7.38977752798212
7.35465347242267
6.32755430553939
4.38145059131687
1.73403261524236
-1.280305067266
-4.2582889405502
-6.78794196473831
-8.51147828448132
-9.18071779010149
-8.69596137967545
-7.12193211682482
-4.67813104698733
-1.70514990862678
1.38758006362059
4.18410648748369
6.32425260231313
7.55590055628484
7.769030654938
7.00640490169953
5.4497231953837
3.38416843346986
1.14779807565562
-0.925362040124249
-2.55880736352873
-3.57472457162969
-3.91626107632645
-3.64773017687782
-2.93349615937208
-2.00000000000049
-1.0882657989734
-0.405775660336458
-0.0865568177362253
-0.166709385455807
-0.579711342657431
-1.17218723118899
-1.73706837457477
-2.05787296484282
-1.95576291023389
-1.33046111278362
-0.187144508008445
1.35611121013116
3.08229808577161
4.70896121464873
5.93574004039328
6.49785044538361
6.21613476623635
5.03467999030956
3.03896165504284
0.450689527452423
-2.40053348193432
-5.12464843819679
-7.33024525130059
-8.68579117288332
-8.97291848680449
-8.12288454840269
-6.23000503422672
-3.53961234080136
-0.412275593397207
2.73006899989542
5.46744957527434
7.44448101698167
8.42226005393062
8.31133394149933
7.18071779010193
5.24192389208703
2.81109160219745
0.255870993057546
-2.06388074631035
-3.85168167875858
-4.91721350790362
-5.19960416411613
-4.76795859154671
-3.79985565701827
-2.54230328656158
-1.26257868737575
-0.197976357039591
0.486520013536495
0.725217697142092
0.558807363528185
0.120687084041688
-0.394579438300762
-0.774529877052717
-0.835534495565127
-0.464101615137681
0.355158778553204
1.53042409853242
2.87449878247441
4.13588438337577
5.04381295779565
5.35933173919786
4.92326045100589
3.69219105403489
1.75561856725177
-0.669538887215978
-3.26689297957956
-5.66695172475799
-7.50455813970241
-8.47799186958674
-8.39984165553182
-7.23095746580417
-5.09148632804
-2.24673802557125
0.930213342877218
4.01341208768585
6.58767798994216
8.31084051462713
8.96456334049216
8.48564682990155
6.97291848680442
4.66884706081438
1.91916451959906
-0.882647713129715
-3.35675506154059
-5.19417061503328
-6.20055659569441
-6.31983257878499
-5.63431808919158
-4.34215894358007
-2.71661617496392
-1.0547793840784
0.375100474233252
1.3784470961352
1.86373640332893
1.85168167875965
1.46317602031616
0.888763649489681
0.34569853761569
0.0308250020800993
0.0782016714237965
0.529471666955198
1.32262479523606
2.30142195120123
3.24395730077684
3.90529425160872
4.0664574239673
3.5807715147319
2.40884796624477
0.635390152583738
-1.53589838486216
-3.80919626614182
-5.84126461315981
-7.29675883640517
-7.90491503831324
-7.50791457293317
-6.0924387596176
-3.79861201280983
-0.904249089296386
2.21355643066812
5.13364050235379
7.4540374875882
8.85314380118887
9.13887622889432
8.27784752660471
6.39984165553178
3.77691997821534
0.78064581341309
-2.17552202835936
-4.69924399781511
-6.4775137028235
-7.32078501036271
-7.18619207643079
-6.17662137575436
-4.51647183198249
-2.50881687166719
-0.481702552805422
1.26702755683217
2.51696580232099
3.15661071855896
3.19417061503323
2.74651910810562
2.00899206415759
1.21205803526152
0.573128288641806
0.252514559825958
0.321672363658124
0.74954796396271
1.40949486860319
2.10543859459081
2.61241993637859
2.72396848769293
2.29742842694164
1.28861955157604
-0.230969345061722
-2.0782016714235
-3.98350915454369
-5.63346530986356
-6.72368200513276
-7.01298795571487
-6.36939586674741
-4.79956444438785
-2.45612307653585
0.379093998493532
3.33378484533646
5.99999999999916
7.99634077414962
9.02745668959097
8.93107692559728
7.70477069533135
5.50791457293248
2.63840127203041
-0.512228501817018
-3.51801096463385
-5.98258708560566
-7.59774211749252
-8.18714450800845
-7.7284953629926
-6.35093426415587
-4.30867252868484
-1.93574004039359
0.410224529793429
2.4055462630179
3.80984011755176
4.49909965483382
4.47751370282415
3.86674752277495
2.8753515618041
1.75436132182337
0.74744117704414
0.0447152565290665
-0.251404467614562
-0.142379118635157
0.27097616241713
0.812564279360662
1.26993100010453
1.44062539990271
1.1772000122725
0.422260053930972
-0.773272631623207
-2.25251455982548
-3.77570985124651
-5.06038847859036
-5.83175492253417
-5.87446924952895
-5.07652155151659
-3.45707550811287
-1.17277998874465
1.49932241316327
4.20014434298042
6.54230328656055
8.17065366255166
8.81965738629401
8.3580000943244
6.81284361273315
4.36939586674779
1.34552695679932
-1.85471743809191
-4.80135405242458
-7.10281550027458
-8.46410161513738
-8.72944779456986
-7.90280825139505
-6.14313496085927
-3.73559569741223
-1.0438129577955
1.54874323597837
3.69842057824819
5.15232905382598
5.7824427426236
5.59774211749214
4.73310702042041
3.41765484836522
1.92867421022506
0.539641873746797
-0.528361574744101
-1.14333155021341
-1.28089782482184
-1.0218981528135
-0.529924656913811
-0.0134120876859034
0.320396985233924
0.310840514627239
-0.120043232630974
-0.947585520025865
-2.04471525652909
-3.20263301997406
-4.16846139599233
-4.69323621634739
-4.58159493429846
-3.73403261524239
-2.1737324203228
-0.052551574076245
2.36568191080725
4.742447629543
6.71661617496348
7.96285435925515
8.24658055502105
7.46607301172557
5.67432490654755
3.07652155151767
0.00303802052541591
-3.13806052588181
-5.92158246709297
-7.96917499791918
-9.00640490169923
-8.90376068297226
-7.69500894809757
-5.57005812958545
-2.84366861481279
0.0947057483899836
2.84161755120919
5.04090951452257
6.43567214161621
6.90267115729238
6.46410161513845
5.27541030698229
3.59196773676767
1.72087490692834
-0.0334349575260444
-1.42028865734255
-2.28185025639883
-2.57377214005168
-2.36438708908701
-1.81326774470327
-1.13364050235389
-0.545962512412137
-0.231462771934444
-0.29435612103311
-0.739786216728779
-1.47163842525589
-2.31070593737538
-3.02994268980526
-3.40036190111708
-3.23910599802408
-2.45068952745175
-1.0535040056535
0.813807923568795
2.90798519736861
4.91676051794491
6.50881687166631
7.38977752798201
7.35465347242259
6.32755430553997
4.38145059131684
1.73403261524235
-1.28030506726599
-4.25828894055156
-6.787941964738
-8.51147828448115
-9.18071779010148
-8.69596137967546
-7.12193211682484
-4.67813104698735
-1.7051499086283
1.38758006362059
4.18410648748372
6.32425260231318
7.55590055628516
7.7690306549378
7.00640490169948
5.4497231953838
0.688361942034698
2.3029953575514
3.78065089794758
4.99999999999973
5.86140655421784
6.2960460912575
6.27214474612736
5.79774329477928
4.91972682741996
3.7192209303443
2.30380549225282
0.797303321893343
-0.671867123837269
-1.98264999964005
-3.03247043930314
-3.74644819617816
-4.08383124504729
-4.04104838417392
-3.6511121271282
-2.97946076065471
-2.11667635369532
-1.16881969895215
-0.246353926793451
0.547236655518894
1.12600016763441
1.43019652014116
1.43224439932858
1.13935055172772
0.59256626381435
-0.137628952900164
-0.958771381956826
-1.76613863808634
-2.45378303578744
-2.92576761998464
-3.10647719172522
-2.94896544276123
-2.44049073765752
-1.60466843886355
-0.500000000000193
0.785104211782328
2.14034524834172
3.4438343557068
4.57367808386459
5.41972682741958
5.89434265755396
5.94113287704872
5.54078941710189
4.71345221297397
3.5173500003604
2.04383190313235
0.409252646737596
-1.25552085462634
-2.81698317325976
-4.15111212712829
-5.15458248786442
-5.75400373849126
-5.91230579416027
-5.63167326360437
-4.95276334448134
-3.95030217480192
-2.72550432277471
-1.39606599109244
-0.0847146591865404
1.0925662638149
2.03749277430957
2.67855600283941
2.97734745712186
2.93153630102346
2.57423238001524
1.96982515071093
1.20673540015468
0.387819652763697
-0.38060322794885
-1.00000000000015
-1.39001751542768
-1.49698213645458
-1.29965173950228
-0.811641252945857
-0.0802731725804167
0.818040315118518
1.7854320341324
2.71247902668084
3.48938700205899
4.01735000036035
4.21895363034232
4.04658003153387
3.48796524058232
2.5683361635516
1.34888787287157
-0.0782801454285416
-1.59830289557586
-3.08399540373911
-4.40760805268962
-5.45276334448102
-6.12542390201151
-6.36283170757085
-6.13955208630081
-5.4700339959981
-4.40743373618537
-3.03880956812611
-1.47714484007623
0.149037066701052
1.70747109010873
3.07423238001516
4.14494687792041
4.84406278495076
5.13130574797232
5.00471610886185
4.49999999999989
3.68628482700822
2.65871870646157
1.52865865091867
0.412423957968505
-0.580273172580244
-1.35708141209159
-1.85189535066338
-2.03100706852752
-1.89593233475148
-1.48264999963951
-0.857348712093698
-0.109120811382221
0.659654850161401
1.34427095263723
1.84888787287151
2.09684158178117
2.03902448922085
1.65949069146929
0.97771128412103
0.0472366555185637
-1.04912155957583
-2.20713086465472
-3.31124169587959
-4.24596878508327
-4.90743373618548
-5.21393129533609
-5.11447222487269
-4.59444902850777
-3.67784824670204
-2.42576761998453
-0.931355464515069
0.68836194203519
2.30299535755064
3.7806508979473
5.00000000000005
5.86140655421805
6.29604609125754
6.27214474612737
5.7977432947796
4.91972682741967
3.71922093034399
2.30380549225248
0.797303321892903
-0.671867123836709
-1.98264999963976
-3.03247043930332
-3.74644819617839
-4.08383124504743
-4.04104838417379
-3.65111212712846
-2.9794607606546
-2.11667635369516
-1.1688196989519
-0.246353926793224
0.547236655518815
1.1260001676342
1.43019652014119
1.43224439932853
1.13935055172752
0.592566263814755
-0.137628952899784
-0.958771381956869
-1.7661386380867
-2.45378303578749
-2.92576761998476
-3.10647719172537
-2.94896544276139
-2.44049073765727
-1.60466843886334
-0.499999999999922
0.785104211781684
2.14034524834155
3.44383435570622
4.57367808386483
5.41972682741975
5.89434265755398
5.94113287704873
5.54078941710219
4.71345221297376
3.51735000035997
2.04383190313187
0.409252646738399
-1.25552085462598
-2.81698317325919
-4.15111212712867
-5.15458248786458
-5.75400373849133
-5.91230579416045
-5.63167326360436
-4.95276334448112
-3.95030217480165
-2.72550432277435
-1.39606599109265
-0.0847146591871466
1.09256626381438
2.03749277430996
2.67855600283949
2.97734745712185
2.93153630102356
2.57423238001542
1.96982515071072
1.20673540015444
0.387819652763466
-0.380603227948676
-0.999999999999898
-1.39001751542772
-1.49698213645458
-1.2996517395022
-0.811641252945703
-0.0802731725804744
0.818040315118062
1.78543203413266
2.71247902668108
3.48938700205918
4.01735000036017
4.21895363034231
4.0465800315338
3.48796524058218
2.56833616355137
1.34888787287128
-0.078280145428461
-1.59830289557513
-3.08399540373943
-4.4076080526899
-5.45276334448128
-6.12542390201129
-6.36283170757087
-6.13955208630103
-5.47003399599776
-4.4074337361851
-3.03880956812578
-1.47714484007701
0.149037066700546
1.70747109010905
3.07423238001542
4.14494687792059
4.84406278495079
5.13130574797218
5.004716108862
4.4999999999997
3.68628482700797
2.65871870646129
1.52865865091921
0.412423957968644
-0.580273172580452
-1.35708141209173
-1.85189535066344
-2.0310070685274
-1.89593233475162
-1.48264999964002
-0.857348712093487
-0.109120811381991
0.659654850161623
1.34427095263667
1.8488878728716
2.09684158178123
2.03902448922083
1.65949069146903
0.977711284121186
0.0472366555190584
-1.04912155957569
-2.20713086465496
-3.31124169587986
-4.24596878508349
-4.90743373618553
-5.21393129533582
-5.11447222487265
-4.59444902850763
-3.67784824670182
-2.42576761998491
-0.931355464515828
0.688361942034846
2.30299535755099
3.78065089794781
5.00000000000028
5.8614065542179
6.29604609125744
6.27214474612733
5.79774329477943
4.91972682741943
3.71922093034463
2.30380549225258
0.797303321893628
-0.671867123837019
-1.98264999964001
-3.03247043930349
-3.74644819617814
-4.08383124504736
-4.0410483841737
-3.65111212712829
-2.97946076065438
-2.11667635369561
-1.16881969895192
-0.246353926793644
0.547236655518993
1.12600016763431
1.43019652014122
1.4322443993286
1.13935055172764
0.59256626381457
-0.137628952900008
-0.958771381957106
-1.7661386380865
-2.4537830357872
-2.9257676199846
-3.10647719172542
-2.94896544276108
-2.44049073765714
-1.60466843886381
-0.500000000000163
0.785104211782119
2.14034524834187
3.44383435570652
4.57367808386473
5.41972682741936
5.89434265755401
5.94113287704871
5.54078941710207
4.71345221297331
3.51735000036028
2.04383190313263
0.409252646738033
-1.25552085462662
-2.8169831732595
-4.1511121271281
-5.15458248786419
-5.75400373849137
-5.91230579416042
-5.63167326360423
-4.95276334448091
-3.95030217480178
-2.72550432277498
-1.39606599109234
-0.0847146591868593
1.09256626381462
2.03749277430957
2.67855600283929
2.97734745712179
2.93153630102347
2.57423238001526
1.96982515071051
1.20673540015483
0.387819652763855
-0.380603227948878
-1.00000000000005
-1.3900175154278
-1.4969821364546
-1.29965173950223
-0.811641252946002
-0.0802731725802626
0.81804031511831
1.78543203413276
2.71247902668067
3.48938700205924
4.0173500003603
4.21895363034208
4.04658003153375
3.48796524058243
2.56833616355189
1.34888787287168
-0.078280145428792
-1.59830289557547
-3.08399540373976
-4.40760805268943
-5.45276334448114
-6.1254239020114
-6.36283170757088
-6.13955208630093
-5.47003399599795
-4.40743373618569
-3.03880956812608
-1.47714484007665
0.149037066700899
1.70747109010937
3.07423238001511
4.14494687792016
4.84406278495087
5.13130574797216
5.00471610886189
4.50000000000002
3.68628482700855
2.65871870646137
1.52865865091893
0.412423957968386
-0.580273172580732
-1.35708141209159
-1.85189535066327
-2.03100706852738
-1.89593233475175
-1.48264999963985
-0.857348712093825
-0.109120811381921
0.659654850160984
1.34427095263686
1.84888787287173
2.09684158178128
2.03902448922074
1.65949069146929
0.977711284121002
0.047236655518816
-1.04912155957598
-2.2071308646544
-3.31124169587979
-4.2459687850831
-4.90743373618549
-5.21393129533588
-5.11447222487261
-4.59444902850798
-3.67784824670183
-2.42576761998461
-0.931355464515484
0.688361942035207
2.30299535755091
3.78065089794716
4.99999999999977
5.86140655421804
6.29604609125747
6.27214474612727
5.79774329477976
4.91972682741959
3.71922093034432
2.30380549225225
0.797303321893289
-0.671867123836717
-1.98264999963944
-3.03247043930351
-3.74644819617822
-4.08383124504735
-4.0410483841736
-3.65111212712846
-2.97946076065475
-2.11667635369536
-1.16881969895167
-0.24635392679352
0.547236655518657
1.12600016763409
1.43019652014117
1.43224439932865
1.13935055172751
0.592566263814385
-0.137628952900039
-0.958771381956459
-1.76613863808672
-2.45378303578738
-2.92576761998472
-3.10647719172513
-2.94896544276127
-2.44049073765747
-2.51244077082009
-2.79289321881344
-2.32203403081772
-1.101516536596
0.597904398716196
2.30585902963119
3.50000000000031
3.77889072147435
2.99705647422769
1.31272147505805
-0.868948974807695
-3.03553390593313
-4.73788717647438
-5.72868960032184
-6.01923203528293
-5.83638578902664
-5.5
-5.27114540178057
-5.23219203436273
-5.24668254627307
-5.01540172790002
-4.20710678118679
-2.61267756707342
-0.261433438278307
2.54802849764874
5.31800560176933
7.49999999999931
8.66825087409654
8.65538450565732
7.6006905702476
5.8938305164485
4.03553390593251
2.4673557989453
1.43331154376659
0.923175039987778
0.715482114705109
0.500000000000022
0.0292467816294071
-0.761920914091457
-1.71660540010087
-2.51244077082044
-2.79289321881347
-2.32203403081816
-1.1015165365962
0.597904398717247
2.30585902963154
3.5000000000002
3.77889072147456
2.99705647422693
1.31272147505687
-0.868948974807386
-3.03553390593285
-4.73788717647419
-5.72868960032176
-6.01923203528293
-5.83638578902668
-5.50000000000004
-5.2711454017805
-5.23219203436272
-5.24668254627308
-5.01540172790008
-4.20710678118609
-2.61267756707224
-0.261433438280589
2.54802849764626
5.31800560177083
7.50000000000032
8.66825087409646
8.6553845056574
7.6006905702478
5.89383051644741
4.03553390593276
2.46735579894548
1.43331154376669
0.923175039987595
0.715482114705131
0.500000000000066
0.0292467816294955
-0.761920914091994
-1.71660540010142
-2.51244077081993
-2.79289321881348
-2.32203403081765
-1.10151653659531
0.597904398717001
2.30585902963133
3.50000000000009
3.77889072147441
2.99705647422711
1.31272147505714
-0.868948974807075
-3.03553390593258
-4.737887176474
-5.72868960032167
-6.01923203528293
-5.83638578902649
-5.49999999999986
-5.27114540178061
-5.23219203436272
-5.24668254627305
-5.01540172789981
-4.20710678118625
-2.61267756707397
-0.261433438279034
2.54802849764795
5.31800560177048
7.50000000000009
8.66825087409638
8.65538450565748
7.600690570248
5.89383051644767
4.035533905933
2.4673557989447
1.4333115437668
0.923175039987862
0.715482114705153
0.499999999999881
0.0292467816291211
-0.761920914091868
-1.71660540010061
-2.51244077082028
-2.79289321881344
-2.32203403081777
-1.10151653659552
0.597904398716754
2.30585902963112
3.49999999999999
3.77889072147445
2.99705647422729
1.31272147505596
-0.868948974806765
-3.03553390593231
-4.73788717647382
-5.72868960032203
-6.01923203528293
-5.83638578902676
-5.50000000000013
-5.27114540178053
-5.23219203436273
-5.24668254627306
-5.01540172789987
-4.20710678118642
-2.61267756707279
-0.261433438279398
2.54802849764755
5.31800560177013
7.49999999999985
8.6682508740963
8.65538450565756
7.6006905702482
5.89383051644657
4.03553390593196
2.46735579894584
1.4333115437669
0.923175039987681
0.715482114705059
0.499999999999925
0.0292467816296709
-0.761920914091743
-1.71660540010116
-2.5124407708202
-2.79289321881345
-2.32203403081789
-1.10151653659573
0.597904398716509
2.30585902963091
3.49999999999988
3.7788907214743
2.99705647422746
1.3127214750577
-0.868948974806455
-3.03553390593348
-4.73788717647462
-5.72868960032195
-6.01923203528293
-5.83638578902658
-5.49999999999995
-5.27114540178055
-5.23219203436273
-5.24668254627306
-5.01540172789993
-4.20710678118658
-2.61267756707307
-0.261433438279762
2.54802849764924
5.31800560176978
7.49999999999961
8.66825087409622
8.65538450565722
7.60069057024734
5.89383051644818
4.03553390593349
2.46735579894507
1.43331154376646
0.923175039987723
0.715482114705081
0.499999999999967
0.0292467816292956
-0.761920914091617
-1.71660540010103
-2.51244077082012
-2.79289321881346
-2.322034030818
-1.10151653659594
0.597904398716262
2.30585902963181
3.50000000000034
3.77889072147452
2.99705647422764
1.31272147505652
-0.86894897480778
-3.0355339059332
-4.73788717647344
-5.72868960032186
-6.01923203528293
-5.83638578902662
-5.49999999999999
-5.27114540178057
-5.23219203436273
-5.24668254627307
-5.0154017279
-4.20710678118674
-2.61267756707189
-0.261433438280126
2.54802849764676
5.31800560176942
7.50000000000063
8.66825087409656
8.6553845056573
7.6006905702486
5.89383051644708
4.03553390593245
2.46735579894525
1.43331154376656
0.923175039987765
0.715482114705103
0.50000000000001
0.029246781629384
-0.761920914091491
-1.71660540010158
-2.51244077082003
-2.79289321881347
-2.32203403081812
-1.10151653659504
0.597904398717314
2.30585902963049
3.49999999999966
3.77889072147437
2.99705647422689
1.31272147505679
-0.86894897480747
-3.03553390593293
-4.73788717647424
-5.72868960032178
-6.01923203528293
-5.83638578902667
-5.50000000000003
-5.27114540178058
-5.23219203436272
-5.24668254627308
-5.01540172789972
-4.20710678118605
-2.61267756707362
-0.26143343828049
2.54802849764845
5.31800560177093
7.50000000000039
8.66825087409606
8.65538450565738
7.60069057024774
5.89383051644734
4.03553390593269
2.46735579894543
1.43331154376666
0.923175039987808
0.715482114705124
0.500000000000054
0.0292467816290096
-0.761920914091365
-1.71660540010077
-2.51244077081995
-2.79289321881343
-2.32203403081761
-1.10151653659525
0.597904398715771
2.30585902963138
3.50000000000012
3.77889072147441
2.99705647422706
1.31272147505707
-0.86894897480716
-3.03553390593265
-4.73788717647405
-5.72868960032169
-6.01923203528293
-5.83638578902671
-5.50000000000008
-5.2711454017806
-5.23219203436274
-5.24668254627305
-5.01540172790013
-4.20710678118707
-2.61267756707244
-0.261433438278935
2.54802849764806
5.31800560177058
7.50000000000015
8.6682508740964
8.65538450565746
7.60069057024794
5.8938305164476
4.03553390593293
2.46735579894561
1.43331154376677
0.923175039987851
0.71548211470503
0.499999999999869
0.029246781629559
-0.76192091409124
-1.71660540010132
-2.5124407708203
-2.79289321881344
2.98367251290293
2.35489341217361
1.62319416929996
0.820553552278092
-0.0179491924311386
-0.855667471301347
-1.65598897572718
-2.38393581559743
-3.00769322093282
-3.50000000000008
-3.83933998420378
-4.01088238790065
-4.00712998489731
-3.82824677321088
-3.48205080756896
-2.98367251290265
-2.35489341217327
-1.6231941693
-0.820553552278135
0.0179491924310951
0.855667471301305
1.65598897572756
2.38393581559703
3.00769322093249
3.49999999999983
3.83933998420377
4.01088238790069
4.00712998489726
3.8282467732109
3.48205080756898
2.98367251290268
2.35489341217331
1.62319416929962
0.820553552278178
-0.0179491924310515
-0.855667471300815
-1.6559889757271
-2.38393581559736
-3.00769322093277
-3.49999999999981
-3.83933998420376
-4.01088238790069
-4.00712998489727
-3.82824677321077
-3.482050807569
-2.98367251290271
-2.35489341217335
-1.62319416929966
-0.82055355227822
0.0179491924310082
0.855667471300772
1.65598897572707
2.38393581559733
3.00769322093274
3.50000000000001
3.83933998420374
4.01088238790068
4.00712998489727
3.82824677321078
3.4820508075688
2.98367251290243
2.35489341217375
1.62319416930012
0.820553552278263
-0.0179491924309647
-0.855667471301178
-1.65598897572703
-2.38393581559729
-3.00769322093271
-3.49999999999999
-3.83933998420387
-4.01088238790073
-4.00712998489727
-3.82824677321094
-3.48205080756905
-2.98367251290277
-2.35489341217342
-1.62319416930016
-0.820553552278305
0.0179491924309212
0.855667471301135
1.6559889757274
2.38393581559763
3.00769322093268
3.49999999999997
3.83933998420386
4.01088238790067
4.00712998489728
3.82824677321095
3.48205080756907
2.9836725129028
2.35489341217345
1.62319416929978
0.820553552277899
-0.0179491924308777
-0.855667471301092
-1.65598897572736
-2.38393581559759
-3.00769322093296
-3.49999999999972
-3.8393399842037
-4.01088238790067
-4.00712998489728
-3.82824677321082
-3.48205080756886
-2.98367251290283
-2.35489341217349
-1.62319416929982
-0.820553552277941
0.0179491924312927
0.85566747130105
1.65598897572691
2.38393581559719
3.00769322093262
3.49999999999993
3.83933998420383
4.01088238790067
4.00712998489729
3.82824677321083
3.48205080756888
2.98367251290255
2.35489341217352
1.62319416929986
0.820553552277984
-0.0179491924307909
-0.855667471301008
-1.65598897572728
-2.38393581559715
-3.00769322093259
-3.4999999999999
-3.83933998420382
-4.01088238790071
-4.00712998489729
-3.82824677321085
-3.48205080756891
-2.98367251290258
-2.35489341217319
-1.6231941692999
-0.820553552278475
0.0179491924307476
0.855667471300965
1.65598897572725
2.38393581559749
3.00769322093256
3.49999999999988
3.8393399842038
4.0108823879007
4.00712998489725
3.82824677321072
3.48205080756916
2.98367251290292
2.35489341217359
1.62319416929994
0.820553552278069
-0.017949192430704
-0.855667471300923
-1.65598897572721
-2.38393581559745
-3.00769322093284
-3.50000000000009
-3.83933998420379
-4.0108823879007
-4.0071299848973
-3.82824677321087
-3.48205080756895
-2.98367251290295
-2.35489341217363
-1.62319416929998
-0.820553552278112
0.0179491924311188
0.855667471301328
1.65598897572717
2.38393581559742
3.00769322093281
3.50000000000007
3.83933998420378
4.01088238790065
4.00712998489731
3.82824677321089
3.48205080756897
2.98367251290267
2.35489341217329
1.62319416930002
0.820553552278154
-0.0179491924310755
-0.855667471301286
-1.65598897572754
-2.38393581559701
-3.00769322093248
-3.49999999999982
-3.83933998420376
-4.01088238790069
-4.00712998489726
-3.8282467732109
-3.48205080756899
-2.9836725129027
-2.35489341217333
-1.62319416929964
-0.820553552278197
0.017949192431032
0.855667471300795
1.65598897572709
2.38393581559735
3.00769322093275
3.4999999999998
3.83933998420375
4.01088238790069
4.00712998489727
3.82824677321077
3.48205080756901
2.98367251290273
2.35489341217336
1.62319416929968
0.820553552278239
-0.0179491924309885
-0.855667471300753
-1.65598897572705
-2.38393581559731
-3.00769322093272
-3.5
-3.83933998420374
-4.01088238790068
-4.00712998489727
-3.82824677321079
-3.48205080756881
-2.98367251290245
-2.35489341217377
-1.62319416930014
-0.820553552278282
0.0179491924309449
0.855667471301158
1.65598897572701
2.38393581559728
3.0076932209327
3.49999999999998
3.83933998420386
4.01088238790072
4.00712998489728
3.82824677321094
3.48205080756906
2.98367251290278
2.35489341217343
1.62319416930018
0.820553552278324
-0.0179491924309014
-0.855667471301116
-1.65598897572739
-2.38393581559761
-3.00769322093267
-3.49999999999996
-3.83933998420385
-4.01088238790067
-4.00712998489728
-3.82824677321096
-3.48205080756908
-2.98367251290281
-2.35489341217347
-1.6231941692998
-0.820553552277918
0.0179491924308581
0.855667471301073
1.65598897572735
2.38393581559758
3.00769322093294
3.49999999999971
3.8393399842037
4.01088238790067
4.00712998489729
3.82824677321083
3.48205080756887
2.98367251290284
2.3548934121735
1.62319416929984
0.820553552277961
-0.0179491924312729
-0.855667471301478
-1.65598897572689
-2.38393581559717
-3.00769322093261
-3.49999999999992
-3.83933998420382
-4.01088238790066
-4.00712998489729
-3.82824677321084
-3.48205080756889
-2.98367251290256
-2.35489341217317
-1.62319416929988
-0.820553552278003
0.0179491924307711
0.855667471300988
1.65598897572727
2.38393581559714
3.00769322093258
3.49999999999989
3.83933998420381
4.01088238790071
4.00712998489725
3.82824677321085
3.48205080756891
2.98367251290259
2.3548934121732
1.62319416929992
0.820553552278495
-0.0179491924307276
-0.855667471300946
-1.65598897572723
-2.38393581559747
-3.00769322093286
-3.49999999999987
-3.8393399842038
-4.0108823879007
-4.00712998489725
-3.82824677321072
-3.48205080756917
-2.98367251290293
-2.35489341217361
-1.62319416929996
-0.820553552278088
0.0179491924311423
0.855667471300903
1.65598897572719
2.38393581559744
3.00769322093283
3.50000000000008
3.83933998420378
4.0108823879007
4.00712998489731
3.82824677321088
3.48205080756896
2.98367251290265
2.35489341217364
1.6231941693
0.820553552278131
-0.017949192431099
-0.855667471301309
-1.65598897572715
-2.3839358155974
-3.0076932209328
-3.49999999999983
-3.83933998420377
-4.01088238790069
-4.00712998489731
-3.82824677321089
-3.48205080756898
-2.98367251290268
-2.35489341217331
-1.62319416930004
-0.820553552278174
0.0179491924310555
0.855667471301266
1.65598897572753
2.38393581559737
3.00769322093246
3.49999999999981
3.83933998420376
4.01088238790069
4.00712998489727
3.82824677321091
3.482050807569
2.98367251290271
2.35489341217334
1.62319416929966
0.820553552277768
-0.0179491924305537
-0.855667471300776
-1.65598897572707
-2.38393581559733
-3.00769322093274
-3.49999999999979
-3.83933998420374
-4.01088238790068
-4.00712998489727
-3.82824677321078
-3.48205080756879
-2.98367251290274
-2.35489341217338
-1.62319416930012
-0.820553552278259
0.0179491924309685
0.855667471300733
1.65598897572703
2.3839358155973
3.00769322093271
3.49999999999999
3.83933998420387
4.01088238790068
4.00712998489727
3.82824677321079
3.48205080756882
2.98367251290277
2.35489341217378
1.62319416930016
0.820553552278301
-0.0179491924309254
-0.855667471301139
-1.65598897572741
-2.38393581559726
-3.00769322093268
-3.49999999999997
-3.83933998420386
-4.01088238790072
-4.00712998489733
-3.82824677321095
-3.48205080756907
-2.9836725129028
-2.35489341217345
-1.62319416929978
-0.820553552278344
0.0179491924308817
0.855667471301096
1.65598897572737
2.3839358155976
3.00769322093265
3.49999999999995
3.8393399842037
4.01088238790067
4.00712998489728
3.82824677321082
3.48205080756909
2.98367251290283
2.35489341217348
1.62319416929982
0.820553552277938
-0.0179491924308384
-0.855667471301054
-1.65598897572733
-2.38393581559756
-3.00769322093262
-3.49999999999993
-3.83933998420369
-4.01088238790067
-4.00712998489729
-3.82824677321083
-3.48205080756888
-2.98367251290286
-2.35489341217352
-1.62319416929986
-0.82055355227798
0.0179491924312529
0.855667471301459
1.65598897572687
2.38393581559716
3.0076932209326
3.49999999999991
3.83933998420382
4.01088238790066
4.00712998489729
3.82824677321085
3.4820508075689
2.98367251290258
2.35489341217318
1.6231941692999
0.820553552278471
-0.0179491924307515
-0.855667471300969
-1.65598897572725
-2.38393581559712
-3.00769322093257
-3.49999999999988
-3.8393399842038
-4.0108823879007
-4.00712998489725
-3.82824677321086
-3.48205080756892
-2.98367251290261
-2.35489341217359
-1.62319416929994
-0.820553552278514
0.017949192430708
0.855667471300926
1.65598897572721
2.38393581559746
3.00769322093284
3.49999999999986
3.83933998420379
4.0108823879007
4.00712998489725
3.82824677321073
3.48205080756918
2.98367251290294
2.35489341217362
1.62319416929998
0.820553552278108
-0.0179491924311228
-0.855667471300884
-1.65598897572717
-2.38393581559742
-3.00769322093281
-3.50000000000007
-3.83933998420378
-4.01088238790065
-4.00712998489731
-3.82824677321089
-3.48205080756897
-2.98367251290267
-8.82237229504009
-7.65380053264751
-5.89622598104545
-4.77894014529315
-4.31415512808834
-3.37057274275824
-0.71515596763662
3.78968985749774
8.77689302217678
12.1100894295881
12.2568645321722
9.30347052028163
4.86895764206773
0.986104494150615
-1.2251742097774
-2.12680370094889
-2.99033395937082
-4.76277677511499
-7.14355224919893
-8.69940771711082
-7.94544700217873
-4.57357208626085
0.119597526732507
3.96446609406584
5.30317904006196
4.02854912310938
1.53077260641741
-0.386255161009342
-0.799179439503821
-0.209944159340329
0.0389849709544612
-1.00168939116265
-2.97760040375379
-4.36722447670387
-3.58895959533284
-0.254837434447836
4.38201755963139
8.14908950379519
9.34055598711516
7.7686939550799
4.73174471063562
1.95589834699541
0.326138806708349
-0.639144751345492
-2.19394396270431
-5.13395082235436
-8.90183540100049
-11.7502983176158
-11.8824583315807
-8.74026893277255
-3.48224807113053
1.71767921261288
5.04928589545528
6.12573235847768
5.97421164123178
6.01206581349182
6.81808078998201
7.64775385638473
7.06217782649027
4.1821459303435
-0.408414855534874
-4.83261440969091
-7.0825318899179
-6.33993734493979
-3.49178606806441
-0.466247874492421
1.11555350564654
0.979266904539336
0.181461569362426
0.0929523825703336
1.18892587527796
2.59067015330129
2.72339445756659
0.59634881436837
-3.27531838541277
-7.03302418830665
-8.64074148338298
-7.22034944693272
-3.58913238160729
0.379409490850084
3.08141489380916
4.20711487624908
4.72031849662467
5.84922799705898
7.89549442101118
9.80343414376753
9.84931103705613
6.9513957695206
1.61477800000156
-4.21958917452737
-8.34347336062406
-9.63375440267482
-8.6193329588666
-6.87951718421082
-5.75825012204973
-5.37604942194682
-4.67751550832192
-2.45383398085032
1.4687697529268
5.81617236542231
8.58618152613409
8.39697380535674
5.47214705378002
1.52570257316178
-1.38024987157769
-2.17490591839859
-1.34741553340867
-0.360692075112235
-0.391494820453224
-1.37379553263385
-2.07767952394459
-1.15783766171907
1.6416012764041
5.06978624099185
7.09659764916311
6.27864893215817
2.76793661434923
-1.7785087345748
-5.32028050508898
-6.7607081157112
-6.51424902578823
-5.93069355482653
-6.05566999392932
-6.70087055511688
-6.55131913601983
-4.23834022099337
0.439919694161701
6.09781312674788
10.499999999999
11.9506454167033
10.334934122349
7.06630651235007
4.00119016383082
2.14118015595071
1.08294905947346
-0.403696723126986
-3.14977797225573
-6.68470718493826
-9.38071625712842
-9.56717519534738
-6.79037134037939
-2.26544881700942
1.84270450455639
3.80502208118239
3.38124863023871
1.7913851151803
0.663005128181283
0.768820500790737
1.50894382974774
1.51316281848188
-0.120459041928371
-2.92361980098649
-5.21476441168312
-5.23499195493914
-2.43388393353302
2.05328583480435
6.10512453745312
7.9896454909112
7.41862557729221
5.53152994714981
3.86397723239967
3.11097400879641
2.63426207596047
1.08396222647615
-2.35338797558946
-7.05588123217642
-11.1389994089301
-12.6180657958511
-10.7273826697799
-6.43214566351906
-1.75914109330785
1.55823519972841
3.12735548563215
3.88856835054805
5.10644416299544
7.16714147529302
9.12620405923323
9.3708608342072
6.90273381360691
2.26021552051991
-2.64557886346689
-5.70038188792716
-5.92745622811716
-4.03181407568917
-1.76867909024244
-0.625691887376062
-0.806376904178308
-1.25789710339074
-0.686305908874397
1.24802804437002
3.49704914452915
4.31377713112257
2.56395044468235
-1.32558159545436
-5.51248239334268
-7.90079166654274
-7.48566582158245
-4.91222617767932
-1.86602540378589
0.219965477964756
1.15948448398497
1.96995086831779
3.85255101838911
7.00430365885796
10.2036176902622
11.52654112159
9.68986702417085
5.02946535969746
-0.622386007931146
-5.08735665276378
-7.18839769882382
-7.32563113342378
-6.89622598104485
-7.03896119709514
-7.68018053187338
-7.61321342987737
-5.54528298655891
-1.29875831904967
3.77689302217765
7.53927934324549
8.42673751325007
6.47504339553381
3.23498304585007
0.657935094925509
-0.225174209776613
0.133217350852998
0.375691444413401
-0.520136087996157
-2.31342523027749
-3.61095954056409
-2.94544700217934
-0.00276199991954762
3.94972454565674
6.79289321881367
6.93715363627829
4.35671852233385
0.530772606419054
-2.64627621280948
-4.16520484328786
-4.45258484645921
-4.79114204796665
-6.09013756771096
-7.97760040375243
-8.93803456304662
-7.41908661425443
-3.08326455919301
2.74804296341581
7.8209201045699
10.3405559871146
10.0287150068801
8.09777011441975
6.19853903411502
5.15626582563125
4.44930342520289
2.80605603729585
-0.563140736011343
-5.07170838207882
-8.9218711928692
-10.2484837353643
-8.41209953354704
-4.48224807112795
-0.542341839187593
1.68326049167105
1.8830916713579
1.14408462230923
0.923617636944308
1.81808078998138
3.07694377004305
3.23205080756859
1.35371880559822
-2.04238945175165
-5.1607838089162
-6.08253188991836
-4.0799162931389
-0.125760664278639
3.77639281262482
5.94568052456796
6.06771508108701
5.18146156936151
4.66376246891357
5.01905289419968
5.41909727804739
4.35736905378206
0.924518213591392
-4.27531838541279
-9.29304524010846
-12.0067668871667
-11.4629901340508
-8.41925940052963
-4.70903868569861
-1.91858510619144
-0.363695210094907
0.890191477702146
3.02080087231179
6.26151982479574
9.47526474454423
10.8493110370548
9.2114168213235
4.98080340378339
0.0230515125903343
-3.51334634170189
-4.54530622612645
-3.61933295886551
-2.30870709786764
-1.92812310312686
-2.54762229720154
-3.04354091210678
-2.12566458162557
0.468769752925594
3.55615131362217
5.22015612235029
4.15433311823779
0.642020034857329
-3.56274560338588
-6.38024987157769
-6.7457160047415
-5.1775425523315
-3.18911919985874
-2.02546941666938
-1.70196493185804
-1.07767952394398
1.10218339008272
5.00762668018979
9.31242692811092
11.9267246680854
11.3670971087055
7.76793661434875
2.79230135176939
-1.49015348616624
-3.93228099096365
-4.88027442957253
-5.60252415560195
-7.05566999392908
-8.96089160691845
-9.91734453980256
-8.4809809081119
-4.39020732475835
1.00936495020128
5.49999999999869
7.37983533036054
6.50480710342566
4.23787938760463
2.36721556761471
1.81301075672672
2.0829490594738
1.85632432867396
0.216247431528287
-2.44206649781874
-4.55058923820682
-4.47872701879907
-1.79037134037848
2.30536126933345
5.67283152347758
6.63344920592835
5.01522322645544
2.11955451440399
-0.336994871818125
-1.49120055101042
-1.85708157403745
-2.72947786863734
-4.95058606085178
-8.01206797753402
-10.2147644116827
-9.8058020412831
-6.26401095245548
-0.775141289943563
4.4711499412366
7.66147609168629
8.41862557729099
7.79155099895064
7.23000263618354
7.35361469591528
7.46438909488206
6.17241040302317
2.64661202441231
-2.48507114583438
-7.30887239000808
-9.78963867110445
-9.09340807356343
-6.1039762642951
-2.75914109330719
-0.701785852072837
-0.23866991815262
-0.354072336571142
0.276317144073741
2.07869329874353
4.12620405923348
4.80005074786363
3.07260679468337
-0.568211604225377
-4.27955345968299
-6.02855128715115
-4.92745622811857
-1.7717930238886
1.59734631354153
3.61694879974191
4.02375011474537
3.83055107315806
4.31369409112673
5.81883813071362
7.32717616345092
7.14220425586892
4.19792504089896
-0.997412196230241
-6.51248239334134
-10.1608127183433
-10.851691225366
-9.15486686480012
-6.69615242270797
-4.86848269858248
-3.84051551601473
-2.60085921802416
0.0224239994678601
4.175876534112
8.56964309404674
11.1983717223655
10.6898670241709
7.28948641149857
2.74363939585505
-0.844715965644643
-2.35827067990221
-2.23718295687538
-1.89622598104482
-2.4681511107517
-3.85005351294967
-4.7847863051301
-3.9113083903416
-0.970588919826681
2.77689302217863
5.2792582914432
5.06071210946632
2.23240270841542
-1.59514397307189
-4.43051308162155
-5.22517420977837
-4.43759273549136
-3.45443557450975
-3.34856321274299
-3.94739982649278
-3.93912893978694
-1.94544700218173
2.2572590518816
7.3157499494397
11.0355339059318
11.7672806552002
9.44516669888084
5.53077260641941
1.92453387353254
-0.335077824365677
-1.62415772171267
-3.15716745175194
-5.76196816848532
-8.97760040375239
-11.1980556148481
-10.785112018039
-7.32590524631182
-2.08208405550579
2.73247192802217
5.3405559871146
5.45790492053626
4.26764309549684
3.37011190936791
3.52229122941432
4.12113402597801
3.80605603729451
1.69688031579049
-1.7056829782943
-4.67923050575031
-5.41835671644284
-3.32365135699966
0.517751928870962
4.02846824715511
5.51338751059427
4.71151879610622
2.77805921852635
1.25178703616826
0.81808078998225
0.816922718240316
-0.133974596214864
-2.88892188152071
-6.87251647067374
-10.2492319854632
-11.0825318899187
-8.65072637948118
-3.9558876832048
0.947965687878914
4.31170592835222
5.73954568186303
6.1814615693622
6.92378352071489
8.3850782979841
9.66173796516686
9.18749607270457
6.01296639013972
0.724681614588059
-4.72223515376335
-8.17663986824383
-8.63456300930432
-6.7852848043139
-4.38086928647393
-2.91858510619063
-2.62371626189498
-2.47583392608065
-1.22183981480736
1.43139280587447
4.38681656799681
5.84931103705478
4.64060673498064
1.15067638486079
-2.80537561215644
-5.1473209379187
-4.87347562535096
-2.61933295886685
-0.0486860460660155
1.43790230065711
1.69501838991915
1.78658610681502
2.96278359492081
5.46876975292577
8.12696139996457
9.05028314127302
6.98276024298459
2.27599463107421
-3.23457620416039
-7.38024987157763
-9.0057370565439
-8.54356795611646
-7.43175988697728
-6.85559643559166
-6.79041310840542
-6.07767952394452
-3.4686266962605
1.1774996612675
6.48399980336465
10.2927500718676
11.0389277094806
8.76793661434699
5.05232240356895
1.87587191761712
0.310359696155598
-0.0501474106503811
-0.514075979053888
-2.05566999392889
-4.39008152057478
-6.08721752088042
-5.65255378336657
-2.75623272854317
1.33753434942475
4.49999999999957
5.11981427855966
3.13878169964357
-0.00476129951421878
-2.46291145130781
-3.27543741982283
-2.91705094052488
-2.71448575766825
-3.61387958739255
-5.27049362256511
-6.18456383442383
-4.80689641802323
-0.790371340378969
4.56538232113173
9.03885692726218
10.8760898930478
9.84535024537682
7.20800269095178
4.6630051281817
3.07960953533416
1.97304544488669
0.0989492561093908
-3.31661146463498
-7.68389857830934
-11.2147644116816
-12.0658230930838
-9.63003635623906
-5.01778197706178
-0.35897707768497
2.5730279151392
3.41862557729189
3.22074091260801
3.39987561726099
4.5251875711693
5.83041449866746
5.84424100379984
3.64661202441229
-0.225050094033995
-3.94284698622484
-5.54699798398552
-4.26328105464171
-1.01552808774775
2.24085890669395
3.86902423427122
3.59145710076971
2.4743547881755
1.91029174028914
2.4068626979688
3.12620405923393
2.54002969606266
-0.293418609099677
-4.81085229134519
-9.10968047860367
-11.1169994636998
-9.9274562281189
-6.34260311023167
-2.23278070538023
0.788521674994044
2.38977551852889
3.50238167393393
5.31369409112564
8.07885918251547
10.6932015672358
11.3848449429879
9.02805205981954
4.09103598031566
-1.51248239334237
-5.59000263200135
-7.02156420644311
-6.32643974005277
-5.06217782649149
-4.54031329935839
-4.84051551601433
-4.86088026982535
-3.3436014043184
-0.0667641530072411
3.7395160751242
6.10992354581755
5.68986702417076
3.48938700205909
4.01735000036021
4.21895363034235
4.04658003153386
3.48796524058209
2.56833616355138
1.34888787287222
-0.0782801454288784
-1.59830289557558
-3.08399540373945
-4.40760805268992
-5.45276334448123
-6.12542390201147
-6.36283170757088
-6.13955208630103
-5.47003399599776
-4.40743373618475
-3.0388095681264
-1.477144840077
0.149037066700547
1.70747109010943
3.07423238001569
4.14494687791996
4.84406278495076
5.13130574797203
5.00471610886173
4.49999999999966
3.68628482700806
2.65871870646117
1.52865865091875
0.412423957968621
-0.580273172580536
-1.35708141209173
-1.85189535066323
-2.03100706852737
-1.89593233475181
-1.48264999963997
-0.857348712093018
-0.109120811381488
0.659654850160821
1.34427095263672
1.84888787287193
2.09684158178143
2.03902448922085
1.65949069146941
0.977711284120944
0.0472366555186996
-1.04912155957572
-2.20713086465499
-3.3112416958799
-4.2459687850833
-4.90743373618557
-5.21393129533586
-5.11447222487268
-4.59444902850754
-3.67784824670235
-2.42576761998492
-0.931355464515828
0.688361942035292
2.30299535755143
3.78065089794782
4.99999999999954
5.86140655421806
6.29604609125746
6.27214474612732
5.79774329477942
4.91972682741948
3.7192209303442
2.30380549225257
0.797303321893619
-0.67186712383702
-1.98264999964029
-3.03247043930331
-3.74644819617811
-4.08383124504732
-4.04104838417341
-3.65111212712815
-2.97946076065492
-2.11667635369556
-1.16881969895145
-0.246353926793335
0.547236655519018
1.12600016763432
1.43019652014117
1.43224439932857
1.13935055172761
0.592566263814527
-0.137628952900059
-0.95877138195672
-1.76613863808655
-2.45378303578725
-2.92576761998465
-3.10647719172562
-2.94896544276114
-2.44049073765761
-1.60466843886382
-0.499999999999816
0.785104211782546
2.14034524834189
3.44383435570566
4.57367808386513
5.41972682741967
5.89434265755404
5.94113287704873
5.54078941710208
4.71345221297379
3.51735000036029
2.04383190313263
0.409252646738032
-1.25552085462705
-2.81698317325886
-4.15111212712809
-5.15458248786418
-5.75400373849138
-5.91230579416029
-5.6316732636042
-4.9527633444815
-3.95030217480134
-2.72550432277451
-1.39606599109232
-0.0847146591868486
1.09256626381462
2.03749277430972
2.67855600283927
2.97734745712176
2.93153630102343
2.57423238001487
1.96982515071059
1.20673540015477
0.387819652763801
-0.380603227949302
-1.00000000000037
-1.39001751542762
-1.49698213645461
-1.29965173950211
-0.811641252945747
-0.0802731725802315
0.818040315118351
1.78543203413297
2.71247902668115
3.48938700205929
4.01735000036034
4.21895363034212
4.04658003153403
3.48796524058245
2.5683361635519
1.34888787287168
-0.0782801454292092
-1.59830289557593
-3.08399540373876
-4.40760805268944
-5.45276334448144
-6.12542390201158
-6.36283170757089
-6.13955208630115
-5.47003399599771
-4.40743373618534
-3.03880956812607
-1.4771448400764
0.149037066700902
1.70747109010871
3.0742323800151
4.14494687792042
4.84406278495084
5.13130574797202
5.00471610886188
4.50000000000015
3.68628482700851
2.65871870646089
1.52865865091847
0.412423957968363
-0.580273172580104
-1.35708141209175
-1.85189535066329
-2.03100706852735
-1.89593233475171
-1.4826499996398
-0.857348712093356
-0.109120811381861
0.659654850161042
1.34427095263691
1.84888787287207
2.09684158178138
2.03902448922076
1.6594906914693
0.97771128412076
0.0472366555184571
-1.049121559576
-2.20713086465444
-3.31124169588026
-4.24596878508352
-4.90743373618553
-5.21393129533591
-5.11447222487289
-4.59444902850789
-3.67784824670184
-2.42576761998462
-0.931355464515484
0.688361942035653
2.30299535755091
3.78065089794716
4.99999999999977
5.8614065542182
6.29604609125758
6.27214474612744
5.79774329477975
4.91972682741924
3.71922093034378
2.30380549225223
0.797303321893281
-0.671867123837095
-1.98264999963997
-3.03247043930349
-3.7464481961782
-4.08383124504731
-4.04104838417379
-3.65111212712841
-2.9794607606547
-2.11667635369531
-1.16881969895119
-0.246353926793107
0.547236655518682
1.1260001676341
1.4301965201412
1.43224439932852
1.13935055172748
0.592566263814841
-0.137628952900502
-0.958771381956958
-1.76613863808678
-2.45378303578744
-2.92576761998477
-3.10647719172534
-2.9489654427613
-2.44049073765748
-1.60466843886361
-0.499999999999375
0.785104211781902
2.14034524834124
3.44383435570595
4.57367808386536
5.41972682741984
5.89434265755412
5.94113287704881
5.54078941710196
4.71345221297357
3.51735000035999
2.04383190313228
0.409252646737666
-1.25552085462627
-2.81698317325917
-4.15111212712835
-5.15458248786435
-5.75400373849144
-5.91230579416032
-5.63167326360444
-4.95276334448129
-3.95030217480107
-2.7255043227742
-1.39606599109296
-0.0847146591874552
1.09256626381485
2.03749277430989
2.67855600283935
2.97734745712175
2.93153630102334
2.5742323800151
1.96982515071038
1.20673540015454
0.387819652763809
-0.380603227948961
-1.00000000000012
-1.3900175154277
-1.49698213645453
-1.29965173950203
-0.811641252945592
-0.0802731725806303
0.818040315117775
1.78543203413323
2.71247902668139
3.48938700205948
4.0173500003599
4.21895363034244
4.04658003153398
3.48796524058231
2.56833616355141
1.34888787287139
-0.0782801454284918
-1.59830289557519
-3.08399540373924
-4.40760805268972
-5.45276334448164
-6.12542390201136
-6.36283170757084
-6.13955208630105
-5.47003399599752
-4.40743373618507
-3.03880956812574
-1.47714484007717
0.149037066700987
1.70747109010903
3.07423238001536
