"x"
5.86140655421804
6.29604609125751
6.27214474612738
5.79774329477952
4.91972682741951
3.71922093034415
2.30380549225257
0.797303321893555
-0.67186712383715
-1.98264999963989
-3.0324704393035
-3.74644819617828
-4.08383124504743
-4.04104838417391
-3.6511121271285
-2.97946076065474
-2.11667635369527
-1.16881969895197
-0.246353926793627
0.547236655518824
1.12600016763423
1.43019652014121
1.43224439932863
1.1393505517277
0.592566263814634
-0.137628952899966
-0.958771381956641
-1.76613863808649
-2.4537830357872
-2.92576761998458
-3.10647719172518
-2.94896544276115
-2.44049073765733
-1.60466843886342
-0.500000000000002
0.78510421178217
2.14034524834154
3.44383435570625
4.57367808386488
5.41972682741951
5.89434265755393
5.94113287704865
5.540789417102
4.71345221297367
3.5173500003601
2.04383190313237
0.409252646737694
-1.2555208546263
-2.81698317325927
-4.1511121271285
-5.15458248786452
-5.75400373849135
-5.91230579416042
-5.63167326360445
-4.95276334448117
-3.95030217480165
-2.72550432277478
-1.3960659910925
-0.0847146591869277
1.09256626381463
2.03749277430983
2.67855600283943
2.97734745712195
2.93153630102362
2.57423238001541
1.96982515071068
1.20673540015482
0.38781965276379
-0.380603227948792
-0.999999999999998
-1.39001751542762
-1.49698213645454
-1.2996517395022
-0.81164125294593
-0.0802731725804851
0.818040315118062
1.78543203413268
2.71247902668087
3.48938700205904
4.01735000036011
4.21895363034217
4.04658003153378
3.48796524058214
2.56833616355154
1.3488878728715
-0.0782801454286475
-1.59830289557536
-3.08399540373928
-4.40760805268981
-5.45276334448118
-6.12542390201143
-6.36283170757084
-6.13955208630095
-5.47003399599775
-4.40743373618536
-3.03880956812605
-1.47714484007654
0.149037066700818
1.70747109010899
3.07423238001543
4.14494687792048
4.8440627849509
5.13130574797225
5.00471610886202
4.5
3.68628482700825
2.65871870646145
1.52865865091894
0.412423957968698
-0.580273172580493
-1.35708141209173
-1.8518953506634
-2.03100706852757
-1.89593233475179
-1.48264999963988
-0.857348712093716
-0.109120811382197
0.659654850161027
1.3442709526369
1.84888787287151
2.09684158178114
2.0390244892207
1.65949069146916
0.977711284121011
0.0472366555188257
-1.04912155957557
-2.20713086465488
-3.31124169587981
-4.24596878508312
-4.90743373618538
-5.21393129533584
-5.11447222487262
-4.59444902850763
-3.67784824670183
-2.42576761998459
-0.931355464515371
0.688361942034922
2.30299535755113
3.78065089794741
4.99999999999999
5.86140655421804
6.29604609125751
6.27214474612738
5.79774329477952
4.91972682741951
3.71922093034414
2.30380549225256
0.797303321893535
-0.671867123837148
-1.9826499996399
-3.03247043930348
-3.74644819617826
-4.08383124504743
-4.04104838417391
-3.65111212712849
-2.97946076065474
-2.11667635369527
-1.16881969895196
-0.246353926793615
0.54723665551882
1.12600016763422
1.43019652014121
1.43224439932863
1.1393505517277
0.59256626381465
-0.137628952899987
-0.958771381956657
-1.76613863808652
-2.4537830357872
-2.92576761998458
-3.10647719172518
-2.94896544276115
-2.44049073765734
-1.60466843886344
-0.500000000000019
0.78510421178216
2.14034524834156
3.44383435570626
4.57367808386489
5.41972682741952
5.89434265755393
5.94113287704865
5.54078941710201
4.71345221297368
3.51735000036011
2.04383190313241
0.40925264673769
-1.25552085462632
-2.8169831732593
-4.1511121271285
-5.15458248786453
-5.75400373849135
-5.91230579416041
-5.63167326360444
-4.95276334448119
-3.95030217480166
-2.7255043227748
-1.39606599109247
-0.0847146591869237
1.09256626381465
2.03749277430982
2.67855600283943
2.97734745712195
2.9315363010236
2.57423238001544
1.96982515071071
1.20673540015482
0.387819652763754
-0.380603227948788
-1
-1.39001751542762
-1.49698213645454
-1.29965173950219
-0.811641252945948
-0.0802731725805006
0.818040315118055
1.78543203413267
2.71247902668089
3.48938700205905
4.01735000036012
4.21895363034217
4.04658003153378
3.48796524058215
2.56833616355155
1.34888787287151
-0.0782801454286521
-1.59830289557539
-3.08399540373924
-4.40760805268978
-5.45276334448119
-6.12542390201145
-6.36283170757084
-6.13955208630095
-5.47003399599775
-4.40743373618536
-3.03880956812603
-1.47714484007658
0.149037066700796
1.70747109010895
3.07423238001539
4.14494687792048
4.84406278495089
5.13130574797224
5.00471610886202
4.49999999999998
3.68628482700823
2.65871870646146
1.52865865091894
0.412423957968704
-0.580273172580484
-1.35708141209173
-1.8518953506634
-2.03100706852757
-1.89593233475176
-1.48264999963986
-0.85734871209372
-0.109120811382201
0.659654850161024
1.34427095263692
1.84888787287153
2.09684158178114
2.0390244892207
1.65949069146915
0.977711284120986
0.0472366555188302
-1.04912155957556
-2.20713086465488
-3.31124169587983
-4.24596878508314
-4.90743373618535
-5.21393129533584
-5.11447222487262
-4.59444902850762
-3.67784824670184
-2.42576761998458
-0.93135546451538
0.688361942034941
2.30299535755114
3.78065089794738
4.99999999999999
5.86140655421803
6.29604609125751
6.27214474612738
5.79774329477951
4.9197268274195
3.71922093034412
2.30380549225254
0.797303321893571
-0.67186712383714
-1.98264999963989
-3.0324704393035
-3.74644819617825
-4.08383124504742
-4.04104838417389
-3.65111212712847
-2.97946076065469
-2.11667635369528
-1.16881969895197
-0.24635392679362
0.547236655518834
1.12600016763423
1.4301965201412
1.43224439932863
1.1393505517277
0.592566263814595
-0.137628952899963
-0.958771381956653
-1.76613863808651
-2.45378303578722
-2.9257676199846
-3.10647719172517
-2.94896544276116
-2.44049073765735
-1.60466843886344
-0.499999999999999
0.785104211782182
2.14034524834156
3.44383435570628
4.57367808386491
5.4197268274195
5.89434265755393
5.94113287704865
5.54078941710202
4.71345221297368
3.51735000036016
2.04383190313242
0.409252646737671
-1.25552085462626
-2.81698317325926
-4.15111212712844
-5.15458248786452
-5.75400373849136
-5.91230579416041
-5.63167326360443
-4.95276334448119
-3.95030217480161
-2.72550432277478
-1.3960659910925
-0.0847146591869863
1.09256626381464
2.0374927743098
2.67855600283943
2.97734745712196
2.93153630102362
2.57423238001538
1.96982515071067
1.20673540015481
0.387819652763824
-0.380603227948808
-0.999999999999995
-1.39001751542763
-1.49698213645454
-1.2996517395022
-0.811641252945907
-0.0802731725804793
0.818040315118075
1.78543203413265
2.7124790266809
3.48938700205903
4.01735000036014
4.21895363034218
4.04658003153378
3.48796524058212
2.56833616355154
1.34888787287148
-0.0782801454286177
-1.59830289557542
-3.08399540373927
-4.40760805268985
-5.45276334448117
-6.12542390201143
-6.36283170757085
-6.13955208630095
-5.47003399599774
-4.4074337361854
-3.03880956812601
-1.47714484007657
0.149037066700867
1.70747109010896
3.07423238001542
4.14494687792044
4.84406278495089
5.13130574797223
5.00471610886204
4.49999999999997
3.68628482700826
2.65871870646138
1.52865865091892
0.412423957968684
-0.580273172580466
-1.35708141209174
-1.85189535066339
-2.03100706852756
-1.89593233475178
-1.48264999963987
-0.857348712093646
-0.10912081138216
0.659654850161046
1.34427095263691
1.84888787287153
2.09684158178115
2.0390244892207
1.65949069146919
0.977711284121005
0.0472366555188604
-1.04912155957558
-2.2071308646549
-3.31124169587986
-4.2459687850831
-4.90743373618533
-5.21393129533582
-5.11447222487262
-4.59444902850764
-3.6778482467019
-2.42576761998458
-0.931355464515311
0.688361942034943
2.30299535755111
3.78065089794733
5
5.86140655421802
6.29604609125751
6.27214474612738
5.7977432947795
4.91972682741953
3.7192209303441
2.30380549225257
0.797303321893606
-0.671867123837171
-1.98264999963986
-3.03247043930352
-3.74644819617827
-4.08383124504743
-4.04104838417391
-3.65111212712844
-2.97946076065469
-2.1166763536953
-1.16881969895194
-0.246353926793641
0.547236655518848
1.12600016763422
1.43019652014121
1.43224439932862
1.13935055172767
0.592566263814609
-0.137628952899934
-0.958771381956581
-1.76613863808648
-2.45378303578723
-2.92576761998458
-3.10647719172519
-2.94896544276116
-2.4404907376573
-1.60466843886342
-0.500000000000038
0.785104211782081
2.14034524834152
3.44383435570619
4.57367808386488
5.41972682741955
5.89434265755395
5.94113287704866
5.54078941710201
4.71345221297369
3.51735000036018
2.04383190313239
0.409252646737781
-1.2555208546263
-2.81698317325922
-4.15111212712851
-5.15458248786456
-5.75400373849135
-5.91230579416042
-5.63167326360448
-4.95276334448118
-3.95030217480169
-2.72550432277476
-1.39606599109255
-0.0847146591869223
1.09256626381459
2.03749277430982
2.67855600283943
2.97734745712194
2.93153630102361
2.57423238001543
1.96982515071067
1.20673540015483
0.387819652763763
-0.380603227948793
-1.00000000000003
-1.39001751542765
-1.49698213645454
-1.29965173950219
-0.811641252945955
-0.0802731725804713
0.818040315118044
1.78543203413273
2.71247902668089
3.4893870020591
4.01735000036015
4.21895363034221
4.04658003153378
3.48796524058218
2.56833616355153
1.34888787287154
-0.0782801454286874
-1.59830289557536
-3.08399540373934
-4.40760805268981
-5.45276334448122
-6.12542390201144
-6.36283170757084
-6.13955208630093
-5.47003399599776
-4.40743373618532
-3.03880956812605
-1.47714484007647
0.149037066700832
1.70747109010902
3.0742323800154
4.14494687792045
4.84406278495085
5.13130574797223
5.00471610886199
4.49999999999998
3.68628482700819
2.65871870646141
1.52865865091885
0.412423957968669
-0.580273172580478
-1.35708141209169
-1.85189535066339
-2.03100706852757
-1.89593233475177
-1.48264999963984
-0.857348712093676
-0.109120811382117
0.659654850161069
1.3442709526369
1.84888787287147
2.09684158178116
2.03902448922072
1.65949069146917
0.977711284120965
0.0472366555188022
-1.04912155957565
-2.20713086465492
-3.31124169587982
-4.24596878508309
-4.90743373618538
-5.21393129533584
-5.11447222487263
-4.59444902850765
-3.67784824670182
-2.42576761998449
-0.931355464515345
0.68836194203494
2.30299535755107
3.78065089794742
4.99999999999998
5.86140655421804
6.2960460912575
6.27214474612736
5.79774329477952
4.91972682741947
3.71922093034414
2.30380549225262
0.797303321893533
-0.67186712383711
-1.98264999963991
-3.03247043930347
-3.74644819617827
-4.0838312450474
-4.04104838417386
-3.65111212712846
-2.97946076065475
-2.11667635369525
-1.16881969895198
-0.246353926793589
0.547236655518827
1.12600016763425
1.43019652014121
1.4322443993286
1.13935055172767
0.592566263814634
-0.137628952899931
-0.958771381956659
-1.76613863808656
-2.45378303578724
-2.92576761998463
-3.10647719172521
-2.94896544276117
-2.44049073765734
-1.60466843886344
-0.500000000000065
0.785104211782167
2.14034524834148
3.44383435570626
4.57367808386495
5.41972682741953
5.89434265755396
5.94113287704866
5.54078941710202
4.71345221297374
3.51735000036013
2.04383190313245
0.409252646737707
-1.25552085462623
-2.81698317325928
-4.15111212712855
-5.15458248786452
-5.75400373849135
-5.91230579416041
-5.63167326360444
-4.9527633444812
-3.95030217480162
-2.72550432277479
-1.39606599109246
-0.0847146591868411
1.09256626381466
2.03749277430983
2.67855600283942
2.97734745712195
2.93153630102362
2.57423238001537
1.96982515071066
1.20673540015475
0.387819652763763
-0.38060322794886
-1.00000000000001
-1.39001751542761
-1.49698213645454
-1.29965173950221
-0.811641252945914
-0.0802731725804882
0.818040315118116
1.7854320341327
2.71247902668095
3.48938700205907
4.0173500003601
4.21895363034216
4.04658003153378
3.48796524058213
2.56833616355155
1.34888787287148
-0.0782801454286253
-1.59830289557543
-3.08399540373929
-4.40760805268978
-5.45276334448112
-6.12542390201143
-6.36283170757085
-6.13955208630092
-5.47003399599772
-4.40743373618537
-3.03880956812611
-1.4771448400765
0.149037066700796
1.7074710901089
3.0742323800153
4.14494687792051
4.84406278495089
5.13130574797223
5.00471610886198
4.49999999999994
3.68628482700822
2.65871870646144
1.52865865091888
0.412423957968699
-0.580273172580447
-1.35708141209166
-1.8518953506634
-2.03100706852755
-1.89593233475175
-1.48264999963986
-0.857348712093706
-0.109120811382224
0.659654850160966
1.34427095263696
1.84888787287152
2.09684158178115
2.03902448922072
1.65949069146913
0.977711284120984
0.0472366555188288
-1.04912155957562
-2.20713086465488
-3.31124169587979
-4.24596878508308
-4.90743373618543
-5.21393129533587
-5.11447222487266
-4.5944490285077
-3.67784824670184
-2.42576761998464
-0.931355464515518
0.688361942035013
-5.83175492253406
-5.87446924952904
-5.07652155151656
-3.45707550811283
-1.17277998874503
1.49932241316231
4.20014434298169
6.5423032865616
8.170653662552
8.81965738629403
8.35800009432427
6.81284361273321
4.36939586674707
1.34552695679901
-1.85471743809221
-4.80135405242431
-7.10281550027408
-8.46410161513779
-8.72944779457001
-7.9028082513945
-6.14313496085873
-3.73559569741186
-1.04381295779556
1.54874323597915
3.69842057824843
5.15232905382611
5.78244274262351
5.59774211749237
4.73310702042006
3.41765484836497
1.92867421022504
0.53964187374713
-0.528361574743929
-1.14333155021293
-1.28089782482157
-1.02189815281318
-0.529924656913454
-0.0134120876858002
0.320396985233947
0.310840514627285
-0.120043232631061
-0.947585520025874
-2.04471525652896
-3.2026330199737
-4.16846139599199
-4.6932362163478
-4.58159493429853
-3.73403261524225
-2.17373242032267
-0.0525515740764053
2.36568191080814
4.74244762954357
6.71661617496373
7.96285435925506
8.24658055502111
7.46607301172593
5.67432490654714
3.07652155151672
0.00303802052434521
-3.1380605258821
-5.92158246709291
-7.96917499791989
-9.00640490169931
-8.90376068297216
-7.69500894809763
-5.57005812958556
-2.84366861481356
0.094705748390628
2.8416175512095
5.04090951452281
6.43567214161629
6.90267115729216
6.46410161513782
5.2754103069816
3.59196773676716
1.72087490692835
-0.0334349575259982
-1.42028865734226
-2.28185025639926
-2.57377214005197
-2.3643870890873
-1.81326774470392
-1.13364050235448
-0.545962512411552
-0.23146277193425
-0.294356121033187
-0.739786216728953
-1.47163842525617
-2.31070593737532
-3.02994268980573
-3.40036190111739
-3.23910599802418
-2.45068952745207
-1.05350400565405
0.813807923569289
2.90798519736965
4.91676051794568
6.50881687166658
7.38977752798224
7.35465347242277
6.32755430553973
4.38145059131679
1.73403261524222
-1.28030506726579
-4.25828894055071
-6.78794196473872
-8.5114782844814
-9.18071779010146
-8.69596137967526
-7.12193211682445
-4.67813104698751
-1.70514990862737
1.38758006362097
4.18410648748379
6.32425260231298
7.55590055628493
7.76903065493789
7.00640490169938
5.44972319538377
3.38416843347054
1.14779807565521
-0.925362040124324
-2.55880736352847
-3.57472457162965
-3.91626107632626
-3.64773017687751
-2.93349615937259
-2.00000000000001
-1.08826579897315
-0.405775660336478
-0.0865568177362599
-0.16670938545604
-0.579711342657596
-1.17218723118905
-1.7370683745753
-2.05787296484305
-1.95576291023399
-1.33046111278342
-0.187144508008335
1.35611121013079
3.08229808577178
4.70896121464874
5.93574004039376
6.4978504453838
6.21613476623653
5.03467999030919
3.03896165504222
0.45068952745207
-2.40053348193414
-5.12464843819664
-7.33024525130023
-8.68579117288341
-8.97291848680457
-8.12288454840222
-6.23000503422632
-3.53961234080132
-0.412275593396638
2.73006899989561
5.46744957527408
7.44448101698161
8.42226005393052
8.31133394149943
7.18071779010156
5.24192389208689
2.8110916021973
0.255870993056912
-2.06388074631054
-3.85168167875911
-4.91721350790389
-5.19960416411646
-4.76795859154643
-3.79985565701801
-2.54230328656157
-1.26257868737547
-0.197976357039586
0.486520013536682
0.725217697142324
0.558807363528655
0.120687084041242
-0.394579438301086
-0.774529877052841
-0.835534495565339
-0.464101615137714
0.355158778553105
1.53042409853291
2.87449878247486
4.13588438337574
5.04381295779539
5.35933173919754
4.92326045100588
3.69219105403501
1.75561856725207
-0.669538887216333
-3.26689297957999
-5.66695172475813
-7.50455813970236
-8.47799186958648
-8.39984165553156
-7.23095746580391
-5.09148632804012
-2.24673802557048
0.93021334287751
4.01341208768541
6.58767798994269
8.31084051462738
8.9645633404921
8.48564682990159
6.97291848680466
4.66884706081388
1.919164519599
-0.882647713129279
-3.35675506154115
-5.19417061503316
-6.20055659569421
-6.31983257878513
-5.63431808919195
-4.34215894357959
-2.71661617496375
-1.05477938407857
0.375100474233503
1.37844709613502
1.86373640332859
1.85168167875898
1.46317602031559
0.888763649489368
0.345698537615835
0.0308250020801948
0.0782016714237912
0.529471666955257
1.32262479523598
2.30142195120205
3.24395730077739
3.90529425160926
4.0664574239673
3.58077151473169
2.40884796624484
0.635390152583549
-1.53589838486216
-3.80919626614153
-5.84126461316024
-7.29675883640524
-7.90491503831361
-7.50791457293332
-6.09243875961768
-3.79861201280932
-0.904249089296334
2.2135564306674
5.13364050235404
7.45403748758838
8.85314380118889
9.13887622889426
8.27784752660473
6.39984165553156
3.77691997821556
0.780645813412801
-2.17552202836009
-4.6992439978152
-6.47751370282334
-7.32078501036285
-7.18619207643086
-6.17662137575351
-4.5164718319818
-2.50881687166715
-0.481702552805534
1.26702755683184
2.51696580232128
3.1566107185591
3.19417061503319
2.7465191081058
2.00899206415804
1.21205803526138
0.573128288641753
0.25251455982598
0.32167236365841
0.749547963963099
1.40949486860345
2.10543859459114
2.61241993637883
2.72396848769293
2.29742842694151
1.2886195515762
-0.230969345062163
-2.07820167142369
-3.98350915454362
-5.63346530986322
-6.72368200513239
-7.01298795571528
-6.3693958667471
-4.79956444438722
-2.45612307653516
0.379093998493812
3.33378484533602
5.99999999999998
7.99634077415
9.02745668959095
8.93107692559725
7.7047706953316
5.50791457293349
2.63840127202936
-0.512228501818053
-3.51801096463404
-5.98258708560536
-7.597742117492
-8.18714450800842
-7.7284953629924
-6.3509342641557
-4.30867252868462
-1.93574004039396
0.410224529792949
2.40554626301806
3.80984011755189
4.49909965483331
4.47751370282341
3.86674752277471
2.87535156180353
1.75436132182294
0.747441177044054
0.0447152565290212
-0.251404467614506
-0.14237911863545
0.270976162417192
0.812564279360727
1.26993100010438
1.44062539990248
1.17720001227286
0.422260053930446
-0.773272631623684
-2.25251455982584
-3.77570985124691
-5.06038847859022
-5.83175492253403
-5.87446924952904
-5.07652155151648
-3.45707550811304
-1.17277998874501
1.49932241316219
4.20014434298197
6.5423032865615
8.17065366255194
8.81965738629401
8.35800009432431
6.81284361273343
4.36939586674731
1.34552695679876
-1.8547174380922
-4.80135405242419
-7.102815500274
-8.46410161513776
-8.72944779456999
-7.90280825139456
-6.14313496085852
-3.73559569741198
-1.04381295779567
1.54874323597917
3.69842057824869
5.15232905382608
5.78244274262351
5.59774211749231
4.73310702042004
3.41765484836508
1.92867421022531
0.539641873746989
-0.528361574743897
-1.14333155021282
-1.28089782482171
-1.02189815281324
-0.529924656913491
-0.0134120876858324
0.320396985233828
0.310840514627217
-0.120043232631033
4.59807621135315
4.96410161513779
4.00000000000015
1.9641016151379
-0.598076211352681
-3.00000000000001
-4.59807621135313
-4.9641016151378
-4.00000000000018
-1.96410161513795
0.598076211353192
2.99999999999951
4.59807621135333
4.96410161513781
4.00000000000021
1.964101615138
-0.598076211353138
-2.99999999999993
-4.59807621135309
-4.96410161513774
-4.00000000000024
-1.96410161513805
0.598076211353085
2.99999999999988
4.59807621135329
4.96410161513782
4.00000000000027
1.9641016151381
-0.598076211353031
-2.99999999999984
-4.59807621135327
-4.96410161513776
-4.00000000000031
-1.96410161513815
0.598076211352978
2.9999999999998
4.59807621135325
4.96410161513783
4
1.9641016151382
-0.598076211352924
-2.99999999999975
-4.59807621135323
-4.96410161513777
-4.00000000000037
-1.96410161513772
0.598076211352871
2.99999999999971
4.59807621135321
4.96410161513778
4.00000000000006
1.9641016151383
-0.598076211353382
-2.99999999999967
-4.59807621135319
-4.96410161513778
-4.0000000000001
-1.96410161513782
0.598076211352764
2.99999999999962
4.59807621135317
4.96410161513779
4.00000000000013
1.96410161513787
-0.598076211353275
-2.99999999999958
-4.59807621135314
-4.9641016151378
-4.00000000000016
-1.96410161513792
0.598076211352657
2.99999999999999
4.59807621135312
4.9641016151378
4.00000000000019
1.96410161513797
-0.598076211353168
-2.99999999999949
-4.59807621135332
-4.96410161513781
-4.00000000000022
-1.96410161513802
0.598076211353114
2.99999999999991
4.59807621135308
4.96410161513775
4.00000000000026
1.96410161513807
-0.598076211353061
-2.99999999999986
-4.59807621135328
-4.96410161513782
-4.00000000000029
-1.96410161513812
0.598076211353007
2.99999999999982
4.59807621135326
4.96410161513776
4.00000000000032
1.96410161513817
-0.598076211352954
-2.99999999999978
-4.59807621135324
-4.96410161513784
-4.00000000000001
-1.96410161513822
0.5980762113529
2.99999999999973
4.59807621135322
4.96410161513777
4.00000000000039
1.96410161513775
-0.598076211352847
-2.99999999999969
-4.5980762113532
-4.96410161513778
-4.00000000000008
-1.96410161513832
0.598076211353357
2.99999999999965
4.59807621135318
4.96410161513779
4.00000000000011
1.96410161513784
-0.598076211352739
-2.9999999999996
-4.59807621135316
-4.96410161513779
-4.00000000000014
-1.96410161513789
0.59807621135325
2.99999999999956
4.59807621135313
4.9641016151378
4.00000000000017
1.96410161513794
-0.598076211352632
-2.99999999999997
-4.59807621135311
-4.96410161513781
-4.00000000000021
-1.96410161513799
0.598076211353143
2.99999999999947
4.59807621135332
4.96410161513781
4.00000000000024
1.96410161513804
-0.59807621135309
-2.99999999999989
-4.59807621135307
-4.96410161513775
-4.00000000000027
-1.96410161513809
0.598076211353036
2.99999999999984
4.59807621135327
4.96410161513783
3.99999999999996
1.96410161513814
-0.598076211352983
-2.9999999999998
-4.59807621135325
-4.96410161513776
-4.00000000000034
-1.96410161513819
0.598076211352929
2.99999999999976
4.59807621135323
4.96410161513777
4.00000000000003
1.96410161513824
-0.598076211352875
-2.99999999999971
-4.59807621135321
-4.96410161513778
-4.0000000000004
-1.96410161513777
0.598076211352822
2.99999999999967
4.59807621135319
4.96410161513778
4.00000000000009
1.96410161513834
-0.598076211353333
-2.99999999999963
-4.59807621135317
-4.96410161513779
-4.00000000000013
-1.96410161513787
0.598076211352715
3.00000000000004
4.59807621135315
4.9641016151378
4.00000000000016
1.96410161513792
-0.598076211353226
-2.99999999999954
-4.59807621135313
-4.9641016151378
-4.00000000000019
-1.96410161513797
0.598076211353173
2.99999999999995
4.5980762113531
4.96410161513781
4.00000000000022
1.96410161513802
-0.598076211353119
-2.99999999999946
-4.59807621135331
-4.96410161513782
-4.00000000000025
-1.96410161513807
0.598076211353065
2.99999999999987
4.59807621135306
4.96410161513775
4.00000000000029
1.96410161513812
-0.598076211353012
-2.99999999999982
-4.59807621135326
-4.96410161513783
-3.99999999999998
-1.96410161513816
0.598076211352958
2.99999999999978
4.59807621135324
4.96410161513777
4.00000000000035
1.96410161513821
-0.598076211352905
-2.99999999999974
-4.59807621135322
-4.96410161513784
-4.00000000000004
-1.96410161513774
0.598076211352851
2.99999999999969
4.59807621135298
4.96410161513778
4.00000000000007
1.96410161513831
-0.598076211352798
-3.00000000000011
-4.59807621135318
-4.96410161513779
-4.00000000000011
-1.96410161513836
0.598076211353309
2.99999999999961
4.59807621135316
4.96410161513779
4.00000000000048
1.96410161513789
-0.598076211353255
-2.99999999999956
-4.59807621135314
-4.96410161513773
-4.00000000000017
-1.96410161513794
0.598076211352637
2.99999999999952
4.59807621135334
4.96410161513781
4.0000000000002
1.96410161513799
-0.598076211352584
-2.99999999999993
-4.59807621135332
-4.96410161513781
-4.00000000000024
-1.96410161513856
0.598076211353095
2.99999999999989
4.59807621135307
4.96410161513782
3.99999999999993
1.96410161513809
-0.598076211353041
-2.99999999999985
-4.59807621135305
-4.96410161513776
-4.0000000000003
-1.96410161513814
0.598076211352988
2.99999999999935
4.59807621135325
4.96410161513776
4.00000000000033
1.96410161513819
-0.598076211353499
-2.99999999999976
-4.59807621135323
-4.96410161513784
-4.00000000000037
-1.96410161513771
0.59807621135288
2.99999999999972
4.59807621135321
4.96410161513784
4.00000000000006
1.96410161513776
-0.598076211352827
-2.99999999999967
-4.59807621135297
-4.96410161513778
-4.00000000000009
-1.96410161513834
0.598076211352773
3.00000000000009
4.59807621135317
4.96410161513779
4.00000000000012
1.96410161513839
-0.598076211353284
-2.99999999999959
-4.59807621135315
-4.9641016151378
-4.0000000000005
-1.96410161513791
0.598076211353231
2.99999999999955
4.59807621135313
4.96410161513773
4.00000000000019
1.96410161513796
-0.598076211352613
-2.9999999999995
-4.59807621135333
-4.96410161513781
-4.00000000000022
-1.96410161513801
0.598076211352559
2.99999999999991
4.59807621135331
4.96410161513781
4.00000000000025
1.96410161513858
-0.59807621135307
-2.99999999999987
-4.59807621135306
-4.96410161513782
-3.99999999999994
-1.96410161513811
0.598076211353017
2.99999999999983
4.59807621135304
4.96410161513776
3.99999999999998
1.96410161513816
-0.598076211352963
-2.99999999999933
-4.59807621135324
-4.96410161513777
-4.00000000000035
-1.96410161513821
0.598076211353474
-1.76613863808644
-2.45378303578719
-2.92576761998469
-3.10647719172516
-2.94896544276118
-2.44049073765741
-1.60466843886347
-0.499999999999828
0.78510421178204
2.14034524834162
3.44383435570649
4.57367808386487
5.41972682741962
5.89434265755399
5.94113287704869
5.54078941710206
4.71345221297377
3.51735000036028
2.04383190313228
0.409252646738034
-1.25552085462626
-2.81698317325937
-4.15111212712838
-5.15458248786448
-5.7540037384914
-5.91230579416036
-5.63167326360437
-4.95276334448125
-3.95030217480161
-2.72550432277456
-1.39606599109257
-0.0847146591868713
1.09256626381471
2.03749277430975
2.67855600283944
2.97734745712191
2.93153630102366
2.57423238001534
1.96982515071084
1.2067354001548
0.387819652763719
-0.380603227948748
-1.00000000000001
-1.39001751542769
-1.49698213645454
-1.29965173950218
-0.811641252945794
-0.0802731725804637
0.81804031511821
1.78543203413265
2.71247902668094
3.48938700205907
4.01735000036012
4.21895363034218
4.04658003153384
3.48796524058226
2.56833616355163
1.34888787287133
-0.0782801454284681
-1.59830289557546
-3.08399540373902
-4.40760805268979
-5.45276334448127
-6.12542390201139
-6.36283170757086
-6.13955208630088
-5.47003399599783
-4.40743373618526
-3.03880956812598
-1.47714484007653
0.149037066700764
1.70747109010886
3.07423238001526
4.14494687792054
4.84406278495076
5.13130574797225
5.00471610886193
4.50000000000007
3.68628482700818
2.65871870646123
1.52865865091896
0.412423957968588
-0.580273172580364
-1.35708141209173
-1.8518953506634
-2.03100706852756
-1.89593233475168
-1.4826499996399
-0.857348712093608
-0.109120811382265
0.659654850161139
1.3442709526368
1.84888787287155
2.09684158178108
2.03902448922073
1.65949069146917
0.977711284121126
0.0472366555188337
-1.04912155957574
-2.20713086465481
-3.31124169587992
-4.24596878508336
-4.9074337361854
-5.21393129533596
-5.1144722248727
-4.59444902850772
-3.67784824670181
-2.42576761998475
-0.931355464515483
0.688361942034982
2.3029953575509
3.78065089794734
5.00000000000014
5.86140655421796
6.29604609125752
6.27214474612741
5.79774329477953
4.9197268274194
3.71922093034428
2.30380549225256
0.797303321893298
-0.671867123837021
-1.98264999963999
-3.03247043930352
-3.74644819617825
-4.08383124504739
-4.04104838417388
-3.65111212712851
-2.97946076065471
-2.1166763536954
-1.16881969895201
-0.246353926793505
0.547236655518747
1.12600016763424
1.43019652014124
1.43224439932861
1.13935055172766
0.592566263814676
-0.137628952899975
-0.958771381956845
-1.76613863808645
-2.45378303578733
-2.92576761998467
-3.10647719172526
-2.94896544276124
-2.44049073765727
-1.6046684388636
-0.499999999999984
0.785104211781872
2.14034524834146
3.44383435570635
4.57367808386475
5.41972682741954
5.89434265755399
5.94113287704872
5.54078941710199
4.71345221297355
3.51735000036016
2.04383190313228
0.409252646737889
-1.25552085462626
-2.81698317325931
-4.15111212712836
-5.15458248786448
-5.75400373849134
-5.91230579416044
-5.63167326360443
-4.95276334448106
-3.95030217480174
-2.72550432277469
-1.39606599109274
-0.0847146591869601
1.09256626381471
2.03749277430975
2.67855600283938
2.97734745712196
2.93153630102354
2.57423238001535
1.96982515071063
1.20673540015479
0.387819652763798
-0.380603227948762
-0.999999999999962
-1.39001751542767
-1.49698213645455
-1.29965173950222
-0.811641252945866
-0.0802731725805574
0.818040315118106
1.78543203413291
2.71247902668086
3.48938700205919
4.01735000036009
4.21895363034228
4.04658003153378
3.48796524058232
2.56833616355152
1.34888787287151
-0.078280145428594
-1.59830289557527
-3.08399540373942
-4.40760805268964
-5.45276334448133
-6.12542390201134
-6.36283170757086
-6.13955208630094
-5.47003399599776
-4.40743373618542
-3.03880956812606
-1.47714484007674
0.149037066700687
1.70747109010918
3.07423238001524
4.14494687792049
4.84406278495082
5.13130574797217
5.00471610886206
4.49999999999996
3.68628482700835
2.65871870646113
1.52865865091911
0.412423957968528
-0.580273172580572
-1.35708141209173
-1.85189535066335
-2.03100706852749
-1.89593233475169
-1.48264999963995
-0.857348712093671
-0.109120811382336
0.659654850161287
1.34427095263675
1.84888787287166
2.09684158178114
2.03902448922079
1.65949069146917
0.977711284120824
0.0472366555189323
-1.04912155957581
-2.20713086465466
-3.31124169588002
-4.24596878508321
-4.9074337361855
-5.21393129533585
-5.11447222487264
-4.59444902850769
-3.67784824670197
-2.42576761998431
-0.93135546451569
0.688361942035121
2.3029953575507
3.78065089794746
5
5.86140655421802
6.29604609125749
6.2721447461273
5.79774329477961
4.91972682741933
3.71922093034397
2.30380549225245
0.797303321893492
-0.671867123837143
-1.98264999963983
-3.0324704393034
-3.74644819617817
-4.08383124504735
-4.04104838417379
-3.65111212712856
-2.97946076065458
-2.11667635369515
-1.16881969895189
-0.246353926793601
0.54723665551881
1.12600016763419
1.43019652014123
1.43224439932863
1.13935055172758
0.592566263814492
-4.73788717647428
-5.7286896003218
-6.01923203528293
-5.83638578902666
-5.50000000000002
-5.27114540178058
-5.23219203436272
-5.24668254627306
-5.01540172790005
-4.20710678118645
-2.61267756707284
-0.261433438279464
2.54802849764748
5.31800560177099
7.49999999999981
8.66825087409649
8.65538450565757
7.60069057024771
5.89383051644729
4.03553390593265
2.4673557989454
1.43331154376665
0.9231750399878
0.71548211470512
0.499999999999933
0.0292467816294555
-0.76192091409172
-1.7166054001008
-2.51244077082018
-2.79289321881345
-2.32203403081791
-1.10151653659577
0.597904398717113
2.30585902963087
3.50000000000014
3.7788907214744
2.99705647422703
1.31272147505702
-0.868948974807216
-3.0355339059327
-4.73788717647409
-5.72868960032171
-6.01923203528293
-5.83638578902659
-5.50000000000007
-5.27114540178055
-5.23219203436273
-5.24668254627306
-5.01540172789995
-4.20710678118661
-2.61267756707312
-0.261433438278869
2.54802849764708
5.31800560177064
7.50000000000019
8.66825087409641
8.65538450565744
7.60069057024791
5.89383051644755
4.03553390593289
2.46735579894558
1.43331154376675
0.923175039987731
0.715482114705142
0.499999999999976
0.0292467816293114
-0.761920914091594
-1.71660540010101
-2.51244077082032
-2.79289321881346
-2.32203403081771
-1.10151653659598
0.597904398716867
2.30585902963121
3.50000000000003
3.77889072147443
2.99705647422721
1.3127214750573
-0.868948974806906
-3.03553390593315
-4.7378871764739
-5.72868960032185
-6.01923203528293
-5.83638578902663
-5.5
-5.27114540178057
-5.23219203436273
-5.24668254627305
-5.01540172790001
-4.20710678118634
-2.61267756707267
-0.261433438279233
2.54802849764773
5.31800560177029
7.49999999999996
8.66825087409633
8.65538450565752
7.60069057024811
5.89383051644713
4.03553390593313
2.46735579894528
1.43331154376658
0.923175039987773
0.715482114705106
0.500000000000019
0.0292467816294004
-0.7619209140918
-1.71660540010088
-2.51244077082023
-2.79289321881344
-2.32203403081783
-1.10151653659563
0.59790439871662
2.305859029631
3.49999999999993
3.77889072147447
2.99705647422738
1.31272147505684
-0.868948974806595
-3.03553390593288
-4.73788717647421
-5.72868960032176
-6.01923203528293
-5.83638578902656
-5.50000000000004
-5.27114540178054
-5.23219203436272
-5.24668254627306
-5.01540172789991
-4.20710678118651
-2.61267756707294
-0.261433438279596
2.54802849764734
5.31800560176994
7.50000000000034
8.66825087409625
8.65538450565739
7.60069057024831
5.89383051644739
4.03553390593274
2.46735579894546
1.43331154376668
0.923175039987704
0.715482114705129
0.499999999999948
0.0292467816292568
-0.761920914091674
-1.71660540010109
-2.51244077082015
-2.79289321881345
-2.32203403081795
-1.10151653659584
0.597904398716375
2.30585902963135
3.49999999999982
3.77889072147441
2.9970564742271
1.31272147505712
-0.868948974807104
-3.0355339059326
-4.73788717647402
-5.7286896003219
-6.01923203528293
-5.8363857890266
-5.49999999999997
-5.27114540178056
-5.23219203436273
-5.24668254627307
-5.01540172789997
-4.20710678118667
-2.61267756707322
-0.261433438279961
2.54802849764798
5.31800560176958
7.50000000000011
8.66825087409639
8.65538450565747
7.60069057024798
5.89383051644697
4.03553390593298
2.46735579894517
1.43331154376679
0.923175039987746
0.715482114705092
0.499999999999991
0.0292467816293431
-0.761920914091549
-1.71660540010096
-2.51244077082007
-2.79289321881344
-2.32203403081807
-1.1015165365955
0.597904398716129
2.30585902963114
3.49999999999999
3.77889072147445
2.99705647422727
1.31272147505667
-0.868948974806794
-3.03553390593305
-4.73788717647433
-5.72868960032182
-6.01923203528293
-5.83638578902665
-5.50000000000001
-5.27114540178058
-5.23219203436272
-5.24668254627307
-5.01540172789986
-4.20710678118683
-2.61267756707277
-0.261433438279365
2.54802849764759
5.31800560177016
7.49999999999987
8.66825087409631
8.65538450565734
7.60069057024818
5.89383051644722
4.03553390593258
2.46735579894535
1.43331154376662
0.923175039987789
0.715482114705114
0.500000000000034
0.0292467816292004
-0.761920914091422
-1.71660540010117
-2.51244077081999
-2.79289321881345
-2.32203403081787
-1.10151653659571
0.597904398716531
2.30585902963148
3.49999999999989
3.77889072147439
2.99705647422698
1.31272147505694
-0.868948974807301
-3.03553390593278
-4.73788717647414
-5.72868960032173
-6.01923203528293
-5.83638578902669
-5.49999999999994
-5.27114540178059
-5.23219203436273
-5.24668254627306
-5.01540172789993
-4.20710678118656
-2.61267756707304
-0.261433438279729
2.54802849764824
5.31800560176981
7.50000000000026
8.66825087409644
8.65538450565742
7.60069057024785
5.8938305164468
4.03553390593282
2.46735579894505
1.43331154376672
0.923175039987719
0.715482114705078
0.499999999999963
0.0292467816292872
-0.761920914091628
-1.71660540010104
-2.51244077082012
-2.79289321881343
-2.32203403081799
-1.10151653659537
0.597904398716286
2.30585902963127
3.50000000000006
3.77889072147442
2.99705647422716
1.31272147505649
-0.86894897480699
-3.03553390593323
-4.73788717647445
-5.72868960032187
-6.01923203528293
-5.83638578902662
-5.49999999999999
-5.27114540178057
-5.23219203436273
-5.24668254627307
-5.01540172789982
-4.20710678118673
-2.61267756707259
-0.261433438279133
2.54802849764784
5.31800560177038
7.50000000000002
8.66825087409635
8.65538450565729
7.60069057024805
5.89383051644706
4.03553390593243
2.46735579894523
1.43331154376655
0.923175039987762
0.715482114705101
0.500000000000007
0.029246781629376
-0.761920914091503
-1.71660540010125
-2.51244077082004
-2.79289321881344
-2.3220340308178
-1.10151653659558
0.597904398716688
2.30585902963161
3.49999999999996
3.77889072147437
2.99705647422733
1.31272147505677
-0.868948974807498
-3.03553390593295
-4.73788717647426
-5.72868960032179
-6.01923203528293
-5.83638578902666
-5.49999999999991
-5.27114540178058
-5.23219203436273
-5.24668254627308
-5.01540172789989
-4.20710678118646
-2.61267756707287
-0.261433438279498
2.54802849764849
5.31800560177003
7.50000000000041
8.66825087409649
8.65538450565737
7.60069057024772
5.89383051644732
4.03553390593267
2.46735579894541
1.43331154376666
0.923175039987804
0.715482114705065
0.50000000000005
0.0292467816292321
-0.761920914091708
-1.71660540010112
-2.51244077082018
-2.79289321881345
-2.32203403081792
-1.10151653659523
0.597904398716442
2.3058590296314
3.50000000000013
3.7788907214744
2.99705647422705
1.31272147505704
-0.868948974807188
-3.03553390593268
-4.73788717647407
-5.7286896003217
-6.01923203528293
-5.83638578902671
-5.49999999999996
-5.27114540178055
-5.23219203436273
-5.24668254627306
-5.01540172789978
-4.20710678118662
-2.61267756707242
-0.261433438279861
2.54802849764809
5.31800560177061
7.50000000000017
8.66825087409641
8.65538450565745
7.60069057024792
5.89383051644757
4.03553390593227
2.46735579894559
1.43331154376649
0.923175039987846
0.715482114705086
0.49999999999998
0.0292467816293196
-0.761920914091583
-1.71660540010133
-2.51244077082009
-2.79289321881344
-2.32203403081772
-1.10151653659544
0.597904398716844
2.30585902963119
3.50000000000002
3.77889072147444
2.99705647422722
1.31272147505732
-0.868948974807695
-3.0355339059324
-4.73788717647438
-5.72868960032184
-6.01923203528293
-5.83638578902664
-5.5
-5.27114540178057
-5.23219203436274
-5.24668254627307
-5.01540172789985
-4.20710678118636
-2.61267756707269
-0.261433438279266
2.5480284976477
5.31800560177026
7.49999999999994
8.66825087409633
8.65538450565753
7.6006905702476
5.89383051644783
4.03553390593251
2.4673557989453
1.43331154376659
0.923175039987777
0.715482114705051
0.500000000000022
0.0292467816291766
-0.761920914091456
-1.71660540010121
-2.51244077082023
-2.79289321881345
-2.32203403081784
-1.10151653659565
0.597904398716598
2.30585902963098
3.5000000000002
3.77889072147447
2.99705647422693
1.3127214750576
-0.868948974807386
-3.03553390593285
-4.73788717647419
-5.72868960032176
-6.01923203528293
-5.83638578902668
-5.49999999999993
-5.27114540178054
-5.23219203436273
-5.24668254627306
-5.01540172789991
-4.20710678118652
-2.61267756707297
-0.26143343827963
2.5480284976473
5.31800560177083
7.4999999999997
8.66825087409646
8.6553845056574
7.6006905702478
5.89383051644741
4.03553390593276
2.46735579894548
1.43331154376642
0.92317503998782
0.715482114705072
0.499999999999952
0.0292467816292645
-0.761920914091663
-1.71660540010108
-2.51244077082015
-2.79289321881346
-2.32203403081765
-1.10151653659586
0.597904398717001
2.30585902963077
3.50000000000009
3.77889072147441
2.99705647422711
1.31272147505714
-0.868948974807892
-3.03553390593258
-4.7378871764745
-5.72868960032189
-6.01923203528293
-5.83638578902661
-5.49999999999997
-5.27114540178056
-5.23219203436273
-5.24668254627307
-5.01540172789998
-4.20710678118625
-2.61267756707324
-0.261433438279034
2.54802849764795
5.31800560177048
7.50000000000009
8.66825087409638
8.65538450565748
7.60069057024747
5.89383051644767
4.03553390593236
2.46735579894518
1.43331154376652
0.92317503998775
0.715482114705095
0.499999999999995
0.029246781629352
-0.761920914091538
-1.71660540010095
-2.51244077082028
-2.79289321881347
-2.32203403081777
-1.10151653659552
0.597904398716754
2.30585902963112
3.50000000000027
3.77889072147445
2.99705647422682
1.31272147505742
-0.868948974807583
-3.03553390593303
-4.73788717647431
-5.72868960032181
-6.01923203528293
-5.83638578902665
-5.50000000000002
-5.27114540178053
-5.23219203436272
-5.24668254627306
-5.01540172790004
-4.20710678118642
-2.61267756707279
-0.261433438279398
2.54802849764755
5.31800560177106
7.49999999999985
8.66825087409651
8.65538450565735
7.60069057024767
5.89383051644725
4.0355339059326
2.46735579894536
1.43331154376663
0.923175039987793
0.715482114705116
0.499999999999925
0.0292467816294391
-0.761920914091743
-1.71660540010116
-2.5124407708202
-2.79289321881345
-2.32203403081789
-1.10151653659573
0.597904398717157
2.30585902963091
3.50000000000016
3.77889072147439
2.997056474227
1.31272147505697
-0.868948974807273
-3.03553390593275
-4.73788717647412
-5.72868960032172
-6.01923203528293
-5.83638578902658
-5.50000000000006
-5.27114540178055
-5.23219203436273
-5.24668254627306
-5.01540172789993
-4.20710678118615
-2.61267756707307
-0.261433438278803
2.54802849764716
5.3180056017707
7.50000000000024
8.66825087409643
8.65538450565743
7.60069057024787
5.8938305164475
4.03553390593285
2.04383190313208
0.409252646738034
-1.25552085462648
-2.81698317325886
-4.15111212712852
-5.15458248786448
-5.75400373849128
-5.91230579416035
-5.63167326360424
-4.95276334448123
-3.95030217480139
-2.72550432277455
-1.39606599109235
-0.0847146591868659
1.09256626381462
2.03749277430974
2.67855600283943
2.97734745712181
2.93153630102364
2.57423238001515
1.96982515071081
1.20673540015455
0.387819652763691
-0.38060322794896
-1.00000000000003
-1.39001751542769
-1.49698213645454
-1.29965173950212
-0.811641252946011
-0.0802731725802781
0.81804031511823
1.7854320341329
2.71247902668097
3.48938700205909
4.01735000036014
4.2189536303422
4.04658003153384
3.48796524058227
2.56833616355138
1.3488878728718
-0.0782801454287896
-1.59830289557547
-3.08399540373932
-4.4076080526898
-5.45276334448142
-6.1254239020114
-6.36283170757088
-6.13955208630104
-5.47003399599771
-4.40743373618526
-3.03880956812608
-1.47714484007653
0.149037066700764
1.70747109010886
3.07423238001526
4.14494687792061
4.84406278495075
5.13130574797218
5.00471610886204
4.49999999999987
3.68628482700816
2.65871870646139
1.52865865091895
0.412423957968388
-0.58027317258037
-1.35708141209182
-1.85189535066339
-2.03100706852749
-1.89593233475165
-1.48264999963975
-0.85734871209358
-0.109120811382235
0.659654850161095
1.34427095263683
1.84888787287171
2.0968415817811
2.03902448922076
1.6594906914691
0.977711284121005
0.0472366555187973
-1.04912155957555
-2.20713086465481
-3.31124169588015
-4.24596878508301
-4.90743373618556
-5.21393129533597
-5.11447222487272
-4.59444902850773
-3.67784824670182
-2.42576761998475
-0.931355464515484
0.688361942034631
2.3029953575509
3.78065089794753
4.99999999999977
5.86140655421804
6.29604609125752
6.27214474612735
5.79774329477952
4.91972682741923
3.71922093034427
2.30380549225233
0.797303321893825
-0.67186712383721
-1.98264999963998
-3.03247043930338
-3.74644819617824
-4.08383124504737
-4.04104838417386
-3.65111212712849
-2.97946076065448
-2.11667635369538
-1.16881969895177
-0.24635392679381
0.547236655518902
1.12600016763425
1.4301965201412
1.43224439932861
1.13935055172753
0.592566263814656
-0.137628952900206
-0.958771381956874
-1.76613863808669
-2.45378303578736
-2.9257676199847
-3.10647719172528
-2.94896544276125
-2.44049073765746
-1.6046684388636
-0.49999999999981
0.78510421178188
2.14034524834169
3.44383435570636
4.57367808386495
5.41972682741955
5.89434265755398
5.94113287704873
5.54078941710194
4.71345221297391
3.51735000035999
2.04383190313228
0.409252646737668
-1.25552085462627
-2.81698317325931
-4.15111212712836
-5.15458248786448
-5.75400373849122
-5.91230579416042
-5.63167326360429
-4.95276334448136
-3.95030217480152
-2.72550432277468
-1.39606599109251
-0.0847146591869543
1.09256626381485
2.03749277430974
2.67855600283939
2.97734745712194
2.9315363010234
2.57423238001533
1.96982515071046
1.20673540015476
0.387819652763771
-0.380603227948786
-0.999999999999981
-1.3900175154277
-1.49698213645456
-1.29965173950215
-0.811641252945857
-0.0802731725804069
0.818040315118126
1.78543203413271
2.71247902668088
3.48938700205941
4.01735000036012
4.21895363034238
4.04658003153379
3.48796524058227
2.56833616355153
1.34888787287151
-0.0782801454285966
-1.59830289557527
-3.08399540373914
-4.40760805268965
-5.45276334448134
-6.12542390201134
-6.36283170757086
-6.13955208630094
-5.47003399599776
-4.40743373618542
-3.03880956812564
-1.47714484007674
0.149037066701118
1.70747109010866
3.07423238001552
4.14494687792048
4.84406278495083
5.13130574797215
5.00471610886204
4.49999999999994
3.68628482700832
2.65871870646111
1.5286586509191
0.412423957968516
-0.580273172580294
-1.35708141209173
-1.85189535066342
-2.03100706852747
-1.89593233475179
-1.48264999963958
-0.857348712093781
-0.109120811381863
0.659654850161316
1.34427095263715
1.84888787287168
2.09684158178127
2.0390244892208
1.65949069146918
0.977711284121109
0.047236655518923
-1.04912155957582
-2.20713086465467
-3.31124169588004
-4.24596878508323
-4.90743373618552
-5.21393129533587
-5.11447222487278
-4.5944490285077
-3.67784824670173
-2.42576761998479
-0.931355464515278
0.688361942035124
2.30299535755113
3.78065089794746
5
5.86140655421802
6.29604609125749
6.27214474612739
5.7977432947796
4.91972682741932
3.71922093034444
2.30380549225244
0.797303321893487
-0.671867123837143
-1.98264999963982
-3.03247043930369
-3.74644819617815
-4.08383124504736
-4.04104838417387
-3.65111212712832
-2.97946076065456
-2.11667635369513
-1.16881969895187
-0.246353926793583
0.547236655518823
1.12600016763419
1.43019652014123
1.43224439932862
1.13935055172757
0.59256626381472
-0.137628952900128
-0.958771381956793
-1.76613863808662
-2.45378303578731
-2.92576761998482
-3.10647719172529
-2.94896544276121
-2.44049073765733
-1.60466843886339
-0.499999999999966
0.785104211782187
2.14034524834153
3.44383435570623
4.57367808386483
5.41972682741944
5.89434265755406
5.94113287704868
5.54078941710203
4.71345221297358
3.51735000036017
2.04383190313235
0.409252646737886
-1.25552085462619
-2.8169831732595
-4.15111212712832
-5.15458248786453
-5.75400373849138
-5.91230579416031
-5.6316732636044
-4.95276334448114
-3.95030217480166
-2.72550432277484
-1.39606599109263
-0.0847146591871137
1.09256626381471
2.03749277430963
2.67855600283931
2.9773474571219
2.93153630102341
2.57423238001536
1.96982515071025
1.20673540015483
0.387819652763419
-0.380603227948717
-1.00000000000022
-1.39001751542768
-1.4969821364546
-1.29965173950219
-0.811641252945929
-0.0802731725805006
0.818040315118022
1.78543203413297
2.71247902668079
3.48938700205923
4.01735000036009
4.21895363034226
4.04658003153386
3.48796524058224
2.56833616355167
1.34888787287122
-0.0782801454284034
-1.59830289557562
-3.08399540373896
-4.40760805268992
-5.45276334448123
-6.12542390201146
-6.36283170757087
-6.139552086301
-5.47003399599787
-4.40743373618548
-3.03880956812583
-1.47714484007626
0.149037066700343
1.70747109010861
3.07423238001535
4.1449468779205
4.84406278495092
5.13130574797214
5.00471610886196
4.5000000000001
3.68628482700801
2.65871870646124
1.52865865091881
0.41242395796902
-0.580273172580467
-1.35708141209165
-1.85189535066337
-2.03100706852745
-1.89593233475169
-1.48264999963984
-0.857348712093845
-0.109120811381935
0.659654850161107
1.34427095263734
1.84888787287137
2.09684158178127
2.03902448922074
1.65949069146914
0.977711284120873
0.0472366555186805
-1.04912155957528
-2.20713086465498
-3.31124169587987
-4.24596878508314
-4.90743373618557
-5.21393129533598
-5.11447222487271
-4.5944490285078
-3.67784824670174
-2.4257676199845
-0.931355464514795
0.688361942034336
2.30299535755105
3.78065089794728
5.00000000000024
5.86140655421816
6.29604609125746
6.27214474612742
5.79774329477944
4.91972682741945
3.71922093034413
2.3038054922521
0.79730332189368
-0.67186712383696
-1.98264999963966
3.83933998420389
4.01088238790069
4.00712998489732
3.82824677321091
3.48205080756901
2.98367251290272
2.35489341217335
1.62319416929967
0.820553552278232
-0.0179491924309962
-0.855667471301208
-1.65598897572747
-2.38393581559769
-3.00769322093242
-3.49999999999978
-3.83933998420374
-4.01088238790068
-4.00712998489727
-3.82824677321078
-3.48205080756903
-2.98367251290275
-2.35489341217339
-1.62319416929971
-0.820553552277826
0.0179491924309529
0.855667471301166
1.65598897572701
2.38393581559728
3.0076932209327
3.49999999999998
3.83933998420373
4.01088238790068
4.00712998489728
3.8282467732108
3.48205080756882
2.98367251290278
2.35489341217343
1.62319416929975
0.820553552277868
-0.0179491924309092
-0.855667471301123
-1.65598897572697
-2.38393581559725
-3.00769322093267
-3.49999999999996
-3.83933998420385
-4.01088238790067
-4.00712998489728
-3.82824677321081
-3.48205080756885
-2.9836725129025
-2.35489341217309
-1.62319416930021
-0.820553552278359
0.0179491924308659
0.855667471301081
1.65598897572735
2.38393581559721
3.00769322093264
3.49999999999994
3.83933998420384
4.01088238790072
4.00712998489724
3.82824677321082
3.4820508075691
2.98367251290284
2.3548934121735
1.62319416929983
0.820553552278402
-0.0179491924308224
-0.855667471301039
-1.65598897572731
-2.38393581559755
-3.00769322093292
-3.49999999999992
-3.83933998420383
-4.01088238790071
-4.00712998489729
-3.82824677321084
-3.48205080756912
-2.98367251290287
-2.35489341217353
-1.62319416929987
-0.820553552277996
0.0179491924312374
0.855667471300996
1.65598897572727
2.38393581559751
3.00769322093289
3.50000000000013
3.83933998420367
4.01088238790066
4.0071299848973
3.82824677321085
3.48205080756891
2.98367251290259
2.35489341217357
1.62319416929991
0.820553552278038
-0.0179491924311941
-0.855667471301402
-1.65598897572723
-2.38393581559711
-3.00769322093256
-3.49999999999988
-3.8393399842038
-4.0108823879007
-4.0071299848973
-3.82824677321086
-3.48205080756893
-2.98367251290262
-2.35489341217323
-1.62319416929995
-0.820553552278081
0.0179491924311503
0.855667471300911
1.65598897572719
2.38393581559744
3.00769322093253
3.49999999999985
3.83933998420379
4.0108823879007
4.00712998489726
3.82824677321088
3.48205080756895
2.98367251290265
2.35489341217326
1.62319416929957
0.820553552278124
-0.0179491924306485
-0.855667471300869
-1.65598897572716
-2.38393581559741
-3.0076932209328
-3.49999999999983
-3.83933998420377
-4.01088238790069
-4.00712998489726
-3.82824677321075
-3.48205080756875
-2.98367251290298
-2.35489341217367
-1.62319416930003
-0.820553552278166
0.0179491924310635
0.855667471300827
1.65598897572712
2.38393581559737
3.00769322093277
3.50000000000004
3.8393399842039
4.01088238790069
4.00712998489727
3.82824677321091
3.482050807569
2.9836725129027
2.35489341217334
1.62319416930007
0.820553552278209
-0.0179491924310202
-0.855667471301232
-1.65598897572749
-2.38393581559734
-3.00769322093275
-3.50000000000002
-3.83933998420389
-4.01088238790069
-4.00712998489727
-3.82824677321092
-3.48205080756902
-2.98367251290273
-2.35489341217337
-1.62319416929969
-0.820553552278251
0.0179491924309765
0.855667471301189
1.65598897572745
2.38393581559767
3.00769322093302
3.49999999999977
3.83933998420373
4.01088238790068
4.00712998489727
3.82824677321079
3.48205080756904
2.98367251290276
2.35489341217341
1.62319416929973
0.820553552277845
-0.0179491924313915
-0.855667471301147
-1.655988975727
-2.38393581559727
-3.00769322093269
-3.49999999999997
-3.83933998420372
-4.01088238790068
-4.00712998489728
-3.8282467732108
-3.48205080756883
-2.98367251290248
-2.35489341217344
-1.62319416929977
-0.820553552277887
0.0179491924308897
0.855667471301104
1.65598897572696
2.38393581559723
3.00769322093266
3.49999999999995
3.83933998420385
4.01088238790072
4.00712998489728
3.82824677321082
3.48205080756886
2.98367251290251
2.3548934121731
1.62319416930023
0.820553552278379
-0.0179491924308464
-0.855667471301062
-1.65598897572734
-2.38393581559757
-3.00769322093263
-3.49999999999993
-3.83933998420383
-4.01088238790071
-4.00712998489724
-3.82824677321083
-3.48205080756911
-2.98367251290285
-2.35489341217351
-1.62319416929985
-0.820553552277973
0.0179491924308028
0.855667471301019
1.6559889757273
2.38393581559753
3.00769322093291
3.49999999999991
3.83933998420382
4.01088238790071
4.00712998489729
3.82824677321084
3.4820508075689
2.98367251290288
2.35489341217355
1.62319416929989
0.820553552278015
-0.0179491924312178
-0.855667471300977
-1.65598897572726
-2.3839358155975
-3.00769322093288
-3.50000000000012
-3.83933998420381
-4.01088238790066
-4.0071299848973
-3.82824677321086
-3.48205080756892
-2.9836725129026
-2.35489341217358
-1.62319416929993
-0.820553552278058
0.0179491924311739
0.855667471301382
1.65598897572763
2.38393581559709
3.00769322093254
3.49999999999987
3.83933998420379
4.0108823879007
4.0071299848973
3.82824677321087
3.48205080756894
2.98367251290263
2.35489341217325
1.62319416929955
0.8205535522781
-0.0179491924311304
-0.855667471300892
-1.65598897572718
-2.38393581559743
-3.00769322093251
-3.49999999999985
-3.83933998420378
-4.0108823879007
-4.00712998489726
-3.82824677321074
-3.48205080756896
-2.98367251290266
-2.35489341217328
-1.62319416929959
-0.820553552278143
0.017949192430629
0.855667471300849
1.65598897572714
2.38393581559739
3.00769322093279
3.50000000000005
3.83933998420377
4.01088238790069
4.00712998489726
3.82824677321075
3.48205080756876
2.983672512903
2.35489341217369
1.62319416930005
0.820553552278185
-0.0179491924310435
-0.855667471301255
-1.6559889757271
-2.38393581559736
-3.00769322093276
-3.50000000000003
-3.83933998420389
-4.01088238790069
-4.00712998489727
-3.82824677321091
-3.48205080756901
-2.98367251290272
-2.35489341217335
-1.62319416930009
-0.820553552278228
0.0179491924310002
0.855667471301212
1.65598897572748
2.38393581559732
3.00769322093273
3.50000000000001
3.83933998420388
4.01088238790068
4.00712998489727
3.82824677321092
3.48205080756903
2.98367251290275
2.35489341217339
1.62319416929971
0.82055355227827
-0.0179491924309567
-0.85566747130117
-1.65598897572744
-2.38393581559766
-3.00769322093301
-3.49999999999976
-3.83933998420373
-4.01088238790068
-4.00712998489728
-3.82824677321079
-3.48205080756905
-2.98367251290278
-2.35489341217342
-1.62319416929975
-0.820553552277864
0.0179491924313719
0.855667471301127
1.65598897572698
2.38393581559725
3.00769322093267
3.49999999999996
3.83933998420371
4.01088238790067
4.00712998489728
3.82824677321081
3.48205080756884
2.9836725129025
2.35489341217346
1.62319416929979
0.820553552277907
-0.0179491924308699
-0.855667471301085
-1.65598897572694
-2.38393581559722
-3.00769322093265
-3.49999999999994
-3.83933998420384
-4.01088238790072
-4.00712998489729
-3.82824677321082
-3.48205080756887
-2.98367251290253
-2.35489341217312
-1.62319416930025
-0.820553552278398
0.0179491924308264
0.855667471301043
1.65598897572732
2.38393581559755
3.00769322093262
3.49999999999992
3.83933998420383
4.01088238790071
4.00712998489724
3.82824677321084
3.48205080756912
2.98367251290286
2.35489341217353
1.62319416929987
0.820553552277992
-0.0179491924307829
-0.855667471301
-1.65598897572728
-2.38393581559752
-3.00769322093289
-3.4999999999999
-3.83933998420381
-4.01088238790071
-4.0071299848973
-3.82824677321085
-3.48205080756891
-2.98367251290289
-2.35489341217356
-1.62319416929991
-0.820553552278034
0.0179491924311976
0.855667471300958
1.65598897572724
2.38393581559748
3.00769322093286
3.50000000000011
3.8393399842038
4.01088238790066
4.0071299848973
3.82824677321086
3.48205080756893
2.98367251290261
2.3548934121736
1.62319416929995
0.820553552278077
-0.0179491924311543
-0.855667471301363
-1.65598897572762
-2.38393581559708
-3.00769322093253
-3.49999999999986
-3.83933998420379
-4.0108823879007
-4.0071299848973
-3.82824677321088
-3.48205080756895
-2.98367251290264
-2.35489341217326
-1.62319416929957
-0.82055355227812
0.0179491924311108
0.855667471300873
1.65598897572716
2.38393581559741
3.0076932209325
3.49999999999984
3.83933998420377
4.01088238790069
4.00712998489726
3.82824677321075
3.48205080756897
2.98367251290267
2.3548934121733
1.62319416929961
0.820553552278162
-0.017949192430609
-0.85566747130083
-1.65598897572712
-2.38393581559738
-3.00769322093278
-3.50000000000004
-3.83933998420376
-4.01088238790069
-4.00712998489726
-3.82824677321076
-3.48205080756877
-2.98367251290301
-2.3548934121737
-1.62319416930007
-0.820553552278205
0.017949192431024
0.855667471301236
1.65598897572708
2.38393581559734
3.00769322093275
3.50000000000002
3.83933998420389
4.01088238790069
4.00712998489727
3.82824677321092
3.48205080756902
2.98367251290273
2.35489341217337
1.62319416930011
0.820553552278247
-0.0179491924309807
-0.855667471301193
-1.65598897572746
-2.38393581559731
-3.00769322093272
-3.5
-3.83933998420387
-4.01088238790068
-4.00712998489727
-3.82824677321093
-3.48205080756904
-2.98367251290276
-2.3548934121734
-1.62319416929973
-0.82055355227829
0.0179491924309372
0.855667471301151
1.65598897572742
2.38393581559764
3.007693220933
3.49999999999975
3.83933998420372
4.01088238790068
4.00712998489728
3.8282467732108
3.48205080756906
2.98367251290279
2.35489341217344
1.62319416929977
0.820553552277884
-0.0179491924313517
-0.855667471301108
-1.65598897572696
-2.38393581559724
-3.00769322093266
-3.49999999999996
-3.83933998420371
-4.01088238790067
-4.00712998489728
-3.82824677321081
-3.48205080756885
-2.98367251290251
-2.35489341217347
-1.62319416929981
-0.820553552277926
0.0179491924308501
0.855667471301065
1.65598897572692
2.3839358155972
3.00769322093263
3.49999999999993
3.83933998420383
4.01088238790071
4.00712998489729
3.82824677321083
3.48205080756888
2.98367251290254
2.35489341217314
1.62319416930027
0.820553552278418
-0.0179491924308066
-0.855667471301023
-1.6559889757273
-2.38393581559754
-3.0076932209326
-3.49999999999991
-3.83933998420382
-4.01088238790071
-4.00712998489724
-3.82824677321084
-3.48205080756913
-2.98367251290288
-2.35489341217354
-1.62319416929989
-0.820553552278011
0.0179491924307633
0.855667471300981
1.65598897572726
2.3839358155975
3.00769322093288
3.49999999999989
3.83933998420381
4.0108823879007
4.0071299848973
3.82824677321086
3.48205080756892
2.98367251290291
2.35489341217358
1.62319416929993
0.820553552278054
-0.0179491924311779
-0.855667471300938
-1.65598897572722
-2.38393581559747
-3.00769322093285
-3.5000000000001
-3.83933998420379
-4.01088238790065
-4.0071299848973
-3.82824677321087
-3.48205080756894
-2.98367251290263
-2.35489341217361
-1.62319416929997
-0.820553552278096
0.0179491924311346
0.855667471301344
1.6559889757276
2.38393581559706
3.00769322093252
3.49999999999985
3.83933998420378
4.0108823879007
4.00712998489731
3.82824677321088
3.48205080756896
2.98367251290266
2.35489341217328
1.62319416929959
0.820553552278139
-0.0179491924310911
-0.855667471300853
-1.65598897572714
-2.3839358155974
-3.00769322093249
-3.49999999999983
-3.83933998420377
-4.01088238790069
-4.00712998489726
-3.82824677321075
-3.48205080756899
-2.98367251290269
-2.35489341217331
-1.62319416929963
-0.820553552278181
0.0179491924305895
0.855667471300811
1.6559889757271
2.38393581559736
3.00769322093276
3.50000000000003
3.83933998420375
4.01088238790069
4.00712998489727
3.82824677321077
3.48205080756878
2.98367251290302
2.35489341217372
1.62319416930009
0.820553552278224
-0.017949192431004
-0.855667471301216
-1.65598897572706
-2.38393581559733
-3.00769322093273
-3.50000000000001
-3.83933998420388
-4.01088238790068
-4.00712998489727
-3.82824677321092
-3.48205080756903
-2.98367251290274
-2.35489341217338
-1.62319416930013
-0.820553552278267
0.0179491924309607
0.855667471301174
1.65598897572744
2.38393581559766
3.00769322093271
3.49999999999999
3.83933998420387
4.01088238790068
4.00712998489728
3.82824677321094
3.48205080756905
2.98367251290277
2.35489341217342
1.62319416929975
0.82055355227786
-0.0179491924309172
-0.855667471301131
-1.6559889757274
-2.38393581559763
-3.00769322093298
-3.49999999999974
-3.83933998420371
-4.01088238790067
-4.00712998489728
-3.82824677321081
-3.48205080756884
-2.9836725129028
-2.35489341217345
-1.62319416929979
-0.820553552277903
0.0179491924313322
0.855667471301089
1.65598897572694
2.38393581559722
3.00769322093265
3.49999999999994
3.83933998420384
4.01088238790067
4.00712998489729
3.82824677321082
3.48205080756886
2.98367251290252
2.35489341217349
1.62319416929983
0.820553552277945
-0.0179491924308304
-0.855667471301046
-1.65598897572732
-2.38393581559719
-3.00769322093262
-3.49999999999992
-3.83933998420383
-4.01088238790071
-4.00712998489729
-3.82824677321083
-3.48205080756888
-2.98367251290255
-2.35489341217315
-1.62319416929987
-0.820553552278437
0.0179491924307869
0.855667471301004
1.65598897572728
2.38393581559752
3.00769322093259
3.4999999999999
3.83933998420381
4.01088238790071
4.00712998489724
3.8282467732107
3.48205080756914
2.98367251290289
2.35489341217356
1.62319416929991
0.820553552278031
-0.0179491924307436
-0.855667471300961
-1.65598897572724
-2.38393581559749
-3.00769322093287
-3.50000000000011
-3.8393399842038
-4.0108823879007
-4.0071299848973
-3.82824677321086
-3.48205080756893
-2.98367251290292
-2.3548934121736
-1.62319416929995
-0.820553552278073
0.0179491924311583
0.855667471301367
1.6559889757272
2.38393581559745
3.00769322093284
3.50000000000009
3.83933998420379
4.01088238790065
4.0071299848973
3.82824677321088
3.48205080756895
2.98367251290264
2.35489341217326
1.62319416929999
0.820553552278116
-0.017949192431115
-0.855667471301324
-1.65598897572758
-2.38393581559705
-3.0076932209325
-3.49999999999984
-3.83933998420377
-4.01088238790069
-4.00712998489726
-3.82824677321089
-3.48205080756897
-2.98367251290267
-2.35489341217329
-1.62319416929961
-0.820553552278158
0.0179491924310713
0.855667471300834
1.65598897572712
2.38393581559738
3.00769322093278
3.49999999999982
3.83933998420376
4.01088238790069
4.00712998489726
3.82824677321076
3.48205080756899
2.9836725129027
2.35489341217333
1.62319416929965
0.820553552278201
-0.017949192431028
-0.855667471300792
-1.65598897572708
-2.38393581559735
-3.00769322093275
-3.50000000000002
-3.83933998420375
-4.01088238790069
-4.00712998489727
-3.82824677321077
-3.48205080756879
-2.98367251290242
-2.35489341217374
-1.6231941693001
-0.820553552278243
0.0179491924309845
0.855667471301197
1.65598897572704
2.38393581559731
3.00769322093272
3.5
3.83933998420387
4.01088238790073
4.00712998489727
3.82824677321093
3.48205080756904
2.98367251290276
2.3548934121734
1.62319416930014
0.820553552278286
-0.0179491924309412
-0.855667471301154
-1.65598897572742
-2.38393581559764
-3.00769322093269
-3.49999999999998
-3.83933998420386
-4.01088238790068
-4.00712998489728
-3.82824677321094
-3.48205080756906
-2.98367251290279
-2.35489341217344
-1.62319416929976
-0.82055355227788
0.0179491924308977
0.855667471301112
1.65598897572738
2.38393581559761
3.00769322093297
3.49999999999973
3.83933998420371
4.01088238790067
4.00712998489728
3.82824677321081
3.48205080756885
2.98367251290282
2.35489341217347
1.6231941692998
0.820553552277922
-0.0179491924313122
-0.855667471301069
-1.65598897572692
-2.38393581559721
-3.00769322093263
-3.49999999999994
-3.83933998420384
-4.01088238790067
-4.00712998489729
-3.82824677321083
-3.48205080756887
-2.98367251290254
-2.35489341217351
-1.62319416929984
-0.820553552277965
0.0179491924308106
0.855667471301027
1.6559889757273
2.38393581559717
3.00769322093261
3.49999999999991
3.83933998420382
4.01088238790071
4.00712998489729
3.82824677321084
3.4820508075689
2.98367251290257
2.35489341217317
1.62319416929988
0.820553552278456
-0.0179491924307671
-0.855667471300985
-1.65598897572726
-2.3839358155975
-3.00769322093258
-3.49999999999989
-3.83933998420381
-4.01088238790071
-4.00712998489725
-3.82824677321071
-3.48205080756915
-2.9836725129029
-2.35489341217358
-1.62319416929992
-0.82055355227805
0.0179491924307238
0.855667471300942
1.65598897572722
2.38393581559747
3.00769322093285
3.5000000000001
3.8393399842038
4.0108823879007
4.0071299848973
3.82824677321087
3.48205080756894
2.98367251290293
2.35489341217361
1.62319416929996
0.820553552278092
-0.0179491924311386
-0.855667471301347
-1.65598897572718
-2.38393581559743
-3.00769322093282
-3.50000000000008
-3.83933998420378
-4.01088238790065
-4.00712998489731
-3.82824677321088
-3.48205080756896
-2.98367251290265
-2.35489341217327
-1.6231941693
-0.820553552278135
0.0179491924310951
0.855667471301305
1.65598897572756
2.38393581559703
3.00769322093249
3.49999999999983
3.83933998420377
4.01088238790069
4.00712998489726
3.8282467732109
3.48205080756898
2.98367251290268
2.35489341217331
1.62319416929962
0.820553552278178
-0.0179491924310515
-0.855667471300815
-1.6559889757271
-2.38393581559736
-3.00769322093277
-3.49999999999981
-3.83933998420376
-4.01088238790069
-4.00712998489727
-3.82824677321077
-3.482050807569
-2.98367251290271
-2.35489341217335
-1.62319416929966
-0.82055355227822
0.0179491924310082
0.855667471300772
1.65598897572707
2.38393581559733
3.00769322093274
3.50000000000001
3.83933998420374
4.01088238790068
4.00712998489727
3.82824677321078
3.4820508075688
2.98367251290243
2.35489341217375
1.62319416930012
0.820553552278263
-0.0179491924309647
-0.855667471301178
-1.65598897572703
-2.38393581559729
-3.00769322093271
-3.49999999999999
-3.83933998420387
-4.01088238790073
-4.00712998489727
-3.82824677321094
-3.48205080756905
-2.98367251290277
-2.35489341217342
-1.62319416930016
-0.820553552278305
0.0179491924309212
0.855667471301135
1.6559889757274
2.38393581559763
3.00769322093268
3.49999999999997
3.83933998420386
4.01088238790067
4.00712998489728
3.82824677321095
3.48205080756907
2.9836725129028
2.35489341217345
1.62319416929978
0.820553552277899
-0.0179491924308777
-0.855667471301092
-1.65598897572736
-2.38393581559759
-3.00769322093296
-3.49999999999972
-3.8393399842037
-4.01088238790067
-4.00712998489728
-3.82824677321082
-3.48205080756886
-2.98367251290283
-2.35489341217349
-1.62319416929982
-0.820553552277941
0.0179491924312927
0.85566747130105
1.65598897572691
2.38393581559719
3.00769322093262
3.49999999999993
3.83933998420383
4.01088238790067
4.00712998489729
3.82824677321083
3.48205080756888
2.98367251290255
2.35489341217352
1.62319416929986
0.820553552277984
-0.0179491924307909
-0.855667471301008
-1.65598897572728
-2.38393581559715
-3.00769322093259
-3.4999999999999
-3.83933998420382
-4.01088238790071
-4.00712998489729
-3.82824677321085
-3.48205080756891
-2.98367251290258
-2.35489341217319
-1.6231941692999
-0.820553552278475
0.0179491924307476
0.855667471300965
1.65598897572725
2.38393581559749
3.00769322093256
3.49999999999988
3.8393399842038
4.0108823879007
4.00712998489725
3.82824677321072
3.48205080756916
2.98367251290292
2.35489341217359
1.62319416929994
0.820553552278069
-0.017949192430704
-0.855667471300923
-1.65598897572721
-2.38393581559745
-3.00769322093284
-3.50000000000009
-3.83933998420379
-4.0108823879007
-4.0071299848973
-3.82824677321087
-3.48205080756895
-2.98367251290295
-2.35489341217363
-1.62319416929998
-0.820553552278112
0.0179491924311188
0.855667471301328
1.65598897572717
2.38393581559742
3.00769322093281
3.50000000000007
3.83933998420378
4.01088238790065
4.00712998489731
3.82824677321089
3.48205080756897
2.98367251290267
2.35489341217329
1.62319416930002
0.820553552278154
-0.0179491924310755
-0.855667471301286
-1.65598897572754
-2.38393581559701
-3.00769322093248
-3.49999999999982
-3.83933998420376
-4.01088238790069
-4.00712998489726
-3.8282467732109
-3.48205080756899
-2.9836725129027
-2.35489341217333
-1.62319416929964
-0.820553552278197
0.017949192431032
0.855667471300795
1.65598897572709
2.38393581559735
3.00769322093275
3.4999999999998
3.83933998420375
4.01088238790069
4.00712998489727
3.82824677321077
3.48205080756901
2.98367251290273
2.35489341217336
1.62319416929968
0.820553552278239
-0.0179491924309885
-0.855667471300753
-1.65598897572705
-2.38393581559731
-3.00769322093272
-3.5
-3.83933998420374
-4.01088238790068
-4.00712998489727
-3.82824677321079
-3.48205080756881
-2.98367251290245
-2.35489341217377
-1.62319416930014
-0.820553552278282
0.0179491924309449
0.855667471301158
1.65598897572701
2.38393581559728
3.0076932209327
3.49999999999998
3.83933998420386
4.01088238790072
4.00712998489728
3.82824677321094
3.48205080756906
2.98367251290278
2.35489341217343
1.62319416930018
0.820553552278324
-0.0179491924309014
-0.855667471301116
-1.65598897572739
-2.38393581559761
-3.00769322093267
-3.49999999999996
-3.83933998420385
-4.01088238790067
-4.00712998489728
-3.82824677321096
-3.48205080756908
-2.98367251290281
-2.35489341217347
-1.6231941692998
-0.820553552277918
0.0179491924308581
0.855667471301073
1.65598897572735
2.38393581559758
3.00769322093294
3.49999999999971
3.8393399842037
4.01088238790067
4.00712998489729
3.82824677321083
3.48205080756887
2.98367251290284
2.3548934121735
1.62319416929984
0.820553552277961
-0.0179491924312729
-0.855667471301478
-1.65598897572689
-2.38393581559717
-3.00769322093261
-3.49999999999992
-3.83933998420382
-4.01088238790066
-4.00712998489729
-3.82824677321084
-3.48205080756889
-2.98367251290256
-2.35489341217317
-1.62319416929988
-0.820553552278003
0.0179491924307711
0.855667471300988
1.65598897572727
2.38393581559714
3.00769322093258
3.49999999999989
3.83933998420381
4.01088238790071
4.00712998489725
3.82824677321085
3.48205080756891
2.98367251290259
2.3548934121732
1.62319416929992
0.820553552278495
-0.0179491924307276
-0.855667471300946
-1.65598897572723
-2.38393581559747
-3.00769322093286
-3.49999999999987
-3.8393399842038
-4.0108823879007
-4.00712998489725
-3.82824677321072
-3.48205080756917
-2.98367251290293
-2.35489341217361
-1.62319416929996
-0.820553552278088
0.0179491924311423
0.855667471300903
1.65598897572719
2.38393581559744
3.00769322093283
3.50000000000008
3.83933998420378
4.0108823879007
4.00712998489731
3.82824677321088
3.48205080756896
2.98367251290265
-5.72868960032183
-6.01923203528293
-5.83638578902664
-5.50000000000001
-5.27114540178058
-5.23219203436272
-5.24668254627307
-5.01540172790003
-4.20710678118596
-2.61267756707202
-0.261433438278373
2.54802849764658
5.31800560177112
7.50000000000052
8.66825087409652
8.65538450565733
7.60069057024763
5.8938305164472
4.03553390593256
2.46735579894533
1.43331154376661
0.923175039987561
0.715482114705113
0.50000000000003
0.0292467816294237
-0.761920914092098
-1.71660540010152
-2.51244077082
-2.79289321881347
-2.32203403081755
-1.10151653659514
0.597904398717202
2.3058590296315
3.50000000000018
3.77889072147439
2.99705647422697
1.31272147505692
-0.86894897480733
-3.0355339059328
-4.73788717647416
-5.72868960032174
-6.01923203528293
-5.83638578902646
-5.49999999999982
-5.27114540178059
-5.23219203436272
-5.24668254627304
-5.01540172789975
-4.20710678118612
-2.61267756707374
-0.261433438278736
2.54802849764827
5.31800560177077
7.50000000000028
8.66825087409644
8.65538450565741
7.60069057024783
5.89383051644746
4.0355339059328
2.46735579894456
1.43331154376671
0.923175039987828
0.715482114705135
0.499999999999845
0.0292467816290487
-0.761920914091972
-1.71660540010071
-2.51244077082034
-2.79289321881343
-2.32203403081767
-1.10151653659535
0.597904398716956
2.30585902963129
3.50000000000007
3.77889072147442
2.99705647422714
1.31272147505574
-0.868948974807019
-3.03553390593253
-4.73788717647397
-5.7286896003221
-6.01923203528293
-5.83638578902673
-5.5000000000001
-5.27114540178052
-5.23219203436274
-5.24668254627305
-5.01540172789982
-4.20710678118628
-2.61267756707257
-0.2614334382791
2.54802849764788
5.31800560177042
7.50000000000004
8.66825087409636
8.65538450565749
7.60069057024803
5.89383051644636
4.03553390593176
2.46735579894569
1.43331154376681
0.923175039987645
0.715482114705041
0.49999999999989
0.0292467816295985
-0.761920914091845
-1.71660540010126
-2.51244077082026
-2.79289321881344
-2.32203403081779
-1.10151653659556
0.59790439871671
2.30585902963108
3.49999999999997
3.77889072147427
2.99705647422732
1.31272147505747
-0.868948974806709
-3.0355339059337
-4.73788717647477
-5.72868960032202
-6.01923203528293
-5.83638578902654
-5.49999999999991
-5.27114540178053
-5.23219203436273
-5.24668254627306
-5.01540172789988
-4.20710678118645
-2.61267756707284
-0.261433438279464
2.54802849764957
5.31800560177006
7.49999999999981
8.66825087409628
8.65538450565715
7.60069057024718
5.89383051644797
4.03553390593329
2.46735579894492
1.43331154376637
0.923175039987689
0.715482114705063
0.499999999999933
0.0292467816292246
-0.76192091409172
-1.71660540010114
-2.51244077082018
-2.79289321881345
-2.32203403081791
-1.10151653659577
0.597904398716464
2.30585902963198
3.50000000000043
3.77889072147449
2.99705647422749
1.31272147505629
-0.868948974808034
-3.03553390593343
-4.73788717647359
-5.72868960032193
-6.01923203528293
-5.83638578902659
-5.49999999999995
-5.27114540178055
-5.23219203436273
-5.24668254627306
-5.01540172789995
-4.20710678118661
-2.61267756707167
-0.261433438279828
2.54802849764709
5.31800560176971
7.50000000000082
8.66825087409662
8.65538450565723
7.60069057024843
5.89383051644687
4.03553390593225
2.4673557989451
1.43331154376648
0.923175039987731
0.715482114705085
0.499999999999976
0.0292467816293114
-0.761920914091595
-1.71660540010169
-2.5124407708201
-2.79289321881346
-2.32203403081803
-1.10151653659487
0.597904398717515
2.30585902963066
3.49999999999975
3.77889072147434
2.99705647422674
1.31272147505657
-0.868948974807724
-3.03553390593315
-4.73788717647439
-5.72868960032185
-6.01923203528293
-5.83638578902663
-5.5
-5.27114540178057
-5.23219203436273
-5.24668254627307
-5.01540172789967
-4.20710678118591
-2.61267756707339
-0.261433438280191
2.54802849764878
5.31800560177122
7.50000000000058
8.66825087409612
8.65538450565731
7.60069057024758
5.89383051644713
4.03553390593249
2.46735579894528
1.43331154376658
0.923175039987773
0.715482114705106
0.500000000000019
0.0292467816289372
-0.761920914091468
-1.71660540010088
-2.51244077082002
-2.79289321881342
-2.32203403081752
-1.10151653659508
0.597904398715972
2.30585902963156
3.50000000000021
3.77889072147438
2.99705647422692
1.31272147505684
-0.868948974807414
-3.03553390593288
-4.73788717647421
-5.72868960032176
-6.01923203528293
-5.83638578902667
-5.50000000000004
-5.27114540178059
-5.23219203436274
-5.24668254627304
-5.01540172790008
-4.20710678118693
-2.61267756707222
-0.261433438278637
2.54802849764838
5.31800560177086
7.50000000000034
8.66825087409646
8.65538450565739
7.60069057024778
5.89383051644739
4.03553390593273
2.46735579894546
1.43331154376668
0.923175039987816
0.715482114705013
0.499999999999834
0.0292467816294875
-0.761920914091343
-1.71660540010143
-2.51244077082037
-2.79289321881343
-2.32203403081826
-1.10151653659529
0.597904398717023
2.30585902963135
3.5000000000001
3.77889072147441
2.9970564742271
1.31272147505712
-0.868948974807104
-3.0355339059326
-4.73788717647501
-5.72868960032168
-6.01923203528293
-5.83638578902672
-5.49999999999986
-5.27114540178051
-5.23219203436274
-5.24668254627308
-5.0154017278998
-4.20710678118624
-2.61267756707249
-0.261433438279001
2.54802849764798
5.31800560177051
7.50000000000011
8.66825087409639
8.65538450565747
7.60069057024692
5.89383051644764
4.03553390593298
2.46735579894564
1.43331154376624
0.923175039987635
0.715482114705151
0.500000000000105
0.0292467816291124
-0.761920914091881
-1.7166054001013
-2.51244077082029
-2.79289321881344
-2.32203403081775
-1.1015165365955
0.597904398716777
2.30585902963114
3.5
3.77889072147445
2.99705647422727
1.3127214750574
-0.868948974808429
-3.03553390593377
-4.73788717647383
-5.72868960032159
-6.01923203528293
-5.83638578902653
-5.4999999999999
-5.27114540178062
-5.23219203436273
-5.24668254627305
-5.01540172789986
-4.2071067811864
-2.61267756707277
-0.261433438279365
2.54802849764759
5.31800560177016
7.49999999999987
8.66825087409672
8.65538450565755
7.60069057024818
5.8938305164479
4.03553390593194
2.46735579894487
1.43331154376635
0.923175039987901
0.715482114705057
0.49999999999992
0.0292467816292004
-0.761920914091754
-1.71660540010117
-2.5124407708202
-2.79289321881345
-2.32203403081787
-1.10151653659571
0.597904398717828
2.30585902963093
3.49999999999989
3.77889072147448
2.99705647422652
1.31272147505621
-0.868948974806483
-3.03553390593206
-4.73788717647463
-5.72868960032196
-6.01923203528293
-5.83638578902658
-5.49999999999994
-5.27114540178055
-5.23219203436273
-5.24668254627306
-5.01540172789993
-4.20710678118656
-2.61267756707304
-0.261433438279729
2.54802849764719
5.31800560177166
7.50000000000088
8.66825087409623
8.65538450565763
7.60069057024732
5.8938305164468
4.03553390593218
2.46735579894601
1.43331154376645
0.92317503998772
0.715482114705078
0.499999999999963
0.0292467816292872
-0.761920914091628
-1.71660540010104
-2.51244077082012
-2.79289321881346
-2.32203403081736
-1.10151653659592
0.597904398716286
2.30585902963072
3.50000000000035
3.77889072147433
2.99705647422669
1.31272147505795
-0.868948974807808
-3.03553390593323
-4.73788717647445
-5.72868960032187
-6.01923203528293
-5.83638578902662
-5.49999999999998
-5.27114540178057
-5.23219203436273
-5.24668254627303
-5.01540172789999
-4.20710678118673
-2.61267756707332
-0.261433438278174
2.54802849764888
5.31800560176946
7.4999999999994
8.66825087409657
8.65538450565729
7.60069057024752
5.89383051644706
4.03553390593243
2.46735579894523
1.43331154376655
0.923175039987762
0.715482114705101
0.500000000000007
0.029246781629376
-0.761920914091503
-1.71660540010091
-2.51244077082047
-2.79289321881342
-2.32203403081811
-1.10151653659613
0.597904398717336
2.30585902963161
3.50000000000024
3.77889072147455
2.99705647422687
1.31272147505677
-0.868948974807498
-3.03553390593295
-4.73788717647426
-5.72868960032179
-6.01923203528293
-5.83638578902666
-5.50000000000003
-5.27114540178049
-5.23219203436274
-5.24668254627308
-5.01540172790006
-4.20710678118603
-2.61267756707214
-0.261433438278538
2.5480284976464
5.31800560177096
7.50000000000041
8.66825087409649
8.65538450565737
7.60069057024772
5.89383051644732
4.03553390593267
2.46735579894541
1.43331154376666
0.923175039987581
0.715482114705123
0.50000000000005
0.0292467816294635
-0.76192091409204
-1.71660540010146
-2.51244077082039
-2.79289321881348
-2.3220340308176
-1.10151653659523
0.59790439871709
2.3058590296314
3.50000000000013
3.7788907214744
2.99705647422705
1.31272147505704
-0.868948974807188
-3.03553390593412
-4.73788717647407
-5.7286896003217
-6.01923203528293
-5.83638578902648
-5.49999999999984
-5.2711454017806
-5.23219203436272
-5.24668254627305
-5.01540172789978
-4.20710678118619
-2.61267756707242
-0.261433438278902
2.54802849764809
5.31800560177061
7.50000000000017
8.66825087409641
8.65538450565745
7.60069057024792
5.89383051644757
4.03553390593291
2.46735579894464
1.43331154376622
0.923175039987846
0.715482114705145
0.499999999999866
0.0292467816290884
-0.761920914091915
-1.71660540010066
-2.51244077082031
-2.79289321881344
-2.32203403081772
-1.10151653659544
0.597904398716845
-2.44206649781874
-4.55058923820682
-4.47872701879907
-1.79037134037848
2.30536126933345
5.67283152347758
6.63344920592835
5.01522322645544
2.11955451440399
-0.336994871818125
-1.49120055101042
-1.85708157403745
-2.72947786863734
-4.95058606085178
-8.01206797753402
-10.2147644116827
-9.8058020412831
-6.26401095245548
-0.775141289943563
4.4711499412366
7.66147609168629
8.41862557729099
7.79155099895064
7.23000263618354
7.35361469591528
7.46438909488206
6.17241040302317
2.64661202441231
-2.48507114583438
-7.30887239000808
-9.78963867110445
-9.09340807356343
-6.1039762642951
-2.75914109330719
-0.701785852072837
-0.23866991815262
-0.354072336571142
0.276317144073741
2.07869329874353
4.12620405923348
4.80005074786363
3.07260679468337
-0.568211604225377
-4.27955345968299
-6.02855128715115
-4.92745622811857
-1.7717930238886
1.59734631354153
3.61694879974191
4.02375011474537
3.83055107315806
4.31369409112673
5.81883813071362
7.32717616345092
7.14220425586892
4.19792504089896
-0.997412196230241
-6.51248239334134
-10.1608127183433
-10.851691225366
-9.15486686480012
-6.69615242270797
-4.86848269858248
-3.84051551601473
-2.60085921802416
0.0224239994678601
4.175876534112
8.56964309404674
11.1983717223655
10.6898670241709
7.28948641149857
2.74363939585505
-0.844715965644643
-2.35827067990221
-2.23718295687538
-1.89622598104482
-2.4681511107517
-3.85005351294967
-4.7847863051301
-3.9113083903416
-0.970588919826681
2.77689302217863
5.2792582914432
5.06071210946632
2.23240270841542
-1.59514397307189
-4.43051308162155
-5.22517420977837
-4.43759273549136
-3.45443557450975
-3.34856321274299
-3.94739982649278
-3.93912893978694
-1.94544700218173
2.2572590518816
7.3157499494397
11.0355339059318
11.7672806552002
9.44516669888084
5.53077260641941
1.92453387353254
-0.335077824365677
-1.62415772171267
-3.15716745175194
-5.76196816848532
-8.97760040375239
-11.1980556148481
-10.785112018039
-7.32590524631182
-2.08208405550579
2.73247192802217
5.3405559871146
5.45790492053626
4.26764309549684
3.37011190936791
3.52229122941432
4.12113402597801
3.80605603729451
1.69688031579049
-1.7056829782943
-4.67923050575031
-5.41835671644284
-3.32365135699966
0.517751928870962
4.02846824715511
5.51338751059427
4.71151879610622
2.77805921852635
1.25178703616826
0.81808078998225
0.816922718240316
-0.133974596214864
-2.88892188152071
-6.87251647067374
-10.2492319854632
-11.0825318899187
-8.65072637948118
-3.9558876832048
0.947965687878914
4.31170592835222
5.73954568186303
6.1814615693622
6.92378352071489
8.3850782979841
9.66173796516686
9.18749607270457
6.01296639013972
0.724681614588059
-4.72223515376335
-8.17663986824383
-8.63456300930432
-6.7852848043139
-4.38086928647393
-2.91858510619063
-2.62371626189498
-2.47583392608065
-1.22183981480736
1.43139280587447
4.38681656799681
5.84931103705478
4.64060673498064
1.15067638486079
-2.80537561215644
-5.1473209379187
-4.87347562535096
-2.61933295886685
-0.0486860460660155
1.43790230065711
1.69501838991915
1.78658610681502
2.96278359492081
5.46876975292577
8.12696139996457
9.05028314127302
6.98276024298459
2.27599463107421
-3.23457620416039
-7.38024987157763
-9.0057370565439
-8.54356795611646
-7.43175988697728
-6.85559643559166
-6.79041310840542
-6.07767952394452
-3.4686266962605
1.1774996612675
6.48399980336465
10.2927500718676
11.0389277094806
8.76793661434699
5.05232240356895
1.87587191761712
0.310359696155598
-0.0501474106503811
-0.514075979053888
-2.05566999392889
-4.39008152057478
-6.08721752088042
-5.65255378336657
-2.75623272854317
1.33753434942475
4.49999999999957
5.11981427855966
3.13878169964357
-0.00476129951421878
-2.46291145130781
-3.27543741982283
-2.91705094052488
-2.71448575766825
-3.61387958739255
-5.27049362256511
-6.18456383442383
-4.80689641802323
-0.790371340378969
4.56538232113173
9.03885692726218
10.8760898930478
9.84535024537682
7.20800269095178
4.6630051281817
3.07960953533416
1.97304544488669
0.0989492561093908
-3.31661146463498
-7.68389857830934
-11.2147644116816
-12.0658230930838
-9.63003635623906
-5.01778197706178
-0.35897707768497
2.5730279151392
3.41862557729189
3.22074091260801
3.39987561726099
4.5251875711693
5.83041449866746
5.84424100379984
3.64661202441229
-0.225050094033995
-3.94284698622484
-5.54699798398552
-4.26328105464171
-1.01552808774775
2.24085890669395
3.86902423427122
3.59145710076971
2.4743547881755
1.91029174028914
2.4068626979688
3.12620405923393
2.54002969606266
-0.293418609099677
-4.81085229134519
-9.10968047860367
-11.1169994636998
-9.9274562281189
-6.34260311023167
-2.23278070538023
0.788521674994044
2.38977551852889
3.50238167393393
5.31369409112564
8.07885918251547
10.6932015672358
11.3848449429879
9.02805205981954
4.09103598031566
-1.51248239334237
-5.59000263200135
-7.02156420644311
-6.32643974005277
-5.06217782649149
-4.54031329935839
-4.84051551601433
-4.86088026982535
-3.3436014043184
-0.0667641530072411
3.7395160751242
6.10992354581755
5.68986702417076
2.71867632515744
-1.08648762306827
-3.67314309039264
-3.99224527611815
-2.56535235609868
-0.896225981044811
-0.208130058950251
-0.484028109165466
-0.542145618012265
0.918818628579699
4.11785925672294
7.77689302217595
9.85006837778724
8.8908391283882
5.06082983316092
0.0388306231437976
-4.10234368239744
-6.22517420977604
-6.6976137872913
-6.82046097829333
-7.59120389986197
-8.77752684541433
-9.02757711633607
-6.94544700218075
-2.31355103446088
3.48562293051721
8.20710678118595
10.1333060589841
9.11699729965911
6.53077260641899
4.1845549253341
3.03094757941938
2.61848296540721
1.67295956717133
-0.673519991937297
-3.97760040375265
-6.62724552850542
-6.95498499911582
-4.49747812156466
-0.448109459290524
3.0606413272477
4.3405559871145
3.19788386873577
0.901617691712955
-0.87252877775026
-1.30783578950692
-0.967314150569594
-1.19394396270514
-2.87392977055335
-5.53580999721635
-7.5076576304962
-7.05233131265862
-3.65182075622381
1.5177519288709
6.28848929895626
8.87941291437729
8.95415948322512
7.60818623744827
6.34023521271654
5.81808078998291
5.38773280458424
3.69615242270709
-0.0604947567750842
-5.23854187445886
-9.92106258624024
-12.0825318899182
-10.9107474312839
-7.3219130869879
-3.2946749992404
-0.51842109056982
0.65109750531554
1.18146156936189
2.35297343437097
4.55495127906051
6.83331084041934
7.55352147648735
5.68479699091502
1.72468161458843
-2.46221410196273
-4.81061446445981
-4.3919223221861
-1.95515778538988
0.707578890074053
2.08141489380955
1.94709382444795
1.3542930928401
1.60658730994023
3.06536740209
4.71498596721867
4.84931103705572
2.38058568317817
-2.21534901892384
-7.04801629927452
-9.97744795684015
-9.9619238018987
-7.61933295886729
-4.61949613240982
-2.39222471826523
-1.13340873482735
0.152611510598981
2.63461419569701
6.46876975292526
10.3869824517655
12.4163085450564
11.2254009301025
7.10612164999867
1.85387197238861
-2.38024987157734
-4.434926970199
-4.71344093719166
-4.60333276223135
-5.2216218393745
-6.46224370918252
-7.07767952394416
-5.72864774806092
-2.18852574251621
2.24135911624485
5.46262305294648
5.95047953293336
3.76793661434732
0.481512317227023
-1.95425510130416
-2.51806742859103
-1.68412200686692
-0.842245378278722
-1.05566999392903
-2.13006046877285
-2.72119211709589
-1.40991309624719
2.07389429037966
6.42598252597142
9.49999999999987
9.69062436490268
6.96890871856691
2.82366582523346
-0.828936855091359
-2.94726802059655
-3.91705094052602
-4.97450680947025
-6.97990499117796
-9.51313430968585
-11.0146908533448
-9.89534459457074
-5.79037134038167
-0.00542776521043509
5.20872990833916
8.04766276830096
8.21137564916105
6.87983329172854
5.6630051281818
5.33963058713388
5.33907084866882
4.3415899432275
1.5135155542864
-2.59545040176048
-6.2147644116813
-7.49501300674097
-5.79990933731695
-2.18935485231405
1.27499751853129
2.90119731436273
2.41862557729319
0.960719860805663
0.0338502134769829
0.282546884049606
1.00028747974261
0.755792827252044
-1.3533879755901
-4.79586018037592
-7.77297400514672
-8.37542510873222
-5.8972556508591
-1.343697486973
3.24085890669274
6.12904528607186
6.95748250455542
6.71699547529551
6.74041875921156
7.4953108745158
8.12620405923282
7.110839782405
3.53670840982197
-1.9824251665956
-7.47570588238679
-10.7888300644751
-10.9274562281168
-8.60262416203133
-5.59880610916466
-3.45411901212345
-2.44035150039369
-1.58606650261478
0.31369409112548
3.50804909617244
6.86307454831282
8.55641781824194
7.39407746360261
3.76286658109272
-0.512482393343609
-3.32998158019947
-3.6555388026599
-2.08379905293413
-0.232050807569512
0.548134877189101
0.159484483987497
-0.29007018348204
0.486525614604162
2.76166297173945
5.37349067133982
6.43809294504212
4.68986702417024
0.458655273357383
-4.45251302685268
-7.91578377751065
-8.82237229503854
-7.65380053264723
-5.89622598104642
-4.77894014529428
-4.3141551280893
-3.3705727427592
-0.715155967635091
3.78968985749807
8.77689302217672
12.110089429588
12.2568645321727
9.30347052027979
4.86895764206636
0.986104494151177
-1.22517420977603
-2.1268037009491
-2.99033395937104
-4.76277677511517
-7.14355224920045
-8.69940771711136
-7.94544700217915
-4.57357208626292
0.119597526736191
3.96446609406701
5.30317904006275
4.02854912311156
1.53077260641716
-0.386255161008323
-0.799179439504762
-0.209944159338981
0.0389849709558434
-1.00168939116283
-2.97760040375301
-4.36722447670334
-3.58895959533206
-0.254837434447895
4.3820175596317
8.14908950379465
9.3405559871149
7.76869395507925
4.73174471063576
1.95589834699665
0.326138806708269
-0.63914475134539
-2.1939439627059
-5.13395082235498
-8.90183540099944
-11.7502983176143
-11.8824583315811
-8.74026893276912
-3.48224807112759
1.71767921261233
5.04928589545435
6.12573235847676
5.97421164123078
6.0120658134921
6.81808078998243
7.64775385638662
7.06217782649084
4.18214593034441
-0.408414855537401
-4.83261440969147
-7.08253188991845
-6.33993734494093
-3.49178606806528
-0.466247874494263
1.11555350564759
0.979266904539349
0.181461569362003
0.0929523825702456
1.18892587527659
2.59067015329908
2.72339445756659
0.596348814365513
-3.27531838541191
-7.03302418830503
-8.64074148338236
-7.2203494469309
-3.58913238160659
0.379409490847763
3.0814148938084
4.20711487624671
4.72031849662532
5.84922799705861
7.89549442101223
9.8034341437679
9.84931103705628
6.95139576952042
1.61477799999963
