"x"
7.99634077414997
9.02745668959101
8.9310769255973
7.70477069533163
5.50791457293323
2.63840127202919
-0.512228501817824
-3.51801096463414
-5.98258708560552
-7.59774211749217
-8.1871445080084
-7.72849536299228
-6.35093426415558
-4.30867252868478
-1.93574004039385
0.410224529792929
2.4055462630181
3.80984011755176
4.49909965483328
4.47751370282349
3.86674752277441
2.87535156180343
1.75436132182292
0.747441177043932
0.0447152565290319
-0.251404467614559
-0.142379118635248
0.270976162417333
0.812564279360753
1.2699310001045
1.44062539990267
1.17720001227288
0.42226005393051
-0.773272631623779
-2.25251455982596
-3.77570985124679
-5.06038847859041
-5.83175492253412
-5.87446924952897
-5.0765215515165
-3.45707550811292
-1.17277998874499
1.49932241316255
4.20014434298198
6.54230328656156
8.17065366255212
8.81965738629408
8.35800009432435
6.81284361273327
4.36939586674694
1.34552695679875
-1.85471743809208
-4.80135405242438
-7.1028155002742
-8.46410161513776
-8.72944779456996
-7.90280825139444
-6.14313496085864
-3.73559569741186
-1.0438129577955
1.5487432359792
3.69842057824854
5.15232905382601
5.78244274262352
5.59774211749217
4.73310702042
3.417654848365
1.92867421022507
0.539641873747
-0.528361574743908
-1.14333155021293
-1.28089782482152
-1.02189815281312
-0.5299246569135
-0.0134120876857335
0.320396985233989
0.310840514627291
-0.120043232631054
-0.947585520025935
-2.04471525652902
-3.20263301997384
-4.16846139599203
-4.69323621634784
-4.58159493429854
-3.73403261524225
-2.17373242032268
-0.0525515740763174
2.3656819108081
4.74244762954358
6.71661617496371
7.96285435925519
8.24658055502113
7.466073011726
5.67432490654697
3.07652155151652
0.00303802052450419
-3.13806052588227
-5.92158246709304
-7.96917499791979
-9.00640490169932
-8.90376068297213
-7.69500894809751
-5.57005812958573
-2.84366861481345
0.0947057483908076
2.84161755120965
5.04090951452279
6.43567214161624
6.90267115729221
6.46410161513775
5.27541030698157
3.59196773676714
1.72087490692816
-0.0334349575259369
-1.42028865734228
-2.28185025639921
-2.57377214005199
-2.36438708908737
-1.81326774470374
-1.13364050235443
-0.545962512411601
-0.231462771934272
-0.294356121033208
-0.739786216728983
-1.47163842525609
-2.31070593737545
-3.02994268980578
-3.40036190111739
-3.23910599802428
-2.45068952745204
-1.05350400565397
0.813807923569271
2.9079851973697
4.9167605179457
6.50881687166678
7.38977752798223
7.35465347242277
6.3275543055397
4.38145059131654
1.73403261524229
-1.28030506726569
-4.25828894055099
-6.78794196473864
-8.51147828448134
-9.18071779010147
-8.69596137967519
-7.12193211682457
-4.67813104698732
-1.70514990862722
1.38758006362124
4.18410648748388
6.324252602313
7.55590055628493
7.7690306549378
7.00640490169934
5.44972319538373
3.38416843347022
1.14779807565517
-0.925362040124321
-2.55880736352856
-3.57472457162964
-3.91626107632621
-3.64773017687765
-2.93349615937244
-2.00000000000003
-1.08826579897315
-0.405775660336431
-0.0865568177362759
-0.166709385456051
-0.579711342657716
-1.17218723118916
-1.7370683745753
-2.05787296484313
-1.95576291023407
-1.33046111278335
-0.187144508008443
1.35611121013087
3.08229808577189
4.70896121464876
5.93574004039384
6.49785044538388
6.21613476623648
5.03467999030929
3.03896165504233
0.450689527452051
-2.40053348193432
-5.12464843819657
-7.33024525130022
-8.68579117288351
-8.97291848680454
-8.12288454840225
-6.23000503422619
-3.53961234080107
-0.412275593396813
2.73006899989542
5.46744957527409
7.44448101698169
8.42226005393052
8.31133394149935
7.18071779010147
5.24192389208676
2.81109160219731
0.255870993056849
-2.06388074631059
-3.85168167875898
-4.9172135079039
-5.19960416411647
-4.76795859154627
-3.79985565701796
-2.54230328656158
-1.26257868737532
-0.197976357039493
0.486520013536676
0.725217697142341
0.558807363528571
0.120687084041255
-0.394579438301047
-0.774529877052896
-0.835534495565368
-0.464101615137745
0.355158778553153
1.53042409853299
2.87449878247492
4.13588438337586
5.04381295779546
5.3593317391976
4.92326045100606
3.69219105403503
1.7556185672521
-0.669538887216663
-3.26689297958002
-5.66695172475817
-7.50455813970235
-8.47799186958656
-8.39984165553161
-7.23095746580391
-5.09148632803996
-2.24673802557066
0.930213342877466
4.0134120876856
6.58767798994282
8.3108405146273
8.96456334049208
8.48564682990153
6.97291848680457
4.66884706081387
1.91916451959891
-0.882647713129409
-3.35675506154102
-5.1941706150332
-6.20055659569414
-6.31983257878517
-5.63431808919189
-4.34215894357955
-2.71661617496376
-1.05477938407841
0.375100474233444
1.37844709613505
1.86373640332865
1.85168167875901
1.46317602031551
0.888763649489169
0.345698537615824
0.0308250020802139
0.0782016714238081
0.529471666955319
1.32262479523603
2.30142195120193
3.24395730077748
3.90529425160921
4.06645742396713
3.58077151473175
2.40884796624479
0.635390152583363
-1.53589838486222
-3.80919626614155
-5.84126461316028
-7.29675883640538
-7.90491503831362
-7.50791457293325
-6.09243875961762
-3.79861201280954
-0.904249089296379
2.21355643066773
5.13364050235443
7.45403748758839
8.85314380118886
9.13887622889423
8.27784752660459
6.39984165553166
3.77691997821553
0.780645813412661
-2.17552202835988
-4.69924399781528
-6.4775137028235
-7.32078501036284
-7.18619207643073
-6.17662137575346
-4.51647183198175
-2.50881687166681
-0.481702552805488
1.26702755683181
2.51696580232128
3.15661071855901
3.1941706150333
2.74651910810572
2.0089920641579
1.21205803526139
0.573128288641799
0.252514559825967
0.321672363658371
0.749547963963098
1.40949486860364
2.10543859459123
2.61241993637872
2.72396848769288
2.29742842694158
1.28861955157609
-0.230969345062173
-2.07820167142376
-3.98350915454367
-5.63346530986333
-6.72368200513248
-7.01298795571527
-6.36939586674696
-4.79956444438721
-2.45612307653523
0.37909399849371
3.33378484533645
5.99999999999989
7.99634077414992
9.02745668959103
8.93107692559731
7.70477069533163
5.50791457293327
2.63840127202922
-0.512228501817746
-3.51801096463415
-5.98258708560542
-7.59774211749219
-8.18714450800842
-7.72849536299234
-6.35093426415553
-4.30867252868486
-1.93574004039378
0.410224529792903
2.4055462630181
3.80984011755171
4.49909965483331
4.47751370282356
3.86674752277439
2.87535156180349
1.75436132182299
0.747441177043914
0.0447152565290345
-0.251404467614544
-0.142379118635251
0.270976162417262
0.812564279360747
1.26993100010451
1.4406253999026
1.17720001227288
0.422260053930474
-0.773272631623787
-2.25251455982599
-3.77570985124671
-5.06038847859045
-5.83175492253409
-5.87446924952891
-5.07652155151652
-3.45707550811293
-1.17277998874516
1.49932241316254
4.200144342982
6.54230328656156
8.17065366255213
8.81965738629406
8.35800009432432
6.81284361273331
4.36939586674701
1.34552695679887
-1.85471743809203
-4.8013540524243
-7.10281550027421
-8.46410161513777
-8.72944779456996
-7.90280825139444
-6.14313496085876
-3.73559569741182
-1.04381295779561
1.54874323597925
3.69842057824847
5.15232905382604
5.78244274262351
5.59774211749218
4.73310702042005
3.417654848365
1.92867421022508
0.539641873747056
-0.528361574743919
-1.14333155021293
-1.28089782482153
-1.02189815281315
-0.529924656913538
-0.0134120876857071
0.320396985233964
0.31084051462725
-0.12004323263105
-0.947585520025922
-2.04471525652904
-3.20263301997383
-4.16846139599196
-4.69323621634782
-4.58159493429851
-3.73403261524227
-2.17373242032259
-0.0525515740763449
2.36568191080822
4.74244762954351
6.71661617496369
7.96285435925518
8.24658055502111
7.46607301172601
5.67432490654698
3.07652155151666
0.00303802052459146
-3.13806052588236
-5.92158246709302
-7.96917499791983
-9.00640490169931
-8.90376068297213
-7.69500894809753
-5.57005812958573
-2.84366861481366
0.094705748390814
2.84161755120952
5.04090951452281
6.43567214161626
6.90267115729222
6.46410161513773
5.27541030698162
3.5919677367672
1.72087490692817
-0.0334349575259347
-1.42028865734223
-2.28185025639923
-2.57377214005202
-2.36438708908732
-1.81326774470375
-1.13364050235444
-0.545962512411603
-0.231462771934273
-0.294356121033199
-0.739786216728985
-1.47163842525607
-2.31070593737547
-3.02994268980577
-3.40036190111731
-3.23910599802431
-2.45068952745203
-1.05350400565402
0.813807923569307
2.90798519736963
4.91676051794577
6.50881687166676
7.38977752798219
7.35465347242282
6.32755430553966
4.38145059131669
1.73403261524233
-1.2803050672658
-4.25828894055084
-6.78794196473864
-8.5114782844813
-9.18071779010148
-8.69596137967522
-7.12193211682461
-4.67813104698739
-1.70514990862723
1.38758006362098
4.1841064874839
6.32425260231304
7.55590055628495
7.7690306549378
7.00640490169939
5.44972319538369
3.38416843347032
1.14779807565529
-0.925362040124242
-2.55880736352852
-3.57472457162976
-3.91626107632621
-3.64773017687759
-2.93349615937242
-2
-1.08826579897324
-0.40577566033642
-0.0865568177362581
-0.166709385455995
-0.579711342657732
-1.17218723118909
-1.73706837457535
-2.05787296484307
-1.95576291023399
-1.33046111278339
-0.187144508008367
1.35611121013074
3.08229808577186
4.70896121464869
5.93574004039377
6.49785044538383
6.21613476623648
5.03467999030926
3.03896165504232
0.450689527452057
-2.40053348193439
-5.12464843819656
-7.33024525130011
-8.6857911728835
-8.97291848680456
-8.12288454840221
-6.23000503422632
-3.5396123408012
-0.412275593396627
2.73006899989538
5.46744957527418
7.44448101698167
8.4222600539305
8.31133394149943
7.18071779010149
5.24192389208692
2.81109160219726
0.255870993056905
-2.06388074631057
-3.85168167875903
-4.91721350790396
-5.19960416411654
-4.76795859154627
-3.79985565701808
-2.54230328656158
-1.26257868737533
-0.197976357039547
0.486520013536642
0.725217697142384
0.558807363528628
0.120687084041198
-0.394579438301007
-0.774529877052962
-0.835534495565341
-0.464101615137748
0.355158778553148
1.53042409853297
2.87449878247481
4.1358843833758
5.04381295779543
5.35933173919747
4.92326045100599
3.6921910540351
1.75561856725197
-0.669538887216551
-3.26689297957991
-5.66695172475807
-7.50455813970233
-8.4779918695865
-8.3998416555316
-7.23095746580389
-5.09148632803992
-2.2467380255706
0.930213342877394
4.01341208768577
6.58767798994278
8.31084051462729
8.96456334049206
8.48564682990154
6.97291848680471
4.66884706081392
1.91916451959887
-0.882647713129394
-3.35675506154112
-5.1941706150332
0.707578890074311
2.08141489380904
1.94709382444631
1.35429309284032
1.60658730993983
3.06536740209029
4.71498596722041
4.84931103705543
2.38058568317753
-2.21534901892432
-7.0480162992757
-9.97744795684049
-9.9619238018985
-7.61933295886613
-4.61949613240855
-2.39222471826541
-1.13340873482825
0.15261151059941
2.63461419569826
6.46876975292712
10.3869824517672
12.4163085450572
11.2254009301031
7.10612164999521
1.85387197238504
-2.38024987157821
-4.43492697020006
-4.71344093719262
-4.6033327622312
-5.22162183937627
-6.46224370918245
-7.07767952394414
-5.72864774806135
-2.18852574251633
2.24135911624582
5.4626230529472
5.95047953293316
3.76793661434652
0.481512317226
-1.95425510130472
-2.51806742859093
-1.68412200686599
-0.842245378277855
-1.05566999392978
-2.13006046877435
-2.72119211709638
-1.40991309624675
2.07389429038089
6.42598252597411
9.5
9.69062436490177
6.96890871856402
2.8236658252308
-0.828936855092109
-2.94726802059689
-3.91705094052613
-4.97450680947006
-6.97990499117833
-9.51313430968608
-11.0146908533452
-9.89534459457084
-5.79037134037887
-0.0054277652072382
5.20872990834069
8.04766276830142
8.21137564916076
6.87983329172758
5.66300512818174
5.3396305871345
5.33907084866981
4.34158994322785
1.51351555428624
-2.59545040176325
-6.21476441168293
-7.49501300674076
-5.79990933731551
-2.18935485231373
1.27499751853143
2.90119731436253
2.41862557729137
0.960719860805467
0.033850213476982
0.282546884049999
1.00028747974471
0.755792827252204
-1.35338797558987
-4.79586018037729
-7.77297400514743
-8.3754251087317
-5.89725565085731
-1.34369748697109
3.24085890669402
6.12904528607182
6.95748250455437
6.71699547529427
6.74041875921147
7.49531087451681
8.12620405923415
7.11083978240534
3.53670840982164
-1.9824251665997
-7.47570588238916
-10.7888300644759
-10.9274562281174
-8.60262416203161
-5.59880610916453
-3.45411901212398
-2.44035150039327
-1.5860665026145
0.313694091126538
3.5080490961729
6.86307454831356
8.55641781824179
7.39407746360305
3.76286658109114
-0.51248239334316
-3.3299815801993
-3.65553880265943
-2.08379905293326
-0.232050807569089
0.548134877189278
0.159484483985372
-0.290070183483242
0.48652561460493
2.76166297174078
5.37349067134146
6.43809294504167
4.68986702417025
0.458655273353752
-4.45251302685358
-7.91578377751104
-8.82237229503954
-7.65380053264695
-5.89622598104471
-4.77894014529347
-4.3141551280893
-3.37057274275794
-0.715155967635819
3.7896898574993
8.77689302217865
12.1100894295884
12.2568645321722
9.30347052027919
4.86895764206536
0.986104494150275
-1.2251742097775
-2.12680370094869
-2.99033395937126
-4.76277677511604
-7.14355224919992
-8.69940771711177
-7.94544700217968
-4.57357208626068
0.11959752673524
3.96446609406702
5.30317904006229
4.02854912310906
1.53077260641689
-0.386255161009328
-0.79917943950379
-0.209944159339355
0.0389849709553858
-1.001689391163
-2.97760040375344
-4.36722447670402
-3.5889595953317
-0.254837434445936
4.3820175596324
8.14908950379547
9.34055598711502
7.76869395507815
4.73174471063431
1.95589834699523
0.326138806708975
-0.639144751345582
-2.193943962705
-5.13395082235504
-8.9018354010019
-11.7502983176158
-11.8824583315804
-8.74026893277009
-3.48224807112772
1.71767921261441
5.04928589545561
6.12573235847748
5.97421164123106
6.0120658134924
6.81808078998271
7.64775385638574
7.06217782649114
4.18214593034282
-0.408414855537865
-4.83261440969246
-7.0825318899182
-6.33993734493987
-3.49178606806404
-0.466247874492677
1.11555350564641
0.979266904538709
0.181461569361607
0.0929523825703873
1.18892587527777
2.59067015330125
2.72339445756591
0.596348814366819
-3.27531838541345
-7.03302418830672
-8.64074148338264
-7.22034944693063
-3.58913238160577
0.379409490850581
3.08141489380887
4.20711487624792
4.72031849662466
5.84922799705889
7.89549442101246
9.80343414376832
9.84931103705558
6.95139576952078
1.61477799999777
-4.21958917452977
-8.34347336062461
-9.63375440267494
-8.61933295886595
-6.87951718421015
-5.75825012204981
-5.37604942194732
-4.6775155083227
-2.45383398084975
1.4687697529268
5.81617236542416
8.5861815261348
8.39697380535696
5.47214705377913
1.52570257316173
-1.38024987157844
-2.17490591839846
-1.34741553340789
-0.360692075111894
-0.391494820453921
-1.37379553263456
-2.07767952394433
-1.15783766171824
1.64160127640573
5.06978624099228
7.09659764916293
6.27864893215676
2.76793661434691
-1.77850873457594
-5.32028050508894
-6.76070811571024
-6.51424902578826
-5.93069355482579
-6.05566999392965
-6.70087055511709
-6.55131913601844
-4.23834022099312
0.439919694164911
6.09781312675019
10.4999999999998
11.9506454167035
10.3349341223486
7.06630651234955
4.00119016383014
2.14118015595085
1.08294905947418
-0.403696723127381
-3.14977797225629
-6.68470718493987
-9.38071625712933
-9.56717519534706
-6.79037134037882
-2.2654488170092
1.84270450455658
3.80502208118228
3.38124863023851
1.79138511517986
0.663005128181626
0.768820500791525
1.50894382974748
1.51316281848156
-0.120459041929613
-2.92361980098658
-5.2147644116829
-5.23499195493915
-2.43388393353093
2.05328583480528
6.10512453745308
7.98964549091031
7.41862557729112
5.53152994714842
3.86397723239927
3.11097400879621
2.63426207596018
1.08396222647587
-2.35338797559008
-7.05588123217917
-11.1389994089316
-12.618065795851
-10.7273826697793
-6.43214566351858
-1.75914109330623
1.55823519972887
3.12735548563196
3.88856835054806
5.1064441629958
7.1671414752933
9.12620405923398
9.37086083420699
6.90273381360656
2.2602155205192
-2.64557886346731
-5.70038188792796
-5.92745622811753
-4.03181407568836
-1.76867909024243
-0.625691887377636
-0.806376904177532
-1.25789710339068
-0.686305908873764
1.24802804437111
3.49704914452929
4.31377713112268
2.56395044468105
-1.32558159545644
-5.51248239334312
-7.90079166654209
-7.48566582158185
-4.91222617767936
-1.8660254037846
0.219965477965647
1.15948448398541
1.96995086831851
3.85255101838944
7.00430365885981
10.2036176902634
11.5265411215895
9.68986702417048
5.02946535969725
-0.62238600793189
-5.08735665276503
-7.18839769882371
-7.32563113342339
-6.89622598104463
-7.03896119709515
-7.68018053187361
-7.61321342987713
-5.54528298655763
-1.29875831904888
3.7768930221783
7.53927934324564
8.42673751324988
6.47504339553322
3.23498304584991
0.657935094926423
-0.225174209777591
0.13321735085276
0.375691444413276
-0.520136087996903
-2.31342523027752
-3.61095954056405
-2.94544700217952
-0.00276199991751369
3.94972454565692
6.79289321881315
6.93715363627781
4.35671852233282
0.530772606417193
-2.64627621281077
-4.16520484328832
-4.45258484645871
-4.79114204796682
-6.09013756771099
-7.97760040375347
-8.9380345630468
-7.41908661425414
-3.08326455919219
2.74804296341642
7.8209201045717
10.3405559871147
10.0287150068797
8.09777011441891
6.19853903411472
3.8282467732108
3.48205080756888
2.98367251290263
2.35489341217343
1.62319416929975
0.82055355227798
-0.017949192431024
-0.855667471301236
-1.65598897572739
-2.38393581559743
-3.00769322093275
-3.50000000000002
-3.83933998420382
-4.0108823879007
-4.00712998489727
-3.82824677321081
-3.4820508075689
-2.98367251290265
-2.35489341217337
-1.62319416929979
-0.820553552278023
0.0179491924309807
0.855667471301193
1.65598897572735
2.38393581559749
3.00769322093272
3.5
3.83933998420384
4.01088238790069
4.00712998489726
3.82824677321079
3.48205080756892
2.98367251290268
2.35489341217331
1.62319416929983
0.820553552278066
-0.0179491924310515
-0.855667471301151
-1.65598897572731
-2.38393581559746
-3.00769322093284
-3.49999999999998
-3.83933998420383
-4.0108823879007
-4.00712998489727
-3.8282467732108
-3.48205080756889
-2.98367251290271
-2.35489341217335
-1.62319416929977
-0.820553552278108
0.0179491924311228
0.85566747130122
1.65598897572727
2.38393581559742
3.00769322093281
3.49999999999995
3.83933998420381
4.0108823879007
4.00712998489726
3.82824677321081
3.48205080756891
2.98367251290259
2.35489341217338
1.62319416929981
0.820553552278038
-0.0179491924310793
-0.855667471301178
-1.65598897572734
-2.38393581559739
-3.00769322093278
-3.49999999999999
-3.8393399842038
-4.0108823879007
-4.00712998489726
-3.82824677321083
-3.48205080756893
-2.98367251290262
-2.35489341217332
-1.62319416929985
-0.820553552278081
0.0179491924311503
0.855667471301135
1.6559889757273
2.38393581559754
3.00769322093276
3.49999999999997
3.83933998420382
4.0108823879007
4.00712998489727
3.82824677321081
3.48205080756895
2.98367251290265
2.35489341217336
1.62319416929989
0.820553552278011
-0.017949192431107
-0.855667471301204
-1.65598897572726
-2.3839358155975
-3.0076932209328
-3.49999999999995
-3.83933998420381
-4.0108823879007
-4.00712998489727
-3.82824677321082
-3.48205080756886
-2.98367251290268
-2.35489341217339
-1.62319416929982
-0.820553552278054
0.0179491924310635
0.855667471301162
1.65598897572722
2.38393581559747
3.00769322093277
3.49999999999998
3.83933998420383
4.0108823879007
4.00712998489727
3.82824677321083
3.48205080756888
2.98367251290263
2.35489341217343
1.62319416929976
0.820553552277984
-0.0179491924310202
-0.855667471301119
-1.65598897572739
-2.38393581559743
-3.00769322093275
-3.49999999999996
-3.83933998420385
-4.0108823879007
-4.00712998489727
-3.82824677321077
-3.48205080756891
-2.98367251290266
-2.35489341217337
-1.6231941692998
-0.820553552278027
0.0179491924310911
0.855667471301077
1.65598897572735
2.38393581559749
3.00769322093272
3.5
3.83933998420384
4.01088238790069
4.00712998489727
3.82824677321079
3.48205080756887
2.98367251290269
2.35489341217341
1.62319416929973
0.820553552278069
-0.0179491924310478
-0.855667471301258
-1.65598897572731
-2.38393581559745
-3.00769322093276
-3.49999999999997
-3.83933998420382
-4.0108823879007
-4.00712998489728
-3.8282467732108
-3.48205080756889
-2.98367251290272
-2.35489341217335
-1.62319416929977
-0.820553552277999
0.017949192431004
0.855667471301216
1.65598897572737
2.38393581559742
3.00769322093273
3.50000000000001
3.83933998420381
4.0108823879007
4.00712998489726
3.82824677321082
3.48205080756891
2.98367251290267
2.35489341217338
1.62319416929981
0.820553552278042
-0.0179491924309607
-0.855667471301174
-1.65598897572734
-2.38393581559748
-3.00769322093278
-3.49999999999999
-3.83933998420383
-4.01088238790069
-4.00712998489726
-3.82824677321079
-3.48205080756893
-2.9836725129027
-2.35489341217333
-1.62319416929985
-0.820553552278085
0.0179491924311463
0.855667471301131
1.6559889757273
2.38393581559744
3.00769322093283
3.49999999999997
3.83933998420382
4.0108823879007
4.00712998489727
3.82824677321081
3.4820508075689
2.98367251290265
2.35489341217336
1.62319416929979
0.820553552278127
-0.017949192431103
-0.855667471301201
-1.65598897572726
-2.38393581559741
-3.0076932209328
-3.49999999999994
-3.83933998420381
-4.0108823879007
-4.00712998489726
-3.82824677321082
-5.50000000000003
-5.27114540178056
-5.23219203436273
-5.24668254627307
-5.01540172789998
-4.20710678118648
-2.61267756707289
-0.26143343827953
2.54802849764793
5.31800560177046
7.50000000000008
8.66825087409637
8.65538450565738
7.60069057024774
5.89383051644734
4.03553390593269
2.46735579894543
1.43331154376666
0.923175039987808
0.715482114705095
0.499999999999997
0.0292467816293551
-0.761920914091532
-1.71660540010111
-2.51244077082017
-2.79289321881345
-2.32203403081793
-1.10151653659553
0.597904398716743
2.30585902963111
3.50000000000012
3.77889072147441
2.99705647422706
1.31272147505707
-0.86894897480716
-3.03553390593265
-4.73788717647405
-5.72868960032181
-6.01923203528293
-5.83638578902665
-5.50000000000002
-5.27114540178056
-5.23219203436273
-5.24668254627306
-5.01540172789996
-4.20710678118642
-2.61267756707281
-0.261433438279415
2.54802849764806
5.31800560177058
7.50000000000015
8.6682508740964
8.65538450565746
7.60069057024794
5.8938305164476
4.03553390593293
2.46735579894537
1.43331154376663
0.923175039987795
0.715482114705089
0.499999999999983
0.029246781629328
-0.761920914091571
-1.71660540010115
-2.51244077082019
-2.79289321881345
-2.32203403081789
-1.10151653659546
0.597904398716822
2.30585902963117
3.50000000000001
3.77889072147444
2.99705647422724
1.31272147505735
-0.868948974807259
-3.03553390593274
-4.73788717647411
-5.72868960032172
-6.01923203528293
-5.83638578902664
-5.50000000000001
-5.27114540178055
-5.23219203436273
-5.24668254627306
-5.01540172789994
-4.20710678118637
-2.61267756707272
-0.261433438279299
2.54802849764766
5.31800560177022
7.49999999999991
8.66825087409632
8.65538450565743
7.60069057024788
5.89383051644751
4.03553390593286
2.46735579894531
1.4333115437666
0.923175039987782
0.715482114705111
0.49999999999997
0.0292467816293001
-0.761920914091612
-1.71660540010119
-2.51244077082022
-2.79289321881345
-2.32203403081785
-1.10151653659567
0.597904398716576
2.30585902963096
3.49999999999991
3.77889072147443
2.99705647422718
1.31272147505726
-0.868948974806948
-3.03553390593283
-4.73788717647442
-5.72868960032175
-6.01923203528293
-5.83638578902668
-5.49999999999999
-5.27114540178054
-5.23219203436273
-5.24668254627306
-5.01540172789992
-4.20710678118653
-2.61267756707299
-0.261433438279183
2.54802849764726
5.31800560177034
7.49999999999968
8.66825087409634
8.65538450565741
7.60069057024808
5.89383051644743
4.03553390593246
2.46735579894549
1.43331154376657
0.923175039987711
0.715482114705103
0.499999999999956
0.0292467816293884
-0.761920914091652
-1.71660540010107
-2.51244077082014
-2.79289321881346
-2.32203403081781
-1.10151653659588
0.597904398716654
2.30585902963131
3.49999999999994
3.77889072147442
2.99705647422736
1.31272147505717
-0.868948974807456
-3.03553390593255
-4.73788717647423
-5.72868960032189
-6.01923203528293
-5.83638578902661
-5.49999999999998
-5.27114540178056
-5.23219203436273
-5.24668254627307
-5.01540172789998
-4.20710678118648
-2.61267756707327
-0.261433438279547
2.54802849764791
5.31800560176998
7.50000000000006
8.66825087409648
8.65538450565748
7.60069057024775
5.89383051644769
4.0355339059327
2.4673557989452
1.43331154376667
0.923175039987754
0.715482114705096
0.499999999999999
0.02924678162936
-0.761920914091691
-1.71660540010094
-2.51244077082016
-2.79289321881347
-2.32203403081793
-1.10151653659554
0.597904398716408
2.3058590296311
3.50000000000012
3.77889072147445
2.99705647422707
1.31272147505672
-0.868948974807146
-3.035533905933
-4.73788717647404
-5.7286896003218
-6.01923203528293
-5.83638578902665
-5.50000000000002
-5.27114540178056
-5.23219203436272
-5.24668254627306
-5.01540172789988
-4.20710678118665
-2.61267756707282
-0.261433438279911
2.54802849764752
5.31800560177056
7.49999999999983
8.66825087409639
8.65538450565735
7.60069057024795
5.89383051644727
4.03553390593262
2.46735579894538
1.43331154376664
0.923175039987797
0.715482114705119
0.499999999999985
0.0292467816294486
-0.761920914091566
-1.71660540010115
-2.51244077082008
-2.79289321881345
-2.32203403081774
-1.10151653659575
0.597904398716811
2.30585902963144
3.50000000000001
3.7788907214744
2.99705647422725
1.31272147505699
-0.868948974807245
-3.03553390593273
-4.7378871764741
-5.72868960032183
-6.01923203528293
-5.83638578902664
-5.49999999999995
-5.27114540178057
-5.23219203436273
-5.24668254627307
-5.01540172789994
-4.20710678118638
-2.61267756707309
-0.261433438279315
2.54802849764816
5.31800560177021
7.50000000000021
8.66825087409642
8.65538450565743
7.60069057024789
5.89383051644753
4.03553390593287
2.46735579894532
1.43331154376674
0.923175039987784
0.715482114705083
0.500000000000028
0.0292467816293036
-0.761920914091772
-1.71660540010102
-2.51244077082022
-2.79289321881346
-2.32203403081786
-1.10151653659541
0.597904398716565
2.30585902963123
3.50000000000004
3.77889072147443
2.99705647422719
1.31272147505691
-0.868948974806935
-3.03553390593282
-4.73788717647392
-5.72868960032174
-6.01923203528293
-5.83638578902668
-5.49999999999999
-5.27114540178054
-5.23219203436273
-5.24668254627306
-5.01540172789984
-4.20710678118654
-2.61267756707264
-0.261433438279679
2.54802849764777
5.31800560177032
7.49999999999998
8.66825087409634
8.65538450565741
7.60069057024809
5.89383051644744
4.03553390593247
2.4673557989455
1.43331154376657
0.923175039987825
0.715482114705105
0.499999999999958
0.029246781629392
-0.761920914091646
-1.71660540010123
-2.51244077082013
-2.79289321881344
-2.32203403081782
-1.10151653659561
0.597904398716643
2.30585902963102
3.49999999999994
3.77889072147442
2.99705647422737
1.31272147505718
-0.868948974807441
-3.03553390593254
-4.73788717647422
-5.72868960032188
-6.01923203528293
-5.83638578902661
-5.50000000000004
-5.27114540178056
-5.23219203436273
-5.24668254627307
-5.0154017278999
-4.20710678118649
-2.61267756707292
-0.261433438279564
2.54802849764789
5.31800560176997
7.50000000000005
8.66825087409626
8.65538450565749
7.60069057024776
5.8938305164477
4.03553390593271
2.46735579894521
1.43331154376667
0.923175039987757
0.715482114705069
0.500000000000001
0.0292467816292485
-0.76192091409152
-1.7166054001011
-2.51244077082016
-2.79289321881345
-2.32203403081794
-1.10151653659555
0.597904398716397
2.30585902963109
3.50000000000011
3.77889072147445
2.99705647422708
1.31272147505746
-0.868948974807132
-3.03553390593299
-4.73788717647404
-5.7286896003218
-6.01923203528293
-5.83638578902666
-5.49999999999997
-5.27114540178056
-5.23219203436273
-5.24668254627307
-5.01540172789996
-4.20710678118665
-2.61267756707283
-0.261433438279927
2.5480284976475
5.31800560177054
7.49999999999982
8.66825087409639
8.65538450565736
7.60069057024796
5.89383051644728
4.03553390593296
2.46735579894539
1.43331154376651
0.923175039987799
0.715482114705091
0.499999999999987
0.0292467816293358
-0.76192091409156
-1.71660540010114
-2.51244077082008
-2.79289321881345
-2.32203403081806
-1.10151653659576
0.597904398716799
2.30585902963088
3.5
3.7788907214744
2.99705647422725
1.31272147505701
-0.868948974807639
-3.03553390593272
-4.73788717647434
-5.72868960032171
-6.01923203528293
-5.83638578902664
-5.50000000000001
-5.27114540178058
-5.23219203436273
-5.24668254627307
-5.01540172789994
-4.20710678118639
-2.61267756707311
-0.261433438279332
2.5480284976471
5.31800560177019
7.50000000000021
8.66825087409631
8.65538450565744
7.60069057024763
5.89383051644754
4.03553390593256
2.46735579894533
1.43331154376661
0.923175039987785
0.715482114705113
0.50000000000003
0.0292467816293083
-0.761920914091434
-1.71660540010101
-2.51244077082021
-2.79289321881346
-2.32203403081786
-1.10151653659542
0.597904398716554
2.30585902963122
3.4999999999999
3.77889072147443
2.99705647422697
1.31272147505728
-0.86894897480733
-3.0355339059328
-4.73788717647416
-5.72868960032174
-6.01923203528293
-5.83638578902669
-5.49999999999994
-5.27114540178059
-5.23219203436273
-5.24668254627306
-5.01540172789992
-4.20710678118655
-2.61267756707302
-0.261433438279696
2.54802849764723
5.31800560177077
7.49999999999966
8.66825087409644
8.65538450565762
7.60069057024783
5.89383051644746
4.0355339059328
2.46735579894551
1.43331154376644
0.923175039987828
0.715482114705076
0.499999999999959
0.0292467816292807
-0.76192091409164
-1.71660540010105
-2.51244077082013
-2.79289321881346
-2.32203403081798
-1.1015165365959
0.597904398716956
2.30585902963073
3.50000000000007
3.77889072147442
2.99705647422714
1.31272147505719
-0.868948974807837
-3.03553390593253
-4.73788717647446
-5.72868960032166
-6.01923203528293
-5.83638578902661
-5.49999999999998
-5.27114540178056
-5.23219203436273
-5.24668254627307
-5.01540172789999
-4.20710678118628
-2.61267756707329
-0.2614334382791
2.54802849764683
5.31800560177042
7.50000000000004
8.66825087409636
8.65538450565749
7.6006905702475
5.89383051644771
4.0355339059324
2.46735579894521
1.43331154376654
0.923175039987758
0.715482114705099
0.500000000000003
0.0292467816293678
-0.761920914091514
-1.71660540010092
-2.51244077082026
-2.79289321881347
-2.32203403081779
-1.10151653659556
0.59790439871671
2.30585902963108
3.49999999999997
3.77889072147446
2.99705647422685
1.31272147505747
-0.868948974807526
-3.03553390593298
-4.73788717647428
-5.7286896003218
-6.01923203528293
-5.83638578902666
-5.50000000000002
-5.27114540178058
-5.23219203436272
-5.24668254627306
-5.01540172790005
-4.20710678118645
-2.61267756707284
-0.261433438279464
2.54802849764748
5.31800560177099
7.49999999999981
8.66825087409649
8.65538450565757
7.60069057024771
5.89383051644729
4.03553390593265
2.4673557989454
1.43331154376665
0.9231750399878
0.71548211470512
0.499999999999933
0.0292467816294555
-0.76192091409172
-1.7166054001008
-2.51244077082018
-2.79289321881345
-2.32203403081791
-1.10151653659577
0.597904398717113
2.30585902963087
3.50000000000014
3.7788907214744
2.99705647422703
1.31272147505702
-0.868948974807216
-3.0355339059327
-4.73788717647409
-5.72868960032171
-6.01923203528293
-5.83638578902659
-5.50000000000007
-5.27114540178055
-5.23219203436273
-5.24668254627306
-5.01540172789995
-4.20710678118661
-2.61267756707312
-0.261433438278869
2.54802849764708
5.31800560177064
7.50000000000019
8.66825087409641
8.65538450565744
7.60069057024791
5.89383051644755
4.03553390593289
2.46735579894558
1.43331154376675
0.923175039987731
0.715482114705142
0.499999999999976
0.0292467816293114
-0.761920914091594
-1.71660540010101
-2.51244077082032
-2.79289321881346
-2.32203403081771
-1.10151653659598
0.597904398716867
2.30585902963121
3.50000000000003
3.77889072147443
2.99705647422721
1.3127214750573
-0.868948974806906
-3.03553390593315
-4.7378871764739
-5.72868960032185
-6.01923203528293
-5.83638578902663
-5.5
-1.28030506726527
-4.25828894055094
-6.78794196473864
-8.51147828448112
-9.18071779010146
-8.6959613796751
-7.12193211682479
-4.67813104698729
-1.70514990862827
1.38758006362058
4.18410648748364
6.32425260231289
7.55590055628501
7.76903065493782
7.00640490169934
5.44972319538403
3.38416843347023
1.14779807565558
-0.925362040124203
-2.55880736352856
-3.57472457162981
-3.91626107632669
-3.64773017687797
-2.93349615937269
-2.00000000000008
-1.08826579897324
-0.405775660336413
-0.0865568177362999
-0.166709385455993
-0.579711342657705
-1.17218723118881
-1.73706837457507
-2.05787296484299
-1.95576291023413
-1.33046111278332
-0.187144508008366
1.35611121013053
3.08229808577177
4.70896121464895
5.93574004039398
6.49785044538385
6.21613476623641
5.03467999030925
3.03896165504211
0.450689527452427
-2.40053348193437
-5.12464843819687
-7.33024525129974
-8.6857911728834
-8.97291848680455
-8.12288454840225
-6.23000503422595
-3.53961234080135
-0.412275593397174
2.73006899989549
5.46744957527365
7.44448101698159
8.42226005393051
8.31133394149932
7.18071779010178
5.24192389208691
2.81109160219757
0.255870993056729
-2.06388074631028
-3.85168167875896
-4.91721350790392
-5.19960416411657
-4.76795859154642
-3.79985565701801
-2.54230328656169
-1.26257868737532
-0.197976357039458
0.486520013536749
0.725217697142554
0.558807363528734
0.120687084041351
-0.394579438301096
-0.774529877053093
-0.835534495565332
-0.46410161513778
0.355158778553044
1.5304240985329
2.87449878247494
4.13588438337575
5.04381295779552
5.35933173919747
4.9232604510061
3.69219105403503
1.75561856725259
-0.669538887216425
-3.26689297958015
-5.66695172475762
-7.50455813970215
-8.47799186958648
-8.39984165553163
-7.23095746580383
-5.09148632804038
-2.24673802557125
0.930213342877229
4.01341208768492
6.58767798994247
8.31084051462723
8.96456334049209
8.48564682990145
6.97291848680459
4.6688470608143
1.91916451959902
-0.882647713128811
-3.35675506154074
-5.19417061503315
-6.20055659569437
-6.3198325787855
-5.63431808919209
-4.34215894357985
-2.71661617496376
-1.05477938407818
0.375100474233208
1.37844709613504
1.86373640332847
1.85168167875891
1.46317602031532
0.88876364948936
0.34569853761583
0.0308250020804484
0.0782016714238019
0.529471666955254
1.32262479523608
2.30142195120196
3.24395730077765
3.90529425160906
4.06645742396725
3.58077151473197
2.40884796624489
0.635390152583367
-1.5358983848625
-3.80919626614094
-5.84126461315998
-7.29675883640536
-7.90491503831365
-7.50791457293334
-6.09243875961752
-3.79861201280934
-0.904249089296331
2.21355643066712
5.13364050235422
7.45403748758851
8.85314380118874
9.13887622889422
8.27784752660466
6.39984165553215
3.77691997821579
0.780645813412581
-2.17552202835986
-4.69924399781556
-6.4775137028233
-7.32078501036293
-7.18619207643086
-6.17662137575368
-4.51647183198181
-2.50881687166663
-0.481702552805698
1.26702755683155
2.51696580232123
3.15661071855923
3.19417061503345
2.7465191081058
2.00899206415779
1.21205803526158
0.573128288641915
0.25251455982598
0.321672363658412
0.749547963962925
1.40949486860349
2.10543859459066
2.61241993637838
2.72396848769268
2.2974284269417
1.28861955157621
-0.230969345062286
-2.07820167142318
-3.98350915454336
-5.63346530986329
-6.7236820051322
-7.01298795571508
-6.36939586674666
-4.79956444438724
-2.45612307653536
0.379093998493071
3.333784845336
5.99999999999996
7.99634077414983
9.02745668959101
8.93107692559722
7.70477069533189
5.50791457293331
2.63840127202889
-0.512228501817515
-3.51801096463422
-5.98258708560487
-7.59774211749197
-8.18714450800841
-7.72849536299258
-6.3509342641557
-4.30867252868456
-1.93574004039398
0.410224529792767
2.40554626301828
3.80984011755164
4.49909965483329
4.47751370282337
3.86674752277425
2.87535156180364
1.75436132182334
0.747441177044055
0.0447152565289475
-0.251404467614587
-0.142379118635264
0.270976162417429
0.812564279360495
1.26993100010439
1.44062539990233
1.17720001227267
0.422260053930314
-0.773272631623674
-2.25251455982562
-3.77570985124657
-5.06038847859012
-5.83175492253404
-5.87446924952893
-5.07652155151677
-3.45707550811316
-1.17277998874539
1.49932241316236
4.2001443429821
6.54230328656126
8.17065366255209
8.81965738629408
8.35800009432455
6.81284361273345
4.36939586674688
1.34552695679931
-1.85471743809191
-4.80135405242417
-7.10281550027407
-8.46410161513787
-8.72944779457008
-7.90280825139456
-6.14313496085853
-3.73559569741214
-1.04381295779592
1.54874323597914
3.6984205782486
5.15232905382632
5.78244274262363
5.59774211749229
4.73310702041993
3.4176548483655
1.92867421022532
0.539641873746999
-0.528361574743723
-1.14333155021281
-1.28089782482134
-1.02189815281371
-0.529924656914001
-0.0134120876860511
0.320396985233837
0.310840514627225
-0.120043232630955
-0.947585520025688
-2.04471525652886
-3.20263301997361
-4.16846139599205
-4.69323621634799
-4.58159493429841
-3.73403261524207
-2.17373242032307
-0.0525515740766029
2.36568191080809
4.74244762954313
6.71661617496364
7.96285435925531
8.24658055502091
7.46607301172583
5.67432490654663
3.07652155151674
0.00303802052437629
-3.13806052588183
-5.92158246709259
-7.9691749979197
-9.00640490169919
-8.9037606829722
-7.6950089480975
-5.57005812958585
-2.84366861481325
0.0947057483909692
2.84161755120934
5.04090951452285
6.43567214161604
6.90267115729216
6.46410161513765
5.27541030698207
3.5919677367675
1.72087490692825
-0.0334349575257993
-1.4202886573424
-2.28185025639942
-2.57377214005228
-2.36438708908769
-1.81326774470396
-1.13364050235452
-0.545962512411576
-0.231462771934361
-0.294356121033207
-0.739786216728764
-1.4716384252557
-2.31070593737517
-3.02994268980558
-3.40036190111739
-3.23910599802432
-2.45068952745234
-1.05350400565432
0.813807923569114
2.90798519736934
4.91676051794558
6.50881687166681
7.3897775279819
7.35465347242262
6.32755430553953
4.38145059131691
1.73403261524237
-1.28030506726502
-4.25828894055071
-6.78794196473833
-8.5114782844811
-9.18071779010145
-8.69596137967511
-7.12193211682481
-4.67813104698731
-1.70514990862728
1.38758006362059
4.18410648748366
6.32425260231294
7.55590055628509
7.76903065493792
7.00640490169986
5.44972319538412
3.38416843347029
1.1477980756556
-0.925362040124226
-2.55880736352866
-3.5747245716294
-3.91626107632631
-3.64773017687813
-2.93349615937284
-2.0000000000002
-1.08826579897332
-0.405775660336436
-0.0865568177361871
-0.166709385455899
-0.579711342657569
-1.17218723118915
-1.73706837457543
-2.05787296484337
-1.95576291023378
-1.33046111278325
-0.187144508008353
1.35611121013049
3.08229808577169
4.70896121464884
5.93574004039386
6.49785044538373
6.21613476623645
5.03467999030918
3.03896165504208
0.450689527452425
-2.40053348193435
-5.12464843819634
-7.3302452512997
-8.68579117288336
-8.97291848680452
-8.12288454840253
-6.23000503422636
-3.53961234080088
-0.412275593397179
2.7300689998955
5.46744957527448
7.44448101698163
8.42226005393057
8.31133394149939
7.18071779010185
5.24192389208697
2.8110916021979
0.255870993057143
-2.06388074631055
-3.85168167875903
-4.91721350790421
-5.19960416411683
-4.76795859154657
-3.79985565701814
-2.54230328656179
-1.26257868737537
-0.197976357039458
0.486520013536808
0.725217697142664
0.558807363528951
0.120687084041519
-0.394579438300929
-0.774529877052861
-0.835534495565229
-0.46410161513773
0.355158778552891
1.53042409853285
2.87449878247499
4.13588438337561
5.04381295779493
5.35933173919717
4.92326045100599
3.69219105403496
1.7556185672518
-0.669538887216414
-3.26689297958011
-5.66695172475742
-7.50455813970209
-8.47799186958657
-8.39984165553158
-7.23095746580379
-5.09148632803952
-2.24673802557125
0.930213342877224
4.01341208768585
6.58767798994247
8.31084051462725
8.96456334049213
8.48564682990177
6.97291848680464
4.66884706081434
1.91916451959904
-0.882647713129706
-3.35675506154078
-5.19417061503323
-6.2005565956943
-6.31983257878522
-5.63431808919193
-4.34215894357996
-2.71661617496383
-1.05477938407821
0.37510047423323
1.37844709613512
1.86373640332881
1.85168167875907
1.46317602031549
0.888763649489028
0.345698537615957
0.0308250020802485
0.0782016714238294
0.529471666955222
1.32262479523599
2.30142195120184
3.2439573007775
3.90529425160887
4.06645742396712
3.58077151473187
2.40884796624475
0.635390152583352
-1.53589838486247
-3.80919626614088
-5.8412646131599
-7.29675883640527
-7.90491503831356
-7.50791457293327
-6.09243875961747
-3.79861201281021
-0.90424908929686
2.21355643066762
5.13364050235421
7.4540374875885
8.85314380118874
9.13887622889423
8.27784752660468
6.39984165553218
3.77691997821582
0.780645813412589
-2.17552202835935
-4.69924399781507
-6.4775137028234
-7.32078501036302
-7.18619207643096
-6.17662137575378
-4.5164718319819
-2.50881687166668
-0.48170255280603
1.26702755683159
2.51696580232132
3.15661071855936
3.1941706150336
2.74651910810594
2.00899206415794
1.21205803526169
0.573128288641978
0.252514559825984
0.321672363658357
0.749547963963113
1.40949486860375
2.10543859459099
2.61241993637822
2.72396848769254
2.29742842694125
1.28861955157616
-0.230969345062283
-2.07820167142313
-3.98350915454328
-5.63346530986318
-6.72368200513238
-7.01298795571539
-6.36939586674707
-4.79956444438719
-2.45612307653534
0.379093998494024
3.33378484533598
5.99999999999993
7.99634077414965
9.02745668959099
8.93107692559736
7.70477069533189
5.50791457293332
2.6384012720289
-0.512228501817513
-3.51801096463423
-5.98258708560585
-7.59774211749203
-8.18714450800848
-7.72849536299252
-6.35093426415579
-4.30867252868478
-1.93574004039401
0.410224529792775
2.40554626301834
3.80984011755174
4.49909965483342
4.47751370282358
3.8667475227744
2.87535156180377
1.75436132182328
0.747441177044101
0.0447152565290869
-0.251404467614664
-0.142379118635389
0.270976162417271
0.812564279360324
1.26993100010423
1.44062539990252
1.17720001227299
0.422260053930568
-0.773272631623649
-2.25251455982554
-3.77570985124646
-5.06038847858999
-5.8317549225339
-5.87446924952881
-5.07652155151668
-3.4570755081131
-1.17277998874502
1.49932241316194
4.20014434298177
6.54230328656121
8.17065366255204
8.81965738629404
8.35800009432451
6.81284361273344
4.36939586674688
1.34552695679931
-1.85471743809191
-4.80135405242457
-7.10281550027369
-8.46410161513763
-8.72944779457013
-7.90280825139462
-6.14313496085859
-3.73559569741219
-1.04381295779594
1.54874323597916
3.69842057824813
5.15232905382589
5.78244274262348
5.59774211749242
4.73310702042007
3.41765484836561
1.92867421022539
0.539641873747015
-0.528361574743764
-1.1433315502129
-1.28089782482148
-1.02189815281334
-0.529924656913641
-0.01341208768575
0.320396985233719
0.310840514627158
-0.120043232630965
-0.94758552002564
-2.04471525652876
-3.20263301997348
-4.1684613959919
-4.69323621634784
-4.58159493429882
-3.73403261524251
-2.17373242032284
-0.052551574076602
2.36568191080805
4.74244762954307
6.71661617496356
7.96285435925523
8.24658055502114
7.46607301172618
5.67432490654709
3.07652155151673
0.00303802052438029
-3.13806052588279
-5.92158246709258
-7.9691749979197
-9.00640490169921
-8.90376068297223
-7.69500894809754
-5.57005812958618
-2.84366861481368
0.0947057483904765
2.84161755120937
5.0409095145229
6.43567214161653
6.90267115729227
6.46410161513776
5.27541030698218
3.59196773676759
1.72087490692829
-0.0334349575255084
-1.42028865734205
-2.28185025639904
-2.57377214005242
-2.36438708908785
-1.8132677447041
-1.13364050235466
-0.545962512411675
-0.231462771934263
-0.294356121033201
-0.73978621672885
-1.47163842525558
-2.31070593737502
-3.02994268980542
-3.40036190111723
-3.2391059980242
-2.4506895274518
-1.05350400565429
0.813807923569096
2.90798519736976
4.9167605179455
6.50881687166641
7.38977752798212
7.35465347242267
6.32755430553939
4.38145059131687
1.73403261524236
-1.280305067266
-4.2582889405502
-6.78794196473831
-8.51147828448132
-9.18071779010149
-8.69596137967545
-7.12193211682482
-4.67813104698733
-1.70514990862678
1.38758006362059
4.18410648748369
6.32425260231313
7.55590055628484
7.769030654938
7.00640490169953
5.4497231953837
3.38416843346986
1.14779807565562
-0.925362040124249
-2.55880736352873
-3.57472457162969
-3.91626107632645
-3.64773017687782
-2.93349615937208
-2.00000000000049
-1.0882657989734
-0.405775660336458
-0.0865568177362253
-0.166709385455807
-0.579711342657431
-1.17218723118899
-1.73706837457477
-2.05787296484282
-1.95576291023389
-1.33046111278362
-0.187144508008445
1.35611121013116
3.08229808577161
4.70896121464873
5.93574004039328
6.49785044538361
6.21613476623635
5.03467999030956
3.03896165504284
0.450689527452423
-2.40053348193432
-5.12464843819679
-7.33024525130059
-8.68579117288332
-8.97291848680449
-8.12288454840269
-6.23000503422672
-3.53961234080136
-0.412275593397207
2.73006899989542
5.46744957527434
7.44448101698167
8.42226005393062
8.31133394149933
7.18071779010193
5.24192389208703
-6.51424902578866
-5.93069355482576
-6.05566999392949
-6.7008705551169
-6.5513191360181
-4.23834022099279
0.439919694163454
6.09781312675038
10.5000000000001
11.9506454167031
10.3349341223486
7.06630651235009
4.00119016383004
2.14118015594986
1.082949059474
-0.403696723127231
-3.14977797225588
-6.68470718493887
-9.38071625712891
-9.56717519534701
-6.79037134038037
-2.26544881700957
1.84270450455561
3.80502208118223
3.38124863023871
1.79138511517985
0.663005128181712
0.768820500791072
1.50894382974782
1.5131628184817
-0.120459041929804
-2.92361980098606
-5.21476441168321
-5.23499195493949
-2.43388393353095
2.05328583480562
6.10512453745269
7.98964549091014
7.41862557729165
5.53152994714884
3.86397723239944
3.11097400879578
2.63426207595969
1.0839622264752
-2.35338797558839
-7.05588123217762
-11.1389994089318
-12.6180657958511
-10.7273826697799
-6.43214566351893
-1.75914109330629
1.55823519972958
3.12735548563172
3.88856835054798
5.10644416299571
7.16714147529257
9.12620405923347
9.37086083420724
6.90273381360781
2.26021552051996
-2.64557886346704
-5.70038188792779
-5.92745622811726
-4.0318140756885
-1.76867909024277
-0.625691887377321
-0.806376904177843
-1.25789710339067
-0.686305908873864
1.24802804437059
3.49704914452824
4.31377713112299
2.56395044468159
-1.32558159545685
-5.51248239334346
-7.90079166654179
-7.48566582158211
-4.91222617768024
-1.86602540378529
0.219965477965562
1.15948448398564
1.96995086831916
3.85255101838995
7.00430365885888
10.2036176902639
11.5265411215897
9.68986702417117
5.02946535969736
-0.622386007931056
-5.08735665276513
-7.18839769882348
-7.32563113342352
-6.89622598104478
-7.0389611970946
-7.68018053187323
-7.61321342987677
-5.54528298655956
-1.29875831905071
3.77689302217818
7.53927934324525
8.42673751325002
6.47504339553457
3.23498304585029
0.657935094926478
-0.225174209778275
0.133217350853088
0.37569144441315
-0.520136087996451
-2.31342523027664
-3.61095954056462
-2.94544700217992
-0.0027619999177515
3.94972454565541
6.79289321881298
6.93715363627819
4.35671852233339
0.530772606417124
-2.64627621281024
-4.16520484328841
-4.45258484645969
-4.79114204796758
-6.09013756771125
-7.9776004037537
-8.93803456304667
-7.41908661425517
-3.08326455919304
2.74804296341618
7.82092010457173
10.3405559871149
10.0287150068798
8.09777011441927
6.19853903411436
5.156265825631
4.44930342520155
2.8060560372968
-0.563140736010647
-5.07170838207955
-8.92187119286923
-10.2484837353647
-8.41209953354784
-4.48224807112808
-0.54234183918814
1.68326049167165
1.88309167135924
1.14408462230881
0.923617636944268
1.81808078998171
3.0769437700425
3.23205080756942
1.35371880559703
-2.04238945175158
-5.160783808915
-6.08253188991847
-4.07991629313869
-0.125760664279726
3.77639281262755
5.9456805245684
6.06771508108755
5.18146156936255
4.66376246891333
5.01905289420045
5.41909727804763
4.35736905378251
0.924518213591623
-4.275318385413
-9.29304524010827
-12.0067668871672
-11.4629901340506
-8.41925940052881
-4.70903868569745
-1.91858510619047
-0.363695210094357
0.890191477701016
3.02080087231159
6.26151982479545
9.47526474454454
10.8493110370554
9.21141682132207
4.9808034037847
0.023051512590422
-3.51334634170242
-4.54530622612755
-3.61933295886554
-2.30870709786725
-1.92812310312697
-2.54762229720102
-3.04354091210778
-2.12566458162642
0.468769752927257
3.55615131362113
5.22015612235058
4.15433311823789
0.642020034857568
-3.56274560338641
-6.38024987157809
-6.7457160047421
-5.17754255233135
-3.18911919985855
-2.02546941667008
-1.70196493185837
-1.077679523945
1.10218339008215
5.00762668018971
9.31242692811108
11.926724668085
11.3670971087059
7.7679366143477
2.79230135176779
-1.49015348616689
-3.93228099096425
-4.88027442957321
-5.60252415560161
-7.05566999392897
-8.96089160691901
-9.91734453980331
-8.48098090811228
-4.39020732475947
1.00936495020158
5.49999999999918
7.37983533036065
6.50480710342678
4.2378793876026
2.36721556761445
1.81301075672743
2.08294905947367
1.85632432867472
0.216247431528287
-2.44206649781927
-4.55058923820632
-4.47872701879951
-1.79037134037905
2.30536126933391
5.67283152347937
6.63344920592898
5.01522322645511
2.11955451440401
-0.336994871817625
-1.49120055100961
-1.85708157403644
-2.72947786863707
-4.95058606085135
-8.01206797753443
-10.2147644116829
-9.80580204128172
-6.26401095245434
-0.77514128994176
4.47114994123741
7.66147609168755
8.41862557729139
7.79155099895019
7.2300026361837
7.35361469591502
7.46438909488292
6.17241040302354
2.64661202441017
-2.4850711458337
-7.30887239000853
-9.78963867110457
-9.0934080735642
-6.10397626429379
-2.75914109330647
-0.701785852073523
-0.238669918152367
-0.354072336571726
0.276317144073502
2.07869329874539
4.12620405923281
4.80005074786438
3.07260679468421
-1.28030506726599
-4.25828894055156
-6.787941964738
-8.51147828448115
-9.18071779010148
-8.69596137967546
-7.12193211682484
-4.67813104698735
-1.7051499086283
1.38758006362059
4.18410648748372
6.32425260231318
7.55590055628516
7.7690306549378
7.00640490169948
5.4497231953838
3.38416843347008
1.14779807565485
-0.925362040124273
-2.55880736352825
-3.5747245716298
-3.91626107632659
-3.64773017687797
-2.93349615937263
-2.00000000000033
-1.08826579897333
-0.405775660336487
-0.0865568177363452
-0.166709385456261
-0.579711342658143
-1.17218723118831
-1.73706837457461
-2.05787296484267
-1.95576291023378
-1.33046111278315
-0.187144508009073
1.35611121013026
3.08229808577153
4.70896121464877
5.93574004039406
6.49785044538414
6.21613476623674
5.03467999030949
3.03896165504281
0.450689527452421
-2.4005334819343
-5.12464843819675
-7.3302452512996
-8.68579117288328
-8.97291848680446
-8.12288454840203
-6.23000503422559
-3.53961234080186
-0.412275593397212
2.73006899989543
5.46744957527435
7.44448101698171
8.42226005393068
8.3113339414998
7.180717790102
5.24192389208709
2.81109160219719
0.255870993056346
-2.06388074630989
-3.85168167875866
-4.91721350790373
-5.19960416411626
-4.76795859154591
-3.79985565701739
-2.54230328656245
-1.2625786873758
-0.19797635703959
0.48652001353685
0.725217697142612
0.558807363528692
0.120687084041326
-0.394579438301125
-0.774529877053059
-0.835534495565492
-0.464101615137693
0.355158778553053
1.53042409853236
2.8744987824743
4.13588438337535
5.0438129577951
5.35933173919757
4.92326045100631
3.69219105403535
1.75561856725223
-0.669538887216816
-3.26689297958053
-5.66695172475778
-7.50455813970235
-8.47799186958667
-8.39984165553147
-7.23095746580373
-5.09148632804119
-2.24673802557178
0.930213342876684
4.01341208768536
6.58767798994281
8.31084051462742
8.96456334049205
8.4856468299016
6.97291848680447
4.66884706081342
1.9191645195981
-0.882647713128436
-3.35675506154063
-5.19417061503335
-6.20055659569451
-6.31983257878551
-5.63431808919199
-4.34215894358004
-2.716616174964
-1.05477938407843
0.375100474233546
1.37844709613512
1.86373640332856
1.8516816787598
1.46317602031633
0.888763649489841
0.345698537616222
0.0308250020804675
0.0782016714237406
0.529471666955165
1.32262479523598
2.30142195120205
3.2439573007777
3.90529425160905
4.06645742396716
3.58077151473179
2.40884796624471
0.635390152583322
-1.53589838486241
-3.8091962661406
-5.84126461315973
-7.29675883640524
-7.90491503831363
-7.50791457293316
-6.09243875961805
-3.79861201280981
-0.904249089296386
2.2135564306681
5.13364050235508
7.45403748758847
8.85314380118846
9.13887622889434
8.27784752660489
6.39984165553181
3.77691997821536
0.780645813413589
-2.17552202835937
-4.69924399781515
-6.47751370282357
-7.32078501036285
-7.18619207643046
-6.17662137575432
-4.51647183198258
-2.5088168716674
-0.481702552805727
1.2670275568318
2.51696580232108
3.15661071855908
3.19417061503338
2.74651910810578
2.00899206415774
1.21205803526112
0.573128288641869
0.252514559825963
0.321672363658069
0.749547963962602
1.40949486860305
2.10543859459064
2.61241993637843
2.7239684876928
2.29742842694154
1.28861955157599
-0.230969345062551
-2.07820167142345
-3.9835091545436
-5.63346530986345
-6.72368200513265
-7.01298795571477
-6.36939586674733
-4.79956444438779
-2.45612307653583
0.379093998493526
3.33378484533643
6.00000000000032
7.99634077414958
9.02745668959094
8.93107692559726
7.70477069533135
5.50791457293249
2.63840127203091
-0.512228501816485
-3.51801096463333
-5.98258708560521
-7.59774211749218
-8.18714450800845
-7.72849536299269
-6.35093426415595
-4.3086725286849
-1.93574004039362
0.410224529793437
2.40554626301746
3.80984011755132
4.49909965483342
4.47751370282381
3.8667475227747
2.87535156180353
1.75436132182347
0.74744117704418
0.0447152565290478
-0.251404467614639
-0.142379118635282
0.270976162417464
0.812564279361024
1.2699310001049
1.44062539990306
1.17720001227282
0.422260053930505
-0.773272631623182
-2.2525145598254
-3.7757098512464
-5.06038847859022
-5.83175492253404
-5.87446924952884
-5.0765215515165
-3.45707550811282
-1.17277998874464
1.49932241316325
4.20014434298298
6.54230328656049
8.17065366255161
8.81965738629396
8.35800009432437
6.81284361273313
4.36939586674779
1.34552695679932
-1.8547174380919
-4.80135405242459
-7.1028155002746
-8.46410161513805
-8.72944779456992
-7.90280825139511
-6.14313496085933
-3.73559569741227
-1.04381295779551
1.54874323597839
3.69842057824825
5.15232905382608
5.78244274262372
5.59774211749227
4.73310702041982
3.41765484836519
1.92867421022513
0.53964187374697
-0.528361574743846
-1.14333155021309
-1.28089782482198
-1.02189815281367
-0.529924656913981
-0.0134120876860573
0.320396985233806
0.310840514627158
-0.120043232630838
-0.947585520025823
-2.04471525652915
-3.20263301997422
-4.16846139599259
-4.69323621634725
-4.58159493429833
-3.7340326152423
-2.17373242032275
-0.0525515740762441
2.36568191080845
4.74244762954279
6.71661617496341
7.96285435925522
8.24658055502127
7.46607301172593
5.67432490654753
3.07652155151766
0.00303802052542013
-3.1380605258818
-5.92158246709297
-7.96917499791994
-9.00640490169924
-8.90376068297229
-7.69500894809761
-5.57005812958549
-2.84366861481281
0.0947057483899814
2.84161755120921
5.04090951452263
6.4356721416163
6.90267115729249
6.464101615138
5.2754103069824
3.59196773676775
1.72087490692838
-0.0334349575260502
-1.42028865734261
-2.28185025639894
-2.57377214005182
-2.36438708908717
-1.81326774470344
-1.13364050235403
-0.545962512411875
-0.231462771934489
-0.294356121033096
-0.739786216728707
-1.47163842525577
-2.31070593737523
-3.02994268980559
-3.40036190111746
-3.23910599802449
-2.45068952745216
-1.05350400565387
0.813807923569775
2.90798519736855
4.91676051794482
6.50881687166621
7.38977752798191
7.3546534724225
6.3275543055404
4.38145059131733
1.73403261524287
-1.28030506726549
-4.25828894055114
-6.78794196473905
-8.51147828448113
-9.18071779010147
-8.69596137967547
-7.12193211682486
-4.67813104698737
-1.7051499086288
1.38758006362007
4.18410648748321
6.32425260231275
7.55590055628484
7.76903065493763
7.00640490169958
5.44972319538388
3.38416843347014
1.14779807565487
-0.925362040124296
-2.55880736352833
-3.57472457162991
-3.91626107632674
-3.64773017687813
-2.93349615937278
-2.00000000000011
-1.08826579897341
-0.405775660336509
-0.0865568177363079
-0.166709385456167
-0.579711342658007
-1.17218723118815
-1.73706837457444
-2.05787296484252
-1.95576291023366
-1.33046111278308
-0.187144508008134
1.35611121013022
3.08229808577145
4.70896121464866
5.93574004039394
6.49785044538402
6.21613476623664
5.03467999030942
3.03896165504277
0.450689527452419
-2.40053348193427
-5.12464843819671
-7.33024525129941
-8.68579117288324
-8.97291848680459
-8.12288454840231
-6.230005034226
-3.53961234080186
-0.412275593397217
2.73006899989543
5.46744957527437
7.44448101698175
8.42226005393074
8.31133394149973
7.18071779010208
5.24192389208731
2.81109160219753
0.255870993056761
-2.06388074630993
-3.85168167875873
-4.91721350790384
-5.1996041641164
-4.76795859154605
-3.79985565701752
-2.5423032865624
-1.26257868737587
-0.197976357039747
0.486520013536613
0.725217697142313
0.558807363528841
0.120687084041495
-0.394579438300958
-0.774529877052915
-0.83553449556539
-0.464101615137643
0.355158778553044
1.5304240985323
2.8744987824742
4.13588438337521
5.04381295779496
5.35933173919744
4.92326045100621
3.69219105403528
1.7556185672522
-0.669538887216806
-3.26689297958048
-5.66695172475772
-7.50455813970228
-8.47799186958661
-8.39984165553142
-7.23095746580369
-5.09148632804117
-2.24673802557178
0.930213342876678
4.01341208768536
6.58767798994282
8.31084051462744
8.96456334049209
8.48564682990164
6.97291848680452
4.66884706081346
1.91916451959812
-0.882647713127953
-3.35675506154015
-5.1941706150329
-6.20055659569413
-6.31983257878523
-5.63431808919184
-4.34215894358015
-2.71661617496407
-1.05477938407846
0.375100474233569
1.3784470961352
1.8637364033282
1.85168167875943
1.46317602031596
0.888763649489516
0.345698537615952
0.0308250020802681
0.078201671423769
0.529471666955134
1.32262479523589
2.30142195120193
3.24395730077755
3.90529425160939
4.06645742396756
3.58077151473221
2.40884796624513
0.635390152583708
-1.5358983848621
-3.80919626614054
-5.84126461315965
-7.29675883640514
-7.90491503831354
-7.50791457293309
-6.092438759618
-3.79861201280979
-0.904249089296385
2.21355643066809
5.13364050235507
7.45403748758846
8.85314380118846
9.13887622889435
8.27784752660491
6.39984165553183
3.77691997821538
0.780645813413598
-2.17552202835939
-4.6992439978152
-6.47751370282364
-7.32078501036294
-7.18619207643057
-6.17662137575442
-4.51647183198267
-2.50881687166746
-0.481702552805737
1.26702755683184
2.51696580232117
3.15661071855921
3.19417061503354
2.74651910810594
2.00899206415788
1.21205803526124
0.573128288641787
0.252514559825974
0.32167236365817
0.749547963962791
1.40949486860331
2.10543859459048
2.61241993637827
2.72396848769266
2.29742842694144
1.28861955157594
-0.230969345062547
-2.07820167142326
-3.98350915454352
-5.6334653098635
-6.72368200513283
-7.01298795571507
-6.36939586674725
-4.79956444438774
-2.45612307653581
0.379093998493519
3.33378484533641
6.00000000000028
7.99634077414955
9.02745668959092
8.93107692559725
7.70477069533135
5.5079145729325
2.63840127203092
-0.512228501816482
-3.51801096463335
-5.98258708560524
-7.59774211749223
-8.18714450800853
-7.72849536299277
-6.35093426415603
-4.30867252868497
-1.93574004039365
0.410224529793444
2.40554626301751
3.80984011755142
4.49909965483355
4.47751370282396
3.86674752277485
2.87535156180366
1.75436132182356
0.74744117704422
0.0447152565290283
-0.251404467614716
-0.142379118635407
0.270976162417271
0.812564279360854
1.26993100010474
1.44062539990293
1.17720001227273
0.422260053930474
-0.773272631623156
-2.25251455982533
-3.77570985124629
-5.06038847859009
-5.83175492253391
-5.8744692495287
-5.07652155151695
-3.4570755081133
-1.17277998874511
1.49932241316283
4.20014434298265
6.54230328656044
8.17065366255155
8.81965738629392
8.35800009432434
6.81284361273311
4.36939586674644
1.34552695679985
-1.85471743809137
-4.80135405242411
-7.10281550027422
-8.4641016151378
-8.72944779456997
-7.90280825139517
-6.14313496085939
-3.73559569741231
-1.04381295779553
1.54874323597955
3.69842057824831
5.15232905382617
5.78244274262385
5.59774211749241
4.73310702041996
3.41765484836529
1.9286742102252
0.539641873746986
-0.528361574743886
-1.14333155021319
-1.28089782482189
-1.02189815281383
-0.52992465691415
-0.0134120876862112
0.320396985233688
0.310840514627091
-0.120043232630849
-0.947585520025775
-2.04471525652905
-3.20263301997409
-4.16846139599244
-4.69323621634741
-4.58159493429821
-3.73403261524222
-2.17373242032271
-0.0525515740762432
2.36568191080841
4.74244762954273
6.71661617496333
7.96285435925514
8.2465805550212
7.46607301172588
5.67432490654646
3.07652155151765
0.00303802052542457
-3.13806052588179
-5.92158246709296
-7.96917499791994
-9.00640490169912
-8.90376068297233
-7.6950089480978
-5.57005812958582
-2.84366861481325
0.0947057483913787
2.84161755120924
5.04090951452269
6.43567214161639
6.9026711572926
6.46410161513812
5.27541030698236
3.59196773676784
1.72087490692858
-0.0334349575257593
-1.42028865734226
-2.28185025639918
-2.57377214005196
-2.36438708908734
-1.8132677447036
-1.13364050235417
-0.545962512411975
-0.231462771934535
-0.294356121033082
-0.739786216728635
-1.47163842525565
-2.31070593737508
-3.02994268980543
-3.40036190111731
-3.23910599802436
-2.45068952745208
-1.05350400565384
0.813807923569757
2.90798519736849
4.91676051794473
6.5088168716661
7.38977752798181
7.35465347242241
6.3275543055392
4.3814505913173
1.73403261524286
-1.28030506726548
-4.25828894055112
-6.78794196473903
-8.51147828448112
-9.18071779010147
-8.69596137967547
-7.12193211682487
-4.67813104698738
-1.70514990862682
1.38758006362007
4.18410648748324
6.3242526023128
7.55590055628491
7.76903065493772
7.00640490169968
5.44972319538397
3.3841684334702
1.14779807565489
-0.925362040124319
-2.55880736352895
-3.57472457162949
-3.91626107632635
-3.6477301768778
-2.93349615937253
-1.99999999999995
-1.08826579897349
-0.405775660336531
-0.0865568177362706
-0.166709385456075
-0.579711342657871
-1.1721872311895
-1.7370683745748
-2.0578729648429
-1.95576291023403
-1.33046111278341
-0.187144508008405
1.35611121013019
3.08229808577137
4.70896121464855
5.93574004039381
6.4978504453839
6.21613476623632
5.03467999030935
3.03896165504274
0.450689527452417
-2.40053348193425
-5.12464843819667
-7.33024525129937
-8.6857911728832
-8.97291848680456
-8.12288454840229
-6.230005034226
-3.53961234080043
-0.412275593397222
2.73006899989544
5.46744957527439
7.44448101698179
8.4222600539308
8.3113339414998
7.18071779010215
5.24192389208737
2.81109160219756
0.255870993056766
-2.06388074631092
-3.85168167875881
-4.91721350790395
-5.19960416411654
-4.7679585915462
-3.79985565701765
-2.5423032865625
-1.26257868737592
-0.197976357039746
0.486520013536672
0.725217697142424
0.558807363528632
0.120687084041664
-0.39457943830079
-0.774529877052772
-0.835534495565287
-0.464101615137594
0.355158778552891
1.53042409853224
2.87449878247425
4.13588438337537
5.04381295779522
5.35933173919746
4.9232604510061
3.69219105403521
1.75561856725217
-0.669538887216794
-3.26689297958044
-5.66695172475751
-7.50455813970221
-8.4779918695867
-8.39984165553167
-7.23095746580407
-5.09148632803995
-2.24673802557178
0.930213342876673
4.01341208768536
6.58767798994282
8.31084051462746
8.96456334049212
8.48564682990169
6.97291848680457
4.6688470608135
1.91916451959814
-0.882647713129737
-3.35675506154019
-5.19417061503298
-6.20055659569424
-6.31983257878536
-5.63431808919196
-4.34215894358026
-2.71661617496415
-1.0547793840785
0.37510047423359
1.37844709613527
1.86373640332875
1.85168167875958
1.46317602031613
0.888763649489676
0.345698537616083
0.030825002080352
0.0782016714237956
0.529471666955102
1.32262479523581
2.3014219512018
3.2439573007774
3.90529425160916
4.06645742396742
3.58077151473211
2.40884796624507
0.635390152583693
-1.53589838486207
-3.80919626614048
-5.84126461315956
-7.29675883640505
-7.90491503831345
-7.50791457293302
-6.09243875961711
-3.7986120128103
-0.904249089296915
2.21355643066759
5.13364050235465
7.45403748758845
8.85314380118846
9.13887622889436
8.27784752660493
6.39984165553186
3.77691997821541
-4.95058606085225
-8.01206797753356
-10.2147644116825
-9.80580204128219
-6.26401095245316
-0.775141289940312
4.47114994123496
7.66147609168608
8.41862557729088
7.79155099895021
7.23000263618357
7.35361469591568
7.46438909488261
6.17241040302385
2.64661202441124
-2.4850711458362
-7.30887239000981
-9.78963867110435
-9.09340807356483
-6.10397626429576
-2.75914109330683
-0.701785852072887
-0.238669918151859
-0.354072336571437
0.276317144073213
2.0786932987446
4.12620405923309
4.80005074786382
3.07260679468481
-0.568211604225984
-4.27955345968229
-6.02855128715175
-4.92745622811776
-1.77179302388741
1.59734631354018
3.61694879974119
4.02375011474488
3.83055107315767
4.31369409112652
5.81883813071358
7.32717616345087
7.14220425586862
4.1979250408967
-0.997412196233466
-6.51248239334395
-10.1608127183425
-10.8516912253659
-9.15486686479928
-6.69615242270719
-4.8684826985818
-3.84051551601542
-2.60085921802464
0.0224239994663857
4.17587653411262
8.56964309404827
11.1983717223657
10.689867024171
7.28948641150082
2.74363939585403
-0.844715965645073
-2.35827067990198
-2.23718295687664
-1.89622598104445
-2.46815111075174
-3.85005351295044
-4.78478630513056
-3.91130839034169
-0.970588919826172
2.77689302217746
5.27925829144391
5.06071210946581
2.23240270841447
-1.59514397307011
-4.43051308162068
-5.2251742097775
-4.43759273549065
-3.45443557450942
-3.34856321274318
-3.9473998264929
-3.93912893978718
-1.94544700217983
2.25725905188441
7.31574994944222
11.0355339059311
11.7672806552006
9.44516669888174
5.53077260641798
1.92453387353197
-0.335077824365689
-1.62415772171232
-3.15716745175081
-5.76196816848644
-8.97760040375346
-11.1980556148481
-10.7851120180387
-7.32590524631419
-2.08208405550722
2.73247192802306
5.34055598711468
5.45790492053739
4.26764309549673
3.37011190936829
3.52229122941487
4.1211340259774
3.80605603729476
1.69688031579015
-1.70568297829414
-4.6792305057492
-5.41835671644273
-3.32365135699909
0.517751928871975
4.02846824715366
5.51338751059331
4.71151879610541
2.77805921852524
1.25178703616805
0.818080789982571
0.816922718240714
-0.133974596215871
-2.88892188152284
-6.87251647067594
-10.2492319854638
-11.0825318899186
-8.65072637948239
-3.955887683203
0.947965687879907
4.31170592835309
5.73954568186271
6.18146156936155
6.92378352071456
8.38507829798349
9.66173796516657
9.18749607270298
6.01296639014127
0.724681614589526
-4.72223515376457
-8.17663986824423
-8.63456300930431
-6.78528480431413
-4.38086928647422
-2.91858510619092
-2.62371626189544
-2.47583392608182
-1.22183981480598
1.4313928058732
4.38681656799537
5.84931103705552
4.64060673497988
1.15067638486098
-2.80537561215444
-5.14732093791772
-4.87347562535124
-2.61933295886686
-0.0486860460659075
1.43790230065703
1.69501838991854
1.786586106816
2.96278359492203
5.46876975292744
8.12696139996524
9.05028314127279
6.98276024298588
2.27599463107436
-3.23457620416165
-7.38024987157815
-9.00573705654277
-8.54356795611517
-7.43175988697786
-6.85559643559126
-6.79041310840593
-6.0776795239437
-3.46862669626214
1.17749966126514
6.48399980336392
10.2927500718687
11.0389277094812
8.76793661434726
5.05232240357003
1.8758719176181
0.310359696154799
-0.0501474106513928
-0.514075979054603
-2.0556699939286
-4.39008152057449
-6.0872175208803
-5.65255378336674
-2.75623272854226
1.33753434942576
4.49999999999865
5.11981427855917
3.13878169964262
-0.00476129951503923
-2.46291145130793
-3.27543741982097
-2.91705094052731
-2.71448575766933
-3.61387958739417
-5.27049362256691
-6.18456383442278
-4.80689641802447
-0.790371340380303
4.56538232113424
9.03885692726245
10.8760898930481
9.84535024537719
7.20800269095233
4.663005128182
3.079609535332
1.97304544488494
0.0989492561076095
-3.31661146463388
-7.68389857830871
-11.2147644116824
-12.0658230930838
-9.63003635623806
-5.01778197706311
-0.358977077685544
2.57302791513873
3.4186255772919
3.22074091260722
3.39987561726109
4.52518757116799
5.83041449866627
5.84424100380067
3.64661202441097
-0.225050094033885
-3.94284698622319
-5.54699798398539
-4.26328105464232
-1.01552808774796
2.24085890669401
3.86902423427061
3.59145710077105
2.4743547881762
1.91029174028936
2.40686269796922
3.12620405923411
2.54002969606354
-0.293418609098488
-4.810852291345
-9.10968047860452
-11.1169994636995
-9.92745622811701
-6.34260311023137
-2.23278070538128
0.788521674995668
2.38977551852935
3.5023816739343
5.31369409112482
8.07885918251398
10.6932015672356
11.3848449429883
9.02805205981923
4.09103598031541
-1.51248239334134
-5.59000263200007
-7.0215642064443
-6.32643974005348
-5.06217782649072
-4.54031329935795
-4.84051551601459
-4.86088026982602
-3.34360140431796
-0.0667641530062131
3.73951607512543
6.10992354581721
5.68986702417078
2.71867632515648
-1.08648762306908
-3.67314309039227
-3.99224527611769
-2.56535235610053
-0.896225981045283
-0.208130058951026
-0.484028109167145
-0.542145618011613
0.918818628578653
4.11785925672157
7.776893022178
9.85006837778657
8.89083912838805
5.06082983315958
0.0388306231446884
-4.10234368239749
-6.22517420977857
-6.69761378729205
-6.82046097829324
-7.59120389986169
-8.77752684541457
-9.02757711633592
-6.94544700218006
-2.31355103445948
3.48562293052026
8.20710678118508
10.1333060589845
9.11699729965816
6.53077260641656
4.18455492533285
3.03094757941902
2.61848296540667
1.67295956717163
-0.673519991938696
-3.97760040375286
-6.62724552850523
-6.95498499911641
-4.49747812156617
-0.448109459290672
3.06064132724746
4.34055598711513
3.1978838687363
0.901617691713145
-0.872528777750483
-1.30783578950631
-0.96731415056906
-1.19394396270505
-2.87392977055214
-5.53580999721729
-7.50765763049618
-7.05233131265816
-3.65182075622159
1.51775192887091
6.28848929895593
8.87941291437858
8.9541594832233
7.60818623744674
6.34023521271627
5.81808078998261
5.38773280458525
3.69615242270715
-0.0604947567755889
-5.23854187445907
-9.92106258623909
-12.0825318899178
-10.9107474312836
-7.32191308698693
-3.29467499923825
-0.51842109056967
0.651097505314655
1.18146156936176
2.3529734343714
4.55495127906139
6.83331084042016
7.55352147648755
5.68479699091579
1.72468161458731
-2.46221410196361
-4.81061446446051
-4.39192232218454
-1.95515778539189
0.707578890073111
2.08141489380873
1.94709382444611
1.35429309284052
1.60658730993924
3.06536740208994
4.71498596722038
4.84931103705519
2.3805856831779
-2.21534901892514
-7.04801629927478
-9.97744795684078
-9.96192380189904
-7.61933295886629
-4.61949613240909
-2.39222471826631
-1.13340873482847
0.152611510599043
2.63461419569766
6.46876975292638
10.3869824517677
12.4163085450569
11.2254009301038
7.10612164999611
1.85387197238503
-2.38024987157785
-4.43492697019902
-4.71344093719301
-4.60333276223086
-5.22162183937559
-6.46224370918202
-7.0776795239436
-5.72864774806203
-2.18852574251737
2.24135911624482
5.46262305294694
5.95047953293281
3.76793661434846
0.48151231722762
-1.95425510130437
-2.51806742859052
-1.68412200686623
-0.842245378278415
-1.05566999392911
-2.13006046877423
-2.72119211709617
-1.40991309624676
2.0738942903817
6.425982525973
9.50000000000002
9.69062436490213
6.96890871856453
2.82366582523143
-0.828936855092
-2.94726802059645
-3.91705094052556
-4.97450680946991
-6.97990499117799
-9.51313430968544
-11.0146908533451
-9.8953445945713
-5.79037134037998
-0.00542776520864663
5.20872990834013
8.04766276830108
8.21137564916141
6.87983329172857
5.66300512818176
5.33963058713428
5.33907084866919
4.34158994322827
1.51351555428701
-2.59545040176169
-6.21476441168223
-7.49501300674038
-5.79990933731415
-2.18935485231598
1.27499751853019
2.90119731436191
2.41862557729129
0.960719860805975
0.0338502134770731
0.282546884049735
1.00028747974432
0.755792827251629
-1.35338797559013
-4.79586018037798
-7.7729740051472
-8.37542510873194
-5.89725565085901
-1.34369748697168
3.24085890669362
6.12904528607087
6.95748250455492
6.71699547529437
6.74041875921162
7.49531087451624
8.12620405923434
7.11083978240591
3.53670840982287
-1.98242516659853
-7.4757058823889
-10.7888300644754
-10.9274562281182
-8.60262416203305
-5.59880610916548
-3.454119012124
-2.44035150039275
-1.58606650261392
0.313694091125272
3.50804909617135
6.86307454831265
8.55641781824101
7.39407746360205
3.76286658109367
-0.512482393341267
-3.32998158019864
-3.65553880265939
-2.08379905293346
-0.232050807569151
0.548134877189979
0.159484483985506
-0.290070183482459
0.486525614605653
2.76166297174118
5.37349067134124
6.43809294504173
4.68986702417189
0.458655273354875
-4.45251302685323
-7.91578377751106
-8.82237229504009
-7.65380053264751
-5.89622598104545
-4.77894014529315
-4.31415512808834
-3.37057274275824
-0.71515596763662
3.78968985749774
8.77689302217678
12.1100894295881
12.2568645321722
9.30347052028163
4.86895764206773
0.986104494150615
-1.2251742097774
-2.12680370094889
-2.99033395937082
-4.76277677511499
-7.14355224919893
-8.69940771711082
-7.94544700217873
-4.57357208626085
0.119597526732507
3.96446609406584
5.30317904006196
4.02854912310938
1.53077260641741
-0.386255161009342
-0.799179439503821
-0.209944159340329
0.0389849709544612
-1.00168939116265
-2.97760040375379
-4.36722447670387
-3.58895959533284
-0.254837434447836
4.38201755963139
8.14908950379519
9.34055598711516
7.7686939550799
4.73174471063562
1.95589834699541
0.326138806708349
-0.639144751345492
-2.19394396270431
-5.13395082235436
-8.90183540100049
-11.7502983176158
-11.8824583315807
-8.74026893277255
-3.48224807113053
1.71767921261288
5.04928589545528
6.12573235847768
5.97421164123178
6.01206581349182
6.81808078998201
7.64775385638473
7.06217782649027
4.1821459303435
-0.408414855534874
-4.83261440969091
-7.0825318899179
-6.33993734493979
-3.49178606806441
-0.466247874492421
1.11555350564654
0.979266904539336
0.181461569362426
0.0929523825703336
1.18892587527796
2.59067015330129
2.72339445756659
0.59634881436837
-3.27531838541277
-7.03302418830665
-8.64074148338298
-7.22034944693272
-3.58913238160729
0.379409490850084
3.08141489380916
4.20711487624908
4.72031849662467
5.84922799705898
7.89549442101118
9.80343414376753
9.84931103705613
6.9513957695206
1.61477800000156
-4.21958917452737
-8.34347336062406
-9.63375440267482
-8.6193329588666
-6.87951718421082
-5.75825012204973
-5.37604942194682
-4.67751550832192
-2.45383398085032
1.4687697529268
5.81617236542231
8.58618152613409
8.39697380535674
5.47214705378002
1.52570257316178
-1.38024987157769
-2.17490591839859
-1.34741553340867
-0.360692075112235
-0.391494820453224
-1.37379553263385
-2.07767952394459
-1.15783766171907
1.6416012764041
5.06978624099185
7.09659764916311
6.27864893215817
2.76793661434923
-1.7785087345748
-5.32028050508898
-6.7607081157112
-6.51424902578823
-5.93069355482653
-6.05566999392932
-6.70087055511688
-6.55131913601983
-4.23834022099337
0.439919694161701
6.09781312674788
10.499999999999
11.9506454167033
10.334934122349
7.06630651235007
4.00119016383082
2.14118015595071
1.08294905947346
-0.403696723126986
-3.14977797225573
-6.68470718493826
-9.38071625712842
-9.56717519534738
-6.79037134037939
-2.26544881700942
1.84270450455639
3.80502208118239
3.38124863023871
1.7913851151803
0.663005128181283
0.768820500790737
1.50894382974774
1.51316281848188
-0.120459041928371
-2.92361980098649
-5.21476441168312
-5.23499195493914
-2.43388393353302
2.05328583480435
6.10512453745312
7.9896454909112
7.41862557729221
5.53152994714981
3.86397723239967
3.11097400879641
2.63426207596047
1.08396222647615
-2.35338797558946
-7.05588123217642
-11.1389994089301
-12.6180657958511
-10.7273826697799
-6.43214566351906
-1.75914109330785
1.55823519972841
3.12735548563215
3.88856835054805
5.10644416299544
7.16714147529302
9.12620405923323
9.3708608342072
6.90273381360691
2.26021552051991
-2.64557886346689
-5.70038188792716
-5.92745622811716
-4.03181407568917
-1.76867909024244
-0.625691887376062
-0.806376904178308
-1.25789710339074
-0.686305908874397
1.24802804437002
3.49704914452915
4.31377713112257
2.56395044468235
-1.32558159545436
-5.51248239334268
-7.90079166654274
-7.48566582158245
-4.91222617767932
-1.86602540378589
0.219965477964756
1.15948448398497
1.96995086831779
3.85255101838911
7.00430365885796
10.2036176902622
11.52654112159
9.68986702417085
5.02946535969746
-0.622386007931146
-5.08735665276378
-7.18839769882382
-7.32563113342378
-6.89622598104485
-7.03896119709514
-7.68018053187338
-7.61321342987737
-5.54528298655891
-1.29875831904967
3.77689302217765
7.53927934324549
8.42673751325007
6.47504339553381
3.23498304585007
0.657935094925509
-0.225174209776613
0.133217350852998
0.375691444413401
-0.520136087996157
-2.31342523027749
-3.61095954056409
-2.94544700217934
-0.00276199991954762
3.94972454565674
6.79289321881367
6.93715363627829
4.35671852233385
0.530772606419054
-2.64627621280948
-4.16520484328786
-4.45258484645921
-4.79114204796665
-6.09013756771096
-7.97760040375243
-8.93803456304662
-7.41908661425443
-3.08326455919301
2.74804296341581
7.8209201045699
10.3405559871146
10.0287150068801
8.09777011441975
6.19853903411502
5.15626582563125
4.44930342520289
2.80605603729585
-0.563140736011343
-5.07170838207882
-8.9218711928692
-10.2484837353643
-8.41209953354704
-4.48224807112795
-0.542341839187593
1.68326049167105
1.8830916713579
1.14408462230923
0.923617636944308
1.81808078998138
3.07694377004305
3.23205080756859
1.35371880559822
-2.04238945175165
-5.1607838089162
-6.08253188991836
-4.0799162931389
-0.125760664278639
3.77639281262482
5.94568052456796
6.06771508108701
5.18146156936151
4.66376246891357
5.01905289419968
5.41909727804739
4.35736905378206
0.924518213591392
-4.27531838541279
-9.29304524010846
-12.0067668871667
-11.4629901340508
-8.41925940052963
-4.70903868569861
-1.91858510619144
-0.363695210094907
0.890191477702146
3.02080087231179
6.26151982479574
9.47526474454423
10.8493110370548
9.2114168213235
4.98080340378339
0.0230515125903343
-3.51334634170189
-4.54530622612645
-3.61933295886551
-2.30870709786764
-1.92812310312686
-2.54762229720154
-3.04354091210678
-2.12566458162557
0.468769752925594
3.55615131362217
5.22015612235029
4.15433311823779
0.642020034857329
-3.56274560338588
-6.38024987157769
-6.7457160047415
-5.1775425523315
-3.18911919985874
-2.02546941666938
-1.70196493185804
-1.07767952394398
1.10218339008272
5.00762668018979
9.31242692811092
11.9267246680854
11.3670971087055
7.76793661434875
2.79230135176939
-1.49015348616624
-3.93228099096365
-4.88027442957253
-5.60252415560195
-7.05566999392908
-8.96089160691845
-9.91734453980256
-8.4809809081119
-4.39020732475835
1.00936495020128
5.49999999999869
7.37983533036054
6.50480710342566
4.23787938760463
2.36721556761471
1.81301075672672
2.0829490594738
1.85632432867396
0.216247431528287
-2.44206649781874
-4.55058923820682
-4.47872701879907
-1.79037134037848
2.30536126933345
5.67283152347758
6.63344920592835
5.01522322645544
2.11955451440399
-0.336994871818125
-1.49120055101042
-1.85708157403745
-2.72947786863734
-4.95058606085178
-8.01206797753402
-10.2147644116827
-9.8058020412831
-6.26401095245548
-0.775141289943563
4.4711499412366
7.66147609168629
8.41862557729099
7.79155099895064
7.23000263618354
7.35361469591528
7.46438909488206
6.17241040302317
2.64661202441231
-2.48507114583438
-7.30887239000808
-9.78963867110445
-9.09340807356343
-6.1039762642951
-2.75914109330719
-0.701785852072837
-0.23866991815262
-0.354072336571142
0.276317144073741
2.07869329874353
4.12620405923348
4.80005074786363
3.07260679468337
-0.568211604225377
-4.27955345968299
-6.02855128715115
-4.92745622811857
-1.7717930238886
1.59734631354153
3.61694879974191
4.02375011474537
3.83055107315806
4.31369409112673
5.81883813071362
7.32717616345092
7.14220425586892
4.19792504089896
-0.997412196230241
-6.51248239334134
-10.1608127183433
-10.851691225366
-9.15486686480012
-6.69615242270797
-4.86848269858248
-3.84051551601473
-2.60085921802416
0.0224239994678601
4.175876534112
8.56964309404674
11.1983717223655
10.6898670241709
7.28948641149857
2.74363939585505
-0.844715965644643
-2.35827067990221
-2.23718295687538
-1.89622598104482
-2.4681511107517
-3.85005351294967
-4.7847863051301
-3.9113083903416
-0.970588919826681
2.77689302217863
5.2792582914432
5.06071210946632
2.23240270841542
-1.59514397307189
-4.43051308162155
-5.22517420977837
-4.43759273549136
-3.45443557450975
-3.34856321274299
-3.94739982649278
-3.93912893978694
-1.94544700218173
2.2572590518816
7.3157499494397
11.0355339059318
11.7672806552002
9.44516669888084
5.53077260641941
1.92453387353254
-0.335077824365677
-1.62415772171267
-3.15716745175194
-5.76196816848532
-8.97760040375239
-11.1980556148481
-10.785112018039
-7.32590524631182
-2.08208405550579
2.73247192802217
5.3405559871146
5.45790492053626
4.26764309549684
3.37011190936791
3.52229122941432
4.12113402597801
3.80605603729451
1.69688031579049
-1.7056829782943
-4.67923050575031
-5.41835671644284
-3.32365135699966
0.517751928870962
4.02846824715511
5.51338751059427
4.71151879610622
2.77805921852635
1.25178703616826
0.81808078998225
0.816922718240316
-0.133974596214864
-2.88892188152071
-6.87251647067374
-10.2492319854632
-11.0825318899187
-8.65072637948118
-3.9558876832048
0.947965687878914
4.31170592835222
5.73954568186303
6.1814615693622
6.92378352071489
8.3850782979841
9.66173796516686
9.18749607270457
6.01296639013972
0.724681614588059
-4.72223515376335
-8.17663986824383
-8.63456300930432
-6.7852848043139
-4.38086928647393
-2.91858510619063
-2.62371626189498
-2.47583392608065
-1.22183981480736
1.43139280587447
4.38681656799681
5.84931103705478
4.64060673498064
1.15067638486079
-2.80537561215644
-5.1473209379187
-4.87347562535096
-2.61933295886685
-0.0486860460660155
1.43790230065711
1.69501838991915
1.78658610681502
2.96278359492081
5.46876975292577
8.12696139996457
9.05028314127302
6.98276024298459
2.27599463107421
-3.23457620416039
-7.38024987157763
-9.0057370565439
-8.54356795611646
-7.43175988697728
-6.85559643559166
-6.79041310840542
-6.07767952394452
-3.4686266962605
1.1774996612675
6.48399980336465
10.2927500718676
11.0389277094806
8.76793661434699
5.05232240356895
1.87587191761712
0.310359696155598
-0.0501474106503811
-0.514075979053888
-2.05566999392889
-4.39008152057478
-6.08721752088042
-5.65255378336657
-2.75623272854317
1.33753434942475
4.49999999999957
5.11981427855966
3.13878169964357
-0.00476129951421878
-2.46291145130781
-3.27543741982283
-2.91705094052488
-2.71448575766825
-3.61387958739255
-5.27049362256511
-6.18456383442383
-4.80689641802323
-0.790371340378969
4.56538232113173
9.03885692726218
10.8760898930478
9.84535024537682
7.20800269095178
4.6630051281817
3.07960953533416
1.97304544488669
0.0989492561093908
-3.31661146463498
-7.68389857830934
-11.2147644116816
-12.0658230930838
-9.63003635623906
-5.01778197706178
-0.35897707768497
2.5730279151392
3.41862557729189
3.22074091260801
3.39987561726099
4.5251875711693
5.83041449866746
5.84424100379984
3.64661202441229
-0.225050094033995
-3.94284698622484
-5.54699798398552
-4.26328105464171
-1.01552808774775
2.24085890669395
3.86902423427122
3.59145710076971
2.4743547881755
1.91029174028914
2.4068626979688
3.12620405923393
2.54002969606266
-0.293418609099677
-4.81085229134519
-9.10968047860367
-11.1169994636998
-9.9274562281189
-6.34260311023167
-2.23278070538023
0.788521674994044
2.38977551852889
3.50238167393393
5.31369409112564
8.07885918251547
8.65538450565717
7.60069057024827
5.89383051644801
4.03553390593205
2.46735579894495
1.43331154376639
0.92317503998792
0.715482114705067
0.49999999999994
0.0292467816292405
-0.761920914091697
-1.71660540010111
-2.51244077082017
-2.79289321881345
-2.32203403081793
-1.1015165365958
0.597904398717717
2.30585902963083
3.49999999999984
3.7788907214745
2.9970564742266
1.31272147505634
-0.868948974807978
-3.03553390593193
-4.73788717647455
-5.72868960032192
-6.01923203528293
-5.8363857890266
-5.49999999999996
-5.27114540178056
-5.23219203436273
-5.24668254627306
-5.01540172789996
-4.20710678118578
-2.61267756707317
-0.261433438279894
2.54802849764701
5.3180056017715
7.50000000000078
8.66825087409619
8.65538450565766
7.60069057024741
5.89383051644692
4.03553390593229
2.46735579894513
1.4333115437665
0.923175039987739
0.715482114705089
0.499999999999983
0.029246781629328
-0.761920914091571
-1.71660540010098
-2.51244077082009
-2.79289321881346
-2.32203403081742
-1.10151653659491
0.597904398716173
2.30585902963062
3.5000000000003
3.77889072147435
2.99705647422677
1.31272147505807
-0.868948974807667
-3.0355339059331
-4.73788717647436
-5.72868960032183
-6.01923203528293
-5.83638578902664
-5.50000000000001
-5.27114540178057
-5.23219203436272
-5.24668254627304
-5.01540172790002
-4.2071067811868
-2.61267756707344
-0.26143343827834
2.5480284976487
5.31800560177115
7.49999999999929
8.66825087409653
8.65538450565733
7.60069057024761
5.89383051644718
4.03553390593254
2.46735579894531
1.4333115437666
0.923175039987781
0.715482114705111
0.4999999999998
0.0292467816294151
-0.761920914091446
-1.71660540010085
-2.51244077082043
-2.79289321881342
-2.32203403081817
-1.10151653659622
0.597904398717224
2.30585902963152
3.50000000000019
3.77889072147438
2.99705647422695
1.31272147505689
-0.868948974807357
-3.03553390593283
-4.73788717647417
-5.72868960032175
-6.01923203528293
-5.83638578902668
-5.50000000000005
-5.2711454017805
-5.23219203436274
-5.24668254627308
-5.01540172790009
-4.20710678118611
-2.61267756707227
-0.261433438278703
2.54802849764622
5.3180056017708
7.5000000000003
8.66825087409645
8.65538450565741
7.60069057024781
5.89383051644743
4.03553390593278
2.46735579894549
1.4333115437667
0.923175039987599
0.715482114705132
0.500000000000069
0.0292467816295034
-0.761920914091983
-1.7166054001014
-2.51244077082035
-2.79289321881348
-2.32203403081766
-1.10151653659533
0.597904398716978
2.30585902963131
3.50000000000008
3.77889072147442
2.99705647422713
1.31272147505717
-0.868948974807047
-3.035533905934
-4.73788717647399
-5.72868960032166
-6.01923203528293
-5.8363857890265
-5.49999999999986
-5.27114540178061
-5.23219203436272
-5.24668254627305
-5.01540172789981
-4.20710678118627
-2.61267756707254
-0.261433438279067
2.54802849764791
5.31800560177045
7.50000000000007
8.66825087409637
8.65538450565748
7.60069057024801
5.89383051644769
4.03553390593302
2.46735579894472
1.43331154376626
0.923175039987866
0.715482114705155
0.499999999999886
0.0292467816291291
-0.761920914091857
-1.7166054001006
-2.51244077082027
-2.79289321881344
-2.32203403081778
-1.10151653659554
0.597904398716733
2.3058590296311
3.49999999999998
3.77889072147445
2.9970564742273
1.31272147505599
-0.868948974806737
-3.03553390593228
-4.7378871764738
-5.72868960032203
-6.01923203528293
-5.83638578902654
-5.50000000000013
-5.27114540178053
-5.23219203436273
-5.24668254627306
-5.01540172789988
-4.20710678118643
-2.61267756707282
-0.261433438279431
2.54802849764752
5.3180056017701
7.50000000000108
8.66825087409629
8.65538450565756
7.60069057024822
5.89383051644659
4.03553390593198
2.4673557989449
1.43331154376691
0.923175039987685
0.715482114705061
0.499999999999929
0.0292467816292166
-0.761920914091732
-1.71660540010115
-2.51244077082019
-2.79289321881345
-2.3220340308179
-1.10151653659464
0.597904398716486
2.30585902963089
3.49999999999987
3.7788907214743
2.99705647422655
1.31272147505772
-0.868948974806427
-3.03553390593345
-4.7378871764746
-5.72868960032194
-6.01923203528293
-5.83638578902658
-5.49999999999995
-5.27114540178055
-5.23219203436273
-5.24668254627306
-5.01540172789994
-4.20710678118659
-2.61267756707309
-0.261433438279795
2.54802849764921
5.3180056017716
7.49999999999959
8.66825087409621
8.65538450565722
7.60069057024736
5.89383051644685
4.03553390593351
2.46735579894508
1.43331154376647
0.923175039987727
0.715482114705083
0.499999999999972
0.0292467816293036
-0.761920914091605
-1.71660540010102
-2.51244077082011
-2.79289321881341
-2.32203403081802
-1.10151653659596
0.59790439871624
2.30585902963179
3.50000000000033
3.77889072147434
2.99705647422765
1.31272147505654
-0.868948974807752
-3.03553390593318
-4.73788717647441
-5.72868960032186
-6.01923203528293
-5.83638578902663
-5.49999999999999
-5.27114540178057
-5.23219203436275
-5.24668254627307
-5.0154017279
-4.20710678118676
-2.61267756707192
-0.26143343827824
2.54802849764673
5.31800560176939
7.5000000000006
8.66825087409655
8.6553845056573
7.60069057024756
5.89383051644711
4.03553390593247
2.46735579894526
1.43331154376657
0.92317503998777
0.715482114705105
0.500000000000015
0.029246781629392
-0.76192091409148
-1.71660540010157
-2.51244077082046
-2.79289321881347
-2.32203403081813
-1.10151653659506
0.597904398717291
2.30585902963158
3.49999999999965
3.77889072147437
2.9970564742269
1.31272147505682
-0.868948974807441
-3.0355339059329
-4.73788717647422
-5.72868960032177
-6.01923203528293
-5.83638578902667
-5.49999999999981
-5.27114540178059
-5.23219203436272
-5.24668254627308
-5.01540172789973
-4.20710678118606
-2.61267756707219
-0.261433438280523
2.54802849764842
5.3180056017709
7.50000000000037
