"x"
11.9506454167033
10.3349341223482
7.0663065123496
4.0011901638301
2.14118015595084
1.08294905947396
-0.403696723127417
-3.14977797225632
-6.68470718494014
-9.38071625712956
-9.56717519534713
-6.79037134037849
-2.26544881700873
1.84270450455649
3.80502208118212
3.38124863023836
1.79138511517968
0.663005128181746
0.768820500791634
1.50894382974768
1.5131628184817
-0.120459041929802
-2.92361980098685
-5.21476441168312
-5.23499195493911
-2.43388393353065
2.05328583480565
6.10512453745359
7.98964549091037
7.41862557729104
5.5315299471483
3.86397723239914
3.1109740087962
2.63426207596031
1.0839622264756
-2.35338797558998
-7.0558812321792
-11.1389994089319
-12.618065795851
-10.7273826697793
-6.4321456635183
-1.75914109330588
1.55823519972899
3.12735548563196
3.88856835054805
5.10644416299591
7.16714147529342
9.12620405923415
9.37086083420707
6.90273381360593
2.26021552051896
-2.64557886346761
-5.70038188792797
-5.92745622811725
-4.03181407568838
-1.76867909024248
-0.625691887377549
-0.80637690417755
-1.25789710339084
-0.68630590887362
1.24802804437134
3.49704914452934
4.31377713112262
2.56395044468082
-1.32558159545687
-5.51248239334333
-7.90079166654217
-7.48566582158156
-4.91222617767929
-1.86602540378447
0.219965477965664
1.15948448398516
1.96995086831847
3.85255101838951
7.0043036588601
10.2036176902638
11.5265411215896
9.68986702417023
5.02946535969646
-0.622386007931817
-5.08735665276499
-7.18839769882391
-7.32563113342343
-6.89622598104463
-7.03896119709512
-7.68018053187365
-7.61321342987709
-5.54528298655782
-1.29875831904848
3.77689302217878
7.53927934324562
8.42673751324987
6.47504339553297
3.23498304584965
0.657935094926328
-0.225174209777453
0.133217350853061
0.375691444413244
-0.520136087997032
-2.31342523027783
-3.61095954056415
-2.94544700217949
-0.00276199991736936
3.94972454565749
6.79289321881344
6.93715363627776
4.35671852233278
0.530772606416913
-2.64627621281099
-4.1652048432882
-4.4525848464588
-4.79114204796688
-6.09013756771088
-7.97760040375355
-8.93803456304683
-7.41908661425383
-3.08326455919198
2.74804296341673
7.82092010457192
10.3405559871148
10.0287150068795
8.09777011441871
6.19853903411449
5.15626582563109
4.44930342520227
2.80605603729516
-0.563140736012522
-5.07170838208011
-8.92187119286964
-10.2484837353647
-8.41209953354612
-4.48224807112709
-0.542341839187539
1.68326049167135
1.88309167135832
1.14408462230885
0.923617636944547
1.81808078998273
3.07694377004306
3.23205080756886
1.35371880559662
-2.04238945175364
-5.16078380891639
-6.08253188991824
-4.07991629313817
-0.125760664279314
3.77639281262685
5.94568052456847
6.06771508108655
5.18146156936156
4.66376246891318
5.01905289420008
5.41909727804757
4.35736905378153
0.92451821359054
-4.27531838541377
-9.2930452401087
-12.006766887167
-11.46299013405
-8.41925940052787
-4.70903868569711
-1.91858510619101
-0.363695210094874
0.890191477702409
3.02080087231287
6.26151982479695
9.47526474454484
10.8493110370554
9.21141682132195
4.98080340378215
0.0230515125895219
-3.51334634170268
-4.54530622612697
-3.61933295886586
-2.30870709786722
-1.92812310312759
-2.54762229720132
-3.04354091210706
-2.125664581626
0.468769752927376
3.55615131362273
5.22015612235053
4.15433311823754
0.64202003485711
-3.56274560338639
-6.38024987157838
-6.74571600474118
-5.17754255233016
-3.18911919985809
-2.02546941666958
-1.7019649318582
-1.07767952394438
1.10218339008334
5.00762668019039
9.31242692811143
11.9267246680851
11.3670971087045
7.76793661434638
2.79230135176691
-1.49015348616697
-3.93228099096405
-4.88027442957251
-5.60252415560222
-7.05566999392971
-8.96089160691892
-9.91734453980318
-8.4809809081123
-4.39020732475675
1.00936495020292
5.49999999999995
7.37983533036049
6.50480710342604
4.23787938760345
2.36721556761456
1.81301075672727
2.08294905947387
1.85632432867428
0.216247431528179
-2.44206649782086
-4.55058923820733
-4.47872701879929
-1.79037134037856
2.30536126933403
5.6728315234787
6.6334492059283
5.015223226454
2.1195545144033
-0.336994871818237
-1.49120055101003
-1.85708157403675
-2.7294778686376
-4.95058606085202
-8.01206797753468
-10.2147644116831
-9.80580204128195
-6.26401095245302
-0.775141289940655
4.47114994123794
7.6614760916868
8.41862557729104
7.79155099894999
7.23000263618357
7.35361469591547
7.46438909488254
6.17241040302348
2.6466120244101
-2.48507114583625
-7.30887239000955
-9.78963867110475
-9.0934080735637
-6.10397626429467
-2.75914109330591
-0.701785852072654
-0.238669918152408
-0.354072336571214
0.276317144073695
2.0786932987455
4.1262040592341
4.80005074786427
3.07260679468382
-0.568211604227096
-4.2795534596832
-6.0285512871515
-4.92745622811728
-1.77179302388675
1.59734631354193
3.61694879974171
4.02375011474468
3.83055107315703
4.31369409112642
5.8188381307141
7.32717616345152
7.14220425586879
4.19792504089641
-0.997412196233319
-6.51248239334327
-10.1608127183438
-10.851691225366
-9.15486686479865
-6.69615242270672
-4.86848269858218
-3.84051551601492
-2.60085921802437
0.0224239994672875
4.17587653411391
8.5696430940483
11.198371722366
10.6898670241702
7.28948641149823
2.74363939585272
-0.844715965645648
-2.35827067990174
-2.23718295687555
-1.8962259810446
-2.46815111075228
-3.8500535129514
-4.78478630513077
-3.91130839034227
-0.970588919824996
2.77689302217871
5.27925829144392
5.0607121094655
2.23240270841377
-1.59514397307237
-4.4305130816215
-5.22517420977758
-4.43759273548972
-3.45443557450895
-3.34856321274322
-3.94739982649332
-3.93912893978767
-1.94544700217954
2.25725905188421
7.31574994944185
11.0355339059327
11.7672806552
9.44516669888067
5.53077260641683
1.9245338735319
-0.335077824365864
-1.62415772171262
-3.15716745175125
-5.76196816848722
-8.97760040375347
-11.1980556148484
-10.7851120180384
-7.32590524631129
-2.08208405550572
2.73247192802408
5.34055598711486
5.45790492053664
4.26764309549647
3.37011190936828
3.52229122941557
4.12113402597865
3.80605603729517
1.69688031578919
-1.70568297829564
-4.67923050575024
-5.41835671644246
-3.3236513569985
0.517751928872694
4.02846824715538
5.5133875105935
4.71151879610452
2.77805921852449
1.25178703616813
0.8180807899827
0.816922718241358
-0.133974596215428
-2.88892188152268
-6.87251647067556
-10.2492319854641
-11.0825318899183
-8.65072637948115
-3.95588768320134
0.947965687880545
4.31170592835283
5.739545681863
6.18146156936149
6.92378352071477
8.38507829798452
9.66173796516687
9.18749607270365
6.0129663901383
0.724681614586514
-4.72223515376587
-8.17663986824472
-8.63456300930375
-6.78528480431233
-4.38086928647356
-2.91858510619112
-2.62371626189645
-2.47583392608201
-1.22183981480635
1.43139280587469
4.38681656799685
5.8493110370553
4.64060673497923
1.15067638486009
-2.80537561215661
-5.14732093791825
-4.8734756253506
-2.61933295886587
-0.0486860460655043
1.43790230065684
1.69501838991792
1.78658610681504
2.96278359492193
5.46876975292721
8.12696139996551
9.05028314127276
6.98276024298382
2.27599463107289
-3.2345762041628
-7.38024987157841
-9.00573705654287
-8.54356795611457
-7.43175988697741
-6.85559643559176
-6.79041310840603
-6.07767952394428
-3.46862669625964
1.17749966126812
6.48399980336501
10.2927500718694
11.0389277094809
8.76793661434658
5.05232240356859
1.87587191761747
0.310359696155265
-0.0501474106502606
-0.514075979054377
-2.05566999392963
-4.39008152057606
-6.08721752088089
-5.65255378336611
-2.75623272854118
1.33753434942627
4.49999999999994
5.11981427855894
3.13878169964159
-0.00476129951571225
1.96410161513777
-0.598076211353099
-2.99999999999989
-4.5980762113533
-4.96410161513777
-4.00000000000001
-1.96410161513782
0.598076211353328
2.99999999999985
4.59807621135328
4.96410161513777
4.00000000000004
1.96410161513787
-0.598076211353275
-3.00000000000004
-4.59807621135326
-4.96410161513776
-4.00000000000007
-1.96410161513779
0.598076211353221
2.99999999999999
4.59807621135323
4.96410161513777
4.00000000000011
1.96410161513784
-0.598076211353309
-2.99999999999995
-4.59807621135332
-4.96410161513778
-4.00000000000005
-1.96410161513789
0.598076211353255
2.99999999999991
4.5980762113533
4.96410161513778
4.00000000000009
1.96410161513781
-0.598076211353201
-2.99999999999998
-4.59807621135328
-4.96410161513775
-4.00000000000012
-1.96410161513786
0.598076211353148
2.99999999999993
4.59807621135326
4.96410161513776
3.99999999999998
1.96410161513791
-0.598076211353236
-2.99999999999989
-4.5980762113533
-4.96410161513777
-4.00000000000001
-1.96410161513796
0.598076211353182
2.99999999999985
4.59807621135327
4.96410161513776
4.00000000000005
1.96410161513775
-0.598076211353129
-2.99999999999992
-4.59807621135325
-4.96410161513776
-4.00000000000008
-1.9641016151378
0.598076211353357
2.99999999999987
4.59807621135329
4.96410161513779
4.00000000000011
1.96410161513784
-0.598076211353304
-2.99999999999983
-4.59807621135327
-4.96410161513779
-4.00000000000014
-1.96410161513789
0.59807621135325
3.00000000000002
4.59807621135325
4.96410161513777
4.00000000000017
1.96410161513794
-0.598076211353197
-2.99999999999997
-4.59807621135322
-4.96410161513777
-4.00000000000004
-1.96410161513799
0.598076211353143
2.99999999999993
4.59807621135332
4.96410161513778
4.00000000000007
1.96410161513804
-0.59807621135309
-2.99999999999989
-4.59807621135329
-4.96410161513775
-4.0000000000001
-1.96410161513783
0.598076211353036
2.99999999999984
4.59807621135327
4.96410161513776
4.00000000000013
1.96410161513788
-0.598076211352983
-2.9999999999998
-4.59807621135325
-4.96410161513776
-4
-1.96410161513793
0.598076211353212
2.99999999999976
4.59807621135323
4.96410161513777
4.00000000000003
1.96410161513772
-0.598076211353158
-2.99999999999994
-4.59807621135321
-4.96410161513778
-4.00000000000006
-1.96410161513777
0.598076211353104
2.9999999999999
4.59807621135319
4.96410161513778
4.00000000000009
1.96410161513782
-0.598076211353333
-2.99999999999985
-4.59807621135328
-4.96410161513779
-4.00000000000013
-1.96410161513787
0.59807621135328
2.99999999999981
4.59807621135326
4.96410161513776
4.00000000000016
1.96410161513792
-0.598076211353226
-3
-4.59807621135324
-4.96410161513777
-4.00000000000019
-1.96410161513797
0.598076211353173
2.99999999999995
4.59807621135333
4.96410161513777
4.00000000000005
1.96410161513802
-0.598076211353119
-2.99999999999991
-4.59807621135331
-4.96410161513778
-4.00000000000008
-1.96410161513807
0.598076211353065
2.99999999999987
4.59807621135328
4.96410161513775
4.00000000000012
1.96410161513785
-0.598076211353012
-2.99999999999982
-4.59807621135326
-4.96410161513776
-4.00000000000015
-1.9641016151379
0.598076211353241
2.99999999999978
4.59807621135324
4.96410161513777
4.00000000000001
1.96410161513795
-0.598076211353187
-2.99999999999974
-4.59807621135322
-4.96410161513777
-4.00000000000004
-1.96410161513774
0.598076211353133
2.99999999999992
4.5980762113532
4.96410161513778
4.00000000000007
1.96410161513779
-0.59807621135308
-2.99999999999988
-4.59807621135329
-4.96410161513779
-4.00000000000011
-1.96410161513784
0.598076211353309
2.99999999999984
4.59807621135327
4.96410161513779
4.00000000000014
1.96410161513789
-0.598076211353255
-3.00000000000002
-4.59807621135325
-4.96410161513777
-4.00000000000017
-1.96410161513794
0.598076211353201
2.99999999999998
4.59807621135323
4.96410161513777
4.0000000000002
1.96410161513799
-0.598076211353148
-2.99999999999993
-4.59807621135332
-4.96410161513778
-4.00000000000007
-1.96410161513804
0.598076211353095
2.99999999999989
4.5980762113533
4.96410161513778
4.0000000000001
1.96410161513809
-0.598076211353323
-2.99999999999985
-4.59807621135327
-4.96410161513779
-3.99999999999996
-1.96410161513788
0.598076211352988
2.9999999999998
4.59807621135325
4.96410161513776
4.00000000000016
1.96410161513766
-0.598076211353216
-2.99999999999976
-4.59807621135323
-4.96410161513777
-4.00000000000002
-1.96410161513798
0.59807621135288
2.99999999999994
4.59807621135321
4.96410161513778
4.00000000000006
1.96410161513776
-0.598076211353109
-2.99999999999967
-4.5980762113533
-4.96410161513778
-4.00000000000009
-1.96410161513807
0.598076211353338
2.99999999999986
4.59807621135317
4.96410161513776
4.00000000000012
1.96410161513786
-0.598076211353002
-3.00000000000004
-4.59807621135326
-4.9641016151378
-4.00000000000015
-1.96410161513791
0.598076211353231
2.99999999999977
4.59807621135335
4.96410161513777
4.00000000000019
1.96410161513796
-0.598076211353177
-2.99999999999996
-4.59807621135322
-4.96410161513781
-4.00000000000005
-1.96410161513801
0.598076211353124
2.99999999999991
4.59807621135331
4.96410161513778
4.00000000000025
1.9641016151378
-0.59807621135307
-2.99999999999987
-4.59807621135329
-4.96410161513775
-4.00000000000011
-1.96410161513811
0.598076211353299
2.99999999999983
4.59807621135326
4.96410161513779
3.99999999999998
1.9641016151379
-0.598076211352963
-3.00000000000001
-4.59807621135324
-4.96410161513777
-4.00000000000018
-1.96410161513769
0.598076211353192
2.99999999999974
4.59807621135322
4.96410161513777
4.00000000000004
1.964101615138
-0.598076211353421
-2.99999999999993
-4.5980762113532
-4.96410161513778
-4.00000000000007
-1.96410161513779
0.598076211353085
2.99999999999965
4.59807621135329
4.96410161513779
4.0000000000001
1.96410161513784
-0.598076211353313
-2.99999999999984
-4.59807621135316
-4.96410161513776
-4.00000000000014
-1.96410161513788
0.598076211352978
3.00000000000002
4.59807621135325
4.9641016151378
4
1.96410161513793
-0.598076211353206
-2.99999999999975
-4.59807621135334
-4.96410161513777
-4.0000000000002
-1.96410161513798
0.598076211353153
2.99999999999994
4.59807621135321
4.96410161513774
4.00000000000006
1.96410161513803
-0.598076211353099
-2.99999999999989
-4.5980762113533
-4.96410161513778
-4.00000000000027
-1.96410161513782
0.598076211353046
2.99999999999985
4.59807621135328
4.96410161513776
4.00000000000013
1.96410161513813
-0.598076211353275
-2.99999999999981
-4.59807621135326
-4.9641016151378
-3.99999999999999
-1.96410161513792
0.598076211352939
2.99999999999999
4.59807621135323
4.96410161513777
4.00000000000019
1.96410161513771
-0.598076211353168
-2.99999999999972
-4.59807621135321
-4.96410161513778
-4.00000000000005
-1.96410161513802
0.598076211353396
2.99999999999991
4.59807621135319
4.96410161513778
4.00000000000009
1.96410161513781
-0.598076211353061
-2.99999999999964
-4.59807621135328
-4.96410161513779
-4.00000000000012
-1.96410161513786
0.598076211353289
2.99999999999982
4.59807621135315
4.96410161513776
4.00000000000015
1.96410161513791
-0.598076211352954
-3
-4.59807621135324
-4.9641016151378
-4.00000000000001
-1.96410161513796
0.598076211353182
2.99999999999973
4.59807621135333
4.96410161513777
4.00000000000022
1.96410161513775
-0.598076211353129
-2.99999999999992
-4.5980762113532
-4.96410161513775
-4.00000000000008
-1.96410161513806
0.598076211353075
2.99999999999987
4.59807621135329
4.96410161513779
3.99999999999994
1.96410161513784
-0.598076211353022
-2.99999999999983
-4.59807621135327
-4.96410161513776
-4.00000000000014
-1.96410161513816
0.59807621135325
2.99999999999979
4.59807621135325
4.96410161513777
4
1.96410161513794
-0.598076211352914
-2.99999999999997
-4.59807621135322
-4.96410161513777
-4.00000000000021
-1.96410161513773
0.598076211353143
2.9999999999997
4.59807621135332
4.96410161513778
4.00000000000007
1.96410161513804
-0.598076211353372
-2.99999999999989
-4.59807621135318
-4.96410161513779
-4.0000000000001
-1.96410161513783
0.598076211353036
-2.35338797559008
-7.05588123217917
-11.1389994089316
-12.618065795851
-10.7273826697793
-6.43214566351858
-1.75914109330623
1.55823519972887
3.12735548563196
3.88856835054806
5.1064441629958
7.1671414752933
9.12620405923398
9.37086083420699
6.90273381360656
2.2602155205192
-2.64557886346731
-5.70038188792796
-5.92745622811753
-4.03181407568836
-1.76867909024243
-0.625691887377636
-0.806376904177532
-1.25789710339068
-0.686305908873764
1.24802804437111
3.49704914452929
4.31377713112268
2.56395044468105
-1.32558159545644
-5.51248239334312
-7.90079166654209
-7.48566582158185
-4.91222617767936
-1.8660254037846
0.219965477965647
1.15948448398541
1.96995086831851
3.85255101838944
7.00430365885981
10.2036176902634
11.5265411215895
9.68986702417048
5.02946535969725
-0.62238600793189
-5.08735665276503
-7.18839769882371
-7.32563113342339
-6.89622598104463
-7.03896119709515
-7.68018053187361
-7.61321342987713
-5.54528298655763
-1.29875831904888
3.7768930221783
7.53927934324564
8.42673751324988
6.47504339553322
3.23498304584991
0.657935094926423
-0.225174209777591
0.13321735085276
0.375691444413276
-0.520136087996903
-2.31342523027752
-3.61095954056405
-2.94544700217952
-0.00276199991751369
3.94972454565692
6.79289321881315
6.93715363627781
4.35671852233282
0.530772606417193
-2.64627621281077
-4.16520484328832
-4.45258484645871
-4.79114204796682
-6.09013756771099
-7.97760040375347
-8.9380345630468
-7.41908661425414
-3.08326455919219
2.74804296341642
7.8209201045717
10.3405559871147
10.0287150068797
8.09777011441891
6.19853903411472
5.156265825631
4.44930342520209
2.80605603729508
-0.56314073601193
-5.07170838207993
-8.92187119286936
-10.2484837353647
-8.41209953354602
-4.48224807112697
-0.542341839187828
1.68326049167124
1.88309167135838
1.14408462230883
0.923617636944502
1.81808078998254
3.07694377004308
3.23205080756894
1.35371880559664
-2.04238945175345
-5.16078380891634
-6.08253188991831
-4.07991629313859
-0.125760664279422
3.77639281262673
5.94568052456866
6.06771508108671
5.18146156936177
4.66376246891325
5.01905289419993
5.41909727804745
4.35736905378137
0.924518213591078
-4.27531838541298
-9.29304524010879
-12.0067668871669
-11.4629901340501
-8.41925940052825
-4.70903868569722
-1.91858510619127
-0.36369521009491
0.890191477702517
3.02080087231276
6.26151982479666
9.4752647445444
10.8493110370554
9.21141682132206
4.98080340378246
0.0230515125901136
-3.51334634170267
-4.54530622612716
-3.61933295886598
-2.30870709786726
-1.92812310312734
-2.54762229720124
-3.04354091210701
-2.12566458162589
0.468769752926956
3.55615131362235
5.22015612235041
4.15433311823738
0.642020034857227
-3.56274560338613
-6.38024987157865
-6.74571600474111
-5.17754255233042
-3.18911919985833
-2.02546941666971
-1.70196493185817
-1.07767952394432
1.1021833900828
5.00762668019033
9.31242692811131
11.9267246680849
11.3670971087046
7.76793661434668
2.7923013517675
-1.49015348616643
-3.9322809909642
-4.88027442957267
-5.60252415560213
-7.05566999392946
-8.96089160691864
-9.91734453980308
-8.48098090811252
-4.39020732475659
1.00936495020258
5.49999999999972
7.37983533036048
6.50480710342602
4.23787938760355
2.36721556761446
1.81301075672741
2.08294905947389
1.85632432867422
0.216247431528452
-2.44206649782076
-4.55058923820725
-4.47872701879919
-1.79037134037901
2.30536126933406
5.67283152347869
6.63344920592834
5.0152232264545
2.11955451440338
-0.336994871818016
-1.4912005510101
-1.85708157403705
-2.72947786863747
-4.95058606085165
-8.01206797753428
-10.2147644116831
-9.80580204128217
-6.26401095245325
-0.77514128994138
4.4711499412378
7.66147609168676
8.4186255772911
7.79155099894998
7.23000263618357
7.35361469591535
7.46438909488258
6.17241040302349
2.64661202441018
-2.48507114583559
-7.30887239000963
-9.78963867110465
-9.09340807356394
-6.10397626429525
-2.75914109330585
-0.701785852072807
-0.238669918152332
-0.354072336571072
0.276317144073678
2.07869329874524
4.12620405923378
4.80005074786409
3.07260679468392
-0.568211604227165
-4.27955345968303
-6.02855128715154
-4.92745622811737
-1.77179302388695
1.59734631354151
3.6169487997417
4.02375011474483
3.83055107315695
4.31369409112647
5.81883813071411
7.32717616345141
7.14220425586908
4.1979250408964
-0.997412196233063
-6.51248239334273
-10.1608127183436
-10.8516912253662
-9.15486686479886
-6.69615242270696
-4.86848269858198
-3.84051551601487
-2.60085921802437
0.0224239994670399
4.1758765341138
8.5696430940482
11.1983717223658
10.6898670241705
7.2894864114982
2.74363939585277
-0.844715965645293
-2.35827067990168
-2.23718295687565
-1.89622598104455
-2.46815111075215
-3.85005351295121
-4.78478630513065
-3.9113083903425
-0.970588919825395
2.77689302217867
5.27925829144384
5.06071210946565
2.23240270841343
-1.59514397307241
-4.43051308162137
-5.22517420977756
-4.43759273548983
-3.45443557450915
-3.34856321274313
-3.94739982649316
-3.93912893978783
-1.94544700217963
2.25725905188401
7.31574994944156
11.0355339059326
11.7672806552002
9.44516669888131
5.53077260641698
1.92453387353182
-0.33507782436563
-1.62415772171242
-3.15716745175137
-5.76196816848687
-8.97760040375289
-11.1980556148484
-10.7851120180385
-7.32590524631177
-2.08208405550607
2.73247192802418
5.34055598711464
5.45790492053664
4.26764309549642
3.37011190936836
3.52229122941519
4.12113402597829
3.80605603729522
1.6968803157892
-1.70568297829553
-4.67923050575013
-5.41835671644253
-3.32365135699855
0.517751928872162
-4.5980762113532
-4.96410161513778
-4.00000000000008
-1.96410161513832
0.598076211353357
2.99999999999965
4.59807621135318
4.96410161513779
4.00000000000011
1.96410161513784
-0.598076211352739
-2.9999999999996
-4.59807621135316
-4.96410161513779
-4.00000000000014
-1.96410161513789
0.59807621135325
2.99999999999956
4.59807621135313
4.9641016151378
4.00000000000017
1.96410161513794
-0.598076211352632
-2.99999999999997
-4.59807621135311
-4.96410161513781
-4.00000000000021
-1.96410161513799
0.598076211353143
2.99999999999947
4.59807621135332
4.96410161513781
4.00000000000024
1.96410161513804
-0.59807621135309
-2.99999999999989
-4.59807621135307
-4.96410161513775
-4.00000000000027
-1.96410161513809
0.598076211353036
2.99999999999984
4.59807621135327
4.96410161513783
3.99999999999996
1.96410161513814
-0.598076211352983
-2.9999999999998
-4.59807621135325
-4.96410161513776
-4.00000000000034
-1.96410161513819
0.598076211352929
2.99999999999976
4.59807621135323
4.96410161513777
4.00000000000003
1.96410161513824
-0.598076211352875
-2.99999999999971
-4.59807621135321
-4.96410161513778
-4.0000000000004
-1.96410161513777
0.598076211352822
2.99999999999967
4.59807621135319
4.96410161513778
4.00000000000009
1.96410161513834
-0.598076211353333
-2.99999999999963
-4.59807621135317
-4.96410161513779
-4.00000000000013
-1.96410161513787
0.598076211352715
3.00000000000004
4.59807621135315
4.9641016151378
4.00000000000016
1.96410161513792
-0.598076211353226
-2.99999999999954
-4.59807621135313
-4.9641016151378
-4.00000000000019
-1.96410161513797
0.598076211353173
2.99999999999995
4.5980762113531
4.96410161513781
4.00000000000022
1.96410161513802
-0.598076211353119
-2.99999999999946
-4.59807621135331
-4.96410161513782
-4.00000000000025
-1.96410161513807
0.598076211353065
2.99999999999987
4.59807621135306
4.96410161513775
4.00000000000029
1.96410161513812
-0.598076211353012
-2.99999999999982
-4.59807621135326
-4.96410161513783
-3.99999999999998
-1.96410161513816
0.598076211352958
2.99999999999978
4.59807621135324
4.96410161513777
4.00000000000035
1.96410161513821
-0.598076211352905
-2.99999999999974
-4.59807621135322
-4.96410161513784
-4.00000000000004
-1.96410161513774
0.598076211352851
2.99999999999969
4.59807621135298
4.96410161513778
4.00000000000007
1.96410161513831
-0.598076211352798
-3.00000000000011
-4.59807621135318
-4.96410161513779
-4.00000000000011
-1.96410161513836
0.598076211353309
2.99999999999961
4.59807621135316
4.96410161513779
4.00000000000048
1.96410161513789
-0.598076211353255
-2.99999999999956
-4.59807621135314
-4.96410161513773
-4.00000000000017
-1.96410161513794
0.598076211352637
2.99999999999952
4.59807621135334
4.96410161513781
4.0000000000002
1.96410161513799
-0.598076211352584
-2.99999999999993
-4.59807621135332
-4.96410161513781
-4.00000000000024
-1.96410161513856
0.598076211353095
2.99999999999989
4.59807621135307
4.96410161513782
3.99999999999993
1.96410161513809
-0.598076211353041
-2.99999999999985
-4.59807621135305
-4.96410161513776
-4.0000000000003
-1.96410161513814
0.598076211352988
2.99999999999935
4.59807621135325
4.96410161513776
4.00000000000033
1.96410161513819
-0.598076211353499
-2.99999999999976
-4.59807621135323
-4.96410161513784
-4.00000000000037
-1.96410161513771
0.59807621135288
2.99999999999972
4.59807621135321
4.96410161513784
4.00000000000006
1.96410161513776
-0.598076211352827
-2.99999999999967
-4.59807621135297
-4.96410161513778
-4.00000000000009
-1.96410161513834
0.598076211352773
3.00000000000009
4.59807621135317
4.96410161513779
4.00000000000012
1.96410161513839
-0.598076211353284
-2.99999999999959
-4.59807621135315
-4.9641016151378
-4.0000000000005
-1.96410161513791
0.598076211353231
-1.65598897572733
-2.38393581559738
-3.00769322093278
-3.49999999999993
-3.83933998420383
-4.01088238790069
-4.00712998489726
-3.82824677321076
-3.482050807569
-2.9836725129027
-2.35489341217333
-1.62319416929986
-0.82055355227798
0.0179491924312529
0.855667471301011
1.65598897572729
2.38393581559734
3.00769322093275
3.50000000000002
3.83933998420382
4.01088238790069
4.00712998489727
3.82824677321085
3.4820508075689
2.98367251290258
2.35489341217337
1.62319416929969
0.820553552278023
-0.0179491924309807
-0.855667471301193
-1.65598897572725
-2.38393581559749
-3.00769322093287
-3.49999999999988
-3.8393399842038
-4.0108823879007
-4.00712998489727
-3.82824677321079
-3.48205080756881
-2.98367251290276
-2.3548934121734
-1.62319416929994
-0.820553552278066
0.0179491924311661
0.855667471301151
1.65598897572742
2.38393581559746
3.00769322093269
3.49999999999998
3.83933998420386
4.0108823879007
4.00712998489725
3.82824677321087
3.48205080756895
2.98367251290264
2.35489341217344
1.62319416929977
0.820553552277884
-0.0179491924308937
-0.855667471301108
-1.65598897572738
-2.38393581559742
-3.00769322093281
-3.49999999999996
-3.83933998420385
-4.0108823879007
-4.00712998489728
-3.82824677321081
-3.48205080756885
-2.98367251290267
-2.35489341217329
-1.62319416929981
-0.820553552278151
0.0179491924310793
0.855667471301065
1.65598897572734
2.38393581559757
3.00769322093263
3.49999999999993
3.83933998420383
4.01088238790069
4.00712998489726
3.82824677321076
3.48205080756888
2.98367251290269
2.35489341217351
1.62319416929985
0.820553552277969
-0.0179491924310358
-0.855667471301247
-1.6559889757273
-2.38393581559735
-3.00769322093276
-3.50000000000003
-3.83933998420382
-4.01088238790071
-4.00712998489729
-3.82824677321084
-3.4820508075689
-2.98367251290272
-2.35489341217336
-1.62319416929968
-0.820553552278011
0.0179491924309925
0.855667471301204
1.65598897572726
2.3839358155975
3.00769322093273
3.5
3.83933998420381
4.01088238790068
4.00712998489727
3.82824677321078
3.48205080756892
2.9836725129026
2.35489341217321
1.62319416929993
0.820553552278054
-0.0179491924309487
-0.855667471301162
-1.65598897572743
-2.38393581559747
-3.0076932209327
-3.49999999999998
-3.83933998420379
-4.0108823879007
-4.00712998489725
-3.8282467732108
-3.48205080756894
-2.98367251290278
-2.35489341217343
-1.62319416929976
-0.820553552278096
0.0179491924311346
0.855667471301344
1.65598897572718
2.38393581559743
3.00769322093282
3.49999999999996
3.83933998420385
4.0108823879007
4.00712998489728
3.82824677321081
3.48205080756896
2.98367251290266
2.35489341217328
1.6231941692998
0.820553552278139
-0.0179491924310911
-0.855667471301077
-1.65598897572735
-2.3839358155974
-3.00769322093279
-3.50000000000005
-3.83933998420377
-4.01088238790069
-4.00712998489726
-3.82824677321083
-3.48205080756887
-2.98367251290253
-2.3548934121735
-1.62319416929984
-0.820553552278182
0.0179491924310478
0.855667471301258
1.65598897572731
2.38393581559736
3.00769322093276
3.49999999999992
3.83933998420382
4.01088238790071
4.00712998489727
3.82824677321077
3.48205080756901
2.98367251290272
2.35489341217335
1.62319416929988
0.820553552277999
-0.0179491924312332
-0.855667471300992
-1.65598897572727
-2.38393581559751
-3.00769322093273
-3.50000000000001
-3.83933998420381
-4.01088238790068
-4.00712998489727
-3.82824677321085
-3.48205080756891
-2.98367251290259
-2.35489341217338
-1.62319416929971
-0.820553552278042
0.0179491924309607
0.855667471301174
1.65598897572723
2.38393581559748
3.00769322093286
3.49999999999987
3.8393399842038
4.0108823879007
4.00712998489728
3.82824677321079
3.48205080756882
2.98367251290277
2.35489341217342
1.62319416929996
0.820553552278085
-0.0179491924311463
-0.855667471301131
-1.6559889757274
-2.38393581559744
-3.00769322093268
-3.49999999999997
-3.83933998420385
-4.0108823879007
-4.00712998489726
-3.82824677321088
-3.48205080756896
-2.98367251290265
-2.35489341217345
-1.62319416929979
-0.820553552277903
0.0179491924308739
0.855667471301089
1.65598897572736
2.38393581559741
3.0076932209328
3.49999999999994
3.83933998420384
4.01088238790069
4.00712998489729
3.82824677321082
3.48205080756886
2.98367251290268
2.3548934121733
1.62319416929983
0.82055355227817
-0.0179491924310595
-0.855667471301046
-1.65598897572732
-2.38393581559756
-3.00769322093262
-3.49999999999992
-3.83933998420383
-4.01088238790069
-4.00712998489727
-3.82824677321076
-3.48205080756889
-2.98367251290271
-2.35489341217352
-1.62319416929987
-0.820553552277988
0.017949192431016
0.855667471301228
1.65598897572728
2.38393581559734
3.00769322093274
3.50000000000002
3.83933998420381
4.01088238790071
4.00712998489729
3.82824677321085
3.48205080756891
2.98367251290274
2.35489341217337
1.6231941692997
0.820553552278031
-0.0179491924309727
-0.855667471301185
-1.65598897572724
-2.38393581559749
-3.00769322093287
-3.49999999999999
-3.8393399842038
-4.01088238790068
-4.00712998489727
-3.82824677321079
-3.48205080756893
-2.98367251290261
-2.35489341217322
-1.62319416929995
-0.820553552278073
0.0179491924311583
0.855667471301142
1.65598897572741
2.38393581559745
3.00769322093268
3.49999999999997
3.83933998420379
4.0108823879007
4.00712998489725
3.8282467732108
3.48205080756895
2.98367251290264
2.35489341217344
1.62319416929978
0.820553552278116
-0.017949192431115
-0.855667471301324
-1.65598897572716
-2.38393581559742
-3.00769322093281
-3.49999999999995
-3.83933998420384
-4.01088238790072
-4.00712998489728
-3.82824677321082
-3.48205080756897
-2.98367251290267
-2.35489341217329
-1.62319416929982
-0.820553552278158
0.0179491924310713
0.855667471301057
1.65598897572733
2.38393581559757
3.00769322093278
3.50000000000004
3.83933998420376
4.01088238790069
4.00712998489726
3.82824677321083
3.48205080756888
2.98367251290255
2.35489341217352
1.62319416929986
0.820553552277977
-0.017949192431028
-0.855667471301239
-1.65598897572729
-2.38393581559735
-3.00769322093275
-3.49999999999991
-3.83933998420382
-4.01088238790071
-4.00712998489727
-3.82824677321077
-3.4820508075689
-2.98367251290273
-2.35489341217336
-1.62319416929989
-0.820553552278019
0.0179491924312136
0.855667471300973
1.65598897572725
2.3839358155975
3.00769322093272
3.5
3.83933998420387
4.01088238790068
4.00712998489727
3.82824677321086
3.48205080756892
2.9836725129026
2.3548934121734
1.62319416929972
0.820553552278062
-0.0179491924309412
-0.855667471301154
-1.65598897572742
-2.38393581559746
-3.00769322093285
-3.49999999999986
-3.83933998420379
-4.0108823879007
-4.00712998489728
-3.8282467732108
-3.48205080756883
-2.98367251290279
-2.35489341217344
-1.62319416929976
-0.820553552278104
0.0179491924311268
0.855667471301112
1.65598897572738
2.38393581559743
3.00769322093266
3.49999999999996
3.83933998420385
4.0108823879007
4.00712998489726
3.82824677321081
3.48205080756897
2.98367251290266
2.35489341217347
1.6231941692998
0.820553552277922
-0.0179491924308539
-0.855667471301069
-1.65598897572734
-2.38393581559739
-3.00769322093279
-3.50000000000005
-3.83933998420384
-4.01088238790069
-4.00712998489729
-3.82824677321083
-3.48205080756887
-2.98367251290269
-2.35489341217332
-1.62319416929984
-0.820553552278189
0.0179491924310398
0.855667471301251
1.6559889757273
2.38393581559754
3.00769322093261
3.49999999999991
3.83933998420382
4.01088238790069
4.00712998489727
3.82824677321077
3.4820508075689
2.98367251290272
2.35489341217335
1.62319416929988
0.820553552278007
-0.0179491924309962
-0.855667471301208
-1.65598897572726
-2.38393581559732
-3.00769322093273
-3.50000000000001
-3.83933998420381
-4.01088238790071
-4.00712998489725
-3.82824677321085
-3.48205080756892
-2.98367251290275
-2.35489341217339
-1.62319416929971
-0.82055355227805
0.0179491924309529
0.855667471301166
1.65598897572722
2.38393581559747
3.00769322093285
3.49999999999998
3.8393399842038
4.01088238790068
4.00712998489728
3.8282467732108
3.48205080756894
2.98367251290263
2.35489341217324
1.62319416929996
0.820553552278092
-0.0179491924311386
-0.855667471301123
-1.65598897572739
-2.38393581559743
-3.00769322093267
-3.49999999999996
-3.83933998420378
-4.0108823879007
-4.00712998489726
-3.82824677321081
-3.48205080756896
-2.98367251290265
-2.35489341217346
-1.62319416929979
-0.820553552278135
0.0179491924310951
0.855667471301305
1.65598897572714
2.3839358155974
3.0076932209328
3.49999999999994
3.83933998420384
4.01088238790072
4.00712998489729
3.82824677321082
3.48205080756898
2.98367251290268
2.35489341217331
1.62319416929983
0.820553552278178
-0.0179491924310515
-0.855667471301039
-1.65598897572731
-2.38393581559755
-3.00769322093277
-3.50000000000003
-3.83933998420376
-4.01088238790069
-4.00712998489727
-3.82824677321084
-3.48205080756889
-2.98367251290256
-2.35489341217353
-1.62319416929987
-0.820553552277996
0.0179491924310082
0.85566747130122
1.65598897572727
2.38393581559733
3.00769322093274
3.4999999999999
3.83933998420381
4.01088238790071
4.00712998489727
3.82824677321078
3.48205080756891
2.98367251290274
2.35489341217338
1.62319416929991
0.820553552278038
-0.0179491924311941
-0.855667471300954
-1.65598897572723
-2.38393581559748
-3.00769322093271
-3.49999999999999
-3.83933998420387
-4.01088238790068
-4.00712998489727
-3.82824677321086
-3.48205080756893
-2.98367251290262
-2.35489341217342
-1.62319416929974
-0.820553552278081
0.0179491924309212
0.855667471301135
1.6559889757274
2.38393581559744
3.00769322093283
3.49999999999985
3.83933998420379
4.0108823879007
4.00712998489728
3.82824677321081
3.48205080756884
2.9836725129028
2.35489341217345
1.62319416929978
0.820553552278124
-0.017949192431107
-0.855667471301317
-1.65598897572736
-2.38393581559741
-3.00769322093265
-3.49999999999995
-3.83933998420384
-4.01088238790069
-4.00712998489726
-3.82824677321082
-3.48205080756898
-2.98367251290268
-2.3548934121733
-1.62319416929982
-0.820553552277941
0.0179491924308344
0.85566747130105
1.65598897572732
2.38393581559737
3.00769322093277
3.50000000000004
3.83933998420383
4.01088238790069
4.00712998489727
3.82824677321083
3.48205080756888
2.9836725129027
2.35489341217334
1.62319416929986
0.820553552278209
-0.0179491924310202
-0.855667471301232
-1.65598897572728
-2.38393581559752
-3.00769322093275
-3.4999999999999
-3.83933998420382
-4.01088238790069
-4.00712998489727
-3.82824677321077
-3.48205080756902
-2.98367251290273
-2.35489341217337
-1.6231941692999
-0.820553552278027
0.0179491924312059
0.855667471301189
1.65598897572725
2.3839358155973
3.00769322093272
3.5
3.8393399842038
4.0108823879007
4.00712998489727
3.82824677321086
3.48205080756893
2.98367251290261
2.35489341217341
1.62319416929973
0.820553552278294
-0.0179491924309332
-0.855667471301147
-1.65598897572721
-2.38393581559745
-3.00769322093284
-3.49999999999997
-3.83933998420379
-4.0108823879007
-4.00712998489728
-3.8282467732108
-3.48205080756895
-2.98367251290264
-2.35489341217344
-1.62319416929998
-0.820553552278112
0.0179491924311188
0.855667471301104
1.65598897572737
2.3839358155976
3.00769322093266
3.49999999999995
3.83933998420378
4.0108823879007
4.00712998489726
3.82824677321082
3.48205080756897
2.98367251290267
2.35489341217348
1.62319416929981
0.82055355227793
-0.0179491924310755
-0.855667471301062
-1.65598897572713
-2.38393581559738
-3.00769322093278
-3.49999999999993
-3.83933998420383
-4.01088238790071
-4.00712998489729
-3.82824677321083
-3.48205080756888
-2.9836725129027
-2.35489341217333
-1.62319416929985
-0.820553552278197
0.0179491924310318
0.855667471301019
1.6559889757273
2.38393581559753
3.00769322093275
3.49999999999991
3.83933998420382
4.01088238790069
4.00712998489727
3.82824677321084
3.4820508075689
2.98367251290257
2.35489341217355
1.62319416929989
0.820553552278015
-0.0179491924309885
-0.855667471301201
-1.65598897572747
-2.38393581559731
-3.00769322093272
-3.49999999999989
-3.83933998420381
-4.0108823879007
-4.00712998489727
-3.82824677321086
-3.48205080756892
-2.98367251290276
-2.3548934121734
-1.62319416929972
-0.820553552278058
0.0179491924311739
0.855667471300934
1.65598897572722
2.38393581559746
3.0076932209327
3.49999999999998
3.83933998420386
4.01088238790068
4.00712998489728
3.8282467732108
3.48205080756894
2.98367251290263
2.35489341217343
1.62319416929997
0.8205535522781
-0.0179491924309014
-0.855667471301116
-1.65598897572739
-2.38393581559743
-3.00769322093282
-3.49999999999996
-3.83933998420378
-4.0108823879007
-4.00712998489728
-3.82824677321081
-3.48205080756885
-2.98367251290281
-2.35489341217347
-1.6231941692998
-0.820553552278143
0.0179491924310871
0.855667471301297
1.65598897572714
2.38393581559739
3.00769322093264
3.49999999999994
3.83933998420384
4.01088238790069
4.00712998489726
3.82824677321083
3.48205080756899
2.98367251290269
2.35489341217332
1.62319416929984
0.820553552277961
-0.0179491924308144
-0.855667471301031
-1.65598897572731
-2.38393581559736
-3.00769322093276
-3.50000000000003
-3.83933998420375
-4.01088238790069
-4.00712998489727
-3.82824677321084
-3.48205080756889
-2.98367251290272
-2.35489341217335
-1.62319416929988
-0.820553552278228
0.0179491924310002
0.855667471301212
1.65598897572727
2.38393581559751
3.00769322093273
3.49999999999989
3.83933998420381
4.01088238790068
4.00712998489727
3.82824677321078
3.48205080756903
2.98367251290275
2.35489341217339
1.62319416929992
0.820553552278046
-0.0179491924311859
-0.85566747130117
-1.65598897572723
-2.38393581559729
-3.0076932209327
-3.49999999999999
-3.8393399842038
-4.0108823879007
-4.00712998489728
-3.82824677321087
-3.48205080756894
-2.98367251290262
-2.35489341217342
-1.62319416929975
-0.820553552278313
0.0179491924309134
0.855667471301127
1.65598897572719
2.38393581559744
3.00769322093283
3.49999999999996
3.83933998420378
4.0108823879007
4.00712998489728
3.82824677321081
3.48205080756896
2.98367251290265
2.35489341217346
1.6231941693
0.820553552278131
-0.017949192431099
-0.855667471301085
-1.65598897572736
-2.38393581559759
-3.00769322093265
-3.49999999999994
-3.83933998420384
-4.01088238790069
0.597904398717001
2.30585902963077
3.50000000000009
3.77889072147441
2.99705647422711
1.31272147505714
-0.868948974807892
-3.03553390593258
-4.7378871764745
-5.72868960032189
-6.01923203528293
-5.83638578902661
-5.49999999999997
-5.27114540178056
-5.23219203436273
-5.24668254627307
-5.01540172789998
-4.20710678118625
-2.61267756707324
-0.261433438279034
2.54802849764795
5.31800560177048
7.50000000000009
8.66825087409638
8.65538450565748
7.60069057024747
5.89383051644767
4.03553390593236
2.46735579894518
1.43331154376652
0.92317503998775
0.715482114705095
0.499999999999995
0.029246781629352
-0.761920914091538
-1.71660540010095
-2.51244077082028
-2.79289321881347
-2.32203403081777
-1.10151653659552
0.597904398716754
2.30585902963112
3.50000000000027
3.77889072147445
2.99705647422682
1.31272147505742
-0.868948974807583
-3.03553390593303
-4.73788717647431
-5.72868960032181
-6.01923203528293
-5.83638578902665
-5.50000000000002
-5.27114540178053
-5.23219203436272
-5.24668254627306
-5.01540172790004
-4.20710678118642
-2.61267756707279
-0.261433438279398
2.54802849764755
5.31800560177106
7.49999999999985
8.66825087409651
8.65538450565735
7.60069057024767
5.89383051644725
4.0355339059326
2.46735579894536
1.43331154376663
0.923175039987793
0.715482114705116
0.499999999999925
0.0292467816294391
-0.761920914091743
-1.71660540010116
-2.5124407708202
-2.79289321881345
-2.32203403081789
-1.10151653659573
0.597904398717157
2.30585902963091
3.50000000000016
3.77889072147439
2.997056474227
1.31272147505697
-0.868948974807273
-3.03553390593275
-4.73788717647412
-5.72868960032172
-6.01923203528293
-5.83638578902658
-5.50000000000006
-5.27114540178055
-5.23219203436273
-5.24668254627306
-5.01540172789993
-4.20710678118615
-2.61267756707307
-0.261433438278803
2.54802849764716
5.3180056017707
7.50000000000024
8.66825087409643
8.65538450565743
7.60069057024787
5.8938305164475
4.03553390593285
2.46735579894507
1.43331154376673
0.923175039987723
0.715482114705138
0.499999999999967
0.0292467816292956
-0.761920914091617
-1.71660540010103
-2.51244077082033
-2.79289321881346
-2.32203403081769
-1.10151653659539
0.597904398716911
2.30585902963125
3.50000000000005
3.77889072147443
2.99705647422717
1.31272147505724
-0.868948974806962
-3.0355339059332
-4.73788717647393
-5.72868960032186
-6.01923203528293
-5.83638578902662
-5.49999999999999
-5.27114540178057
-5.23219203436273
-5.24668254627305
-5.0154017279
-4.20710678118631
-2.61267756707262
-0.261433438279167
2.5480284976478
5.31800560177035
7.5
8.66825087409635
8.65538450565751
7.60069057024807
5.89383051644708
4.03553390593309
2.46735579894525
1.43331154376656
0.923175039987765
0.715482114705103
0.499999999999897
0.029246781629384
-0.761920914091823
-1.7166054001009
-2.51244077082025
-2.79289321881344
-2.32203403081781
-1.1015165365956
0.597904398716665
2.30585902963104
3.49999999999995
3.77889072147437
2.99705647422735
1.31272147505679
-0.868948974806652
-3.03553390593293
-4.73788717647424
-5.72868960032178
-6.01923203528293
-5.83638578902655
-5.50000000000003
-5.27114540178054
-5.23219203436273
-5.24668254627306
-5.01540172789989
-4.20710678118648
-2.61267756707289
-0.26143343827953
2.54802849764741
5.31800560177
7.50000000000039
8.66825087409627
8.65538450565738
7.60069057024774
5.89383051644734
4.03553390593269
2.46735579894543
1.43331154376666
0.923175039987696
0.715482114705125
0.49999999999994
0.0292467816292405
-0.761920914091697
-1.71660540010111
-2.51244077082017
-2.79289321881345
-2.32203403081793
-1.1015165365958
0.597904398716419
2.30585902963138
3.49999999999984
3.77889072147441
2.99705647422706
1.31272147505707
-0.86894897480716
-3.03553390593338
-4.73788717647405
-5.72868960032192
-6.01923203528293
-5.8363857890266
-5.49999999999996
-5.27114540178056
-5.23219203436273
-5.24668254627306
-5.01540172789996
-4.20710678118664
-2.61267756707244
-0.261433438279894
2.54802849764806
5.31800560176965
7.50000000000015
8.6682508740964
8.65538450565746
7.60069057024794
5.89383051644692
4.03553390593293
2.46735579894513
1.4333115437665
0.923175039987739
0.715482114705089
0.499999999999983
0.029246781629328
-0.761920914091571
-1.71660540010098
-2.51244077082009
-2.79289321881344
-2.32203403081805
-1.10151653659546
0.597904398716822
2.30585902963117
3.50000000000001
3.77889072147444
2.99705647422724
1.31272147505662
-0.86894897480685
-3.0355339059331
-4.73788717647436
1.6559889757271
2.38393581559736
3.00769322093276
3.49999999999992
3.83933998420382
4.01088238790069
4.00712998489727
3.82824677321084
3.48205080756901
2.98367251290272
2.35489341217335
1.62319416929988
0.820553552277999
-0.017949192431004
-0.855667471300992
-1.65598897572727
-2.38393581559751
-3.00769322093273
-3.4999999999999
-3.83933998420381
-4.01088238790071
-4.00712998489725
-3.82824677321085
-3.48205080756891
-2.98367251290259
-2.35489341217357
-1.62319416929992
-0.820553552278042
0.0179491924311901
0.85566747130095
1.65598897572723
2.38393581559748
3.00769322093286
3.49999999999987
3.8393399842038
4.0108823879007
4.0071299848973
3.82824677321087
3.48205080756893
2.98367251290262
2.35489341217323
1.62319416929996
0.820553552278085
-0.0179491924311463
-0.855667471300907
-1.65598897572719
-2.38393581559744
-3.00769322093283
-3.49999999999985
-3.83933998420378
-4.0108823879007
-4.00712998489726
-3.82824677321088
-3.48205080756896
-2.98367251290265
-2.35489341217364
-1.6231941693
-0.820553552278127
0.0179491924311033
0.855667471301312
1.65598897572757
2.38393581559741
3.0076932209328
3.49999999999983
3.83933998420377
4.01088238790069
4.00712998489726
3.82824677321089
3.48205080756898
2.98367251290268
2.3548934121733
1.62319416929962
0.82055355227817
-0.0179491924310595
-0.855667471300822
-1.65598897572711
-2.38393581559737
-3.00769322093277
-3.50000000000004
-3.8393399842039
-4.01088238790069
-4.00712998489727
-3.82824677321076
-3.482050807569
-2.98367251290271
-2.35489341217334
-1.62319416930008
-0.820553552278212
0.017949192431016
0.855667471301228
1.65598897572749
2.38393581559734
3.00769322093274
3.50000000000002
3.83933998420374
4.01088238790068
4.00712998489727
3.82824677321078
3.48205080756879
2.98367251290274
2.35489341217337
1.6231941692997
0.820553552278255
-0.0179491924309727
-0.855667471301185
-1.65598897572703
-2.3839358155973
-3.00769322093271
-3.49999999999999
-3.83933998420387
-4.01088238790068
-4.00712998489727
-3.82824677321079
-3.48205080756904
-2.98367251290277
-2.35489341217341
-1.62319416929974
-0.820553552277849
0.0179491924309292
0.855667471301143
1.65598897572741
2.38393581559727
3.00769322093268
3.49999999999997
3.83933998420372
4.01088238790068
4.00712998489728
3.8282467732108
3.48205080756884
2.9836725129028
2.35489341217344
1.62319416929978
0.82055355227834
-0.0179491924308859
-0.8556674713011
-1.65598897572737
-2.3839358155976
-3.00769322093266
-3.49999999999995
-3.83933998420384
-4.01088238790067
-4.00712998489728
-3.82824677321082
-3.48205080756909
-2.98367251290282
-2.35489341217348
-1.62319416929982
-0.820553552277934
0.0179491924313004
0.855667471301057
1.65598897572733
2.3839358155972
3.00769322093263
3.49999999999993
3.83933998420383
4.01088238790071
4.00712998489729
3.82824677321083
3.48205080756888
2.98367251290255
2.35489341217352
1.62319416929986
0.820553552278425
-0.0179491924307988
-0.855667471301016
-1.65598897572729
-2.38393581559753
-3.0076932209329
-3.49999999999991
-3.83933998420382
-4.01088238790071
-4.00712998489729
-3.82824677321084
-3.4820508075689
-2.98367251290257
-2.35489341217355
-1.62319416929989
-0.820553552278019
0.0179491924312136
0.855667471300973
1.65598897572725
2.38393581559713
3.00769322093257
3.49999999999989
3.83933998420381
4.0108823879007
4.0071299848973
3.82824677321086
3.48205080756892
2.9836725129026
2.35489341217321
1.62319416929993
0.820553552278062
-0.0179491924311703
-0.855667471300931
-1.65598897572721
-2.38393581559746
-3.00769322093254
-3.49999999999986
-3.83933998420379
-4.0108823879007
-4.00712998489725
-3.82824677321087
-3.48205080756895
-2.98367251290263
-2.35489341217325
-1.62319416929955
-0.820553552278104
0.0179491924306685
0.855667471300888
1.65598897572717
2.38393581559743
3.00769322093282
3.49999999999984
3.83933998420378
4.0108823879007
4.00712998489726
3.82824677321074
3.48205080756874
2.98367251290297
2.35489341217366
1.62319416930001
0.820553552278147
-0.0179491924310831
-0.855667471300845
-1.65598897572713
-2.38393581559739
-3.00769322093279
-3.50000000000005
-3.8393399842039
-4.01088238790069
-4.00712998489726
-3.8282467732109
-3.48205080756899
-2.98367251290269
-2.35489341217369
-1.62319416930005
-0.820553552278189
0.0179491924310398
0.855667471301251
1.65598897572751
2.38393581559736
3.00769322093276
3.50000000000003
3.83933998420389
4.01088238790069
4.00712998489732
3.82824677321091
3.48205080756901
2.98367251290272
2.35489341217335
1.62319416929967
0.820553552278232
-0.0179491924309962
-0.855667471301208
-1.65598897572747
-2.38393581559769
-3.00769322093242
-3.49999999999978
-3.83933998420374
-4.01088238790068
-4.00712998489727
-3.82824677321078
-3.48205080756903
-2.98367251290275
-2.35489341217339
-1.62319416929971
-0.820553552277826
0.0179491924309529
0.855667471301166
1.65598897572701
2.38393581559728
3.0076932209327
3.49999999999998
3.83933998420373
4.01088238790068
4.00712998489728
3.8282467732108
3.48205080756882
2.98367251290278
2.35489341217343
1.62319416929975
0.820553552277868
-0.0179491924309092
-0.855667471301123
-1.65598897572697
-2.38393581559725
-3.00769322093267
-3.49999999999996
-3.83933998420385
-4.01088238790067
-4.00712998489728
-3.82824677321081
-3.48205080756885
-2.9836725129025
-2.35489341217309
-1.62319416930021
-0.820553552278359
0.0179491924308659
0.855667471301081
1.65598897572735
2.38393581559721
3.00769322093264
3.49999999999994
3.83933998420384
4.01088238790072
4.00712998489724
3.82824677321082
3.4820508075691
2.98367251290284
2.3548934121735
1.62319416929983
0.820553552278402
-0.0179491924308224
-0.855667471301039
-1.65598897572731
-2.38393581559755
-3.00769322093292
-3.49999999999992
-3.83933998420383
-4.01088238790071
-4.00712998489729
-3.82824677321084
-3.48205080756912
-2.98367251290287
-2.35489341217353
-1.62319416929987
-0.820553552277996
0.0179491924312374
0.855667471300996
1.65598897572727
2.38393581559751
3.00769322093289
3.50000000000013
3.83933998420367
4.01088238790066
4.0071299848973
3.82824677321085
3.48205080756891
2.98367251290259
2.35489341217357
1.62319416929991
0.820553552278038
-0.0179491924311941
-0.855667471301402
-1.65598897572723
-2.38393581559711
-3.00769322093256
-3.49999999999988
-3.8393399842038
-4.0108823879007
-4.0071299848973
-3.82824677321086
-3.48205080756893
-2.98367251290262
-2.35489341217323
-1.62319416929995
-0.820553552278081
0.0179491924311503
0.855667471300911
1.65598897572719
2.38393581559744
3.00769322093253
3.49999999999985
3.83933998420379
4.0108823879007
4.00712998489726
3.82824677321088
3.48205080756895
2.98367251290265
2.35489341217326
1.62319416929957
0.820553552278124
-0.0179491924306485
-0.855667471300869
-1.65598897572716
-2.38393581559741
-3.0076932209328
-3.49999999999983
-3.83933998420377
-4.01088238790069
-4.00712998489726
-3.82824677321075
-3.48205080756875
-2.98367251290298
-2.35489341217367
-1.62319416930003
-0.820553552278166
0.0179491924310635
0.855667471300827
1.65598897572712
2.38393581559737
3.00769322093277
3.50000000000004
3.8393399842039
4.01088238790069
4.00712998489727
3.82824677321091
3.482050807569
2.9836725129027
2.35489341217334
1.62319416930007
0.820553552278209
-0.0179491924310202
-0.855667471301232
-1.65598897572749
-2.38393581559734
-3.00769322093275
-3.50000000000002
-3.83933998420389
-4.01088238790069
-4.00712998489727
-3.82824677321092
-3.48205080756902
-2.98367251290273
-2.35489341217337
-1.62319416929969
-0.820553552278251
0.0179491924309765
0.855667471301189
1.65598897572745
2.38393581559767
3.00769322093302
3.49999999999977
3.83933998420373
4.01088238790068
4.00712998489727
3.82824677321079
3.48205080756904
2.98367251290276
2.35489341217341
1.62319416929973
0.820553552277845
-0.0179491924313915
-0.855667471301147
-1.655988975727
-2.38393581559727
-3.00769322093269
-3.49999999999997
-3.83933998420372
-4.01088238790068
-4.00712998489728
-3.8282467732108
-3.48205080756883
-2.98367251290248
-2.35489341217344
-1.62319416929977
-0.820553552277887
0.0179491924308897
0.855667471301104
1.65598897572696
2.38393581559723
3.00769322093266
3.49999999999995
3.83933998420385
4.01088238790072
4.00712998489728
3.82824677321082
3.48205080756886
2.98367251290251
2.3548934121731
1.62319416930023
0.820553552278379
-0.0179491924308464
-0.855667471301062
-1.65598897572734
-2.38393581559757
-3.00769322093263
-3.49999999999993
-3.83933998420383
-4.01088238790071
-4.00712998489724
-3.82824677321083
-3.48205080756911
-2.98367251290285
-2.35489341217351
-1.62319416929985
-0.820553552277973
0.0179491924308028
0.855667471301019
1.6559889757273
2.38393581559753
3.00769322093291
3.49999999999991
3.83933998420382
4.01088238790071
4.00712998489729
3.82824677321084
3.4820508075689
2.98367251290288
2.35489341217355
1.62319416929989
0.820553552278015
-0.0179491924312178
-0.855667471300977
-1.65598897572726
-2.3839358155975
-3.00769322093288
-3.50000000000012
-3.83933998420381
-4.01088238790066
-4.0071299848973
-3.82824677321086
-3.48205080756892
-2.9836725129026
-2.35489341217358
-1.62319416929993
-0.820553552278058
0.0179491924311739
0.855667471301382
1.65598897572763
2.38393581559709
3.00769322093254
3.49999999999987
3.83933998420379
4.0108823879007
4.0071299848973
3.82824677321087
3.48205080756894
2.98367251290263
2.35489341217325
1.62319416929955
0.8205535522781
-0.0179491924311304
-0.855667471300892
-1.65598897572718
-2.38393581559743
-3.00769322093251
-3.49999999999985
-3.83933998420378
-4.0108823879007
-4.00712998489726
-3.82824677321074
-3.48205080756896
-2.98367251290266
-2.35489341217328
-1.62319416929959
-0.820553552278143
0.017949192430629
0.855667471300849
1.65598897572714
2.38393581559739
3.00769322093279
3.50000000000005
3.83933998420377
4.01088238790069
4.00712998489726
3.82824677321075
3.48205080756876
2.983672512903
2.35489341217369
1.62319416930005
0.820553552278185
-0.0179491924310435
-0.855667471301255
-1.6559889757271
-2.38393581559736
-3.00769322093276
-3.50000000000003
-3.83933998420389
-4.01088238790069
-4.00712998489727
-3.82824677321091
-3.48205080756901
-2.98367251290272
-2.35489341217335
-1.62319416930009
-0.820553552278228
0.0179491924310002
0.855667471301212
1.65598897572748
2.38393581559732
3.00769322093273
3.50000000000001
3.83933998420388
4.01088238790068
4.00712998489727
3.82824677321092
3.48205080756903
2.98367251290275
2.35489341217339
1.62319416929971
0.82055355227827
-0.0179491924309567
-0.85566747130117
-1.65598897572744
-2.38393581559766
-3.00769322093301
-3.49999999999976
-3.83933998420373
-4.01088238790068
-4.00712998489728
-3.82824677321079
-3.48205080756905
-2.98367251290278
-2.35489341217342
-1.62319416929975
-0.820553552277864
0.0179491924313719
0.855667471301127
1.65598897572698
2.38393581559725
3.00769322093267
3.49999999999996
3.83933998420371
4.01088238790067
4.00712998489728
3.82824677321081
3.48205080756884
2.9836725129025
2.35489341217346
1.62319416929979
0.820553552277907
-0.0179491924308699
-0.855667471301085
-1.65598897572694
-2.38393581559722
-3.00769322093265
-3.49999999999994
-3.83933998420384
-4.01088238790072
-4.00712998489729
-3.82824677321082
-3.48205080756887
-2.98367251290253
-2.35489341217312
-1.62319416930025
-0.820553552278398
0.0179491924308264
0.855667471301043
1.65598897572732
2.38393581559755
3.00769322093262
3.49999999999992
3.83933998420383
4.01088238790071
4.00712998489724
3.82824677321084
3.48205080756912
2.98367251290286
2.35489341217353
1.62319416929987
0.820553552277992
-0.0179491924307829
-0.855667471301
-1.65598897572728
-2.38393581559752
-3.00769322093289
-3.4999999999999
-3.83933998420381
-4.01088238790071
-4.0071299848973
-3.82824677321085
-3.48205080756891
-2.98367251290289
-2.35489341217356
-1.62319416929991
-0.820553552278034
0.0179491924311976
0.855667471300958
1.65598897572724
2.38393581559748
3.00769322093286
3.50000000000011
3.8393399842038
4.01088238790066
4.0071299848973
3.82824677321086
3.48205080756893
2.98367251290261
2.3548934121736
1.62319416929995
0.820553552278077
-0.0179491924311543
-0.855667471301363
-1.65598897572762
-2.38393581559708
-3.00769322093253
-3.49999999999986
-3.83933998420379
-4.0108823879007
-4.0071299848973
-3.82824677321088
-3.48205080756895
-2.98367251290264
-2.35489341217326
-1.62319416929957
-0.82055355227812
0.0179491924311108
0.855667471300873
1.65598897572716
2.38393581559741
3.0076932209325
3.49999999999984
3.83933998420377
4.01088238790069
4.00712998489726
3.82824677321075
3.48205080756897
2.98367251290267
2.3548934121733
1.62319416929961
0.820553552278162
-0.017949192430609
-0.85566747130083
-1.65598897572712
-2.38393581559738
-3.00769322093278
-3.50000000000004
-3.83933998420376
-4.01088238790069
-4.00712998489726
-3.82824677321076
-3.48205080756877
-2.98367251290301
-2.3548934121737
-1.62319416930007
-0.820553552278205
0.017949192431024
0.855667471301236
1.65598897572708
2.38393581559734
3.00769322093275
3.50000000000002
3.83933998420389
4.01088238790069
4.00712998489727
3.82824677321092
3.48205080756902
2.98367251290273
2.35489341217337
1.62319416930011
0.820553552278247
-0.0179491924309807
-0.855667471301193
-1.65598897572746
-2.38393581559731
-3.00769322093272
-3.5
-3.83933998420387
-4.01088238790068
-4.00712998489727
-3.82824677321093
-3.48205080756904
-2.98367251290276
-2.3548934121734
-1.62319416929973
-0.82055355227829
0.0179491924309372
0.855667471301151
1.65598897572742
2.38393581559764
3.007693220933
3.49999999999975
3.83933998420372
4.01088238790068
4.00712998489728
3.8282467732108
3.48205080756906
2.98367251290279
2.35489341217344
1.62319416929977
0.820553552277884
-0.0179491924313517
-0.855667471301108
-1.65598897572696
-2.38393581559724
-3.00769322093266
-3.49999999999996
-3.83933998420371
-4.01088238790067
-4.00712998489728
-3.82824677321081
-3.48205080756885
-2.98367251290251
-2.35489341217347
7.60069057024825
5.89383051644732
4.03553390593267
2.46735579894493
1.43331154376693
0.923175039987804
0.715482114705123
0.499999999999937
0.0292467816292321
-0.761920914091708
-1.71660540010078
-2.51244077082018
-2.79289321881345
-2.32203403081792
-1.10151653659523
0.597904398716442
2.30585902963085
3.49999999999985
3.7788907214744
2.99705647422705
1.31272147505631
-0.86894897480637
-3.03553390593268
-4.73788717647407
-5.72868960032193
-6.01923203528293
-5.83638578902671
-5.50000000000007
-5.27114540178055
-5.23219203436273
-5.24668254627306
-5.01540172789978
-4.20710678118662
-2.61267756707314
-0.261433438279861
2.54802849764809
5.31800560177061
7.49999999999955
8.66825087409619
8.65538450565745
7.60069057024792
5.8938305164469
4.03553390593227
2.46735579894559
1.43331154376676
0.923175039987735
0.715482114705086
0.49999999999998
0.0292467816295514
-0.761920914091583
-1.716605400101
-2.51244077082009
-2.79289321881344
-2.32203403081772
-1.101516536596
0.597904398716196
2.30585902963119
3.50000000000031
3.77889072147435
2.99705647422769
1.31272147505805
-0.868948974807695
-3.03553390593313
-4.73788717647438
-5.72868960032184
-6.01923203528293
-5.83638578902664
-5.5
-5.27114540178057
-5.23219203436273
-5.24668254627307
-5.01540172790002
-4.20710678118679
-2.61267756707342
-0.261433438278307
2.54802849764874
5.31800560176933
7.49999999999931
8.66825087409654
8.65538450565732
7.6006905702476
5.8938305164485
4.03553390593251
2.4673557989453
1.43331154376659
0.923175039987778
0.715482114705109
0.500000000000022
0.0292467816294071
-0.761920914091457
-1.71660540010087
-2.51244077082044
-2.79289321881347
-2.32203403081816
-1.1015165365962
0.597904398717247
2.30585902963154
3.5000000000002
3.77889072147456
2.99705647422693
1.31272147505687
-0.868948974807386
-3.03553390593285
-4.73788717647419
-5.72868960032176
-6.01923203528293
-5.83638578902668
-5.50000000000004
-5.2711454017805
-5.23219203436272
-5.24668254627308
-5.01540172790008
-4.20710678118609
-2.61267756707224
-0.261433438280589
2.54802849764626
5.31800560177083
7.50000000000032
8.66825087409646
8.6553845056574
7.6006905702478
5.89383051644741
4.03553390593276
2.46735579894548
1.43331154376669
0.923175039987595
0.715482114705131
0.500000000000066
0.0292467816294955
-0.761920914091994
-1.71660540010142
-2.51244077081993
-2.79289321881348
-2.32203403081765
-1.10151653659531
0.597904398717001
2.30585902963133
3.50000000000009
3.77889072147441
2.99705647422711
1.31272147505714
-0.868948974807075
-3.03553390593258
-4.737887176474
-5.72868960032167
-6.01923203528293
-5.83638578902649
-5.49999999999986
-5.27114540178061
-5.23219203436272
-5.24668254627305
-5.01540172789981
-4.20710678118625
-2.61267756707397
-0.261433438279034
2.54802849764795
5.31800560177048
7.50000000000009
8.66825087409638
8.65538450565748
7.600690570248
5.89383051644767
4.035533905933
2.4673557989447
1.4333115437668
0.923175039987862
0.715482114705153
0.499999999999881
0.0292467816291211
-0.761920914091868
-1.71660540010061
-2.51244077082028
-2.79289321881344
-2.32203403081777
-1.10151653659552
0.597904398716754
2.30585902963112
3.49999999999999
3.77889072147445
2.99705647422729
1.31272147505596
-0.868948974806765
-3.03553390593231
-4.73788717647382
-5.72868960032203
-6.01923203528293
-5.83638578902676
-5.50000000000013
-5.27114540178053
-5.23219203436273
-5.24668254627306
-5.01540172789987
-4.20710678118642
-2.61267756707279
-0.261433438279398
2.54802849764755
5.31800560177013
7.49999999999985
8.6682508740963
8.65538450565756
7.6006905702482
5.89383051644657
4.03553390593196
2.46735579894584
1.4333115437669
0.923175039987681
0.715482114705059
0.499999999999925
0.0292467816296709
-0.761920914091743
-1.71660540010116
-2.5124407708202
-2.79289321881345
-2.32203403081789
-1.10151653659573
0.597904398716509
2.30585902963091
3.49999999999988
3.7788907214743
2.99705647422746
1.3127214750577
-0.868948974806455
-3.03553390593348
-4.73788717647462
-5.72868960032195
-6.01923203528293
-5.83638578902658
-5.49999999999995
-5.27114540178055
-5.23219203436273
-5.24668254627306
-5.01540172789993
-4.20710678118658
-2.61267756707307
-0.261433438279762
2.54802849764924
5.31800560176978
7.49999999999961
8.66825087409622
8.65538450565722
7.60069057024734
5.89383051644818
4.03553390593349
2.46735579894507
1.43331154376646
0.923175039987723
0.715482114705081
0.499999999999967
0.0292467816292956
-0.761920914091617
-1.71660540010103
-2.51244077082012
-2.79289321881346
-2.322034030818
-1.10151653659594
0.597904398716262
2.30585902963181
3.50000000000034
3.77889072147452
2.99705647422764
1.31272147505652
-0.86894897480778
-3.0355339059332
-4.73788717647344
-5.72868960032186
-6.01923203528293
-5.83638578902662
-5.49999999999999
-5.27114540178057
-5.23219203436273
-5.24668254627307
-5.0154017279
-4.20710678118674
-2.61267756707189
-0.261433438280126
2.54802849764676
5.31800560176942
7.50000000000063
8.66825087409656
8.6553845056573
7.6006905702486
5.89383051644708
4.03553390593245
2.46735579894525
1.43331154376656
0.923175039987765
0.715482114705103
0.50000000000001
0.029246781629384
-0.761920914091491
-1.71660540010158
-2.51244077082003
-2.79289321881347
-2.32203403081812
-1.10151653659504
0.597904398717314
2.30585902963049
3.49999999999966
3.77889072147437
2.99705647422689
1.31272147505679
-0.86894897480747
-3.03553390593293
-4.73788717647424
-5.72868960032178
-6.01923203528293
-5.83638578902667
-5.50000000000003
-5.27114540178058
-5.23219203436272
-5.24668254627308
-5.01540172789972
-4.20710678118605
-2.61267756707362
-0.26143343828049
2.54802849764845
5.31800560177093
7.50000000000039
8.66825087409606
8.65538450565738
7.60069057024774
5.89383051644734
4.03553390593269
2.46735579894543
1.43331154376666
0.923175039987808
0.715482114705124
0.500000000000054
0.0292467816290096
-0.761920914091365
-1.71660540010077
-2.51244077081995
-2.79289321881343
-2.32203403081761
-1.10151653659525
0.597904398715771
2.30585902963138
3.50000000000012
3.77889072147441
2.99705647422706
1.31272147505707
-0.86894897480716
-3.03553390593265
-4.73788717647405
-5.72868960032169
-6.01923203528293
-5.83638578902671
-5.50000000000008
-5.2711454017806
-5.23219203436274
-5.24668254627305
-5.01540172790013
-4.20710678118707
-2.61267756707244
-0.261433438278935
2.54802849764806
5.31800560177058
7.50000000000015
8.6682508740964
8.65538450565746
7.60069057024794
5.8938305164476
4.03553390593293
2.46735579894561
1.43331154376677
0.923175039987851
0.71548211470503
0.499999999999869
0.029246781629559
-0.76192091409124
-1.71660540010132
-2.5124407708203
-2.79289321881344
-2.32203403081836
-1.10151653659546
0.597904398716822
2.30585902963117
3.50000000000001
3.77889072147444
2.99705647422724
1.31272147505735
-0.86894897480685
-3.03553390593238
-4.73788717647486
-5.72868960032161
-6.01923203528293
-5.83638578902675
-5.49999999999989
-5.27114540178053
-5.23219203436273
-5.24668254627309
-5.01540172789985
-4.20710678118637
-2.61267756707272
-0.261433438279299
2.54802849764766
5.31800560177022
7.49999999999991
8.66825087409632
8.65538450565754
7.60069057024709
5.89383051644785
4.03553390593318
2.46735579894579
1.43331154376633
0.923175039987669
0.715482114705169
0.50000000000014
0.0292467816291841
-0.761920914091777
-1.71660540010119
-2.51244077082022
-2.79289321881345
-2.32203403081785
-1.10151653659567
0.597904398716576
2.30585902963096
3.49999999999991
3.77889072147447
2.99705647422742
1.31272147505762
-0.868948974808175
-3.03553390593355
-4.73788717647368
-5.72868960032153
-6.01923203528293
-5.83638578902657
-5.49999999999993
-5.27114540178064
-5.23219203436273
-5.24668254627306
-5.01540172789992
-4.20710678118653
-2.61267756707299
-0.261433438279662
2.54802849764726
5.31800560176987
7.49999999999968
8.66825087409666
8.65538450565762
7.60069057024834
5.89383051644811
4.03553390593214
2.46735579894502
1.43331154376643
0.923175039987936
0.715482114705074
0.499999999999956
0.0292467816292725
-0.761920914091652
-1.71660540010107
-2.51244077082014
-2.79289321881346
-2.32203403081797
-1.10151653659588
0.597904398717627
2.30585902963075
3.4999999999998
3.77889072147451
2.99705647422666
1.31272147505644
-0.868948974806229
-3.03553390593183
-4.73788717647448
-5.72868960032189
-6.01923203528293
-5.83638578902661
-5.49999999999998
-5.27114540178056
-5.23219203436273
-5.24668254627307
-5.01540172789998
-4.2071067811867
-2.61267756707327
-0.261433438280027
2.54802849764687
5.31800560177138
7.50000000000069
8.66825087409616
8.6553845056577
7.60069057024749
5.89383051644701
4.03553390593238
2.46735579894615
1.43331154376653
0.923175039987754
0.715482114705096
0.499999999999999
0.02924678162936
-0.761920914091526
-1.71660540010094
-2.51244077082006
-2.79289321881347
-2.32203403081746
-1.10151653659609
0.597904398716084
2.30585902963054
3.50000000000026
3.77889072147436
2.99705647422684
1.31272147505818
-0.868948974807555
-3.035533905933
-4.73788717647429
-5.7286896003218
-6.01923203528293
-5.83638578902665
-5.50000000000002
-5.27114540178058
-5.23219203436272
-5.24668254627304
-5.01540172790005
-4.20710678118686
-2.61267756707354
-0.261433438278472
2.54802849764856
5.31800560176917
7.4999999999992
8.6682508740965
8.65538450565735
7.60069057024769
5.89383051644727
4.03553390593262
2.46735579894538
1.43331154376664
0.923175039987796
0.715482114705119
0.500000000000042
0.0292467816294479
-0.7619209140914
-1.71660540010081
-2.5124407708204
-2.79289321881342
-2.32203403081821
-1.1015165365963
0.597904398717135
2.30585902963144
3.50000000000015
3.77889072147458
2.99705647422701
1.31272147505699
-0.868948974807245
-3.03553390593273
-4.7378871764741
-5.72868960032172
-6.01923203528293
-5.8363857890267
-5.50000000000006
-5.2711454017805
-5.23219203436272
-5.24668254627308
-5.01540172790011
-4.20710678118617
-2.61267756707237
-0.261433438278836
2.54802849764608
5.31800560177067
-6.85559643559126
-6.79041310840593
-6.0776795239437
-3.46862669626214
1.17749966126514
6.48399980336392
10.2927500718687
11.0389277094812
8.76793661434726
5.05232240357003
1.8758719176181
0.310359696154799
-0.0501474106513928
-0.514075979054603
-2.0556699939286
-4.39008152057449
-6.0872175208803
-5.65255378336674
-2.75623272854226
1.33753434942576
4.49999999999865
5.11981427855917
3.13878169964262
-0.00476129951503923
-2.46291145130793
-3.27543741982097
-2.91705094052731
-2.71448575766933
-3.61387958739417
-5.27049362256691
-6.18456383442278
-4.80689641802447
-0.790371340380303
4.56538232113424
9.03885692726245
10.8760898930481
9.84535024537719
7.20800269095233
4.663005128182
3.079609535332
1.97304544488494
0.0989492561076095
-3.31661146463388
-7.68389857830871
-11.2147644116824
-12.0658230930838
-9.63003635623806
-5.01778197706311
-0.358977077685544
2.57302791513873
3.4186255772919
3.22074091260722
3.39987561726109
4.52518757116799
5.83041449866627
5.84424100380067
3.64661202441097
-0.225050094033885
-3.94284698622319
-5.54699798398539
-4.26328105464232
-1.01552808774796
2.24085890669401
3.86902423427061
3.59145710077105
2.4743547881762
1.91029174028936
2.40686269796922
3.12620405923411
2.54002969606354
-0.293418609098488
-4.810852291345
-9.10968047860452
-11.1169994636995
-9.92745622811701
-6.34260311023137
-2.23278070538128
0.788521674995668
2.38977551852935
3.5023816739343
5.31369409112482
8.07885918251398
10.6932015672356
11.3848449429883
9.02805205981923
4.09103598031541
-1.51248239334134
-5.59000263200007
-7.0215642064443
-6.32643974005348
-5.06217782649072
-4.54031329935795
-4.84051551601459
-4.86088026982602
-3.34360140431796
-0.0667641530062131
3.73951607512543
6.10992354581721
5.68986702417078
2.71867632515648
-1.08648762306908
-3.67314309039227
-3.99224527611769
-2.56535235610053
-0.896225981045283
-0.208130058951026
-0.484028109167145
-0.542145618011613
0.918818628578653
4.11785925672157
7.776893022178
9.85006837778657
8.89083912838805
5.06082983315958
0.0388306231446884
-4.10234368239749
-6.22517420977857
-6.69761378729205
-6.82046097829324
-7.59120389986169
-8.77752684541457
-9.02757711633592
-6.94544700218006
-2.31355103445948
3.48562293052026
8.20710678118508
10.1333060589845
9.11699729965816
6.53077260641656
4.18455492533285
3.03094757941902
2.61848296540667
1.67295956717163
-0.673519991938696
-3.97760040375286
-6.62724552850523
-6.95498499911641
-4.49747812156617
-0.448109459290672
3.06064132724746
4.34055598711513
3.1978838687363
0.901617691713145
-0.872528777750483
-1.30783578950631
-0.96731415056906
-1.19394396270505
-2.87392977055214
-5.53580999721729
-7.50765763049618
-7.05233131265816
-3.65182075622159
1.51775192887091
6.28848929895593
8.87941291437858
8.9541594832233
7.60818623744674
6.34023521271627
5.81808078998261
5.38773280458525
3.69615242270715
-0.0604947567755889
-5.23854187445907
-9.92106258623909
-12.0825318899178
-10.9107474312836
-7.32191308698693
-3.29467499923825
-0.51842109056967
0.651097505314655
1.18146156936176
2.3529734343714
4.55495127906139
6.83331084042016
7.55352147648755
5.68479699091579
1.72468161458731
-2.46221410196361
-4.81061446446051
-4.39192232218454
-1.95515778539189
0.707578890073111
2.08141489380873
1.94709382444611
1.35429309284052
1.60658730993924
3.06536740208994
4.71498596722038
4.84931103705519
2.3805856831779
-2.21534901892514
-7.04801629927478
-9.97744795684078
-9.96192380189904
-7.61933295886629
-4.61949613240909
-2.39222471826631
-1.13340873482847
0.152611510599043
2.63461419569766
6.46876975292638
10.3869824517677
12.4163085450569
11.2254009301038
7.10612164999611
1.85387197238503
-2.38024987157785
-4.43492697019902
-4.71344093719301
-4.60333276223086
-5.22162183937559
-6.46224370918202
-7.0776795239436
-5.72864774806203
-2.18852574251737
2.24135911624482
5.46262305294694
5.95047953293281
3.76793661434846
0.48151231722762
-1.95425510130437
-2.51806742859052
-1.68412200686623
-0.842245378278415
-1.05566999392911
-2.13006046877423
-2.72119211709617
-1.40991309624676
2.0738942903817
6.425982525973
9.50000000000002
9.69062436490213
6.96890871856453
2.82366582523143
-0.828936855092
-2.94726802059645
-3.91705094052556
-4.97450680946991
-6.97990499117799
-9.51313430968544
-11.0146908533451
-9.8953445945713
-5.79037134037998
-0.00542776520864663
5.20872990834013
8.04766276830108
8.21137564916141
6.87983329172857
5.66300512818176
5.33963058713428
5.33907084866919
4.34158994322827
1.51351555428701
-2.59545040176169
-6.21476441168223
-7.49501300674038
-5.79990933731415
-2.18935485231598
1.27499751853019
2.90119731436191
2.41862557729129
0.960719860805975
0.0338502134770731
0.282546884049735
1.00028747974432
0.755792827251629
-1.35338797559013
-4.79586018037798
-7.7729740051472
-8.37542510873194
-5.89725565085901
-1.34369748697168
3.24085890669362
6.12904528607087
6.95748250455492
6.71699547529437
6.74041875921162
7.49531087451624
8.12620405923434
7.11083978240591
3.53670840982287
-1.98242516659853
-7.4757058823889
-10.7888300644754
-10.9274562281182
-8.60262416203305
-5.59880610916548
-3.454119012124
-2.44035150039275
-1.58606650261392
0.313694091125272
3.50804909617135
6.86307454831265
8.55641781824101
7.39407746360205
3.76286658109367
-0.512482393341267
-3.32998158019864
-3.65553880265939
-2.08379905293346
-0.232050807569151
0.548134877189979
0.159484483985506
-0.290070183482459
0.486525614605653
2.76166297174118
5.37349067134124
6.43809294504173
4.68986702417189
0.458655273354875
-4.45251302685323
-7.91578377751106
-8.82237229504009
-7.65380053264751
-5.89622598104545
-4.77894014529315
-4.31415512808834
-3.37057274275824
-0.71515596763662
3.78968985749774
8.77689302217678
12.1100894295881
12.2568645321722
9.30347052028163
4.86895764206773
0.986104494150615
-1.2251742097774
-2.12680370094889
-2.99033395937082
-4.76277677511499
-7.14355224919893
-8.69940771711082
-7.94544700217873
-4.57357208626085
0.119597526732507
3.96446609406584
5.30317904006196
4.02854912310938
1.53077260641741
-0.386255161009342
-0.799179439503821
-0.209944159340329
0.0389849709544612
-1.00168939116265
-2.97760040375379
-4.36722447670387
-3.58895959533284
-0.254837434447836
4.38201755963139
8.14908950379519
9.34055598711516
7.7686939550799
4.73174471063562
1.95589834699541
0.326138806708349
-0.639144751345492
-2.19394396270431
-5.13395082235436
-8.90183540100049
-11.7502983176158
-11.8824583315807
-8.74026893277255
-3.48224807113053
1.71767921261288
5.04928589545528
6.12573235847768
5.97421164123178
6.01206581349182
6.81808078998201
7.64775385638473
7.06217782649027
4.1821459303435
-0.408414855534874
-4.83261440969091
-7.0825318899179
-6.33993734493979
-3.49178606806441
-0.466247874492421
1.11555350564654
0.979266904539336
0.181461569362426
0.0929523825703336
1.18892587527796
2.59067015330129
2.72339445756659
0.59634881436837
-3.27531838541277
-7.03302418830665
-8.64074148338298
-7.22034944693272
-3.58913238160729
0.379409490850084
3.08141489380916
4.20711487624908
4.72031849662467
5.84922799705898
7.89549442101118
9.80343414376753
9.84931103705613
6.9513957695206
1.61477800000156
-4.21958917452737
-8.34347336062406
-9.63375440267482
-8.6193329588666
-6.87951718421082
-5.75825012204973
-5.37604942194682
-4.67751550832192
-2.45383398085032
1.4687697529268
5.81617236542231
8.58618152613409
8.39697380535674
5.47214705378002
1.52570257316178
-1.38024987157769
-2.17490591839859
-1.34741553340867
-0.360692075112235
-0.391494820453224
-1.37379553263385
-2.07767952394459
-1.15783766171907
1.6416012764041
5.06978624099185
7.09659764916311
6.27864893215817
2.76793661434923
-1.7785087345748
-5.32028050508898
-6.7607081157112
-6.51424902578823
-5.93069355482653
-6.05566999392932
-6.70087055511688
-6.55131913601983
-4.23834022099337
0.439919694161701
6.09781312674788
10.499999999999
11.9506454167033
10.334934122349
7.06630651235007
4.00119016383082
2.14118015595071
1.08294905947346
-0.403696723126986
-3.14977797225573
-6.68470718493826
-9.38071625712842
-9.56717519534738
-6.79037134037939
-2.26544881700942
1.84270450455639
3.80502208118239
3.38124863023871
1.7913851151803
0.663005128181283
0.768820500790737
1.50894382974774
1.51316281848188
-0.120459041928371
-2.92361980098649
-5.21476441168312
-5.23499195493914
-2.43388393353302
2.05328583480435
6.10512453745312
7.9896454909112
7.41862557729221
5.53152994714981
3.86397723239967
3.11097400879641
2.63426207596047
1.08396222647615
-2.35338797558946
-7.05588123217642
-11.1389994089301
-12.6180657958511
-10.7273826697799
-6.43214566351906
-1.75914109330785
1.55823519972841
3.12735548563215
3.88856835054805
5.10644416299544
7.16714147529302
9.12620405923323
9.3708608342072
6.90273381360691
2.26021552051991
-2.64557886346689
-5.70038188792716
-5.92745622811716
-4.03181407568917
-1.76867909024244
-0.625691887376062
-0.806376904178308
-1.25789710339074
-0.686305908874397
1.24802804437002
3.49704914452915
4.31377713112257
2.56395044468235
-1.32558159545436
-5.51248239334268
-7.90079166654274
-7.48566582158245
-4.91222617767932
-1.86602540378589
0.219965477964756
1.15948448398497
1.96995086831779
3.85255101838911
7.00430365885796
10.2036176902622
11.52654112159
9.68986702417085
5.02946535969746
-0.622386007931146
-5.08735665276378
-7.18839769882382
-7.32563113342378
-6.89622598104485
-7.03896119709514
-7.68018053187338
-7.61321342987737
-5.54528298655891
-1.29875831904967
3.77689302217765
7.53927934324549
8.42673751325007
6.47504339553381
3.23498304585007
0.657935094925509
-0.225174209776613
0.133217350852998
0.375691444413401
-0.520136087996157
-2.31342523027749
-3.61095954056409
-2.94544700217934
-0.00276199991954762
3.94972454565674
6.79289321881367
6.93715363627829
4.35671852233385
0.530772606419054
-2.64627621280948
-4.16520484328786
-4.45258484645921
-4.79114204796665
-6.09013756771096
-7.97760040375243
-8.93803456304662
-7.41908661425443
-3.08326455919301
2.74804296341581
7.8209201045699
10.3405559871146
10.0287150068801
8.09777011441975
6.19853903411502
5.15626582563125
4.44930342520289
2.80605603729585
-0.563140736011343
-5.07170838207882
-8.9218711928692
-10.2484837353643
-8.41209953354704
-4.48224807112795
-0.542341839187593
1.68326049167105
1.8830916713579
1.14408462230923
0.923617636944308
1.81808078998138
3.07694377004305
3.23205080756859
1.35371880559822
-2.04238945175165
-5.1607838089162
-6.08253188991836
-4.0799162931389
-0.125760664278639
3.77639281262482
5.94568052456796
6.06771508108701
5.18146156936151
4.66376246891357
5.01905289419968
5.41909727804739
4.35736905378206
0.924518213591392
-4.27531838541279
-9.29304524010846
-12.0067668871667
-11.4629901340508
-8.41925940052963
-4.70903868569861
-1.91858510619144
-0.363695210094907
0.890191477702146
3.02080087231179
6.26151982479574
9.47526474454423
10.8493110370548
9.2114168213235
4.98080340378339
0.0230515125903343
-3.51334634170189
-4.54530622612645
-3.61933295886551
-2.30870709786764
-1.92812310312686
-2.54762229720154
-3.04354091210678
-2.12566458162557
0.468769752925594
3.55615131362217
5.22015612235029
4.15433311823779
0.642020034857329
-3.56274560338588
-6.38024987157769
-6.7457160047415
-5.1775425523315
-3.18911919985874
-2.02546941666938
-1.70196493185804
-1.07767952394398
1.10218339008272
5.00762668018979
9.31242692811092
11.9267246680854
11.3670971087055
7.76793661434875
2.79230135176939
-1.49015348616624
-3.93228099096365
-4.88027442957253
-5.60252415560195
-7.05566999392908
-8.96089160691845
-9.91734453980256
-8.4809809081119
-4.39020732475835
1.00936495020128
5.49999999999869
7.37983533036054
6.50480710342566
4.23787938760463
2.36721556761471
1.81301075672672
2.0829490594738
1.85632432867396
0.216247431528287
-2.44206649781874
-4.55058923820682
-4.47872701879907
-1.79037134037848
2.30536126933345
5.67283152347758
6.63344920592835
5.01522322645544
2.11955451440399
-0.336994871818125
-1.49120055101042
-1.85708157403745
-2.72947786863734
-4.95058606085178
-8.01206797753402
-10.2147644116827
-9.8058020412831
-6.26401095245548
-0.775141289943563
4.4711499412366
7.66147609168629
8.41862557729099
7.79155099895064
7.23000263618354
7.35361469591528
7.46438909488206
6.17241040302317
2.64661202441231
-2.48507114583438
-7.30887239000808
-9.78963867110445
-9.09340807356343
-6.1039762642951
-2.75914109330719
-0.701785852072837
-0.23866991815262
-0.354072336571142
0.276317144073741
2.07869329874353
4.12620405923348
4.80005074786363
3.07260679468337
-0.568211604225377
-4.27955345968299
-6.02855128715115
-4.92745622811857
-1.7717930238886
1.59734631354153
3.61694879974191
4.02375011474537
3.83055107315806
4.31369409112673
5.81883813071362
7.32717616345092
7.14220425586892
4.19792504089896
-0.997412196230241
-6.51248239334134
-10.1608127183433
-10.851691225366
-9.15486686480012
-6.69615242270797
-4.86848269858248
-3.84051551601473
-2.60085921802416
0.0224239994678601
4.175876534112
8.56964309404674
11.1983717223655
10.6898670241709
7.28948641149857
2.74363939585505
-0.844715965644643
-2.35827067990221
-2.23718295687538
-1.89622598104482
-2.4681511107517
-3.85005351294967
-4.7847863051301
-3.9113083903416
-0.970588919826681
2.77689302217863
5.2792582914432
5.06071210946632
2.23240270841542
-1.59514397307189
-4.43051308162155
-5.22517420977837
-4.43759273549136
-3.45443557450975
-3.34856321274299
-3.94739982649278
-3.93912893978694
-1.94544700218173
2.2572590518816
7.3157499494397
11.0355339059318
11.7672806552002
9.44516669888084
5.53077260641941
1.92453387353254
-0.335077824365677
-1.62415772171267
-3.15716745175194
-5.76196816848532
-8.97760040375239
-11.1980556148481
-10.785112018039
-7.32590524631182
-2.08208405550579
2.73247192802217
5.3405559871146
5.45790492053626
4.26764309549684
3.37011190936791
3.52229122941432
4.12113402597801
3.80605603729451
1.69688031579049
-1.7056829782943
-4.67923050575031
-5.41835671644284
-3.32365135699966
0.517751928870962
4.02846824715511
5.51338751059427
4.71151879610622
2.77805921852635
1.25178703616826
0.81808078998225
0.816922718240316
-0.133974596214864
-2.88892188152071
-6.87251647067374
-10.2492319854632
-11.0825318899187
-8.65072637948118
-3.9558876832048
0.947965687878914
4.31170592835222
5.73954568186303
6.1814615693622
6.92378352071489
8.3850782979841
9.66173796516686
9.18749607270457
6.01296639013972
0.724681614588059
-4.72223515376335
-8.17663986824383
-8.63456300930432
-6.7852848043139
-4.38086928647393
-2.91858510619063
-2.62371626189498
-2.47583392608065
-1.22183981480736
1.43139280587447
4.38681656799681
5.84931103705478
4.64060673498064
1.15067638486079
-2.80537561215644
-5.1473209379187
-4.87347562535096
-2.61933295886685
-0.0486860460660155
1.43790230065711
1.69501838991915
1.78658610681502
2.96278359492081
5.46876975292577
8.12696139996457
9.05028314127302
6.98276024298459
2.27599463107421
-3.23457620416039
-7.38024987157763
-9.0057370565439
-8.54356795611646
-7.43175988697728
-6.85559643559166
-6.79041310840542
-6.07767952394452
-3.4686266962605
1.1774996612675
6.48399980336465
10.2927500718676
11.0389277094806
8.76793661434699
5.05232240356895
1.87587191761712
0.310359696155598
-0.0501474106503811
-0.514075979053888
-2.05566999392889
-4.39008152057478
-6.08721752088042
-5.65255378336657
-2.75623272854317
1.33753434942475
4.49999999999957
5.11981427855966
3.13878169964357
-0.00476129951421878
-2.46291145130781
-3.27543741982283
-2.91705094052488
-2.71448575766825
-3.61387958739255
-5.27049362256511
-6.18456383442383
-4.80689641802323
-0.790371340378969
4.56538232113173
9.03885692726218
10.8760898930478
9.84535024537682
7.20800269095178
4.6630051281817
3.07960953533416
1.97304544488669
0.0989492561093908
-3.31661146463498
-7.68389857830934
-11.2147644116816
-12.0658230930838
-9.63003635623906
-5.01778197706178
-0.35897707768497
2.5730279151392
3.41862557729189
3.22074091260801
3.39987561726099
4.5251875711693
5.83041449866746
5.84424100379984
3.64661202441229
-0.225050094033995
-3.94284698622484
-5.54699798398552
-4.26328105464171
-1.01552808774775
2.24085890669395
3.86902423427122
3.59145710076971
2.4743547881755
1.91029174028914
2.4068626979688
3.12620405923393
2.54002969606266
-0.293418609099677
-4.81085229134519
-9.10968047860367
-11.1169994636998
-9.9274562281189
-6.34260311023167
-2.23278070538023
0.788521674994044
2.38977551852889
3.50238167393393
5.31369409112564
8.07885918251547
10.6932015672358
11.3848449429879
9.02805205981954
4.09103598031566
-1.51248239334237
-5.59000263200135
-7.02156420644311
-6.32643974005277
-5.06217782649149
-4.54031329935839
-4.84051551601433
-4.86088026982535
-3.3436014043184
-0.0667641530072411
3.7395160751242
6.10992354581755
5.68986702417076
2.71867632515744
-1.08648762306827
-3.67314309039264
-3.99224527611815
-2.56535235609868
-0.896225981044811
-0.208130058950251
-0.484028109165466
-0.542145618012265
0.918818628579699
4.11785925672294
7.77689302217595
9.85006837778724
8.8908391283882
5.06082983316092
0.0388306231437976
-4.10234368239744
-6.22517420977604
-6.6976137872913
-6.82046097829333
-7.59120389986197
-8.77752684541433
-9.02757711633607
-6.94544700218075
-2.31355103446088
3.48562293051721
8.20710678118595
10.1333060589841
9.11699729965911
6.53077260641899
4.1845549253341
3.03094757941938
2.61848296540721
1.67295956717133
-0.673519991937297
-3.97760040375265
-6.62724552850542
-6.95498499911582
-4.49747812156466
-0.448109459290524
3.0606413272477
4.3405559871145
3.19788386873577
0.901617691712955
-0.87252877775026
-1.30783578950692
-0.967314150569594
-1.19394396270514
-2.87392977055335
-5.53580999721635
-7.5076576304962
-7.05233131265862
-3.65182075622381
1.5177519288709
6.28848929895626
8.87941291437729
8.95415948322512
7.60818623744827
6.34023521271654
5.81808078998291
5.38773280458424
3.69615242270709
-0.0604947567750842
-5.23854187445886
-9.92106258624024
-12.0825318899182
-10.9107474312839
-7.3219130869879
-3.2946749992404
-0.51842109056982
0.65109750531554
1.18146156936189
2.35297343437097
4.55495127906051
6.83331084041934
7.55352147648735
5.68479699091502
1.72468161458843
-2.46221410196273
-4.81061446445981
-4.3919223221861
-1.95515778538988
0.707578890074053
2.08141489380955
1.94709382444795
1.3542930928401
1.60658730994023
3.06536740209
4.71498596721867
4.84931103705572
2.38058568317817
-2.21534901892384
-7.04801629927452
-9.97744795684015
-9.9619238018987
-7.61933295886729
-4.61949613240982
-2.39222471826523
-1.13340873482735
0.152611510598981
2.63461419569701
6.46876975292526
10.3869824517655
12.4163085450564
11.2254009301025
7.10612164999867
1.85387197238861
-2.38024987157734
-4.434926970199
-4.71344093719166
-4.60333276223135
-5.2216218393745
-6.46224370918252
-7.07767952394416
-5.72864774806092
-2.18852574251621
2.24135911624485
5.46262305294648
5.95047953293336
3.76793661434732
0.481512317227023
-1.95425510130416
-2.51806742859103
-1.68412200686692
-0.842245378278722
-1.05566999392903
-2.13006046877285
-2.72119211709589
-1.40991309624719
2.07389429037966
6.42598252597142
9.49999999999987
9.69062436490268
6.96890871856691
2.82366582523346
-0.828936855091359
-2.94726802059655
-3.91705094052602
-4.97450680947025
-6.97990499117796
-9.51313430968585
-11.0146908533448
-9.89534459457074
-5.79037134038167
-0.00542776521043509
5.20872990833916
8.04766276830096
8.21137564916105
6.87983329172854
5.6630051281818
5.33963058713388
5.33907084866882
4.3415899432275
1.5135155542864
-2.59545040176048
-6.2147644116813
-7.49501300674097
-5.79990933731695
-2.18935485231405
1.27499751853129
2.90119731436273
2.41862557729319
0.960719860805663
0.0338502134769829
0.282546884049606
1.00028747974261
0.755792827252044
-1.3533879755901
-4.79586018037592
-7.77297400514672
-8.37542510873222
-5.8972556508591
-1.343697486973
3.24085890669274
6.12904528607186
6.95748250455542
6.71699547529551
6.74041875921156
7.4953108745158
8.12620405923282
7.110839782405
3.53670840982197
-1.9824251665956
-7.47570588238679
-10.7888300644751
-10.9274562281168
-8.60262416203133
-5.59880610916466
-3.45411901212345
-2.44035150039369
-1.58606650261478
0.31369409112548
3.50804909617244
6.86307454831282
8.55641781824194
7.39407746360261
3.76286658109272
-0.512482393343609
-3.32998158019947
-3.6555388026599
-2.08379905293413
-0.232050807569512
0.548134877189101
0.159484483987497
-0.29007018348204
0.486525614604162
2.76166297173945
5.37349067133982
6.43809294504212
4.68986702417024
0.458655273357383
-4.45251302685268
-7.91578377751065
-8.82237229503854
-7.65380053264723
-5.89622598104642
-4.77894014529428
-4.3141551280893
-3.3705727427592
-0.715155967635091
3.78968985749807
8.77689302217672
12.110089429588
12.2568645321727
9.30347052027979
4.86895764206636
0.986104494151177
-1.22517420977603
-2.1268037009491
-2.99033395937104
-4.76277677511517
-7.14355224920045
-8.69940771711136
-7.94544700217915
-4.57357208626292
0.119597526736191
3.96446609406701
5.30317904006275
4.02854912311156
1.53077260641716
-0.386255161008323
-0.799179439504762
-0.209944159338981
0.0389849709558434
-1.00168939116283
-2.97760040375301
-4.36722447670334
-3.58895959533206
-0.254837434447895
4.3820175596317
8.14908950379465
9.3405559871149
7.76869395507925
4.73174471063576
1.95589834699665
0.326138806708269
-0.63914475134539
-2.1939439627059
-5.13395082235498
-8.90183540099944
-11.7502983176143
-11.8824583315811
-8.74026893276912
-3.48224807112759
1.71767921261233
5.04928589545435
6.12573235847676
5.97421164123078
6.0120658134921
6.81808078998243
7.64775385638662
7.06217782649084
4.18214593034441
-0.408414855537401
-4.83261440969147
-7.08253188991845
-6.33993734494093
-3.49178606806528
-0.466247874494263
1.11555350564759
0.979266904539349
0.181461569362003
0.0929523825702456
1.18892587527659
2.59067015329908
2.72339445756659
0.596348814365513
-3.27531838541191
-7.03302418830503
-8.64074148338236
-7.2203494469309
-3.58913238160659
0.379409490847763
3.0814148938084
4.20711487624671
4.72031849662532
5.84922799705861
7.89549442101223
9.8034341437679
9.84931103705628
6.95139576952042
1.61477799999963
