"x"
4.59807621135332
4.96410161513776
4
1.96410161513776
-0.598076211353314
-3
-4.59807621135332
-4.96410161513776
-4
-1.96410161513776
0.598076211353309
3
4.59807621135332
4.96410161513776
4
1.96410161513776
-0.598076211353317
-3
-4.59807621135331
-4.96410161513776
-4
-1.96410161513777
0.598076211353308
3
4.59807621135331
4.96410161513775
4.00000000000001
1.96410161513776
-0.598076211353316
-2.99999999999999
-4.59807621135331
-4.96410161513776
-4.00000000000001
-1.96410161513775
0.598076211353298
3
4.59807621135331
4.96410161513776
4.00000000000001
1.96410161513777
-0.598076211353297
-3
-4.59807621135331
-4.96410161513776
-4.00000000000001
-1.96410161513777
0.598076211353314
3
4.59807621135331
4.96410161513776
4.00000000000001
1.96410161513775
-0.598076211353313
-2.99999999999998
-4.59807621135331
-4.96410161513776
-4.00000000000001
-1.96410161513775
0.598076211353296
2.99999999999998
4.59807621135331
4.96410161513776
4
1.96410161513777
-0.598076211353277
-2.99999999999998
-4.59807621135331
-4.96410161513775
-4.00000000000001
-1.96410161513779
0.598076211353294
2.99999999999999
4.59807621135331
4.96410161513776
4.00000000000002
1.96410161513777
-0.598076211353311
-2.99999999999998
-4.59807621135331
-4.96410161513776
-4.00000000000001
-1.96410161513779
0.598076211353328
2.99999999999999
4.5980762113533
4.96410161513776
4.00000000000002
1.96410161513781
-0.59807621135331
-2.99999999999998
-4.59807621135331
-4.96410161513776
-4.00000000000003
-1.96410161513776
0.598076211353292
2.99999999999999
4.5980762113533
4.96410161513776
4
1.96410161513777
-0.598076211353309
-2.99999999999998
-4.5980762113533
-4.96410161513775
-4.00000000000001
-1.96410161513776
0.59807621135329
2.99999999999996
4.5980762113533
4.96410161513776
4
1.96410161513778
-0.598076211353272
-2.99999999999998
-4.59807621135331
-4.96410161513775
-4.00000000000001
-1.96410161513779
0.598076211353289
2.99999999999996
4.59807621135332
4.96410161513776
4.00000000000002
1.96410161513778
-0.598076211353236
-3
-4.5980762113533
-4.96410161513776
-4.00000000000001
-1.96410161513783
0.598076211353323
2.99999999999996
4.5980762113533
4.96410161513776
4.00000000000005
1.96410161513775
-0.59807621135327
-2.99999999999997
-4.59807621135331
-4.96410161513776
-4.00000000000004
-1.9641016151378
0.598076211353287
2.99999999999999
4.59807621135329
4.96410161513776
4.00000000000002
1.96410161513778
-0.598076211353304
-2.99999999999994
-4.59807621135329
-4.96410161513776
-4.00000000000002
-1.96410161513776
0.59807621135325
2.99999999999996
4.5980762113533
4.96410161513776
4
1.96410161513781
-0.598076211353267
-2.99999999999997
-4.59807621135328
-4.96410161513776
-4.00000000000004
-1.96410161513773
0.598076211353284
2.99999999999999
4.59807621135332
4.96410161513776
4.00000000000003
1.96410161513778
-0.598076211353231
-2.99999999999994
-4.59807621135329
-4.96410161513777
-4.00000000000002
-1.96410161513777
0.598076211353319
2.99999999999996
4.5980762113533
4.96410161513776
4.00000000000005
1.96410161513782
-0.598076211353265
-2.99999999999991
-4.59807621135331
-4.96410161513776
-4
-1.9641016151378
0.598076211353282
2.99999999999998
4.59807621135329
4.96410161513776
4.00000000000003
1.96410161513785
-0.598076211353228
-3
-4.59807621135332
-4.96410161513776
-4.00000000000002
-1.96410161513777
0.598076211353245
2.99999999999995
4.5980762113533
4.96410161513777
4.00000000000005
1.96410161513775
-0.598076211353333
-2.99999999999997
-4.59807621135331
-4.96410161513776
-4.00000000000004
-1.9641016151378
0.59807621135328
2.99999999999993
4.59807621135328
4.96410161513776
3.99999999999999
1.96410161513779
-0.598076211353296
-3
-4.59807621135329
-4.96410161513776
-4.00000000000002
-1.96410161513784
0.598076211353243
2.99999999999995
4.59807621135327
4.96410161513776
4.00000000000001
1.96410161513775
-0.59807621135326
-2.99999999999997
-4.59807621135331
-4.96410161513776
-4.00000000000004
-1.9641016151378
0.598076211353206
2.99999999999992
4.59807621135331
4.96410161513775
4.00000000000003
1.96410161513779
-0.598076211353294
-2.99999999999994
-4.59807621135326
-4.96410161513776
-4.00000000000006
-1.9641016151379
0.598076211353241
3.00000000000001
4.5980762113533
4.96410161513777
4.00000000000001
1.96410161513782
-0.598076211353187
-2.99999999999996
-4.59807621135328
-4.96410161513777
-4.00000000000004
-1.96410161513774
0.598076211353275
2.99999999999992
4.59807621135331
4.96410161513776
4.00000000000007
1.96410161513779
-0.598076211353221
-2.99999999999988
-4.59807621135329
-4.96410161513775
-4.00000000000002
-1.96410161513784
0.598076211353309
2.99999999999995
4.59807621135327
4.96410161513776
4.00000000000005
1.96410161513789
-0.598076211353255
-2.99999999999991
-4.5980762113533
-4.96410161513777
-4
-1.96410161513781
0.598076211353201
2.99999999999998
4.59807621135328
4.96410161513777
4.00000000000003
1.96410161513786
-0.598076211353148
-2.99999999999993
-4.59807621135332
-4.96410161513776
-4.00000000000007
-1.96410161513778
0.598076211353236
2.99999999999989
4.5980762113533
4.96410161513777
4.0000000000001
1.96410161513783
-0.598076211353323
-2.99999999999996
-4.59807621135327
-4.96410161513776
-4.00000000000005
-1.96410161513788
0.59807621135327
2.99999999999992
4.59807621135325
4.96410161513776
3.99999999999999
1.9641016151378
-0.598076211353216
-2.99999999999999
-4.59807621135329
-4.96410161513777
-4.00000000000002
-1.96410161513784
0.598076211353162
2.99999999999994
4.59807621135327
4.96410161513778
4.00000000000006
1.96410161513789
-0.59807621135325
-2.9999999999999
-4.5980762113533
-4.96410161513775
-4.00000000000009
-1.96410161513781
0.598076211353197
2.99999999999997
4.59807621135328
4.96410161513776
4.00000000000012
1.96410161513786
-0.598076211353143
-2.99999999999993
-4.59807621135332
-4.96410161513776
-3.99999999999998
-1.96410161513791
0.598076211353231
2.99999999999989
4.59807621135329
4.96410161513777
4.00000000000002
1.96410161513796
-0.598076211353177
-2.99999999999996
-4.59807621135327
-4.96410161513776
-4.00000000000005
-1.96410161513775
0.598076211353124
2.99999999999991
4.59807621135325
4.96410161513776
4
1.9641016151378
-0.598076211353353
-2.99999999999987
-4.59807621135329
-4.96410161513777
-4.00000000000003
-1.96410161513785
0.598076211353299
2.99999999999983
4.59807621135326
4.96410161513776
4.00000000000006
1.96410161513777
-0.598076211353245
-3.00000000000001
-4.59807621135324
-4.96410161513777
-4.00000000000009
-1.96410161513782
0.598076211353192
2.99999999999997
4.59807621135333
4.96410161513777
4.00000000000004
1.96410161513787
-0.59807621135328
-2.99999999999993
-4.59807621135331
-4.96410161513778
-4.00000000000007
-1.96410161513792
0.598076211353226
3
4.59807621135329
4.96410161513775
0.539641873747056
-0.528361574743919
-1.14333155021293
-1.28089782482153
-1.02189815281315
-0.529924656913538
-0.0134120876857071
0.320396985233964
0.31084051462725
-0.12004323263105
-0.947585520025922
-2.04471525652904
-3.20263301997383
-4.16846139599196
-4.69323621634782
-4.58159493429851
-3.73403261524227
-2.17373242032259
-0.0525515740763449
2.36568191080822
4.74244762954351
6.71661617496369
7.96285435925518
8.24658055502111
7.46607301172601
5.67432490654698
3.07652155151666
0.00303802052459146
-3.13806052588236
-5.92158246709302
-7.96917499791983
-9.00640490169931
-8.90376068297213
-7.69500894809753
-5.57005812958573
-2.84366861481366
0.094705748390814
2.84161755120952
5.04090951452281
6.43567214161626
6.90267115729222
6.46410161513773
5.27541030698162
3.5919677367672
1.72087490692817
-0.0334349575259347
-1.42028865734223
-2.28185025639923
-2.57377214005202
-2.36438708908732
-1.81326774470375
-1.13364050235444
-0.545962512411603
-0.231462771934273
-0.294356121033199
-0.739786216728985
-1.47163842525607
-2.31070593737547
-3.02994268980577
-3.40036190111731
-3.23910599802431
-2.45068952745203
-1.05350400565402
0.813807923569307
2.90798519736963
4.91676051794577
6.50881687166676
7.38977752798219
7.35465347242282
6.32755430553966
4.38145059131669
1.73403261524233
-1.2803050672658
-4.25828894055084
-6.78794196473864
-8.5114782844813
-9.18071779010148
-8.69596137967522
-7.12193211682461
-4.67813104698739
-1.70514990862723
1.38758006362098
4.1841064874839
6.32425260231304
7.55590055628495
7.7690306549378
7.00640490169939
5.44972319538369
3.38416843347032
1.14779807565529
-0.925362040124242
-2.55880736352852
-3.57472457162976
-3.91626107632621
-3.64773017687759
-2.93349615937242
-2
-1.08826579897324
-0.40577566033642
-0.0865568177362581
-0.166709385455995
-0.579711342657732
-1.17218723118909
-1.73706837457535
-2.05787296484307
-1.95576291023399
-1.33046111278339
-0.187144508008367
1.35611121013074
3.08229808577186
4.70896121464869
5.93574004039377
6.49785044538383
6.21613476623648
5.03467999030926
3.03896165504232
0.450689527452057
-2.40053348193439
-5.12464843819656
-7.33024525130011
-8.6857911728835
-8.97291848680456
-8.12288454840221
-6.23000503422632
-3.5396123408012
-0.412275593396627
2.73006899989538
5.46744957527418
7.44448101698167
8.4222600539305
8.31133394149943
7.18071779010149
5.24192389208692
2.81109160219726
0.255870993056905
-2.06388074631057
-3.85168167875903
-4.91721350790396
-5.19960416411654
-4.76795859154627
-3.79985565701808
-2.54230328656158
-1.26257868737533
-0.197976357039547
0.486520013536642
0.725217697142384
0.558807363528628
0.120687084041198
-0.394579438301007
-0.774529877052962
-0.835534495565341
-0.464101615137748
0.355158778553148
1.53042409853297
2.87449878247481
4.1358843833758
5.04381295779543
5.35933173919747
4.92326045100599
3.6921910540351
1.75561856725197
-0.669538887216551
-3.26689297957991
-5.66695172475807
-7.50455813970233
-8.4779918695865
-8.3998416555316
-7.23095746580389
-5.09148632803992
-2.2467380255706
0.930213342877394
4.01341208768577
6.58767798994278
8.31084051462729
8.96456334049206
8.48564682990154
6.97291848680471
4.66884706081392
1.91916451959887
-0.882647713129394
-3.35675506154112
-5.1941706150332
-6.2005565956941
-6.31983257878519
-5.63431808919194
-4.34215894357965
-2.71661617496378
-1.05477938407842
0.375100474233447
1.37844709613506
1.86373640332864
1.85168167875906
1.46317602031554
0.888763649489207
0.345698537615805
0.0308250020802396
0.0782016714238001
0.529471666955289
1.32262479523603
2.30142195120194
3.24395730077744
3.90529425160917
4.06645742396714
3.58077151473176
2.40884796624478
0.635390152583432
-1.53589838486226
-3.80919626614143
-5.8412646131602
-7.29675883640539
-7.90491503831357
-7.50791457293318
-6.09243875961768
-3.79861201280934
-0.904249089296571
2.21355643066754
5.13364050235426
7.4540374875883
8.85314380118882
9.13887622889424
8.27784752660463
6.39984165553167
3.77691997821554
0.78064581341267
-2.17552202835987
-4.69924399781529
-6.47751370282352
-7.32078501036276
-7.18619207643076
-6.17662137575341
-4.51647183198171
-2.50881687166675
-0.481702552805451
1.2670275568319
2.51696580232131
3.15661071855897
3.19417061503338
2.74651910810563
2.00899206415799
1.21205803526147
0.573128288641844
0.252514559825972
0.321672363658337
0.749547963963028
1.40949486860349
2.10543859459118
2.61241993637863
2.72396848769294
2.29742842694149
1.28861955157614
-0.230969345062167
-2.07820167142378
-3.98350915454371
-5.63346530986312
-6.72368200513243
-7.01298795571528
-6.36939586674695
-4.79956444438736
-2.45612307653518
0.379093998493939
3.33378484533615
5.99999999999979
7.99634077415003
9.02745668959097
8.93107692559734
7.70477069533153
5.50791457293328
2.63840127202935
-0.512228501817677
-3.51801096463416
-5.98258708560545
-7.59774211749215
-8.18714450800843
-7.72849536299231
-6.35093426415562
-4.30867252868485
-1.93574004039385
0.410224529792941
2.40554626301813
3.8098401175517
4.49909965483331
4.4775137028235
3.86674752277456
2.87535156180358
1.75436132182288
0.747441177044013
0.0447152565290549
-0.251404467614577
-0.142379118635326
0.270976162417227
0.812564279360776
1.26993100010464
1.44062539990261
1.17720001227285
0.422260053930585
-0.773272631623744
-2.25251455982591
-3.77570985124677
-5.06038847859035
-5.83175492253406
-5.87446924952904
-5.07652155151656
-3.45707550811283
-1.17277998874503
1.49932241316231
4.20014434298169
6.5423032865616
8.170653662552
8.81965738629403
8.35800009432427
6.81284361273321
4.36939586674707
1.34552695679901
-1.85471743809221
-4.80135405242431
-7.10281550027408
-8.46410161513779
-8.72944779457001
-7.9028082513945
-6.14313496085873
-3.73559569741186
-1.04381295779556
1.54874323597915
3.69842057824843
5.15232905382611
5.78244274262351
5.59774211749237
4.73310702042006
3.41765484836497
1.92867421022504
0.53964187374713
-0.528361574743929
-1.14333155021293
-1.28089782482157
-1.02189815281318
-0.529924656913454
-0.0134120876858002
0.320396985233947
0.310840514627285
-0.120043232631061
-0.947585520025874
-2.04471525652896
-3.2026330199737
-4.16846139599199
-4.6932362163478
-4.58159493429853
-3.73403261524225
-2.17373242032267
-0.0525515740764053
2.36568191080814
4.74244762954357
6.71661617496373
7.96285435925506
8.24658055502111
7.46607301172593
5.67432490654714
3.07652155151672
0.00303802052434521
-3.1380605258821
-5.92158246709291
-7.96917499791989
-9.00640490169931
-8.90376068297216
-7.69500894809763
-5.57005812958556
-2.84366861481356
0.094705748390628
2.8416175512095
5.04090951452281
6.43567214161629
6.90267115729216
6.46410161513782
5.2754103069816
3.59196773676716
1.72087490692835
-0.0334349575259982
-1.42028865734226
-2.28185025639926
-2.57377214005197
-2.3643870890873
-1.81326774470392
-1.13364050235448
-0.545962512411552
-0.23146277193425
-0.294356121033187
-0.739786216728953
-1.47163842525617
-2.31070593737532
-3.02994268980573
-3.40036190111739
-3.23910599802418
-2.45068952745207
-1.05350400565405
0.813807923569289
2.90798519736965
4.91676051794568
6.50881687166658
7.38977752798224
7.35465347242277
6.32755430553973
4.38145059131679
1.73403261524222
-1.28030506726579
-4.25828894055071
-6.78794196473872
-8.5114782844814
-9.18071779010146
-8.69596137967526
-7.12193211682445
-4.67813104698751
-1.70514990862737
1.38758006362097
4.18410648748379
6.32425260231298
7.55590055628493
7.76903065493789
7.00640490169938
5.44972319538377
3.38416843347054
1.14779807565521
-0.925362040124324
-2.55880736352847
-3.57472457162965
-3.91626107632626
-3.64773017687751
-2.93349615937259
-2.00000000000001
-1.08826579897315
-0.405775660336478
-0.0865568177362599
-0.16670938545604
-0.579711342657596
-1.17218723118905
-1.7370683745753
-2.05787296484305
-1.95576291023399
-1.33046111278342
-0.187144508008335
1.35611121013079
3.08229808577178
4.70896121464874
5.93574004039376
6.4978504453838
6.21613476623653
5.03467999030919
3.03896165504222
0.45068952745207
-2.40053348193414
-5.12464843819664
-7.33024525130023
-8.68579117288341
-8.97291848680457
-8.12288454840222
-6.23000503422632
-3.53961234080132
-0.412275593396638
2.73006899989561
5.46744957527408
7.44448101698161
8.42226005393052
8.31133394149943
7.18071779010156
5.24192389208689
2.8110916021973
0.255870993056912
-2.06388074631054
-3.85168167875911
-4.91721350790389
-5.19960416411646
-4.76795859154643
-3.79985565701801
-2.54230328656157
-1.26257868737547
-0.197976357039586
0.486520013536682
0.725217697142324
0.558807363528655
0.120687084041242
-0.394579438301086
-0.774529877052841
-0.835534495565339
-0.464101615137714
0.355158778553105
1.53042409853291
2.87449878247486
4.13588438337574
5.04381295779539
5.35933173919754
4.92326045100588
3.69219105403501
1.75561856725207
-0.669538887216333
-3.26689297957999
-5.66695172475813
-7.50455813970236
-8.47799186958648
-8.39984165553156
-7.23095746580391
-5.09148632804012
-2.24673802557048
0.93021334287751
4.01341208768541
6.58767798994269
8.31084051462738
8.9645633404921
8.48564682990159
6.97291848680466
4.66884706081388
1.919164519599
-0.882647713129279
-3.35675506154115
-5.19417061503316
-6.20055659569421
-5.23219203436272
-5.24668254627306
-5.01540172789995
-4.20710678118662
-2.61267756707314
-0.261433438279382
2.54802849764757
5.31800560177014
7.50000000000017
8.66825087409641
8.65538450565745
7.60069057024792
5.89383051644723
4.03553390593259
2.46735579894536
1.43331154376662
0.92317503998779
0.715482114705116
0.500000000000036
0.0292467816293196
-0.761920914091583
-1.716605400101
-2.51244077082009
-2.79289321881345
-2.32203403081788
-1.10151653659572
0.59790439871652
2.30585902963119
3.50000000000002
3.77889072147444
2.99705647422699
1.31272147505696
-0.868948974807287
-3.03553390593277
-4.73788717647413
-5.72868960032173
-6.01923203528293
-5.83638578902669
-5.5
-5.27114540178057
-5.23219203436273
-5.24668254627306
-5.01540172789993
-4.20710678118657
-2.61267756707306
-0.261433438279266
2.5480284976477
5.31800560177026
7.49999999999994
8.66825087409643
8.65538450565742
7.60069057024786
5.89383051644749
4.03553390593283
2.46735579894554
1.43331154376673
0.923175039987777
0.715482114705109
0.500000000000022
0.0292467816292921
-0.761920914091623
-1.71660540010104
-2.51244077082012
-2.79289321881345
-2.32203403081784
-1.10151653659565
0.597904398716598
2.30585902963126
3.50000000000006
3.77889072147443
2.99705647422693
1.31272147505687
-0.868948974807386
-3.03553390593285
-4.73788717647419
-5.72868960032176
-6.01923203528293
-5.83638578902668
-5.49999999999999
-5.27114540178057
-5.23219203436273
-5.24668254627306
-5.01540172789991
-4.20710678118652
-2.61267756707297
-0.26143343827915
2.54802849764782
5.31800560177037
7.50000000000001
8.66825087409646
8.6553845056574
7.6006905702478
5.89383051644741
4.03553390593276
2.46735579894548
1.43331154376669
0.923175039987764
0.715482114705101
0.500000000000009
0.0292467816293798
-0.761920914091663
-1.71660540010108
-2.51244077082015
-2.79289321881344
-2.3220340308178
-1.10151653659559
0.597904398716676
2.30585902963133
3.50000000000009
3.77889072147441
2.99705647422711
1.31272147505714
-0.868948974807075
-3.03553390593258
-4.73788717647425
-5.72868960032178
-6.01923203528293
-5.83638578902666
-5.49999999999997
-5.27114540178056
-5.23219203436273
-5.24668254627307
-5.01540172789989
-4.20710678118647
-2.61267756707288
-0.261433438279034
2.54802849764795
5.31800560177048
7.50000000000009
8.66825087409638
8.65538450565748
7.600690570248
5.89383051644767
4.03553390593268
2.46735579894542
1.43331154376666
0.92317503998775
0.715482114705095
0.499999999999995
0.029246781629352
-0.761920914091703
-1.71660540010112
-2.51244077082017
-2.79289321881345
-2.32203403081777
-1.10151653659552
0.597904398716754
2.30585902963112
3.49999999999999
3.77889072147445
2.99705647422729
1.31272147505706
-0.868948974807174
-3.03553390593267
-4.73788717647406
-5.72868960032181
-6.01923203528293
-5.83638578902665
-5.49999999999996
-5.27114540178055
-5.23219203436273
-5.24668254627306
-5.01540172789987
-4.20710678118642
-2.61267756707279
-0.261433438279398
2.54802849764755
5.31800560177013
7.49999999999985
8.6682508740964
8.65538450565745
7.60069057024793
5.89383051644758
4.0355339059326
2.46735579894536
1.43331154376663
0.923175039987737
0.715482114705087
0.499999999999981
0.029246781629324
-0.761920914091743
-1.71660540010116
-2.5124407708202
-2.79289321881345
-2.32203403081789
-1.10151653659573
0.597904398716508
2.30585902963118
3.50000000000002
3.77889072147444
2.99705647422723
1.31272147505697
-0.868948974807273
-3.03553390593275
-4.73788717647412
-5.72868960032184
-6.01923203528293
-5.83638578902664
-5.49999999999995
-5.27114540178055
-5.23219203436273
-5.24668254627306
-5.01540172789993
-4.20710678118658
-2.61267756707307
-0.261433438279762
2.54802849764768
5.31800560177024
7.49999999999992
8.66825087409643
8.65538450565743
7.60069057024787
5.8938305164475
4.03553390593252
2.46735579894531
1.43331154376659
0.923175039987779
0.715482114705081
0.499999999999967
0.0292467816292965
-0.761920914091617
-1.71660540010103
-2.51244077082012
-2.79289321881346
-2.32203403081785
-1.10151653659566
0.597904398716587
2.30585902963097
3.50000000000005
3.77889072147443
2.99705647422717
1.31272147505688
-0.868948974807371
-3.03553390593284
-4.73788717647418
-5.72868960032186
-6.01923203528293
-5.83638578902662
-5.49999999999999
-5.27114540178057
-5.23219203436273
-5.24668254627307
-5.01540172789992
-4.20710678118653
-2.61267756707298
-0.261433438279646
2.5480284976478
5.31800560177035
7.5
8.66825087409635
8.6553845056574
7.60069057024781
5.89383051644742
4.03553390593245
2.46735579894525
1.43331154376656
0.923175039987765
0.715482114705103
0.500000000000011
0.029246781629384
-0.761920914091491
-1.71660540010107
-2.51244077082014
-2.79289321881346
-2.32203403081781
-1.1015165365956
0.597904398716665
2.30585902963104
3.50000000000009
3.77889072147442
2.99705647422712
1.31272147505716
-0.86894897480747
-3.03553390593293
-4.73788717647424
-5.72868960032178
-6.01923203528293
-5.83638578902667
-5.50000000000003
-5.27114540178056
-5.23219203436273
-5.24668254627307
-5.01540172789998
-4.20710678118648
-2.61267756707289
-0.26143343827953
2.54802849764793
5.31800560177046
7.50000000000008
8.66825087409637
8.65538450565738
7.60069057024774
5.89383051644734
4.03553390593269
2.46735579894543
1.43331154376666
0.923175039987808
0.715482114705095
0.499999999999997
0.0292467816293551
-0.761920914091532
-1.71660540010111
-2.51244077082017
-2.79289321881345
-2.32203403081793
-1.10151653659553
0.597904398716743
2.30585902963111
3.50000000000012
3.77889072147441
2.99705647422706
1.31272147505707
-0.86894897480716
-3.03553390593265
-4.73788717647405
-5.72868960032181
-6.01923203528293
-5.83638578902665
-5.50000000000002
-5.27114540178056
-5.23219203436273
-5.24668254627306
-5.01540172789996
-4.20710678118642
-2.61267756707281
-0.261433438279415
2.54802849764806
5.31800560177058
7.50000000000015
8.6682508740964
8.65538450565746
7.60069057024794
5.8938305164476
4.03553390593293
2.46735579894537
1.43331154376663
0.923175039987795
0.715482114705089
0.499999999999983
0.029246781629328
-0.761920914091571
-1.71660540010115
-2.51244077082019
-2.79289321881345
-2.32203403081789
-1.10151653659546
0.597904398716822
2.30585902963117
3.50000000000001
3.77889072147444
2.99705647422724
1.31272147505735
-0.868948974807259
-3.03553390593274
-4.73788717647411
-5.72868960032172
-6.01923203528293
-5.83638578902664
-5.50000000000001
-5.27114540178055
-5.23219203436273
-5.24668254627306
-5.01540172789994
-4.20710678118637
-2.61267756707272
-0.261433438279299
2.54802849764766
5.31800560177022
7.49999999999991
8.66825087409632
8.65538450565743
7.60069057024788
5.89383051644751
4.03553390593286
2.46735579894531
1.4333115437666
0.923175039987782
0.715482114705111
0.49999999999997
0.0292467816293001
-0.761920914091612
-1.71660540010119
-2.51244077082022
-2.79289321881345
-2.32203403081785
-1.10151653659567
0.597904398716576
2.30585902963096
3.49999999999991
3.77889072147443
2.99705647422718
1.31272147505726
-0.868948974806948
-3.03553390593283
-4.73788717647442
-5.72868960032175
-6.01923203528293
-5.83638578902668
-5.49999999999999
-5.27114540178054
-5.23219203436273
-5.24668254627306
-5.01540172789992
-4.20710678118653
-2.61267756707299
-0.261433438279183
2.54802849764726
5.31800560177034
7.49999999999968
8.66825087409634
8.65538450565741
7.60069057024808
5.89383051644743
4.03553390593246
2.46735579894549
1.43331154376657
0.923175039987711
0.715482114705103
0.499999999999956
0.0292467816293884
-0.761920914091652
-1.71660540010107
-2.51244077082014
-2.79289321881346
-2.32203403081781
-1.10151653659588
0.597904398716654
2.30585902963131
3.49999999999994
3.77889072147442
2.99705647422736
1.31272147505717
-0.868948974807456
-3.03553390593255
-4.73788717647423
-5.72868960032189
-6.01923203528293
-5.83638578902661
-5.49999999999998
-5.27114540178056
-5.23219203436273
-5.24668254627307
-5.01540172789998
-4.20710678118648
-2.61267756707327
-0.261433438279547
2.54802849764791
5.31800560176998
7.50000000000006
8.66825087409648
8.65538450565748
7.60069057024775
5.89383051644769
4.0355339059327
2.4673557989452
1.43331154376667
0.923175039987754
0.715482114705096
0.499999999999999
0.02924678162936
-0.761920914091691
-1.71660540010094
-2.51244077082016
-2.79289321881347
-2.32203403081793
-1.10151653659554
0.597904398716408
2.3058590296311
3.50000000000012
3.77889072147445
2.99705647422707
1.31272147505672
-0.868948974807146
-3.035533905933
-4.73788717647404
-5.7286896003218
-6.01923203528293
-5.83638578902665
-5.50000000000002
-5.27114540178056
-5.23219203436272
-5.24668254627306
-5.01540172789988
-4.20710678118665
-2.61267756707282
-0.261433438279911
2.54802849764752
5.31800560177056
7.49999999999983
8.66825087409639
8.65538450565735
7.60069057024795
5.89383051644727
4.03553390593262
2.46735579894538
1.43331154376664
0.923175039987797
0.715482114705119
0.499999999999985
0.0292467816294486
-0.761920914091566
-1.71660540010115
-2.51244077082008
-2.79289321881345
-2.32203403081774
-1.10151653659575
0.597904398716811
2.30585902963144
3.50000000000001
3.7788907214744
2.99705647422725
1.31272147505699
-0.868948974807245
-3.03553390593273
-4.7378871764741
-5.72868960032183
-6.01923203528293
-5.83638578902664
-5.49999999999995
-5.27114540178057
-5.23219203436273
-5.24668254627307
-5.01540172789994
-4.20710678118638
-2.61267756707309
-0.261433438279315
2.54802849764816
5.31800560177021
7.50000000000021
8.66825087409642
8.65538450565743
7.60069057024789
5.89383051644753
4.03553390593287
2.46735579894532
1.43331154376674
0.923175039987784
0.715482114705083
0.500000000000028
0.0292467816293036
-0.761920914091772
-1.71660540010102
-2.51244077082022
-2.79289321881346
-2.32203403081786
-1.10151653659541
0.597904398716565
2.30585902963123
3.50000000000004
3.77889072147443
2.99705647422719
1.31272147505691
-0.868948974806935
-3.03553390593282
-4.73788717647392
-5.72868960032174
-6.01923203528293
-5.83638578902668
-5.49999999999999
-5.27114540178054
-5.23219203436273
-5.24668254627306
-5.01540172789984
-4.20710678118654
-2.61267756707264
-0.261433438279679
2.54802849764777
5.31800560177032
7.49999999999998
8.66825087409634
8.65538450565741
7.60069057024809
5.89383051644744
4.03553390593247
2.4673557989455
1.43331154376657
0.923175039987825
0.715482114705105
0.499999999999958
0.029246781629392
-0.761920914091646
-1.71660540010123
-2.51244077082013
-2.79289321881344
-2.32203403081782
-1.10151653659561
0.597904398716643
2.30585902963102
3.49999999999994
3.77889072147442
2.99705647422737
1.31272147505718
-0.868948974807441
-3.03553390593254
-4.73788717647422
-5.72868960032188
-6.01923203528293
-5.83638578902661
-5.50000000000004
-5.27114540178056
-5.23219203436273
-5.24668254627307
-5.0154017278999
-4.20710678118649
-2.61267756707292
-0.261433438279564
2.54802849764789
5.31800560176997
7.50000000000005
8.66825087409626
8.65538450565749
7.60069057024776
5.8938305164477
4.03553390593271
2.46735579894521
1.43331154376667
0.923175039987757
0.715482114705069
0.500000000000001
0.0292467816292485
-0.76192091409152
-1.7166054001011
-2.51244077082016
-2.79289321881345
-2.32203403081794
-1.10151653659555
0.597904398716397
2.30585902963109
3.50000000000011
3.77889072147445
2.99705647422708
1.31272147505746
-0.868948974807132
-3.03553390593299
-4.73788717647404
-5.7286896003218
-6.01923203528293
-5.83638578902666
-5.49999999999997
-5.27114540178056
-5.23219203436273
-5.24668254627307
-5.01540172789996
-4.20710678118665
-2.61267756707283
-0.261433438279927
2.5480284976475
5.31800560177054
7.49999999999982
8.66825087409639
8.65538450565736
7.60069057024796
5.89383051644728
4.03553390593296
2.46735579894539
1.43331154376651
0.923175039987799
0.715482114705091
0.499999999999987
0.0292467816293358
-0.76192091409156
-1.71660540010114
-2.51244077082008
-2.79289321881345
-2.32203403081806
-1.10151653659576
0.597904398716799
2.30585902963088
3.5
3.7788907214744
2.99705647422725
1.31272147505701
-0.868948974807639
-3.03553390593272
-4.73788717647434
-5.72868960032171
-6.01923203528293
-5.83638578902664
-5.50000000000001
-5.27114540178058
-5.23219203436273
-5.24668254627307
-5.01540172789994
-4.20710678118639
-2.61267756707311
-0.261433438279332
2.5480284976471
5.31800560177019
7.50000000000021
8.66825087409631
8.65538450565744
7.60069057024763
5.89383051644754
4.03553390593256
2.46735579894533
1.43331154376661
0.923175039987785
0.715482114705113
0.50000000000003
0.0292467816293083
-0.761920914091434
-1.71660540010101
-2.51244077082021
-2.79289321881346
-2.32203403081786
-1.10151653659542
0.597904398716554
2.30585902963122
3.4999999999999
3.77889072147443
2.99705647422697
1.31272147505728
-0.86894897480733
-3.0355339059328
-4.73788717647416
-5.72868960032174
-6.01923203528293
-5.83638578902669
-5.49999999999994
-5.27114540178059
-5.23219203436273
-5.24668254627306
-5.01540172789992
-4.20710678118655
-2.61267756707302
-0.261433438279696
2.54802849764723
5.31800560177077
7.49999999999966
8.66825087409644
8.65538450565762
7.60069057024783
-7.01298795571518
-6.3693958667472
-4.79956444438729
-2.45612307653538
0.37909399849332
3.33378484533623
6.00000000000014
7.99634077414986
9.02745668959103
8.93107692559746
7.70477069533189
5.5079145729333
2.63840127202963
-0.512228501817783
-3.51801096463447
-5.98258708560531
-7.59774211749212
-8.18714450800848
-7.7284953629925
-6.35093426415562
-4.30867252868449
-1.93574004039394
0.410224529792759
2.40554626301785
3.80984011755181
4.49909965483343
4.47751370282346
3.86674752277431
2.87535156180316
1.75436132182325
0.747441177044017
0.044715256528967
-0.251404467614512
-0.142379118635139
0.270976162417358
0.812564279360398
1.26993100010429
1.44062539990246
1.17720001227276
0.422260053930345
-0.773272631623699
-2.25251455982569
-3.77570985124668
-5.06038847859011
-5.83175492253396
-5.87446924952906
-5.07652155151659
-3.45707550811276
-1.17277998874541
1.49932241316238
4.20014434298214
6.54230328656132
8.17065366255215
8.81965738629413
8.35800009432443
6.81284361273327
4.36939586674755
1.34552695679904
-1.85471743809218
-4.80135405242416
-7.10281550027404
-8.46410161513784
-8.72944779457003
-7.9028082513945
-6.14313496085847
-3.73559569741195
-1.04381295779525
1.5487432359788
3.69842057824855
5.15232905382623
5.78244274262351
5.59774211749215
4.7331070204198
3.41765484836547
1.92867421022525
0.539641873746905
-0.528361574743831
-1.14333155021292
-1.28089782482156
-1.02189815281354
-0.529924656913831
-0.0134120876858972
0.320396985233955
0.310840514627293
-0.120043232631017
-0.947585520026005
-2.04471525652888
-3.2026330199736
-4.16846139599199
-4.69323621634773
-4.58159493429853
-3.73403261524215
-2.17373242032311
-0.0525515740766034
2.36568191080813
4.74244762954327
6.71661617496372
7.96285435925531
8.24658055502098
7.46607301172588
5.67432490654742
3.07652155151674
0.00303802052437185
-3.13806052588208
-5.92158246709319
-7.96917499791983
-9.00640490169925
-8.90376068297217
-7.69500894809738
-5.57005812958582
-2.84366861481322
0.0947057483900262
2.84161755120931
5.04090951452279
6.43567214161619
6.90267115729226
6.46410161513767
5.27541030698204
3.59196773676741
1.72087490692813
-0.0334349575257935
-1.42028865734234
-2.281850256399
-2.57377214005178
-2.36438708908752
-1.81326774470404
-1.13364050235458
-0.545962512411618
-0.231462771934316
-0.294356121033221
-0.739786216728835
-1.47163842525582
-2.31070593737532
-3.02994268980549
-3.40036190111727
-3.23910599802418
-2.45068952745218
-1.05350400565415
0.813807923569273
2.9079851973694
4.91676051794567
6.50881687166691
7.38977752798232
7.35465347242271
6.32755430553991
4.38145059131668
1.73403261524211
-1.28030506726527
-4.25828894055094
-6.78794196473864
-8.51147828448112
-9.18071779010146
-8.6959613796751
-7.12193211682479
-4.67813104698729
-1.70514990862827
1.38758006362058
4.18410648748364
6.32425260231289
7.55590055628501
7.76903065493782
7.00640490169934
5.44972319538403
3.38416843347023
1.14779807565558
-0.925362040124203
-2.55880736352856
-3.57472457162981
-3.91626107632669
-3.64773017687797
-2.93349615937269
-2.00000000000008
-1.08826579897324
-0.405775660336413
-0.0865568177362999
-0.166709385455993
-0.579711342657705
-1.17218723118881
-1.73706837457507
-2.05787296484299
-1.95576291023413
-1.33046111278332
-0.187144508008366
1.35611121013053
3.08229808577177
4.70896121464895
5.93574004039398
6.49785044538385
6.21613476623641
5.03467999030925
3.03896165504211
0.450689527452427
-2.40053348193437
-5.12464843819687
-7.33024525129974
-8.6857911728834
-8.97291848680455
-8.12288454840225
-6.23000503422595
-3.53961234080135
-0.412275593397174
2.73006899989549
5.46744957527365
7.44448101698159
8.42226005393051
8.31133394149932
7.18071779010178
5.24192389208691
2.81109160219757
0.255870993056729
-2.06388074631028
-3.85168167875896
-4.91721350790392
-5.19960416411657
-4.76795859154642
-3.79985565701801
-2.54230328656169
-1.26257868737532
-0.197976357039458
0.486520013536749
0.725217697142554
0.558807363528734
0.120687084041351
-0.394579438301096
-0.774529877053093
-0.835534495565332
-0.46410161513778
0.355158778553044
1.5304240985329
2.87449878247494
4.13588438337575
5.04381295779552
5.35933173919747
4.9232604510061
3.69219105403503
1.75561856725259
-0.669538887216425
-3.26689297958015
-5.66695172475762
-7.50455813970215
-8.47799186958648
-8.39984165553163
-7.23095746580383
-5.09148632804038
-2.24673802557125
0.930213342877229
4.01341208768492
6.58767798994247
8.31084051462723
8.96456334049209
8.48564682990145
-2.79289321881344
-2.32203403081807
-1.1015165365955
0.597904398716129
2.30585902963114
3.49999999999999
3.77889072147445
2.99705647422727
1.31272147505667
-0.868948974806794
-3.03553390593305
-4.73788717647433
-5.72868960032182
-6.01923203528293
-5.83638578902665
-5.50000000000001
-5.27114540178058
-5.23219203436272
-5.24668254627307
-5.01540172789986
-4.20710678118683
-2.61267756707277
-0.261433438279365
2.54802849764759
5.31800560177016
7.49999999999987
8.66825087409631
8.65538450565734
7.60069057024818
5.89383051644722
4.03553390593258
2.46735579894535
1.43331154376662
0.923175039987789
0.715482114705114
0.500000000000034
0.0292467816292004
-0.761920914091422
-1.71660540010117
-2.51244077081999
-2.79289321881345
-2.32203403081787
-1.10151653659571
0.597904398716531
2.30585902963148
3.49999999999989
3.77889072147439
2.99705647422698
1.31272147505694
-0.868948974807301
-3.03553390593278
-4.73788717647414
-5.72868960032173
-6.01923203528293
-5.83638578902669
-5.49999999999994
-5.27114540178059
-5.23219203436273
-5.24668254627306
-5.01540172789993
-4.20710678118656
-2.61267756707304
-0.261433438279729
2.54802849764824
5.31800560176981
7.50000000000026
8.66825087409644
8.65538450565742
7.60069057024785
5.8938305164468
4.03553390593282
2.46735579894505
1.43331154376672
0.923175039987719
0.715482114705078
0.499999999999963
0.0292467816292872
-0.761920914091628
-1.71660540010104
-2.51244077082012
-2.79289321881343
-2.32203403081799
-1.10151653659537
0.597904398716286
2.30585902963127
3.50000000000006
3.77889072147442
2.99705647422716
1.31272147505649
-0.86894897480699
-3.03553390593323
-4.73788717647445
-5.72868960032187
-6.01923203528293
-5.83638578902662
-5.49999999999999
-5.27114540178057
-5.23219203436273
-5.24668254627307
-5.01540172789982
-4.20710678118673
-2.61267756707259
-0.261433438279133
2.54802849764784
5.31800560177038
7.50000000000002
8.66825087409635
8.65538450565729
7.60069057024805
5.89383051644706
4.03553390593243
2.46735579894523
1.43331154376655
0.923175039987762
0.715482114705101
0.500000000000007
0.029246781629376
-0.761920914091503
-1.71660540010125
-2.51244077082004
-2.79289321881344
-2.3220340308178
-1.10151653659558
0.597904398716688
2.30585902963161
3.49999999999996
3.77889072147437
2.99705647422733
1.31272147505677
-0.868948974807498
-3.03553390593295
-4.73788717647426
-5.72868960032179
-6.01923203528293
-5.83638578902666
-5.49999999999991
-5.27114540178058
-5.23219203436273
-5.24668254627308
-5.01540172789989
-4.20710678118646
-2.61267756707287
-0.261433438279498
2.54802849764849
5.31800560177003
7.50000000000041
8.66825087409649
8.65538450565737
7.60069057024772
5.89383051644732
4.03553390593267
2.46735579894541
1.43331154376666
0.923175039987804
0.715482114705065
0.50000000000005
0.0292467816292321
-0.761920914091708
-1.71660540010112
-2.51244077082018
-2.79289321881345
-2.32203403081792
-1.10151653659523
0.597904398716442
2.3058590296314
3.50000000000013
3.7788907214744
2.99705647422705
1.31272147505704
-0.868948974807188
-3.03553390593268
-4.73788717647407
-5.7286896003217
-6.01923203528293
-5.83638578902671
-5.49999999999996
-5.27114540178055
-5.23219203436273
-5.24668254627306
-5.01540172789978
-4.20710678118662
-2.61267756707242
-0.261433438279861
2.54802849764809
5.31800560177061
7.50000000000017
8.66825087409641
8.65538450565745
7.60069057024792
5.89383051644757
4.03553390593227
2.46735579894559
1.43331154376649
0.923175039987846
0.715482114705086
0.49999999999998
0.0292467816293196
-0.761920914091583
-1.71660540010133
-2.51244077082009
-2.79289321881344
-2.32203403081772
-1.10151653659544
0.597904398716844
2.30585902963119
3.50000000000002
3.77889072147444
2.99705647422722
1.31272147505732
-0.868948974807695
-3.0355339059324
-4.73788717647438
-5.72868960032184
-6.01923203528293
-5.83638578902664
-5.5
-5.27114540178057
-5.23219203436274
4.59807621135282
4.96410161513783
3.99999999999998
1.96410161513816
-0.598076211352399
-2.99999999999978
-4.59807621135302
-4.96410161513777
-4.00000000000035
-1.96410161513873
0.59807621135291
2.99999999999929
4.59807621135322
4.96410161513784
4.00000000000072
1.96410161513826
-0.598076211353421
-2.9999999999997
-4.59807621135298
-4.96410161513792
-4.00000000000041
-1.96410161513779
0.598076211352803
2.9999999999992
4.59807621135318
4.96410161513785
4.0000000000001
1.96410161513836
-0.598076211352185
-2.99999999999961
-4.59807621135294
-4.96410161513779
-4.00000000000048
-1.96410161513893
0.598076211352696
3.00000000000002
4.59807621135314
4.96410161513787
4.00000000000017
1.96410161513846
-0.598076211353206
-2.99999999999953
-4.59807621135289
-4.96410161513781
-4.00000000000054
-1.96410161513798
0.598076211352589
2.99999999999903
4.5980762113531
4.96410161513774
4.00000000000023
1.96410161513856
-0.59807621135197
-2.99999999999944
-4.5980762113533
-4.96410161513782
-4.00000000000061
-1.96410161513808
0.598076211352482
2.99999999999985
4.59807621135305
4.96410161513789
4.0000000000003
1.96410161513761
-0.598076211352993
-2.99999999999935
-4.59807621135281
-4.96410161513783
-3.99999999999999
-1.96410161513818
0.598076211352375
2.99999999999976
4.59807621135301
4.96410161513777
4.00000000000036
1.96410161513875
-0.598076211352886
-2.99999999999927
-4.59807621135321
-4.96410161513784
-4.00000000000074
-1.96410161513828
0.598076211353396
2.99999999999968
4.59807621135297
4.96410161513778
4.00000000000043
1.96410161513781
-0.598076211352778
-2.99999999999918
-4.59807621135317
-4.96410161513786
-4.00000000000012
-1.96410161513838
0.59807621135216
2.99999999999959
4.59807621135337
4.96410161513779
4.00000000000049
1.96410161513895
-0.598076211352672
-3
-4.59807621135313
-4.96410161513787
-4.00000000000018
-1.96410161513848
0.598076211353182
2.99999999999951
4.59807621135288
4.96410161513781
4.00000000000056
1.96410161513801
-0.598076211352565
-2.99999999999901
-4.59807621135309
-4.96410161513775
-4.00000000000025
-1.96410161513858
0.598076211353075
2.99999999999942
4.59807621135329
4.96410161513782
4.00000000000062
1.96410161513811
-0.598076211352457
-2.99999999999983
-4.59807621135304
-4.9641016151379
-4.00000000000031
-1.96410161513763
0.598076211352968
2.99999999999933
4.5980762113528
4.96410161513783
4
1.96410161513821
-0.59807621135235
-2.99999999999975
-4.598076211353
-4.96410161513777
-4.00000000000038
-1.96410161513878
0.598076211352861
2.99999999999925
4.5980762113532
4.96410161513785
4.00000000000075
1.9641016151383
-0.598076211353372
-2.99999999999966
-4.59807621135296
-4.96410161513779
-4.00000000000044
-1.96410161513783
0.598076211352754
2.99999999999916
4.59807621135316
4.96410161513786
4.00000000000013
1.9641016151384
-0.598076211352136
-2.99999999999957
-4.59807621135336
-4.9641016151378
-4.00000000000051
-1.96410161513898
0.598076211352647
2.99999999999998
4.59807621135312
4.96410161513787
4.0000000000002
1.9641016151385
-0.598076211353158
-2.99999999999949
-4.59807621135287
-4.96410161513781
-4.00000000000057
-1.96410161513803
0.59807621135254
2.99999999999899
4.59807621135308
4.96410161513775
4.00000000000026
1.9641016151386
-0.598076211353051
-2.9999999999994
-4.59807621135328
-4.96410161513782
-4.00000000000064
-1.96410161513813
0.598076211352433
2.99999999999981
4.59807621135303
4.9641016151379
4.00000000000033
1.96410161513766
-0.598076211352944
-2.99999999999931
-4.59807621135279
-4.96410161513784
-4.00000000000002
-1.96410161513823
0.598076211352326
2.99999999999973
4.59807621135299
4.96410161513777
4.00000000000039
1.9641016151388
-0.598076211352837
-2.99999999999923
-4.59807621135319
-4.96410161513785
-4.00000000000077
-1.96410161513833
0.598076211353348
2.99999999999964
4.59807621135295
4.96410161513779
4.00000000000046
1.96410161513785
-0.59807621135273
-2.99999999999914
-4.59807621135315
-4.96410161513786
-4.00000000000015
-1.96410161513843
0.598076211352112
2.99999999999955
4.59807621135335
4.9641016151378
4.00000000000052
1.964101615139
-0.598076211352623
-2.99999999999996
-4.59807621135311
-4.96410161513788
-4.00000000000021
-1.96410161513852
0.598076211353133
2.99999999999947
4.59807621135286
4.96410161513781
4.00000000000059
1.96410161513805
-0.598076211352516
-2.99999999999897
-4.59807621135307
-4.96410161513775
-4.00000000000028
-1.96410161513862
0.598076211353026
2.99999999999938
4.59807621135327
4.96410161513783
4.00000000000065
1.96410161513815
-0.598076211352408
-2.99999999999979
-4.59807621135302
-4.9641016151379
-4.00000000000034
-1.96410161513768
0.598076211352919
2.99999999999929
4.59807621135278
4.96410161513784
4.00000000000003
1.96410161513825
-0.598076211352302
-2.99999999999971
-4.59807621135298
-4.96410161513778
-4.00000000000041
-1.96410161513882
0.598076211352813
2.99999999999921
4.59807621135318
4.96410161513785
4.00000000000078
1.96410161513835
-0.598076211353323
-2.99999999999962
-4.59807621135294
-4.96410161513779
-4.00000000000047
-1.96410161513788
0.598076211352706
2.99999999999912
4.59807621135314
4.96410161513787
4.00000000000016
1.96410161513845
-0.598076211352088
-2.99999999999953
-4.59807621135334
-4.9641016151378
-4.00000000000054
-1.96410161513902
0.598076211352599
2.99999999999995
4.5980762113531
4.96410161513788
4.00000000000023
1.96410161513855
-0.598076211353109
-2.99999999999945
-4.59807621135285
-4.96410161513782
-4.0000000000006
-1.96410161513807
0.598076211352491
2.99999999999895
0.0179491924310478
0.855667471301258
1.6559889757271
2.38393581559736
3.00769322093276
3.49999999999992
3.83933998420382
4.01088238790069
4.00712998489727
3.82824677321084
3.48205080756901
2.98367251290272
2.35489341217335
1.62319416929988
0.820553552277999
-0.017949192431004
-0.855667471300992
-1.65598897572727
-2.38393581559751
-3.00769322093273
-3.4999999999999
-3.83933998420381
-4.01088238790071
-4.00712998489725
-3.82824677321085
-3.48205080756891
-2.98367251290259
-2.35489341217357
-1.62319416929992
-0.820553552278042
0.0179491924311901
0.85566747130095
1.65598897572723
2.38393581559748
3.00769322093286
3.49999999999987
3.8393399842038
4.0108823879007
4.0071299848973
3.82824677321087
3.48205080756893
2.98367251290262
2.35489341217323
1.62319416929996
0.820553552278085
-0.0179491924311463
-0.855667471300907
-1.65598897572719
-2.38393581559744
-3.00769322093283
-3.49999999999985
-3.83933998420378
-4.0108823879007
-4.00712998489726
-3.82824677321088
-3.48205080756896
-2.98367251290265
-2.35489341217364
-1.6231941693
-0.820553552278127
0.0179491924311033
0.855667471301312
1.65598897572757
2.38393581559741
3.0076932209328
3.49999999999983
3.83933998420377
4.01088238790069
4.00712998489726
3.82824677321089
3.48205080756898
2.98367251290268
2.3548934121733
1.62319416929962
0.82055355227817
-0.0179491924310595
-0.855667471300822
-1.65598897572711
-2.38393581559737
-3.00769322093277
-3.50000000000004
-3.8393399842039
-4.01088238790069
-4.00712998489727
-3.82824677321076
-3.482050807569
-2.98367251290271
-2.35489341217334
-1.62319416930008
-0.820553552278212
0.017949192431016
0.855667471301228
1.65598897572749
2.38393581559734
3.00769322093274
3.50000000000002
3.83933998420374
4.01088238790068
4.00712998489727
3.82824677321078
3.48205080756879
2.98367251290274
2.35489341217337
1.6231941692997
0.820553552278255
-0.0179491924309727
-0.855667471301185
-1.65598897572703
-2.3839358155973
-3.00769322093271
-3.49999999999999
-3.83933998420387
-4.01088238790068
-4.00712998489727
-3.82824677321079
-3.48205080756904
-2.98367251290277
-2.35489341217341
-1.62319416929974
-0.820553552277849
0.0179491924309292
0.855667471301143
1.65598897572741
2.38393581559727
3.00769322093268
3.49999999999997
3.83933998420372
4.01088238790068
4.00712998489728
3.8282467732108
3.48205080756884
2.9836725129028
2.35489341217344
1.62319416929978
0.82055355227834
-0.0179491924308859
-0.8556674713011
-1.65598897572737
-2.3839358155976
-3.00769322093266
-3.49999999999995
-3.83933998420384
-4.01088238790067
-4.00712998489728
-3.82824677321082
-3.48205080756909
-2.98367251290282
-2.35489341217348
-1.62319416929982
-0.820553552277934
0.0179491924313004
0.855667471301057
1.65598897572733
2.3839358155972
3.00769322093263
3.49999999999993
3.83933998420383
4.01088238790071
4.00712998489729
3.82824677321083
3.48205080756888
2.98367251290255
2.35489341217352
1.62319416929986
0.820553552278425
-0.0179491924307988
-0.855667471301016
-1.65598897572729
-2.38393581559753
-3.0076932209329
-3.49999999999991
-3.83933998420382
-4.01088238790071
-4.00712998489729
-3.82824677321084
-3.4820508075689
-2.98367251290257
-2.35489341217355
-1.62319416929989
-0.820553552278019
0.0179491924312136
0.855667471300973
1.65598897572725
2.38393581559713
3.00769322093257
3.49999999999989
3.83933998420381
4.0108823879007
4.0071299848973
3.82824677321086
3.48205080756892
2.9836725129026
2.35489341217321
1.62319416929993
0.820553552278062
-0.0179491924311703
-0.855667471300931
-1.65598897572721
-2.38393581559746
-3.00769322093254
-3.49999999999986
-3.83933998420379
-4.0108823879007
-4.00712998489725
-3.82824677321087
-3.48205080756895
-2.98367251290263
-2.35489341217325
-1.62319416929955
-0.820553552278104
0.0179491924306685
0.855667471300888
-4.0000000000004
-1.96410161513777
0.598076211352822
2.99999999999922
4.59807621135274
4.96410161513785
4.00000000000009
1.96410161513834
-0.598076211353333
-2.99999999999872
-4.59807621135294
-4.96410161513779
-4.00000000000047
-1.96410161513787
0.598076211351586
2.99999999999913
4.59807621135315
4.96410161513786
4.00000000000016
1.96410161513739
-0.598076211352097
-2.99999999999954
-4.5980762113529
-4.9641016151378
-3.99999999999985
-1.96410161513901
0.598076211352608
2.99999999999904
4.5980762113531
4.96410161513774
4.00000000000022
1.96410161513854
-0.59807621135199
-2.99999999999946
-4.59807621135331
-4.96410161513782
-4.0000000000006
-1.96410161513911
0.598076211352501
2.99999999999987
4.59807621135306
4.96410161513775
4.00000000000097
1.96410161513864
-0.598076211353012
-2.99999999999937
-4.59807621135326
-4.96410161513796
-4.00000000000066
-1.96410161513816
0.598076211352394
2.99999999999978
4.59807621135347
4.9641016151379
4.00000000000035
1.96410161513874
-0.598076211352905
-3.00000000000019
-4.59807621135277
-4.96410161513784
-4.00000000000072
-1.96410161513826
0.598076211353416
2.99999999999969
4.59807621135298
4.96410161513792
4.00000000000042
1.96410161513779
-0.598076211352798
-2.9999999999992
-4.59807621135273
-4.96410161513785
-4.00000000000011
-1.96410161513836
0.598076211353309
2.9999999999987
4.59807621135293
4.96410161513779
4.00000000000048
1.96410161513789
-0.598076211351562
-2.99999999999911
-4.59807621135314
-4.96410161513787
-4.00000000000017
-1.96410161513742
0.598076211352073
2.99999999999952
4.59807621135289
4.96410161513781
3.99999999999986
1.96410161513903
-0.598076211352584
-2.99999999999902
-4.59807621135309
-4.96410161513774
-4.00000000000024
-1.96410161513856
0.598076211351966
2.99999999999944
4.5980762113533
4.96410161513782
4.00000000000061
1.96410161513913
-0.598076211352477
-2.99999999999985
-4.59807621135305
-4.96410161513776
-4.00000000000098
-1.96410161513866
0.598076211352988
2.99999999999935
4.59807621135325
4.96410161513797
4.00000000000068
1.96410161513819
-0.59807621135237
-2.99999999999976
-4.59807621135346
-4.96410161513791
-4.00000000000037
-1.96410161513876
0.598076211352881
3.00000000000017
4.59807621135276
4.96410161513784
4.00000000000074
1.96410161513829
-0.598076211353391
-2.99999999999967
-4.59807621135297
-4.96410161513792
-4.00000000000043
-1.96410161513781
0.598076211352773
2.99999999999918
4.59807621135272
4.96410161513786
4.00000000000012
1.96410161513839
-0.598076211353284
-2.99999999999868
-4.59807621135292
-4.9641016151378
-4.0000000000005
-1.96410161513791
0.598076211351538
2.99999999999909
4.59807621135313
4.96410161513787
4.00000000000019
1.96410161513744
-0.598076211352049
-2.9999999999995
-4.59807621135288
-4.96410161513781
-3.99999999999988
-1.96410161513906
0.598076211352559
2.999999999999
4.59807621135308
4.96410161513775
4.00000000000025
1.96410161513858
-0.598076211351942
-2.99999999999942
-4.59807621135329
-4.96410161513782
-4.00000000000062
-1.96410161513916
0.598076211352452
2.99999999999983
4.59807621135304
4.96410161513776
4.000000000001
1.96410161513868
-0.598076211352963
-2.99999999999933
-4.59807621135324
-4.96410161513797
-4.00000000000069
-1.96410161513821
0.598076211352346
2.99999999999974
4.59807621135345
4.96410161513791
4.00000000000038
1.96410161513878
-0.598076211352856
-3.00000000000015
-4.5980762113532
-4.96410161513785
-4.00000000000075
-1.96410161513831
0.598076211353367
2.99999999999965
4.59807621135296
4.96410161513792
4.00000000000044
1.96410161513784
-0.598076211352749
-3.00000000000007
-4.59807621135271
-4.96410161513786
-4.00000000000014
-1.96410161513841
0.59807621135326
2.99999999999866
4.59807621135291
4.9641016151378
4.00000000000051
1.96410161513793
-0.598076211353771
-2.99999999999907
-4.59807621135312
-4.96410161513787
-4.0000000000002
-1.96410161513746
0.598076211352024
2.99999999999948
4.59807621135287
4.96410161513781
3.99999999999989
1.96410161513803
-0.598076211352535
-2.99999999999898
-4.59807621135307
-4.96410161513775
-4.00000000000027
-1.96410161513861
0.598076211351917
2.9999999999994
4.59807621135328
4.96410161513782
3.99999999999996
1.96410161513918
-0.598076211352428
-2.99999999999981
-4.59807621135303
-4.96410161513776
-4.00000000000101
-1.96410161513871
0.598076211352939
2.99999999999931
4.59807621135323
4.9641016151377
4.0000000000007
1.96410161513823
-0.598076211352321
-2.99999999999972
-4.59807621135344
-4.96410161513791
-4.0000000000004
-1.9641016151388
0.598076211352832
3.00000000000013
4.59807621135319
4.96410161513785
4.00000000000077
1.96410161513833
-0.598076211353343
-2.99999999999964
-4.59807621135295
-4.96410161513792
-4.00000000000046
-1.96410161513786
0.598076211352725
3.00000000000005
4.5980762113527
4.96410161513786
4.00000000000015
1.96410161513843
-0.598076211353236
-2.99999999999864
-4.59807621135291
-4.9641016151378
-4.00000000000052
-1.96410161513796
0.598076211353747
2.99999999999905
4.59807621135311
4.96410161513788
4.00000000000022
1.96410161513748
-0.598076211352
-2.99999999999946
-4.59807621135286
-4.96410161513781
-3.99999999999991
-1.96410161513806
0.598076211352511
2.99999999999897
4.59807621135306
4.96410161513775
4.00000000000028
1.96410161513863
-0.598076211351893
-2.99999999999938
-4.59807621135327
-4.96410161513783
-3.99999999999997
-1.9641016151392
0.598076211352404
2.99999999999979
4.59807621135302
4.96410161513777
4.00000000000103
1.96410161513873
-0.598076211352914
-2.99999999999929
-4.59807621135322
-4.9641016151377
-4.00000000000072
-1.96410161513825
0.598076211352297
2.9999999999997
4.59807621135343
4.96410161513792
4.00000000000041
1.96410161513883
-0.598076211352808
-3.00000000000011
-4.59807621135318
-4.96410161513785
-4.00000000000078
-1.96410161513835
0.598076211353319
2.99999999999962
4.59807621135294
4.96410161513793
4.00000000000048
1.96410161513788
-0.598076211352701
-3.00000000000003
-4.59807621135269
-4.96410161513787
-4.00000000000017
-1.96410161513845
0.598076211353212
2.99999999999862
4.5980762113529
4.9641016151378
4.00000000000054
1.96410161513798
-0.598076211353722
-2.99999999999903
-4.5980762113531
-4.96410161513788
-4.00000000000023
-1.96410161513751
0.598076211351976
2.99999999999944
4.59807621135285
4.96410161513782
3.99999999999992
1.96410161513808
-0.598076211352487
-2.99999999999895
-4.59807621135305
-4.96410161513776
-4.0000000000003
-1.96410161513865
0.598076211351869
2.99999999999936
4.59807621135326
4.96410161513783
3.99999999999999
1.96410161513922
-0.59807621135238
-2.99999999999977
-4.59807621135301
-4.96410161513777
-4.00000000000104
-1.96410161513875
0.59807621135289
2.99999999999927
4.59807621135321
4.96410161513771
4.00000000000073
1.96410161513828
-0.598076211352272
-2.99999999999968
-4.59807621135342
-4.96410161513792
-4.00000000000042
-1.96410161513885
0.598076211352783
3.00000000000009
4.59807621135317
4.96410161513786
4.0000000000008
1.96410161513838
-0.598076211353294
-2.9999999999996
-4.59807621135293
-4.96410161513793
-4.00000000000049
-1.9641016151379
0.598076211352676
3.00000000000001
4.59807621135268
4.96410161513787
4.00000000000018
1.96410161513848
-0.598076211353187
-2.9999999999986
-4.59807621135289
-4.96410161513781
-4.00000000000055
-1.964101615138
0.598076211353698
2.99999999999901
4.59807621135309
4.96410161513788
4.00000000000025
1.96410161513753
-0.598076211351951
-2.99999999999942
-4.59807621135284
-4.96410161513782
-3.99999999999994
-1.9641016151381
0.598076211352462
2.99999999999893
4.59807621135305
4.96410161513776
4.00000000000031
1.96410161513867
-0.598076211351844
-2.99999999999934
-4.59807621135325
-4.96410161513783
-4
-1.96410161513925
0.598076211352355
2.99999999999975
4.598076211353
4.96410161513777
4.00000000000106
1.96410161513877
-0.598076211352866
-2.99999999999925
-4.5980762113532
-4.96410161513771
-4.00000000000075
-1.9641016151383
0.598076211352248
2.99999999999966
4.59807621135341
4.96410161513792
4.00000000000044
1.96410161513887
-0.598076211352759
-3.00000000000007
-4.59807621135316
-4.96410161513786
-4.00000000000081
-1.9641016151384
0.59807621135327
2.99999999999958
4.59807621135292
4.96410161513793
4.0000000000005
1.96410161513793
-0.598076211352652
-2.99999999999999
-4.59807621135267
-4.96410161513787
-4.0000000000002
-1.9641016151385
0.598076211353163
2.99999999999858
4.59807621135288
4.96410161513781
4.00000000000057
1.96410161513802
-0.598076211353674
-2.99999999999899
-4.59807621135308
-4.96410161513788
-4.00000000000026
-1.96410161513755
0.598076211351927
2.9999999999994
4.59807621135283
4.96410161513782
3.99999999999995
1.96410161513812
-0.598076211352438
-2.99999999999891
-4.59807621135304
-4.96410161513776
-4.00000000000033
-1.9641016151387
0.59807621135182
2.99999999999932
4.59807621135324
4.96410161513784
4.00000000000002
1.96410161513927
-0.598076211352331
-2.99999999999973
-4.59807621135299
-4.96410161513777
-4.00000000000107
-1.9641016151388
0.598076211352842
2.99999999999923
4.5980762113532
4.96410161513771
4.00000000000076
1.96410161513832
-0.598076211352224
-2.99999999999964
-4.5980762113534
-4.96410161513792
-4.00000000000045
-1.96410161513889
0.598076211352735
3.00000000000006
4.59807621135315
4.96410161513786
4.00000000000083
1.96410161513842
-0.598076211353245
-2.99999999999956
-4.59807621135291
-4.96410161513794
-4.00000000000052
-1.96410161513795
0.598076211352628
2.99999999999997
4.59807621135266
4.96410161513787
4.00000000000021
1.96410161513852
-0.598076211353138
-2.99999999999856
-4.59807621135287
-4.96410161513781
-4.00000000000058
-1.96410161513805
0.59807621135365
2.99999999999897
4.59807621135307
4.96410161513789
4.00000000000027
1.96410161513757
-0.598076211351902
-2.99999999999938
-4.59807621135282
-4.96410161513783
-3.99999999999997
-1.96410161513815
0.598076211352414
2.99999999999889
4.59807621135303
4.96410161513777
4.00000000000034
1.96410161513872
-0.598076211351795
-2.9999999999993
-4.59807621135323
-4.96410161513784
-4.00000000000003
-1.96410161513929
0.598076211352307
2.99999999999971
4.59807621135298
4.96410161513778
4.00000000000109
1.96410161513882
-0.598076211352817
-2.99999999999921
-4.59807621135319
-4.96410161513772
-4.00000000000078
-1.96410161513835
0.5980762113522
2.99999999999962
4.59807621135339
4.96410161513793
4.00000000000047
1.96410161513892
-0.59807621135271
-3.00000000000004
-4.59807621135314
-4.96410161513787
-4.00000000000084
-1.96410161513844
0.598076211353221
2.99999999999954
4.5980762113529
4.96410161513794
4.00000000000053
1.96410161513797
-0.598076211352603
-2.99999999999995
-4.59807621135265
-4.96410161513788
-4.00000000000022
-1.96410161513854
0.598076211353114
2.99999999999854
4.59807621135286
4.96410161513782
4.0000000000006
1.96410161513807
-0.598076211353625
-2.99999999999895
-4.59807621135306
-4.96410161513789
-4.00000000000029
-1.9641016151376
0.598076211351878
2.99999999999936
4.59807621135281
4.96410161513783
3.99999999999998
1.96410161513817
-0.59807621135239
-2.99999999999887
-4.59807621135302
-4.96410161513777
-4.00000000000035
-1.96410161513874
0.598076211351771
2.99999999999928
4.59807621135322
4.96410161513784
4.00000000000005
1.96410161513931
-0.598076211352283
-2.99999999999969
-4.59807621135297
-4.96410161513778
-4.0000000000011
-1.96410161513884
0.598076211352793
2.99999999999919
4.59807621135318
4.96410161513772
4.00000000000079
1.96410161513837
-0.598076211352175
-2.9999999999996
-4.59807621135338
-4.96410161513793
-4.00000000000048
-1.96410161513894
0.598076211352686
3.00000000000002
4.59807621135313
4.96410161513787
4.00000000000086
1.96410161513847
-0.598076211353197
-2.99999999999952
-4.59807621135289
-4.96410161513794
-4.00000000000055
-1.96410161513799
0.598076211352579
2.99999999999993
4.59807621135265
4.96410161513788
4.00000000000024
1.96410161513857
-0.59807621135309
-2.99999999999852
-4.59807621135285
-4.96410161513782
-4.00000000000061
-1.96410161513809
0.598076211353601
2.99999999999893
4.59807621135305
4.96410161513789
4.0000000000003
1.96410161513762
-0.598076211351854
-2.99999999999935
-4.5980762113528
-4.96410161513783
-4
-1.96410161513819
0.598076211352365
2.99999999999885
4.59807621135301
4.96410161513777
4.00000000000037
1.96410161513772
-0.598076211351747
-2.99999999999926
-4.59807621135321
-4.96410161513784
-4.00000000000006
-1.96410161513934
0.598076211352258
2.99999999999967
4.59807621135296
4.96410161513778
3.99999999999975
1.96410161513886
-0.598076211352769
-2.99999999999917
-4.59807621135317
-4.96410161513772
-4.00000000000081
-1.96410161513839
0.598076211352151
2.99999999999958
4.59807621135337
4.9641016151378
4.0000000000005
1.96410161513896
-0.598076211352662
-3
-4.59807621135313
-4.96410161513787
-4.00000000000087
-1.96410161513849
0.598076211353173
2.9999999999995
4.59807621135333
4.96410161513795
4.00000000000056
1.96410161513802
-0.598076211352555
-2.99999999999991
-4.59807621135264
-4.96410161513788
-4.00000000000025
-1.96410161513859
0.598076211353065
3.00000000000032
4.59807621135284
4.96410161513782
4.00000000000063
1.96410161513811
-0.598076211353576
-2.99999999999891
-4.59807621135304
-4.9641016151379
-4.00000000000032
-1.96410161513764
0.598076211352958
2.99999999999933
4.5980762113528
4.96410161513784
4.00000000000001
1.96410161513821
-0.59807621135234
-2.99999999999883
-4.598076211353
-4.96410161513777
-4.00000000000038
-1.96410161513774
0.598076211351723
2.99999999999924
4.5980762113532
4.96410161513785
4.00000000000007
1.96410161513936
-0.598076211352234
-2.99999999999965
-4.59807621135296
-4.96410161513779
-3.99999999999977
-1.96410161513889
0.598076211352744
2.99999999999915
4.59807621135316
4.96410161513773
4.00000000000082
1.96410161513841
-0.598076211352126
-2.99999999999956
-4.59807621135336
-4.9641016151378
-4.00000000000051
-1.96410161513898
0.598076211352637
2.99999999999998
4.59807621135312
4.96410161513787
4.00000000000089
1.96410161513851
-0.598076211353148
-2.99999999999948
-4.59807621135332
-4.96410161513795
-4.00000000000058
-1.96410161513804
0.598076211352531
2.99999999999989
4.59807621135263
4.96410161513789
4.00000000000027
1.96410161513861
-0.598076211353041
-3.0000000000003
-4.59807621135283
-4.96410161513782
-4.00000000000064
-1.96410161513814
0.598076211353552
2.99999999999889
4.59807621135303
4.9641016151379
4.00000000000033
1.96410161513766
-0.598076211352934
-2.99999999999931
-4.59807621135279
-4.96410161513784
-4.00000000000002
-1.96410161513824
0.598076211352316
2.99999999999881
4.59807621135299
4.96410161513778
4.0000000000004
1.96410161513776
-0.598076211351698
-2.99999999999922
-4.59807621135319
-4.96410161513785
-4.00000000000009
-1.96410161513938
0.598076211352209
2.99999999999963
4.59807621135295
4.96410161513779
3.99999999999978
1.96410161513891
-0.59807621135272
-2.99999999999913
-4.59807621135315
-4.96410161513773
-4.00000000000084
-1.96410161513843
0.598076211352102
2.99999999999955
4.59807621135335
4.9641016151378
4.00000000000053
1.96410161513901
-0.598076211352613
-2.99999999999996
-4.5980762113531
-4.96410161513788
-4.0000000000009
-1.96410161513853
0.598076211353124
2.99999999999946
4.59807621135331
4.96410161513795
4.00000000000059
1.96410161513806
-0.598076211352506
-2.99999999999987
-4.59807621135262
-4.96410161513789
-4.00000000000028
-1.96410161513863
0.598076211353017
3.00000000000028
4.59807621135282
4.96410161513783
4.00000000000066
1.96410161513816
-0.598076211353528
-2.99999999999888
-4.59807621135302
-4.9641016151379
-4.00000000000035
-1.96410161513769
0.59807621135291
2.99999999999929
4.59807621135278
4.96410161513784
4.00000000000004
1.96410161513826
-0.598076211352292
-2.99999999999879
-4.59807621135298
-4.96410161513778
-4.00000000000041
-1.96410161513779
0.598076211351674
2.9999999999992
4.59807621135318
4.96410161513785
4.0000000000001
1.9641016151394
-0.598076211352185
-2.99999999999961
-4.59807621135294
-4.96410161513779
-3.9999999999998
-1.96410161513893
0.598076211352696
2.99999999999911
4.59807621135314
4.96410161513773
4.00000000000085
1.96410161513846
-0.598076211352078
-2.99999999999953
-4.59807621135334
-4.96410161513781
-4.00000000000054
-1.96410161513903
0.598076211352589
2.99999999999994
4.5980762113531
4.96410161513788
4.00000000000092
1.96410161513856
-0.598076211353099
-2.99999999999944
-4.5980762113533
-4.96410161513795
-4.00000000000061
-1.96410161513808
0.598076211352482
2.99999999999985
4.59807621135261
4.96410161513789
4.0000000000003
1.96410161513866
-0.598076211352993
-3.00000000000026
-4.59807621135281
-4.96410161513783
-4.00000000000067
-1.96410161513818
0.598076211353504
2.99999999999886
4.59807621135301
4.96410161513791
4.00000000000036
1.96410161513771
-0.598076211352886
-2.99999999999927
-4.59807621135277
-4.96410161513784
-4.00000000000005
-1.96410161513828
0.598076211352268
2.99999999999877
4.59807621135297
4.96410161513778
4.00000000000043
1.96410161513781
-0.59807621135165
-2.99999999999918
-4.59807621135317
-4.96410161513786
-4.00000000000012
-1.96410161513943
0.598076211352161
2.99999999999959
4.59807621135293
4.96410161513779
3.99999999999981
1.96410161513895
-0.598076211352672
-2.99999999999909
-4.59807621135313
-4.96410161513773
-4.00000000000087
-1.96410161513848
0.598076211352053
2.99999999999951
4.59807621135333
4.96410161513781
4.00000000000056
1.96410161513905
-0.598076211352565
-2.99999999999992
-4.59807621135309
-4.96410161513788
-4.00000000000093
-1.96410161513858
0.598076211353075
2.99999999999942
4.59807621135329
4.96410161513796
4.00000000000062
1.96410161513811
-0.598076211352458
-2.99999999999983
-4.5980762113526
-4.9641016151379
-4.00000000000031
-1.96410161513868
0.598076211352968
3.00000000000024
4.5980762113528
4.96410161513783
4.00000000000069
1.96410161513821
-0.598076211353479
-2.99999999999884
-4.598076211353
-4.96410161513791
-4.00000000000038
-1.96410161513773
0.598076211352861
2.99999999999925
4.59807621135276
4.96410161513785
4.00000000000007
1.9641016151383
-0.598076211352244
-2.99999999999875
-4.59807621135296
-4.96410161513779
-4.00000000000044
-1.96410161513783
0.598076211351626
2.99999999999916
4.59807621135316
4.96410161513786
4.00000000000013
1.96410161513945
-0.598076211352136
-2.99999999999957
-4.59807621135292
-4.9641016151378
-3.99999999999983
-1.96410161513898
0.598076211352647
2.99999999999907
4.59807621135312
4.96410161513774
4.00000000000088
1.9641016151385
-0.598076211352029
-2.99999999999949
-4.59807621135332
-4.96410161513781
-4.00000000000057
-1.96410161513907
0.59807621135254
2.9999999999999
4.59807621135308
4.96410161513788
4.00000000000095
1.9641016151386
-0.598076211353051
-2.9999999999994
-4.59807621135328
-4.96410161513796
-4.00000000000064
-1.96410161513813
0.598076211352433
2.99999999999981
4.59807621135259
4.9641016151379
4.00000000000033
1.9641016151387
-0.598076211352944
-3.00000000000022
-4.59807621135279
-4.96410161513784
-4.0000000000007
-1.96410161513823
0.598076211353455
2.99999999999882
4.59807621135299
4.96410161513791
4.00000000000039
1.96410161513775
-0.598076211352837
-2.99999999999923
-4.59807621135275
-4.96410161513785
-4.00000000000008
-1.96410161513833
0.598076211352219
2.99999999999873
4.59807621135295
4.96410161513779
4.00000000000046
1.96410161513785
-0.598076211351601
-2.99999999999914
-4.59807621135315
-4.96410161513786
-4.00000000000015
-1.96410161513947
0.598076211352112
2.99999999999955
4.59807621135291
4.9641016151378
3.99999999999984
1.964101615139
-0.598076211352623
-2.99999999999906
-4.59807621135311
-4.96410161513774
-4.0000000000009
-1.96410161513852
0.598076211352005
2.99999999999947
4.59807621135331
4.96410161513781
4.00000000000059
1.9641016151391
-0.598076211352516
-2.99999999999988
-4.59807621135307
-4.96410161513789
-4.00000000000096
-1.96410161513862
0.598076211353026
2.99999999999938
4.59807621135327
4.96410161513796
4.00000000000065
1.96410161513815
-0.598076211352408
-2.99999999999979
-4.59807621135258
-4.9641016151379
-4.00000000000034
-1.96410161513872
0.598076211352919
3.0000000000002
4.59807621135278
4.96410161513784
4.00000000000072
1.96410161513825
-0.598076211353431
-2.9999999999988
-4.59807621135298
-4.96410161513791
-4.00000000000041
-1.96410161513778
0.598076211352813
2.99999999999921
4.59807621135274
4.96410161513785
4.0000000000001
1.96410161513835
-0.598076211352195
-2.99999999999871
-4.59807621135294
-4.96410161513779
-4.00000000000047
-1.96410161513788
0.598076211351577
2.99999999999912
4.59807621135314
4.96410161513787
4.00000000000016
1.96410161513949
-0.598076211352088
-2.99999999999953
-4.5980762113529
-4.9641016151378
-3.99999999999985
-1.96410161513902
0.598076211352599
2.99999999999904
4.5980762113531
4.96410161513774
4.00000000000091
1.96410161513855
-0.598076211351981
-2.99999999999945
-4.5980762113533
-4.96410161513782
-4.0000000000006
-1.96410161513912
0.598076211352491
2.99999999999986
4.59807621135306
4.96410161513789
4.00000000000097
1.96410161513865
-0.598076211353002
-2.99999999999936
-4.59807621135326
-4.96410161513797
-4.00000000000067
-1.96410161513817
0.598076211352384
2.99999999999977
4.59807621135257
4.9641016151379
4.00000000000036
1.96410161513875
-0.598076211352895
-3.00000000000018
-4.59807621135277
-4.96410161513784
-4.00000000000073
-1.96410161513827
0.598076211353406
2.99999999999878
4.59807621135297
4.96410161513792
4.00000000000042
1.9641016151378
-0.598076211352788
-2.99999999999919
-4.59807621135273
-4.96410161513785
-4.00000000000011
-1.96410161513837
0.598076211353299
2.99999999999869
4.59807621135293
4.96410161513779
4.00000000000049
1.9641016151379
-0.598076211351553
-2.9999999999991
-4.59807621135313
-4.96410161513787
-4.00000000000018
-1.96410161513743
0.598076211352064
2.99999999999951
4.59807621135289
4.96410161513781
3.99999999999987
1.96410161513904
-0.598076211352574
-2.99999999999902
-4.59807621135309
-4.96410161513774
-4.00000000000024
-1.96410161513857
0.598076211351956
2.99999999999943
4.59807621135329
4.96410161513782
4.00000000000062
1.96410161513914
-0.598076211352467
-2.99999999999984
-4.59807621135305
-4.96410161513776
-4.00000000000099
-1.96410161513867
0.598076211352978
2.99999999999934
4.59807621135325
4.96410161513797
4.00000000000068
1.9641016151382
-0.59807621135236
-2.99999999999975
-4.59807621135345
-4.96410161513791
-4.00000000000037
-1.96410161513877
0.598076211352871
3.00000000000016
4.59807621135276
4.96410161513785
4.00000000000075
1.9641016151383
-0.598076211353382
-2.99999999999967
-4.59807621135296
-4.96410161513792
-4.00000000000044
-1.96410161513782
0.598076211352764
2.99999999999917
4.59807621135272
4.96410161513799
4.00000000000013
1.96410161513839
-0.598076211352146
-2.99999999999867
-4.59807621135247
-4.9641016151378
-4.0000000000005
-1.96410161513897
0.598076211351529
2.99999999999817
4.59807621135312
4.96410161513787
4.00000000000087
1.96410161513745
-0.59807621135091
-2.99999999999949
-4.59807621135288
-4.96410161513795
-3.99999999999988
-1.96410161514011
0.59807621135255
2.999999999999
4.59807621135263
4.96410161513775
4.00000000000026
1.96410161513859
-0.598076211351932
-2.9999999999985
-4.59807621135328
-4.96410161513782
-4.00000000000063
-1.96410161513917
0.598076211351314
2.99999999999982
-0.230969345062541
-2.07820167142429
-3.98350915454335
-5.63346530986328
-6.7236820051318
-7.01298795571487
-6.36939586674666
-4.79956444438817
-2.4561230765363
0.379093998493022
3.33378484533596
5.99999999999993
7.99634077415013
9.02745668959087
8.93107692559723
7.70477069533135
5.50791457293252
2.63840127202895
-0.512228501816477
-3.51801096463337
-5.98258708560531
-7.59774211749234
-8.18714450800868
-7.72849536299237
-6.3509342641562
-4.30867252868525
-1.93574004039401
0.410224529793051
2.40554626301838
3.80984011755123
4.49909965483328
4.47751370282377
3.86674752277475
2.87535156180363
1.75436132182294
0.747441177044299
0.0447152565289901
-0.251404467614869
-0.142379118635658
0.270976162416956
0.812564279360514
1.26993100010442
1.44062539990203
1.17720001227256
0.422260053930412
-0.773272631623799
-2.25251455982519
-3.77570985124622
-5.06038847859013
-5.83175492253405
-5.87446924952896
-5.0765215515173
-3.45707550811373
-1.17277998874557
1.49932241316239
4.20014434298127
6.54230328656124
8.17065366255144
8.81965738629382
8.35800009432427
6.81284361273308
4.36939586674644
1.34552695679986
-1.85471743809137
-4.80135405242412
-7.10281550027426
-8.46410161513788
-8.72944779456986
-7.9028082513953
-6.14313496085966
-3.73559569741269
-1.04381295779597
1.5487432359791
3.69842057824843
5.15232905382637
5.78244274262409
5.59774211749268
4.73310702042022
3.41765484836481
1.92867421022533
0.539641873747486
-0.528361574743967
-1.14333155021338
-1.28089782482217
-1.02189815281363
-0.52992465691396
-0.0134120876860331
0.320396985233853
0.310840514627241
-0.120043232631163
-0.947585520025685
-2.04471525652901
-3.20263301997412
-4.16846139599157
-4.69323621634761
-4.58159493429797
-3.73403261524204
-2.17373242032262
-0.0525515740762428
2.36568191080834
4.7424476295439
6.71661617496317
7.96285435925498
8.24658055502107
7.46607301172578
5.6743249065464
3.07652155151817
0.00303802052596303
-3.13806052588128
-5.92158246709255
-7.96917499791967
-9.00640490169936
-8.90376068297239
-7.69500894809804
-5.57005812958619
-2.8436686148137
0.0947057483908835
2.84161755120929
5.04090951452253
6.43567214161657
6.90267115729282
6.46410161513835
5.27541030698187
3.59196773676801
1.72087490692867
-0.0334349575257713
-1.42028865734237
-2.28185025639939
-2.57377214005172
-2.36438708908714
-1.81326774470344
-1.13364050235496
-0.54596251241189
-0.231462771934356
-0.294356121033054
-0.739786216728492
-1.47163842525541
-2.31070593737478
-3.02994268980511
-3.40036190111701
-3.23910599802412
-2.45068952745192
-1.05350400565377
0.813807923569723
2.90798519736946
4.91676051794456
6.50881687166606
7.3897775279819
7.35465347242265
6.32755430553956
4.38145059131776
1.73403261524337
-1.28030506726497
-4.25828894055067
-6.7879419647387
-8.51147828448155
-9.18071779010139
-8.69596137967548
-7.1219321168249
-4.67813104698742
-1.70514990862684
1.38758006362008
4.18410648748329
6.3242526023129
7.55590055628506
7.76903065493791
7.00640490169916
5.44972319538414
3.38416843347048
1.14779807565603
-0.925362040123956
-2.5588073635286
-3.57472457162919
-3.91626107632611
-3.64773017687763
-2.93349615937243
-1.99999999999991
-1.088265798973
-0.405775660336576
-0.0865568177361951
-0.166709385455889
-0.579711342657597
-1.17218723118817
-1.73706837457447
-2.0578729648426
-1.9557629102338
-1.33046111278328
-0.187144508008379
1.35611121013096
3.08229808577121
4.70896121464848
5.93574004039386
6.49785044538407
6.21613476623661
5.03467999030937
3.03896165504267
0.450689527452413
-2.4005334819342
-5.12464843819659
-7.33024525130036
-8.68579117288312
-8.9729184868045
-8.12288454840226
-6.23000503422599
-3.53961234080044
-0.412275593397764
2.73006899989491
5.4674495752733
7.44448101698146
8.42226005393063
8.31133394149953
7.1807177901023
5.24192389208766
2.81109160219794
0.255870993057185
-2.0638807463105
-3.85168167875897
-4.91721350790418
-5.19960416411681
-4.76795859154648
-3.79985565701893
-2.54230328656208
-1.26257868737603
-0.197976357039744
0.48652001353679
0.725217697142646
0.558807363528931
0.12068708404147
-0.394579438300986
-0.774529877052969
-0.835534495565483
-0.464101615137779
0.355158778553376
1.53042409853213
2.8744987824742
4.1358843833754
5.04381295779535
5.35933173919769
4.92326045100589
3.69219105403508
1.75561856725212
-0.669538887216773
-3.26689297958036
-5.66695172475866
-7.50455813970207
-8.4779918695861
-8.39984165553157
-7.23095746580401
-5.09148632803992
-2.24673802557231
0.930213342876132
4.01341208768486
6.58767798994243
8.31084051462722
8.96456334049205
8.48564682990178
6.97291848680466
4.66884706081358
1.91916451959917
-0.882647713129752
-3.35675506154027
-5.19417061503313
-6.20055659569445
-6.31983257878561
-5.63431808919221
-4.3421589435796
-2.71661617496431
-1.05477938407872
0.37510047423334
1.37844709613502
1.86373640332851
1.85168167875936
1.46317602031594
0.888763649489511
0.345698537615943
0.030825002080237
0.0782016714237903
0.529471666955039
1.32262479523563
2.30142195120154
3.2439573007771
3.90529425160885
4.06645742396714
3.58077151473163
2.40884796624494
0.635390152583663
-1.53589838486201
-3.8091962661415
-5.8412646131594
-7.29675883640502
-7.90491503831358
-7.5079145729333
-6.09243875961751
-3.79861201281079
-0.904249089297443
2.21355643066708
5.13364050235331
7.45403748758786
8.85314380118872
9.13887622889439
8.27784752660498
6.39984165553192
3.77691997821545
0.780645813412149
-2.1755220283589
-4.69924399781479
-6.47751370282336
-7.32078501036282
-7.1861920764306
-6.17662137575393
-4.51647183198294
-2.50881687166777
-0.481702552806062
1.26702755683156
2.51696580232128
3.1566107185596
3.194170615034
2.74651910810643
2.00899206415833
1.21205803526157
0.573128288641796
0.252514559826047
0.321672363658005
0.749547963962469
1.40949486860288
2.10543859459051
2.61241993637832
2.72396848769277
2.29742842694163
1.28861955157619
-0.230969345062254
-2.0782016714241
-3.98350915454326
-5.63346530986333
-6.72368200513199
-7.01298795571517
-6.36939586674707
-4.79956444438759
-2.45612307653575
0.3790939984935
3.33378484533633
6.00000000000018
7.99634077415024
9.02745668959085
8.93107692559738
7.70477069533165
5.50791457293293
2.63840127202945
-0.512228501815943
-3.51801096463286
-5.98258708560486
-7.597742117492
-8.18714450800847
-7.72849536299231
-6.35093426415629
-4.30867252868547
-1.93574004039434
0.410224529792649
2.40554626301794
3.80984011755185
4.49909965483394
4.47751370282441
3.86674752277529
2.87535156180405
1.75436132182318
0.747441177044344
0.0447152565291287
-0.25140446761465
-0.142379118635373
0.270976162417288
0.812564279360875
1.26993100010478
1.44062539990238
1.17720001227288
0.422260053930665
-0.77327263162363
-2.25251455982511
-3.77570985124595
-5.0603884785897
-5.83175492253351
-5.87446924952835
-5.07652155151668
-3.45707550811315
-1.17277998874507
1.49932241316278
4.20014434298151
6.54230328656133
8.17065366255139
8.81965738629393
8.35800009432453
6.81284361273348
4.36939586674692
1.3455269568004
-1.85471743809083
-4.80135405242364
-7.10281550027388
-8.46410161513764
-8.72944779456977
-7.90280825139535
-6.14313496085956
-3.73559569741244
-1.04381295779557
1.54874323597961
3.69842057824929
5.15232905382593
5.78244274262373
5.59774211749241
4.73310702042006
3.41765484836478
1.92867421022541
0.53964187374766
-0.528361574743712
-1.14333155021306
-1.28089782482181
-1.02189815281338
-0.5299246569136
-0.013412087685702
0.320396985234136
0.310840514627457
-0.120043232631027
-0.94758552002563
-2.04471525652876
-3.20263301997369
-4.16846139599101
-4.69323621634697
-4.58159493429778
-3.73403261524248
-2.17373242032306
-0.052551574076642
2.36568191080801
4.74244762954369
6.7166161749631
7.96285435925506
8.24658055502129
7.46607301172614
5.67432490654686
3.07652155151678
0.00303802052543722
-3.13806052588176
-5.92158246709294
-7.96917499791996
-9.00640490169952
-8.90376068297241
-7.69500894809792
-5.57005812958593
-2.84366861481332
0.0947057483913725
2.8416175512105
5.04090951452206
6.43567214161617
6.90267115729253
6.46410161513818
5.27541030698183
3.5919677367681
1.72087490692887
-0.0334349575254809
-1.42028865734202
-2.28185025639901
-2.57377214005168
-2.36438708908783
-1.81326774470409
-1.1336405023555
-0.545962512412274
-0.231462771934546
-0.294356121033046
-0.739786216728578
-1.47163842525559
-2.31070593737504
-3.02994268980544
-3.40036190111712
-3.23910599802453
-2.45068952745232
-1.05350400565414
0.813807923569421
2.90798519736926
4.91676051794448
6.50881687166611
7.3897775279821
7.35465347242297
6.32755430553999
4.38145059131664
1.73403261524283
-1.28030506726544
-4.25828894055105
-6.78794196473896
-8.51147828448168
-9.18071779010139
-8.69596137967565
-7.12193211682521
-4.67813104698785
-1.70514990862734
1.38758006362152
4.18410648748279
6.32425260231247
7.55590055628474
7.76903065493771
7.00640490169911
5.44972319538422
3.38416843347038
1.14779807565576
-0.925362040124388
-2.55880736352916
-3.57472457163054
-3.91626107632678
-3.64773017687827
-2.93349615937298
-2.00000000000032
-1.08826579897322
-0.405775660336605
-0.086556817736315
-0.166709385456091
-0.57971134265787
-1.1721872311885
-1.73706837457475
-2.05787296484298
-1.95576291023417
-1.33046111278361
-0.187144508008649
1.35611121013078
3.08229808577112
4.70896121464821
5.93574004039344
6.49785044538354
6.21613476623602
5.03467999030846
3.03896165504316
0.450689527452895
-2.40053348193378
-5.12464843819626
-7.33024525130017
-8.68579117288308
-8.97291848680463
-8.12288454840254
-6.2300050342264
-3.53961234080094
-0.412275593396221
2.73006899989439
5.46744957527284
7.4444810169811
8.4222600539304
8.31133394149946
7.18071779010237
5.24192389208756
2.81109160219768
0.25587099305678
-2.06388074631103
-3.85168167875964
-4.91721350790376
-5.19960416411646
-4.76795859154623
-3.79985565701878
-2.54230328656204
-1.26257868737609
-0.1979763570399
0.486520013536553
0.725217697142347
0.558807363528589
0.120687084041167
-0.394579438300289
-0.77452987705234
-0.83553449556498
-0.464101615137445
0.355158778553513
1.53042409853206
2.87449878247393
4.13588438337497
5.0438129577948
5.35933173919707
4.92326045100552
3.69219105403554
1.75561856725257
-0.669538887216361
-3.26689297958003
-5.66695172475845
-7.50455813970201
-8.4779918695862
-8.39984165553181
-7.23095746580438
-5.0914863280404
-2.24673802557083
0.930213342876657
4.01341208768535
6.58767798994284
8.31084051462753
8.96456334049222
8.48564682990184
6.97291848680487
4.66884706081392
1.9191645195996
-0.88264771312927
-3.35675506154131
-5.19417061503268
-6.20055659569407
-6.31983257878533
-5.63431808919205
-4.34215894357957
-2.7166161749644
-1.0547793840789
0.375100474233067
1.37844709613468
1.86373640332814
1.8516816787592
1.46317602031664
0.888763649490156
0.345698537616475
0.0308250020806051
0.0782016714239626
0.529471666955013
1.32262479523571
2.30142195120171
3.24395730077736
3.90529425160919
4.06645742396712
3.58077151473205
2.40884796624536
0.635390152584049
-1.5358983848617
-3.80919626614129
-5.8412646131593
-7.29675883640477
-7.90491503831319
-7.50791457293282
-6.09243875961698
-3.79861201280846
-0.904249089296912
2.21355643066756
5.13364050235369
7.45403748758813
8.85314380118887
9.13887622889441
8.27784752660516
6.39984165553224
3.77691997821588
0.780645813412649
-2.17552202836024
-4.6992439978143
-6.47751370282295
-7.32078501036251
-7.18619207643042
-6.17662137575389
-4.51647183198302
-2.50881687166767
-0.481702552805777
1.26702755683201
2.51696580232186
3.15661071855972
3.19417061503363
2.7465191081061
2.00899206415807
1.2120580352614
0.573128288641714
0.252514559826058
0.321672363658107
0.749547963962657
1.40949486860314
2.10543859459084
2.61241993637854
2.72396848769317
2.29742842694201
1.28861955157654
-0.230969345061967
-2.0782016714239
-3.98350915454317
-5.63346530986307
-6.72368200513158
-7.01298795571466
-6.3693958667465
-4.79956444438665
-2.45612307653626
0.379093998493009
3.3337848453359
5.99999999999986
7.99634077415006
9.02745668959084
8.93107692559752
7.70477069533195
5.50791457293335
2.63840127202995
-0.512228501817457
-3.5180109646334
-5.98258708560538
-7.59774211749246
-8.18714450800883
-7.72849536299254
-6.35093426415636
-4.30867252868538
-1.93574004039408
0.410224529793067
2.40554626301849
3.80984011755218
4.49909965483354
4.47751370282407
3.86674752277504
2.87535156180389
1.75436132182312
0.747441177044391
0.0447152565292663
-0.251404467614432
-0.142379118635088
0.270976162417621
0.812564279361189
1.26993100010409
1.44062539990176
1.17720001227239
0.42226005393035
-0.77327263162375
-2.25251455982504
-3.775709851246
-5.06038847858987
-5.83175492253379
-5.87446924952872
-5.07652155151612
-3.45707550811363
-1.17277998874554
1.49932241316235
4.20014434298118
6.54230328656113
8.17065366255134
8.81965738629404
8.3580000943248
6.81284361273387
4.36939586674741
1.34552695679887
-1.85471743809136
-4.80135405242414
-7.10281550027431
-8.46410161513796
-8.72944779456997
-7.90280825139542
-6.14313496085977
-3.73559569741277
-1.043812957796
1.54874323597914
3.69842057824882
5.1523290538255
5.78244274262337
5.59774211749215
4.73310702041991
3.41765484836474
1.92867421022547
0.539641873747519
-0.528361574744048
-1.14333155021356
-1.28089782482244
-1.02189815281407
-0.529924656914299
-0.0134120876863408
0.320396985233618
0.310840514627105
-0.120043232631181
-0.947585520025589
-2.04471525652882
-3.20263301997385
-4.16846139599127
-4.69323621634732
-4.58159493429819
-3.73403261524292
-2.1737324203235
-0.0525515740770421
2.36568191080769
4.74244762954348
6.71661617496301
7.96285435925482
8.24658055502093
7.46607301172568
5.67432490654634
3.07652155151624
0.00303802052597146
-3.13806052588127
-5.92158246709254
-7.96917499791968
-9.00640490169939
-8.90376068297245
-7.69500894809811
-5.57005812958626
-2.84366861481375
0.0947057483908793
2.84161755120999
5.04090951452159
6.43567214161577
6.90267115729224
6.46410161513802
5.2754103069818
3.59196773676818
1.72087490692876
-0.033434957525782
-1.42028865734249
-2.28185025639961
-2.57377214005236
-2.36438708908746
-1.81326774470377
-1.13364050235524
-0.545962512412089
-0.231462771934448
-0.294356121033039
-0.739786216728664
-1.47163842525576
-2.3107059373753
-3.02994268980577
-3.4003619011175
-3.23910599802387
-2.45068952745176
-1.05350400565371
0.813807923569688
2.90798519736934
4.91676051794438
6.50881687166585
7.3897775279817
7.35465347242248
6.32755430553944
4.38145059131608
1.73403261524336
-1.28030506726495
-4.25828894055063
-6.78794196473865
-8.51147828448151
-9.1807177901014
-8.69596137967581
-7.12193211682553
-4.67813104698828
-1.70514990862785
1.387580063621
4.18410648748335
6.32425260231301
7.55590055628521
7.76903065493809
7.00640490169935
5.44972319538432
3.3841684334706
1.14779807565607
-0.925362040124003
-2.55880736352874
-3.57472457163012
-3.9162610763264
-3.64773017687794
-2.93349615937273
-2.00000000000016
-1.08826579897316
-0.405775660336634
-0.0865568177364349
-0.166709385456294
-0.579711342658143
-1.17218723118883
-1.73706837457512
-2.0578729648423
-1.95576291023357
-1.33046111278314
-0.187144508008352
1.35611121013089
3.08229808577105
4.70896121464826
5.93574004039361
6.49785044538383
6.21613476623641
5.03467999030893
3.03896165504366
0.450689527453378
-2.40053348193335
-5.12464843819594
-7.33024525129998
-8.68579117288304
-8.97291848680444
-8.12288454840223
-6.23000503422599
-3.53961234080045
-0.412275593395695
2.73006899989492
5.46744957527334
7.44448101698154
8.42226005393074
8.31133394149967
7.18071779010245
5.24192389208778
2.81109160219802
0.255870993057195
-2.06388074631058
-3.85168167875918
-4.91721350790335
-5.19960416411611
-4.76795859154597
-3.79985565701863
-2.542303286562
-1.26257868737614
-0.197976357039741
0.486520013536908
0.725217697142867
0.55880736352923
0.120687084041868
-0.394579438300652
-0.774529877052681
-0.835534495565278
-0.464101615137681
0.355158778553359
1.530424098532
2.87449878247398
4.13588438337514
5.04381295779507
5.35933173919742
4.92326045100595
3.692191054036
1.75561856725303
-0.669538887215949
-3.2668929795797
-5.66695172475825
-7.50455813970193
-8.47799186958597
-8.39984165553146
-7.23095746580394
-5.0914863280399
-2.24673802557029
0.930213342876121
4.01341208768486
6.58767798994245
8.31084051462726
8.96456334049211
8.48564682990189
6.97291848680508
4.66884706081426
1.91916451960003
-0.882647713128787
-3.35675506154082
-5.19417061503329
-6.20055659569466
-6.31983257878585
-5.63431808919246
-4.34215894357983
-2.71661617496354
-1.05477938407878
0.375100474233385
1.37844709613517
1.86373640332876
1.85168167875989
1.46317602031628
0.888763649489831
0.345698537616205
0.0308250020804062
0.0782016714238463
0.529471666955332
1.32262479523578
2.30142195120188
3.24395730077762
3.90529425160861
4.06645742396751
3.58077151473169
2.40884796624482
0.635390152583086
-1.53589838486195
-3.80919626614237
-5.84126461316019
-7.29675883640484
-7.90491503831293
-7.50791457293316
-6.09243875961778
-3.79861201280897
-0.904249089297442
2.21355643066604
5.13364050235418
7.45403748758784
8.85314380118899
9.13887622889426
8.27784752660534
6.39984165553171
3.77691997821632
0.780645813414132
-2.17552202835972
-4.69924399781488
-6.47751370282344
-7.32078501036301
-7.18619207643152
-6.17662137575319
-4.51647183198208
-2.50881687166788
-0.481702552805436
1.26702755683164
2.51696580232131
3.15661071855932
3.19417061503325
2.74651910810678
2.00899206415782
1.21205803526203
0.573128288641633
0.252514559825994
0.321672363657894
0.749547963962967
1.40949486860259
2.1054385945912
2.61241993637784
2.7239684876925
2.29742842694116
1.28861955157609
-0.230969345061701
-2.078201671424
-3.98350915454308
-5.63346530986213
-6.72368200513255
-7.01298795571496
-6.36939586674697
-4.79956444438713
-2.45612307653677
0.379093998493464
3.33378484533548
5.99999999999863
7.99634077414989
9.0274566895908
8.93107692559751
7.70477069533165
5.5079145729338
2.63840127202847
-0.512228501817986
-3.51801096463288
-5.9825870856054
-7.59774211749212
-8.18714450800826
-7.72849536299247
-6.35093426415643
-4.30867252868661
-1.9357400403944
0.410224529792019
2.40554626301805
3.80984011755189
4.49909965483314
4.47751370282288
3.86674752277479
2.87535156180275
1.75436132182307
0.747441177043486
0.0447152565291509
-0.251404467614803
-0.142379118636337
0.270976162416974
0.812564279359472
1.26993100010355
1.44062539990276
1.17720001227271
0.422260053930452
-0.773272631623581
-2.25251455982665
-3.77570985124705
-5.06038847859003
-5.83175492253327
-5.8744692495291
-5.07652155151651
-3.4570755081134
-1.17277998874504
1.49932241316179
4.20014434298244
6.54230328656121
8.17065366255255
8.81965738629411
8.35800009432447
6.81284361273289
4.36939586674692
