"x"
5.86140655421804
6.29604609125751
6.27214474612738
5.79774329477952
4.91972682741951
3.71922093034415
2.30380549225257
0.797303321893555
-0.67186712383715
-1.98264999963989
-3.0324704393035
-3.74644819617828
-4.08383124504743
-4.04104838417391
-3.6511121271285
-2.97946076065474
-2.11667635369527
-1.16881969895197
-0.246353926793627
0.547236655518824
1.12600016763423
1.43019652014121
1.43224439932863
1.1393505517277
0.592566263814634
-0.137628952899966
-0.958771381956641
-1.76613863808649
-2.4537830357872
-2.92576761998458
-3.10647719172518
-2.94896544276115
-2.44049073765733
-1.60466843886342
-0.500000000000002
0.78510421178217
2.14034524834154
3.44383435570625
4.57367808386488
5.41972682741951
5.89434265755393
5.94113287704865
5.540789417102
4.71345221297367
3.5173500003601
2.04383190313237
0.409252646737694
-1.2555208546263
-2.81698317325927
-4.1511121271285
-5.15458248786452
-5.75400373849135
-5.91230579416042
-5.63167326360445
-4.95276334448117
-3.95030217480165
-2.72550432277478
-1.3960659910925
-0.0847146591869277
1.09256626381463
2.03749277430983
2.67855600283943
2.97734745712195
2.93153630102362
2.57423238001541
1.96982515071068
1.20673540015482
0.38781965276379
-0.380603227948792
-0.999999999999998
-1.39001751542762
-1.49698213645454
-1.2996517395022
-0.81164125294593
-0.0802731725804851
0.818040315118062
1.78543203413268
2.71247902668087
3.48938700205904
4.01735000036011
4.21895363034217
4.04658003153378
3.48796524058214
2.56833616355154
1.3488878728715
-0.0782801454286475
-1.59830289557536
-3.08399540373928
-4.40760805268981
-5.45276334448118
-6.12542390201143
-6.36283170757084
-6.13955208630095
-5.47003399599775
-4.40743373618536
-3.03880956812605
-1.47714484007654
0.149037066700818
1.70747109010899
3.07423238001543
4.14494687792048
4.8440627849509
5.13130574797225
5.00471610886202
4.5
3.68628482700825
2.65871870646145
1.52865865091894
0.412423957968698
-0.580273172580493
-1.35708141209173
-1.8518953506634
-2.03100706852757
-1.89593233475179
-1.48264999963988
-0.857348712093716
-0.109120811382197
0.659654850161027
1.3442709526369
1.84888787287151
2.09684158178114
2.0390244892207
1.65949069146916
0.977711284121011
0.0472366555188257
-1.04912155957557
-2.20713086465488
-3.31124169587981
-4.24596878508312
-4.90743373618538
-5.21393129533584
-5.11447222487262
-4.59444902850763
-3.67784824670183
-2.42576761998459
-0.931355464515371
0.688361942034922
2.30299535755113
3.78065089794741
4.99999999999999
5.86140655421804
6.29604609125751
6.27214474612738
5.79774329477952
4.91972682741951
3.71922093034414
2.30380549225256
0.797303321893535
-0.671867123837148
-1.9826499996399
-3.03247043930348
-3.74644819617826
-4.08383124504743
-4.04104838417391
-3.65111212712849
-2.97946076065474
-2.11667635369527
-1.16881969895196
-0.246353926793615
0.54723665551882
1.12600016763422
1.43019652014121
1.43224439932863
1.1393505517277
0.59256626381465
-0.137628952899987
-0.958771381956657
-1.76613863808652
-2.4537830357872
-2.92576761998458
-3.10647719172518
-2.94896544276115
-2.44049073765734
-1.60466843886344
-0.500000000000019
0.78510421178216
2.14034524834156
3.44383435570626
4.57367808386489
5.41972682741952
5.89434265755393
5.94113287704865
5.54078941710201
4.71345221297368
3.51735000036011
2.04383190313241
0.40925264673769
-1.25552085462632
-2.8169831732593
-4.1511121271285
-5.15458248786453
-5.75400373849135
-5.91230579416041
-5.63167326360444
-4.95276334448119
-3.95030217480166
-2.7255043227748
-1.39606599109247
-0.0847146591869237
1.09256626381465
2.03749277430982
2.67855600283943
2.97734745712195
2.9315363010236
2.57423238001544
1.96982515071071
1.20673540015482
0.387819652763754
-0.380603227948788
-1
-1.39001751542762
-1.49698213645454
-1.29965173950219
-0.811641252945948
-0.0802731725805006
0.818040315118055
1.78543203413267
2.71247902668089
3.48938700205905
4.01735000036012
4.21895363034217
4.04658003153378
3.48796524058215
2.56833616355155
1.34888787287151
-0.0782801454286521
-1.59830289557539
-3.08399540373924
-4.40760805268978
-5.45276334448119
-6.12542390201145
-6.36283170757084
-6.13955208630095
-5.47003399599775
-4.40743373618536
-3.03880956812603
-1.47714484007658
0.149037066700796
1.70747109010895
3.07423238001539
4.14494687792048
4.84406278495089
5.13130574797224
5.00471610886202
4.49999999999998
3.68628482700823
2.65871870646146
1.52865865091894
0.412423957968704
-0.580273172580484
-1.35708141209173
-1.8518953506634
-2.03100706852757
-1.89593233475176
-1.48264999963986
-0.85734871209372
-0.109120811382201
0.659654850161024
1.34427095263692
1.84888787287153
2.09684158178114
2.0390244892207
1.65949069146915
0.977711284120986
0.0472366555188302
-1.04912155957556
-2.20713086465488
-3.31124169587983
-4.24596878508314
-4.90743373618535
-5.21393129533584
-5.11447222487262
-4.59444902850762
-3.67784824670184
-2.42576761998458
-0.93135546451538
0.688361942034941
2.30299535755114
3.78065089794738
4.99999999999999
5.86140655421803
6.29604609125751
6.27214474612738
5.79774329477951
4.9197268274195
3.71922093034412
2.30380549225254
0.797303321893571
-0.67186712383714
-1.98264999963989
-3.0324704393035
-3.74644819617825
-4.08383124504742
-4.04104838417389
-3.65111212712847
-2.97946076065469
-2.11667635369528
-1.16881969895197
-0.24635392679362
0.547236655518834
1.12600016763423
1.4301965201412
1.43224439932863
1.1393505517277
0.592566263814595
-0.137628952899963
-0.958771381956653
-1.76613863808651
-2.45378303578722
-2.9257676199846
-3.10647719172517
-2.94896544276116
-2.44049073765735
-1.60466843886344
-0.499999999999999
0.785104211782182
2.14034524834156
3.44383435570628
4.57367808386491
5.4197268274195
5.89434265755393
5.94113287704865
5.54078941710202
4.71345221297368
3.51735000036016
2.04383190313242
0.409252646737671
-1.25552085462626
-2.81698317325926
-4.15111212712844
-5.15458248786452
-5.75400373849136
-5.91230579416041
-5.63167326360443
-4.95276334448119
-3.95030217480161
-2.72550432277478
-1.3960659910925
-0.0847146591869863
1.09256626381464
2.0374927743098
2.67855600283943
2.97734745712196
2.93153630102362
2.57423238001538
1.96982515071067
1.20673540015481
0.387819652763824
-0.380603227948808
-0.999999999999995
-1.39001751542763
-1.49698213645454
-1.2996517395022
-0.811641252945907
-0.0802731725804793
0.818040315118075
1.78543203413265
2.7124790266809
3.48938700205903
4.01735000036014
4.21895363034218
4.04658003153378
3.48796524058212
2.56833616355154
1.34888787287148
-0.0782801454286177
-1.59830289557542
-3.08399540373927
-4.40760805268985
-5.45276334448117
-6.12542390201143
-6.36283170757085
-6.13955208630095
-5.47003399599774
-4.4074337361854
-3.03880956812601
-1.47714484007657
0.149037066700867
1.70747109010896
3.07423238001542
4.14494687792044
4.84406278495089
5.13130574797223
5.00471610886204
4.49999999999997
3.68628482700826
2.65871870646138
1.52865865091892
0.412423957968684
-0.580273172580466
-1.35708141209174
-1.85189535066339
-2.03100706852756
-1.89593233475178
-1.48264999963987
-0.857348712093646
-0.10912081138216
0.659654850161046
1.34427095263691
1.84888787287153
2.09684158178115
2.0390244892207
1.65949069146919
0.977711284121005
0.0472366555188604
-1.04912155957558
-2.2071308646549
-3.31124169587986
-4.2459687850831
-4.90743373618533
-5.21393129533582
-5.11447222487262
-4.59444902850764
-3.6778482467019
-2.42576761998458
-0.931355464515311
0.688361942034943
2.30299535755111
3.78065089794733
5
5.86140655421802
6.29604609125751
6.27214474612738
5.7977432947795
4.91972682741953
3.7192209303441
2.30380549225257
0.797303321893606
-0.671867123837171
-1.98264999963986
-3.03247043930352
-3.74644819617827
-4.08383124504743
-4.04104838417391
-3.65111212712844
-2.97946076065469
-2.1166763536953
-1.16881969895194
-0.246353926793641
0.547236655518848
1.12600016763422
1.43019652014121
1.43224439932862
1.13935055172767
0.592566263814609
-0.137628952899934
-0.958771381956581
-1.76613863808648
-2.45378303578723
-2.92576761998458
-3.10647719172519
-2.94896544276116
-2.4404907376573
-1.60466843886342
-0.500000000000038
0.785104211782081
2.14034524834152
3.44383435570619
4.57367808386488
5.41972682741955
5.89434265755395
5.94113287704866
5.54078941710201
4.71345221297369
3.51735000036018
2.04383190313239
0.409252646737781
-1.2555208546263
-2.81698317325922
-4.15111212712851
-5.15458248786456
-5.75400373849135
-5.91230579416042
-5.63167326360448
-4.95276334448118
-3.95030217480169
-2.72550432277476
-1.39606599109255
-0.0847146591869223
1.09256626381459
2.03749277430982
2.67855600283943
2.97734745712194
2.93153630102361
2.57423238001543
1.96982515071067
1.20673540015483
0.387819652763763
-0.380603227948793
-1.00000000000003
-1.39001751542765
-1.49698213645454
-1.29965173950219
-0.811641252945955
-0.0802731725804713
0.818040315118044
1.78543203413273
2.71247902668089
3.4893870020591
4.01735000036015
4.21895363034221
4.04658003153378
3.48796524058218
2.56833616355153
1.34888787287154
-0.0782801454286874
-1.59830289557536
-3.08399540373934
-4.40760805268981
-5.45276334448122
-6.12542390201144
-6.36283170757084
-6.13955208630093
-5.47003399599776
-4.40743373618532
-3.03880956812605
-1.47714484007647
0.149037066700832
1.70747109010902
3.0742323800154
4.14494687792045
4.84406278495085
5.13130574797223
5.00471610886199
4.49999999999998
3.68628482700819
2.65871870646141
1.52865865091885
0.412423957968669
-0.580273172580478
-1.35708141209169
-1.85189535066339
-2.03100706852757
-1.89593233475177
-1.48264999963984
-0.857348712093676
-0.109120811382117
0.659654850161069
1.3442709526369
1.84888787287147
2.09684158178116
2.03902448922072
1.65949069146917
0.977711284120965
0.0472366555188022
-1.04912155957565
-2.20713086465492
-3.31124169587982
-4.24596878508309
-4.90743373618538
-5.21393129533584
-5.11447222487263
-4.59444902850765
-3.67784824670182
-2.42576761998449
-0.931355464515345
0.68836194203494
2.30299535755107
3.78065089794742
4.99999999999998
5.86140655421804
6.2960460912575
6.27214474612736
5.79774329477952
4.91972682741947
3.71922093034414
2.30380549225262
0.797303321893533
-0.67186712383711
-1.98264999963991
-3.03247043930347
-3.74644819617827
-4.0838312450474
-4.04104838417386
-3.65111212712846
-2.97946076065475
-2.11667635369525
-1.16881969895198
-0.246353926793589
0.547236655518827
1.12600016763425
1.43019652014121
1.4322443993286
1.13935055172767
0.592566263814634
-0.137628952899931
-0.958771381956659
-1.76613863808656
-2.45378303578724
-2.92576761998463
-3.10647719172521
-2.94896544276117
-2.44049073765734
-1.60466843886344
-0.500000000000065
-2.39222471826541
-1.13340873482825
0.15261151059941
2.63461419569826
6.46876975292712
10.3869824517672
12.4163085450572
11.2254009301031
7.10612164999521
1.85387197238504
-2.38024987157821
-4.43492697020006
-4.71344093719262
-4.6033327622312
-5.22162183937627
-6.46224370918245
-7.07767952394414
-5.72864774806135
-2.18852574251633
2.24135911624582
5.4626230529472
5.95047953293316
3.76793661434652
0.481512317226
-1.95425510130472
-2.51806742859093
-1.68412200686599
-0.842245378277855
-1.05566999392978
-2.13006046877435
-2.72119211709638
-1.40991309624675
2.07389429038089
6.42598252597411
9.5
9.69062436490177
6.96890871856402
2.8236658252308
-0.828936855092109
-2.94726802059689
-3.91705094052613
-4.97450680947006
-6.97990499117833
-9.51313430968608
-11.0146908533452
-9.89534459457084
-5.79037134037887
-0.0054277652072382
5.20872990834069
8.04766276830142
8.21137564916076
6.87983329172758
5.66300512818174
5.3396305871345
5.33907084866981
4.34158994322785
1.51351555428624
-2.59545040176325
-6.21476441168293
-7.49501300674076
-5.79990933731551
-2.18935485231373
1.27499751853143
2.90119731436253
2.41862557729137
0.960719860805467
0.033850213476982
0.282546884049999
1.00028747974471
0.755792827252204
-1.35338797558987
-4.79586018037729
-7.77297400514743
-8.3754251087317
-5.89725565085731
-1.34369748697109
3.24085890669402
6.12904528607182
6.95748250455437
6.71699547529427
6.74041875921147
7.49531087451681
8.12620405923415
7.11083978240534
3.53670840982164
-1.9824251665997
-7.47570588238916
-10.7888300644759
-10.9274562281174
-8.60262416203161
-5.59880610916453
-3.45411901212398
-2.44035150039327
-1.5860665026145
0.313694091126538
3.5080490961729
6.86307454831356
8.55641781824179
7.39407746360305
3.76286658109114
-0.51248239334316
-3.3299815801993
-3.65553880265943
-2.08379905293326
-0.232050807569089
0.548134877189278
0.159484483985372
-0.290070183483242
0.48652561460493
2.76166297174078
5.37349067134146
6.43809294504167
4.68986702417025
0.458655273353752
-4.45251302685358
-7.91578377751104
-8.82237229503954
-7.65380053264695
-5.89622598104471
-4.77894014529347
-4.3141551280893
-3.37057274275794
-0.715155967635819
3.7896898574993
8.77689302217865
12.1100894295884
12.2568645321722
9.30347052027919
4.86895764206536
0.986104494150275
-1.2251742097775
-2.12680370094869
-2.99033395937126
-4.76277677511604
-7.14355224919992
-8.69940771711177
-7.94544700217968
-4.57357208626068
0.11959752673524
3.96446609406702
5.30317904006229
4.02854912310906
1.53077260641689
-0.386255161009328
-0.79917943950379
-0.209944159339355
0.0389849709553858
-1.001689391163
-2.97760040375344
-4.36722447670402
-3.5889595953317
-0.254837434445936
4.3820175596324
8.14908950379547
9.34055598711502
7.76869395507815
4.73174471063431
1.95589834699523
0.326138806708975
-0.639144751345582
-2.193943962705
-5.13395082235504
-8.9018354010019
-11.7502983176158
-11.8824583315804
-8.74026893277009
-3.48224807112772
1.71767921261441
5.04928589545561
6.12573235847748
5.97421164123106
6.0120658134924
6.81808078998271
7.64775385638574
7.06217782649114
4.18214593034282
-0.408414855537865
-4.83261440969246
-7.0825318899182
-6.33993734493987
-3.49178606806404
-0.466247874492677
1.11555350564641
0.979266904538709
0.181461569361607
0.0929523825703873
1.18892587527777
2.59067015330125
2.72339445756591
0.596348814366819
-3.27531838541345
-7.03302418830672
-8.64074148338264
-7.22034944693063
-3.58913238160577
0.379409490850581
3.08141489380887
4.20711487624792
4.72031849662466
5.84922799705889
7.89549442101246
9.80343414376832
9.84931103705558
6.95139576952078
1.61477799999777
-4.21958917452977
-8.34347336062461
-9.63375440267494
-8.61933295886595
-6.87951718421015
-5.75825012204981
-5.37604942194732
-4.6775155083227
-2.45383398084975
1.4687697529268
5.81617236542416
8.5861815261348
8.39697380535696
5.47214705377913
1.52570257316173
-1.38024987157844
-2.17490591839846
-1.34741553340789
-0.360692075111894
-0.391494820453921
-1.37379553263456
-2.07767952394433
-1.15783766171824
1.64160127640573
5.06978624099228
7.09659764916293
6.27864893215676
2.76793661434691
-1.77850873457594
-5.32028050508894
-6.76070811571024
-6.51424902578826
-5.93069355482579
-6.05566999392965
-6.70087055511709
-6.55131913601844
-4.23834022099312
0.439919694164911
6.09781312675019
10.4999999999998
11.9506454167035
10.3349341223486
7.06630651234955
4.00119016383014
2.14118015595085
1.08294905947418
-0.403696723127381
-3.14977797225629
-6.68470718493987
-9.38071625712933
-9.56717519534706
-6.79037134037882
-2.2654488170092
1.84270450455658
3.80502208118228
3.38124863023851
1.79138511517986
0.663005128181626
0.768820500791525
1.50894382974748
1.51316281848156
-0.120459041929613
-2.92361980098658
-5.2147644116829
-5.23499195493915
-2.43388393353093
2.05328583480528
6.10512453745308
7.98964549091031
7.41862557729112
5.53152994714842
3.86397723239927
3.11097400879621
2.63426207596018
1.08396222647587
-2.35338797559008
-7.05588123217917
-11.1389994089316
-12.618065795851
-10.7273826697793
-6.43214566351858
-1.75914109330623
1.55823519972887
3.12735548563196
3.88856835054806
5.1064441629958
7.1671414752933
9.12620405923398
9.37086083420699
6.90273381360656
2.2602155205192
-2.64557886346731
-5.70038188792796
-5.92745622811753
-4.03181407568836
-1.76867909024243
-0.625691887377636
-0.806376904177532
-1.25789710339068
-0.686305908873764
1.24802804437111
3.49704914452929
4.31377713112268
2.56395044468105
-1.32558159545644
-5.51248239334312
-7.90079166654209
-7.48566582158185
-4.91222617767936
-1.8660254037846
0.219965477965647
1.15948448398541
1.96995086831851
3.85255101838944
7.00430365885981
10.2036176902634
11.5265411215895
9.68986702417048
5.02946535969725
-0.62238600793189
-5.08735665276503
-7.18839769882371
-7.32563113342339
-6.89622598104463
-7.03896119709515
-7.68018053187361
-7.61321342987713
-5.54528298655763
-1.29875831904888
3.7768930221783
7.53927934324564
8.42673751324988
6.47504339553322
3.23498304584991
0.657935094926423
-0.225174209777591
0.13321735085276
0.375691444413276
-0.520136087996903
-2.31342523027752
-3.61095954056405
-2.94544700217952
-0.00276199991751369
3.94972454565692
6.79289321881315
6.93715363627781
4.35671852233282
0.530772606417193
-2.64627621281077
-4.16520484328832
-4.45258484645871
-4.79114204796682
-6.09013756771099
-7.97760040375347
-8.9380345630468
-7.41908661425414
-3.08326455919219
2.74804296341642
7.8209201045717
10.3405559871147
10.0287150068797
8.09777011441891
6.19853903411472
5.156265825631
4.44930342520209
2.80605603729508
-0.56314073601193
-5.07170838207993
-8.92187119286936
-10.2484837353647
-8.41209953354602
-4.48224807112697
-0.542341839187828
1.68326049167124
1.88309167135838
1.14408462230883
0.923617636944502
1.81808078998254
3.07694377004308
3.23205080756894
1.35371880559664
-2.04238945175345
-5.16078380891634
-6.08253188991831
-4.07991629313859
-0.125760664279422
3.77639281262673
5.94568052456866
6.06771508108671
5.18146156936177
4.66376246891325
5.01905289419993
5.41909727804745
4.35736905378137
0.924518213591078
-4.27531838541298
-9.29304524010879
-12.0067668871669
-11.4629901340501
-8.41925940052825
-4.70903868569722
-1.91858510619127
-0.36369521009491
0.890191477702517
3.02080087231276
6.26151982479666
9.4752647445444
10.8493110370554
9.21141682132206
4.98080340378246
0.0230515125901136
-3.51334634170267
-4.54530622612716
-3.61933295886598
-2.30870709786726
-1.92812310312734
-2.54762229720124
-3.04354091210701
-2.12566458162589
0.468769752926956
3.55615131362235
5.22015612235041
4.15433311823738
0.642020034857227
-3.56274560338613
-6.38024987157865
-6.74571600474111
-5.17754255233042
-3.18911919985833
-2.02546941666971
-1.70196493185817
-1.07767952394432
1.1021833900828
5.00762668019033
9.31242692811131
11.9267246680849
11.3670971087046
7.76793661434668
2.7923013517675
-1.49015348616643
-3.9322809909642
-4.88027442957267
-5.60252415560213
-7.05566999392946
-8.96089160691864
-9.91734453980308
-8.48098090811252
-4.39020732475659
1.00936495020258
5.49999999999972
7.37983533036048
6.50480710342602
4.23787938760355
2.36721556761446
1.81301075672741
2.08294905947389
1.85632432867422
0.216247431528452
-2.44206649782076
-4.55058923820725
-4.47872701879919
-1.79037134037901
2.30536126933406
5.67283152347869
6.63344920592834
5.0152232264545
2.11955451440338
-0.336994871818016
-1.4912005510101
-1.85708157403705
-2.72947786863747
-4.95058606085165
-8.01206797753428
-10.2147644116831
-9.80580204128217
-6.26401095245325
-0.77514128994138
4.4711499412378
7.66147609168676
8.4186255772911
7.79155099894998
7.23000263618357
7.35361469591535
7.46438909488258
6.17241040302349
2.64661202441018
-2.48507114583559
-7.30887239000963
-9.78963867110465
-9.09340807356394
-6.10397626429525
-2.75914109330585
-0.701785852072807
-0.238669918152332
-0.354072336571072
0.276317144073678
2.07869329874524
4.12620405923378
4.80005074786409
3.07260679468392
-0.568211604227165
-4.27955345968303
-6.02855128715154
-4.92745622811737
-1.77179302388695
1.59734631354151
3.6169487997417
4.02375011474483
3.83055107315695
4.31369409112647
5.81883813071411
7.32717616345141
7.14220425586908
4.1979250408964
-0.997412196233063
-6.51248239334273
-10.1608127183436
-10.8516912253662
-9.15486686479886
-6.69615242270696
-4.86848269858198
-3.84051551601487
-2.60085921802437
0.0224239994670399
4.1758765341138
8.5696430940482
11.1983717223658
10.6898670241705
7.2894864114982
2.74363939585277
-0.844715965645293
-2.35827067990168
-2.23718295687565
-1.89622598104455
-2.46815111075215
-3.85005351295121
-4.78478630513065
-3.9113083903425
-0.970588919825395
2.77689302217867
5.27925829144384
5.06071210946565
2.23240270841343
-1.59514397307241
-4.43051308162137
-5.22517420977756
-4.43759273548983
-3.45443557450915
-3.34856321274313
-3.94739982649316
-3.93912893978783
-1.94544700217963
2.25725905188401
7.31574994944156
11.0355339059326
11.7672806552002
9.44516669888131
5.53077260641698
1.92453387353182
-0.33507782436563
-1.62415772171242
-3.15716745175137
-5.76196816848687
-8.97760040375289
-11.1980556148484
-10.7851120180385
-7.32590524631177
-2.08208405550607
2.73247192802418
5.34055598711464
5.45790492053664
4.26764309549642
3.37011190936836
3.52229122941519
4.12113402597829
3.80605603729522
1.6968803157892
-1.70568297829553
-4.67923050575013
-5.41835671644253
-3.32365135699855
0.517751928872162
4.02846824715478
5.51338751059367
4.71151879610452
2.77805921852474
1.25178703616805
0.818080789982391
0.816922718241104
-0.133974596215537
-2.88892188152275
-6.87251647067539
-10.249231985464
-11.0825318899184
-8.6507263794811
-3.95588768320172
0.947965687880377
4.3117059283528
5.73954568186318
6.18146156936163
6.92378352071464
8.38507829798458
9.66173796516687
9.18749607270403
6.01296639013903
0.724681614586614
-4.72223515376536
-8.17663986824451
-8.63456300930371
-6.78528480431232
-4.3808692864738
-2.918585106191
-2.62371626189599
-2.47583392608184
-1.22183981480658
1.43139280587401
4.38681656799676
5.84931103705532
4.64060673497927
1.15067638486
-2.80537561215679
-5.14732093791828
-4.87347562535067
-2.61933295886613
-0.0486860460656984
1.4379023006567
1.69501838991776
1.78658610681477
2.96278359492192
5.46876975292703
8.12696139996532
9.05028314127268
6.98276024298412
2.2759946310736
-3.23457620416276
-7.3802498715781
-9.00573705654311
-8.54356795611482
-7.43175988697755
-6.85559643559166
-6.79041310840589
-6.07767952394457
-3.46862669625942
1.17749966126779
6.48399980336435
10.2927500718695
11.0389277094809
8.7679366143465
5.05232240356849
1.87587191761754
0.310359696155395
-0.0501474106506327
-0.514075979054503
-2.05566999392959
-4.39008152057598
-6.08721752088067
-5.65255378336632
-2.75623272854153
1.33753434942578
4.50000000000001
5.11981427855886
3.13878169964182
-0.00476129951550397
-2.46291145130781
-3.27543741982077
-2.91705094052624
-2.71448575766884
-3.6138795873942
-5.27049362256686
-6.18456383442291
-4.80689641802294
-0.790371340378255
4.56538232113552
9.03885692726264
10.8760898930477
9.8453502453764
7.20800269095146
4.66300512818214
3.0796095353328
1.97304544488588
0.0989492561086751
-3.31661146463591
-7.68389857831074
-11.2147644116827
-12.0658230930838
-9.63003635623756
-5.01778197705993
-0.358977077684583
2.57302791513854
3.41862557729129
3.22074091260755
3.39987561726115
4.52518757116909
5.83041449866672
5.84424100380021
3.64661202441031
-0.225050094035004
-3.94284698622519
-5.54699798398544
-4.2632810546416
-1.01552808774734
2.24085890669403
3.86902423427008
3.59145710076989
2.47435478817481
1.91029174028927
2.40686269796906
3.12620405923387
2.54002969606277
-0.293418609100498
-4.81085229134626
-9.10968047860443
-11.1169994636994
-9.92745622811747
-6.34260311023012
-2.2327807053804
0.788521674995295
2.38977551852901
3.50238167393347
5.31369409112592
8.07885918251546
10.6932015672361
11.3848449429884
9.02805205981899
4.09103598031471
-1.5124823933426
-5.59000263200086
-7.02156420644388
-6.32643974005278
-5.06217782649114
-4.54031329935862
-4.84051551601482
-4.86088026982575
-3.34360140431739
-0.0667641530057188
3.73951607512605
6.10992354581784
5.6898670241704
2.71867632515542
-1.08648762306932
-3.67314309039225
-3.99224527611732
-2.56535235609954
-0.896225981044698
-0.208130058950482
-0.484028109166784
-0.542145618011533
0.918818628579929
4.11785925672258
7.77689302217875
9.85006837778684
8.89083912838776
5.06082983316059
0.0388306231434947
-4.10234368239759
-6.22517420977717
-6.69761378729132
-6.8204609782935
-7.59120389986236
-8.7775268454152
-9.02757711633522
-6.94544700218017
-2.31355103445885
3.48562293051819
8.2071067811861
10.1333060589846
9.11699729965746
6.5307726064175
4.18455492533354
3.03094757941827
2.61848296540655
1.67295956717076
-0.673519991939131
-3.97760040375351
-6.62724552850517
-6.95498499911629
-4.49747812156517
-0.448109459290256
3.06064132724765
4.34055598711504
3.19788386873547
0.901617691712185
-0.872528777751065
-1.30783578950678
-0.967314150569623
-1.19394396270495
-2.87392977055311
-5.53580999721788
-7.50765763049627
-7.05233131265818
-3.65182075622197
1.51775192887226
6.28848929895621
8.87941291437789
8.95415948322422
7.60818623744676
6.34023521271614
5.81808078998263
5.38773280458403
3.69615242270732
-0.0604947567760019
-5.23854187446002
-9.92106258624016
-12.0825318899182
-10.9107474312823
-7.32191308698686
-3.29467499923892
-0.518421090569706
0.651097505315084
1.18146156936178
2.35297343437172
4.55495127906185
6.83331084042084
7.55352147648821
5.68479699091496
1.72468161458622
-2.46221410196393
-4.8106144644605
-4.39192232218447
-1.95515778539081
0.707578890074314
2.08141489380927
1.94709382444669
1.3542930928404
1.60658730993955
3.06536740209033
4.71498596722035
4.84931103705552
2.38058568317758
-2.21534901892515
-7.04801629927512
-9.97744795684026
-9.96192380189877
-7.61933295886609
-4.61949613240848
-2.39222471826562
-1.13340873482772
0.152611510599308
2.63461419569771
6.4687697529271
10.3869824517671
12.4163085450571
11.225400930103
7.10612164999605
1.85387197238599
-2.38024987157842
-4.43492697020024
-4.71344093719253
-4.60333276223103
-5.221621839376
-6.46224370918276
-7.0776795239443
-5.72864774806141
-2.18852574251627
2.24135911624549
5.46262305294715
5.95047953293301
3.76793661434717
0.481512317225868
-1.95425510130484
-2.51806742859109
-1.68412200686648
-0.84224537827783
-1.05566999392958
-2.13006046877444
-2.72119211709631
-1.40991309624684
2.073894290381
6.42598252597333
9.49999999999956
9.69062436490167
6.96890871856478
2.82366582523065
-0.828936855092449
-2.94726802059731
-3.91705094052559
-4.97450680946986
-6.97990499117832
-9.51313430968613
-11.0146908533451
-9.8953445945707
-5.79037134037868
-0.00542776520845223
5.20872990834069
8.0476627683016
8.21137564916061
6.87983329172767
5.66300512818203
5.33963058713442
5.33907084866997
4.34158994322812
1.51351555428601
-2.59545040176318
-6.21476441168271
-7.49501300674088
-5.79990933731504
-2.18935485231441
1.27499751853133
2.90119731436276
2.4186255772915
0.960719860805317
0.0338502134770358
0.282546884050117
1.00028747974454
0.755792827252099
-1.35338797559006
-4.79586018037802
-7.77297400514689
-8.37542510873175
-5.89725565085806
-1.34369748697087
3.24085890669422
6.12904528607183
6.95748250455419
6.71699547529417
6.74041875921143
7.49531087451686
8.12620405923374
7.11083978240548
3.53670840982226
-1.98242516659878
-7.47570588238897
-10.7888300644758
-10.9274562281178
-8.60262416203143
-5.59880610916431
-3.45411901212414
-2.44035150039346
-1.58606650261428
0.313694091126023
3.50804909617282
6.86307454831329
8.55641781824189
7.39407746360304
3.76286658109192
-0.512482393343104
-3.32998158019954
-3.65553880265959
-2.08379905293345
-0.232050807568912
0.548134877189262
0.159484483985263
-0.290070183482782
0.486525614605238
2.76166297174071
5.37349067134118
6.43809294504164
4.68986702417029
0.458655273354748
-4.45251302685391
-7.91578377751159
-8.82237229503943
-7.65380053264688
-5.89622598104511
-4.77894014529357
-4.31415512808893
-3.370572742758
-0.715155967636337
3.78968985749931
8.77689302217782
12.1100894295883
12.2568645321721
9.30347052027952
4.86895764206528
0.986104494150743
-1.22517420977737
-2.1268037009485
-2.99033395937099
-4.76277677511613
-7.14355224919954
-8.69940771711206
-7.94544700217975
-4.57357208626014
0.119597526734326
3.96446609406721
5.30317904006246
4.02854912310956
1.53077260641692
-0.386255161009038
-0.799179439503699
-0.2099441593399
0.0389849709551324
-1.00168939116297
-2.97760040375374
-4.36722447670384
-3.58895959533176
-0.254837434446749
4.38201755963211
8.14908950379566
9.34055598711476
7.76869395507841
4.73174471063423
1.9558983469955
0.326138806708854
-0.639144751346179
-2.19394396270416
-5.13395082235488
-8.90183540100146
-11.7502983176154
-11.8824583315803
-8.74026893277077
-3.48224807112736
1.71767921261393
5.04928589545532
6.1257323584773
5.97421164123121
6.01206581349235
6.81808078998234
7.64775385638615
7.06217782649137
4.18214593034286
-0.408414855536959
-4.8326144096926
-7.08253188991818
-6.33993734494011
-3.49178606806437
-0.466247874492422
1.11555350564637
0.979266904538923
0.181461569362093
0.0929523825703673
1.18892587527765
2.59067015330125
2.72339445756588
0.5963488143669
-3.27531838541288
-7.03302418830704
-8.64074148338251
-7.22034944693131
-3.58913238160628
0.379409490850017
3.08141489380911
4.20711487624841
4.72031849662454
5.84922799705881
7.89549442101252
9.80343414376798
9.8493110370555
6.95139576952007
1.61477799999814
-4.21958917452911
-8.34347336062413
-9.63375440267499
-8.6193329588659
-6.87951718421036
-5.75825012204964
-5.37604942194753
-4.6775155083231
-2.45383398084982
1.46876975292741
5.81617236542347
8.58618152613472
8.39697380535742
5.47214705377999
1.52570257316195
-1.38024987157811
-2.17490591839888
-1.34741553340823
-0.360692075112192
-0.391494820453944
-1.37379553263477
-2.07767952394414
-1.15783766171837
1.64160127640621
5.06978624099215
7.09659764916278
6.27864893215714
2.76793661434716
-1.7785087345759
-5.32028050508888
-6.76070811571046
-6.51424902578867
-5.93069355482571
-6.05566999392958
-6.70087055511732
-6.55131913601862
-4.23834022099281
0.43991969416433
6.09781312674982
10.4999999999997
11.9506454167034
10.3349341223489
7.06630651234958
4.00119016383022
2.14118015595114
1.08294905947416
-0.40369672312718
-3.14977797225623
-6.68470718493918
-9.38071625712923
-9.56717519534691
-6.7903713403794
-2.2654488170095
1.84270450455654
3.80502208118221
3.38124863023853
1.7913851151798
0.663005128181927
0.768820500791355
1.50894382974744
1.5131628184816
-0.120459041929913
-2.92361980098612
-5.21476441168297
-5.23499195493919
-2.43388393353144
2.05328583480498
6.10512453745384
7.98964549091083
7.41862557729149
5.53152994714898
3.86397723239932
3.11097400879637
2.63426207596027
1.08396222647559
-2.3533879755902
-7.05588123217826
-11.1389994089314
-12.618065795851
-10.7273826697799
-6.43214566351835
-1.75914109330664
1.55823519972832
3.12735548563215
3.8885683505479
5.10644416299571
7.16714147529327
9.12620405923336
9.3708608342068
6.90273381360626
2.26021552051989
-2.64557886346704
-5.7003818879276
-5.92745622811777
-4.03181407568843
-1.76867909024316
-0.625691887377549
-0.806376904177734
-1.25789710339064
-0.686305908873555
1.24802804437132
3.49704914452922
4.31377713112265
2.56395044468153
-1.32558159545616
-5.51248239334349
-7.9007916665423
-7.48566582158186
-4.91222617767962
-1.86602540378499
0.219965477965657
1.15948448398538
1.9699508683188
3.85255101838968
7.00430365885889
10.2036176902635
11.5265411215894
9.68986702417089
5.0294653596973
-0.622386007931935
-5.08735665276404
-7.18839769882387
-7.32563113342326
-6.89622598104472
-7.03896119709507
-7.68018053187313
-7.61321342987692
-5.54528298655812
-1.29875831904958
3.77689302217798
7.53927934324569
8.4267375132501
6.47504339553294
3.23498304584997
0.657935094926657
-0.225174209777673
0.133217350852867
0.375691444413063
-0.52013608799694
-2.31342523027717
-3.6109595405642
-2.94544700217957
-0.0027619999180053
3.949724545657
6.79289321881355
6.93715363627825
4.35671852233317
0.530772606418153
-2.64627621281069
-4.16520484328818
-4.45258484645916
-4.79114204796703
-6.09013756771071
-7.97760040375344
-8.93803456304662
-7.41908661425377
-3.08326455919287
2.74804296341672
7.82092010457058
10.3405559871146
10.0287150068798
8.09777011441914
6.19853903411456
5.1562658256308
4.4493034252017
2.80605603729559
-0.563140736012224
-5.07170838207923
-8.92187119286922
-10.2484837353647
-8.41209953354666
-4.48224807112758
-0.542341839188508
1.68326049167127
1.88309167135824
1.14408462230913
0.923617636944425
1.81808078998237
3.07694377004318
3.23205080756889
1.35371880559713
-2.04238945175309
-5.1607838089164
-6.08253188991837
-4.07991629313858
-0.12576066427971
3.77639281262627
5.94568052456862
6.06771508108681
5.18146156936215
4.66376246891319
5.01905289419983
5.41909727804753
4.35736905378141
0.924518213591322
-4.27531838541298
-9.29304524010888
-12.0067668871667
-11.4629901340503
-8.41925940052772
-4.70903868569766
-1.91858510619093
-0.36369521009452
0.890191477701906
3.02080087231264
6.26151982479612
9.4752647445443
10.8493110370552
9.21141682132238
4.98080340378283
0.0230515125897639
-3.51334634170231
-4.54530622612727
-3.61933295886615
-2.30870709786725
-1.92812310312733
-2.54762229720108
-3.0435409121071
-2.12566458162594
0.468769752926855
3.55615131362215
5.22015612235044
4.15433311823824
0.642020034857505
-3.56274560338523
-6.38024987157829
-6.74571600474132
-5.17754255233095
-3.18911919985834
-2.02546941666949
-1.7019649318583
-1.07767952394426
1.10218339008351
5.00762668018979
9.31242692811153
11.9267246680846
11.3670971087048
7.767936614347
2.79230135176799
-1.49015348616687
-3.93228099096435
-4.8802744295725
-5.60252415560203
-7.05566999392959
-8.96089160691856
-9.91734453980271
-8.48098090811263
-4.39020732475821
1.00936495020237
5.49999999999908
7.37983533036052
6.50480710342584
4.23787938760374
2.36721556761436
1.81301075672731
2.08294905947407
1.85632432867419
0.216247431528589
-2.44206649782022
-4.55058923820718
-4.47872701879976
-1.79037134037899
-5.63431808919209
-4.34215894357985
-2.71661617496376
-1.05477938407818
0.375100474233208
1.37844709613504
1.86373640332847
1.85168167875891
1.46317602031532
0.88876364948936
0.34569853761583
0.0308250020804484
0.0782016714238019
0.529471666955254
1.32262479523608
2.30142195120196
3.24395730077765
3.90529425160906
4.06645742396725
3.58077151473197
2.40884796624489
0.635390152583367
-1.5358983848625
-3.80919626614094
-5.84126461315998
-7.29675883640536
-7.90491503831365
-7.50791457293334
-6.09243875961752
-3.79861201280934
-0.904249089296331
2.21355643066712
5.13364050235422
7.45403748758851
8.85314380118874
9.13887622889422
8.27784752660466
6.39984165553215
3.77691997821579
0.780645813412581
-2.17552202835986
-4.69924399781556
-6.4775137028233
-7.32078501036293
-7.18619207643086
-6.17662137575368
-4.51647183198181
-2.50881687166663
-0.481702552805698
1.26702755683155
2.51696580232123
3.15661071855923
3.19417061503345
2.7465191081058
2.00899206415779
1.21205803526158
0.573128288641915
0.25251455982598
0.321672363658412
0.749547963962925
1.40949486860349
2.10543859459066
2.61241993637838
2.72396848769268
2.2974284269417
1.28861955157621
-0.230969345062286
-2.07820167142318
-3.98350915454336
-5.63346530986329
-6.7236820051322
-7.01298795571508
-6.36939586674666
-4.79956444438724
-2.45612307653536
0.379093998493071
3.333784845336
5.99999999999996
7.99634077414983
9.02745668959101
8.93107692559722
7.70477069533189
5.50791457293331
2.63840127202889
-0.512228501817515
-3.51801096463422
-5.98258708560487
-7.59774211749197
-8.18714450800841
-7.72849536299258
-6.3509342641557
-4.30867252868456
-1.93574004039398
0.410224529792767
2.40554626301828
3.80984011755164
4.49909965483329
4.47751370282337
3.86674752277425
2.87535156180364
1.75436132182334
0.747441177044055
0.0447152565289475
-0.251404467614587
-0.142379118635264
0.270976162417429
0.812564279360495
1.26993100010439
1.44062539990233
1.17720001227267
0.422260053930314
-0.773272631623674
-2.25251455982562
-3.77570985124657
-5.06038847859012
-5.83175492253404
-5.87446924952893
-5.07652155151677
-3.45707550811316
-1.17277998874539
1.49932241316236
4.2001443429821
6.54230328656126
8.17065366255209
8.81965738629408
8.35800009432455
6.81284361273345
4.36939586674688
1.34552695679931
-1.85471743809191
-4.80135405242417
-7.10281550027407
-8.46410161513787
-8.72944779457008
-7.90280825139456
-6.14313496085853
-3.73559569741214
-1.04381295779592
1.54874323597914
3.6984205782486
5.15232905382632
5.78244274262363
5.59774211749229
4.73310702041993
3.4176548483655
1.92867421022532
0.539641873746999
-0.528361574743723
-1.14333155021281
-1.28089782482134
-1.02189815281371
-0.529924656914001
-0.0134120876860511
0.320396985233837
0.310840514627225
-0.120043232630955
-0.947585520025688
-2.04471525652886
-3.20263301997361
-4.16846139599205
-4.69323621634799
-4.58159493429841
-3.73403261524207
-2.17373242032307
-0.0525515740766029
2.36568191080809
4.74244762954313
6.71661617496364
7.96285435925531
8.24658055502091
7.46607301172583
5.67432490654663
3.07652155151674
0.00303802052437629
-3.13806052588183
-5.92158246709259
-7.9691749979197
-9.00640490169919
-8.9037606829722
-7.6950089480975
-5.57005812958585
-2.84366861481325
0.0947057483909692
2.84161755120934
5.04090951452285
6.43567214161604
6.90267115729216
6.46410161513765
5.27541030698207
3.5919677367675
1.72087490692825
-0.0334349575257993
-1.4202886573424
-2.28185025639942
-2.57377214005228
-2.36438708908769
-1.81326774470396
-1.13364050235452
-0.545962512411576
-0.231462771934361
-0.294356121033207
-0.739786216728764
-1.4716384252557
-2.31070593737517
-3.02994268980558
-3.40036190111739
-3.23910599802432
-2.45068952745234
-1.05350400565432
0.813807923569114
2.90798519736934
4.91676051794558
6.50881687166681
7.3897775279819
7.35465347242262
6.32755430553953
4.38145059131691
1.73403261524237
-1.28030506726502
-4.25828894055071
-6.78794196473833
-8.5114782844811
-9.18071779010145
-8.69596137967511
-7.12193211682481
-4.67813104698731
-1.70514990862728
1.38758006362059
4.18410648748366
6.32425260231294
7.55590055628509
7.76903065493792
7.00640490169986
5.44972319538412
3.38416843347029
1.1477980756556
-0.925362040124226
-2.55880736352866
-3.5747245716294
-3.91626107632631
-3.64773017687813
-2.93349615937284
-2.0000000000002
-1.08826579897332
-0.405775660336436
-0.0865568177361871
-0.166709385455899
-0.579711342657569
-1.17218723118915
-1.73706837457543
-2.05787296484337
-1.95576291023378
-1.33046111278325
-0.187144508008353
1.35611121013049
3.08229808577169
4.70896121464884
5.93574004039386
6.49785044538373
6.21613476623645
5.03467999030918
3.03896165504208
0.450689527452425
-2.40053348193435
-5.12464843819634
-7.3302452512997
-8.68579117288336
-8.97291848680452
-8.12288454840253
-6.23000503422636
-3.53961234080088
-0.412275593397179
2.7300689998955
5.46744957527448
7.44448101698163
8.42226005393057
8.31133394149939
7.18071779010185
5.24192389208697
2.8110916021979
0.255870993057143
-2.06388074631055
-3.85168167875903
-4.91721350790421
-5.19960416411683
-4.76795859154657
-3.79985565701814
-2.54230328656179
-1.26257868737537
-0.197976357039458
0.486520013536808
0.725217697142664
0.558807363528951
0.120687084041519
-0.394579438300929
-0.774529877052861
-0.835534495565229
-0.46410161513773
0.355158778552891
1.53042409853285
2.87449878247499
4.13588438337561
5.04381295779493
5.35933173919717
4.92326045100599
3.69219105403496
1.7556185672518
-0.669538887216414
-3.26689297958011
-5.66695172475742
-7.50455813970209
-8.47799186958657
-8.39984165553158
-7.23095746580379
-5.09148632803952
-2.24673802557125
0.930213342877224
4.01341208768585
6.58767798994247
8.31084051462725
8.96456334049213
8.48564682990177
6.97291848680464
4.66884706081434
-2.87392977055357
-5.53580999721763
-7.50765763049642
-7.05233131265833
-3.65182075622202
1.51775192887158
6.28848929895668
8.87941291437789
8.95415948322407
7.60818623744703
6.34023521271627
5.81808078998256
5.38773280458444
3.69615242270722
-0.0604947567760978
-5.23854187446013
-9.9210625862399
-12.0825318899181
-10.9107474312833
-7.32191308698688
-3.29467499923872
-0.518421090569251
0.651097505315385
1.18146156936117
2.35297343437154
4.55495127906226
6.83331084042021
7.55352147648788
5.68479699091476
1.72468161458745
-2.46221410196336
-4.81061446446029
-4.39192232218505
-1.95515778539032
0.707578890074327
2.08141489380853
1.94709382444671
1.35429309284022
1.60658730993976
3.06536740209008
4.71498596721981
4.84931103705543
2.3805856831781
-2.21534901892313
-7.04801629927519
-9.97744795684061
-9.96192380189926
-7.61933295886638
-4.61949613240836
-2.39222471826568
-1.13340873482878
0.152611510599062
2.63461419569793
6.46876975292716
10.3869824517665
12.416308545057
11.2254009301034
7.10612164999607
1.85387197238579
-2.38024987157845
-4.43492697020039
-4.71344093719191
-4.60333276223126
-5.22162183937622
-6.46224370918213
-7.07767952394429
-5.72864774806114
-2.18852574251687
2.24135911624502
5.46262305294684
5.95047953293335
3.7679366143472
0.481512317226399
-1.95425510130399
-2.5180674285916
-1.68412200686582
-0.842245378278364
-1.05566999392969
-2.13006046877419
-2.72119211709641
-1.40991309624726
2.07389429038029
6.42598252597326
9.49999999999987
9.69062436490241
6.96890871856502
2.82366582523048
-0.828936855091321
-2.94726802059635
-3.91705094052605
-4.97450680946991
-6.97990499117834
-9.51313430968597
-11.0146908533452
-9.89534459457107
-5.79037134038002
-0.00542776520825761
5.20872990834036
8.04766276830128
8.21137564916128
6.87983329172757
5.6630051281819
5.33963058713441
5.33907084866947
4.34158994322801
1.51351555428641
-2.59545040176225
-6.2147644116823
-7.49501300674074
-5.7999093373158
-2.18935485231452
1.27499751853198
2.90119731436267
2.41862557729087
0.96071986080551
0.0338502134770065
0.282546884049724
1.00028747974449
0.755792827252423
-1.35338797558939
-4.79586018037652
-7.7729740051471
-8.37542510873187
-5.8972556508582
-1.34369748697189
3.24085890669379
6.12904528607171
6.95748250455406
6.71699547529502
6.74041875921146
7.49531087451679
8.12620405923456
7.11083978240582
3.53670840982195
-1.98242516659897
-7.47570588238877
-10.7888300644759
-10.9274562281179
-8.60262416203127
-5.59880610916567
-3.45411901212412
-2.44035150039298
-1.58606650261468
0.313694091125849
3.50804909617227
6.86307454831288
8.5564178182416
7.39407746360336
3.76286658109199
-0.512482393342892
-3.32998158019884
-3.65553880266009
-2.08379905293313
-0.232050807569502
0.548134877189443
0.159484483985798
-0.29007018348346
0.486525614604673
2.7616629717405
5.37349067134126
6.43809294504155
4.6898670241711
0.45865527335531
-4.45251302685372
-7.91578377751064
-8.82237229503935
-7.65380053264712
-5.89622598104485
-4.7789401452936
-4.31415512808908
-3.37057274275831
-0.715155967635944
3.78968985749802
8.77689302217763
12.1100894295881
12.2568645321727
9.30347052028057
4.86895764206549
0.986104494150586
-1.22517420977728
-2.12680370094908
-2.9903339593708
-4.76277677511574
-7.14355224919932
-8.69940771711164
-7.94544700217959
-4.5735720862612
0.119597526734366
3.96446609406706
5.30317904006243
4.02854912310923
1.53077260641673
-0.386255161009493
-0.799179439504219
-0.209944159339241
0.0389849709555292
-1.00168939116285
-2.97760040375315
-4.36722447670358
-3.58895959533161
-0.254837434447392
4.38201755963097
8.14908950379544
9.3405559871154
7.76869395507796
4.73174471063563
1.95589834699563
0.326138806709094
-0.639144751345039
-2.19394396270459
-5.13395082235489
-8.90183540100134
-11.7502983176152
-11.8824583315804
-8.74026893277118
-3.48224807112763
1.71767921261406
5.04928589545532
6.12573235847739
5.97421164123103
6.0120658134921
6.81808078998196
7.64775385638568
1.73403261524236
-1.280305067266
-4.2582889405502
-6.78794196473831
-8.51147828448132
-9.18071779010149
-8.69596137967545
-7.12193211682482
-4.67813104698733
-1.70514990862678
1.38758006362059
4.18410648748369
6.32425260231313
7.55590055628484
7.769030654938
7.00640490169953
5.4497231953837
3.38416843346986
1.14779807565562
-0.925362040124249
-2.55880736352873
-3.57472457162969
-3.91626107632645
-3.64773017687782
-2.93349615937208
-2.00000000000049
-1.0882657989734
-0.405775660336458
-0.0865568177362253
-0.166709385455807
-0.579711342657431
-1.17218723118899
-1.73706837457477
-2.05787296484282
-1.95576291023389
-1.33046111278362
-0.187144508008445
1.35611121013116
3.08229808577161
4.70896121464873
5.93574004039328
6.49785044538361
6.21613476623635
5.03467999030956
3.03896165504284
0.450689527452423
-2.40053348193432
-5.12464843819679
-7.33024525130059
-8.68579117288332
-8.97291848680449
-8.12288454840269
-6.23000503422672
-3.53961234080136
-0.412275593397207
2.73006899989542
5.46744957527434
7.44448101698167
8.42226005393062
8.31133394149933
7.18071779010193
5.24192389208703
2.81109160219745
0.255870993057546
-2.06388074631035
-3.85168167875858
-4.91721350790362
-5.19960416411613
-4.76795859154671
-3.79985565701827
-2.54230328656158
-1.26257868737575
-0.197976357039591
0.486520013536495
0.725217697142092
0.558807363528185
0.120687084041688
-0.394579438300762
-0.774529877052717
-0.835534495565127
-0.464101615137681
0.355158778553204
1.53042409853242
2.87449878247441
4.13588438337577
5.04381295779565
5.35933173919786
4.92326045100589
3.69219105403489
1.75561856725177
-0.669538887215978
-3.26689297957956
-5.66695172475799
-7.50455813970241
-8.47799186958674
-8.39984165553182
-7.23095746580417
-5.09148632804
-2.24673802557125
0.930213342877218
4.01341208768585
6.58767798994216
8.31084051462713
8.96456334049216
8.48564682990155
6.97291848680442
4.66884706081438
1.91916451959906
-0.882647713129715
-3.35675506154059
-5.19417061503328
-6.20055659569441
-6.31983257878499
-5.63431808919158
-4.34215894358007
-2.71661617496392
-1.0547793840784
0.375100474233252
1.3784470961352
1.86373640332893
1.85168167875965
1.46317602031616
0.888763649489681
0.34569853761569
0.0308250020800993
0.0782016714237965
0.529471666955198
1.32262479523606
2.30142195120123
3.24395730077684
3.90529425160872
4.0664574239673
3.5807715147319
2.40884796624477
0.635390152583738
-1.53589838486216
-3.80919626614182
-5.84126461315981
-7.29675883640517
-7.90491503831324
-7.50791457293317
-6.0924387596176
-3.79861201280983
-0.904249089296386
2.21355643066812
5.13364050235379
7.4540374875882
8.85314380118887
9.13887622889432
8.27784752660471
6.39984165553178
3.77691997821534
0.78064581341309
-2.17552202835936
-4.69924399781511
-6.4775137028235
-7.32078501036271
-7.18619207643079
-6.17662137575436
-4.51647183198249
-2.50881687166719
-0.481702552805422
1.26702755683217
2.51696580232099
3.15661071855896
3.19417061503323
2.74651910810562
2.00899206415759
1.21205803526152
0.573128288641806
0.252514559825958
0.321672363658124
0.74954796396271
1.40949486860319
2.10543859459081
2.61241993637859
2.72396848769293
2.29742842694164
1.28861955157604
-0.230969345061722
-2.0782016714235
-3.98350915454369
-5.63346530986356
-6.72368200513276
-7.01298795571487
-6.36939586674741
-4.79956444438785
-2.45612307653585
0.379093998493532
3.33378484533646
5.99999999999916
7.99634077414962
9.02745668959097
8.93107692559728
7.70477069533135
5.50791457293248
2.63840127203041
-0.512228501817018
-3.51801096463385
-5.98258708560566
-7.59774211749252
-8.18714450800845
-7.7284953629926
-6.35093426415587
-4.30867252868484
-1.93574004039359
0.410224529793429
2.4055462630179
3.80984011755176
4.49909965483382
4.47751370282415
3.86674752277495
2.8753515618041
1.75436132182337
0.74744117704414
0.0447152565290665
-0.251404467614562
-0.142379118635157
0.27097616241713
-0.67186712383696
-1.98264999963966
-3.03247043930357
-3.74644819617824
-4.0838312450473
-4.04104838417388
-3.65111212712837
-2.97946076065463
-2.11667635369488
-1.16881969895162
-0.246353926793679
0.547236655518744
1.1260001676343
1.43019652014121
1.43224439932861
1.13935055172777
0.592566263814535
-0.137628952900049
-0.958771381956588
-1.76613863808685
-2.45378303578735
-2.92576761998466
-3.10647719172517
-2.94896544276127
-2.4404907376573
-1.60466843886318
-0.500000000000463
0.78510421178202
2.1403452483414
3.44383435570651
4.57367808386507
5.41972682741962
5.89434265755387
5.94113287704874
5.54078941710201
4.71345221297372
3.51735000035988
2.0438319031327
0.409252646737962
-1.25552085462598
-2.8169831732593
-4.15111212712858
-5.1545824878647
-5.7540037384912
-5.91230579416031
-5.63167326360445
-4.9527633444809
-3.95030217480138
-2.72550432277502
-1.3960659910928
-0.0847146591868975
1.09256626381466
2.03749277430979
2.67855600283951
2.97734745712174
2.93153630102355
2.5742323800154
1.96982515071046
1.2067354001546
0.387819652763929
-0.380603227948648
-1.00000000000008
-1.39001751542766
-1.49698213645456
-1.29965173950211
-0.811641252946001
-0.0802731725805934
0.81804031511827
1.78543203413287
2.71247902668093
3.48938700205891
4.01735000036022
4.21895363034228
4.04658003153378
3.4879652405821
2.56833616355131
1.34888787287186
-0.0782801454283226
-1.59830289557542
-3.08399540373936
-4.4076080526902
-5.45276334448084
-6.1254239020114
-6.36283170757084
-6.1395520863009
-5.47003399599768
-4.40743373618521
-3.03880956812655
-1.47714484007659
0.149037066700697
1.70747109010893
3.07423238001561
4.14494687792023
4.84406278495068
5.13130574797222
5.00471610886185
4.49999999999991
3.68628482700777
2.65871870646181
1.52865865091893
0.412423957968763
-0.580273172580676
-1.35708141209184
-1.85189535066323
-2.03100706852754
-1.89593233475159
-1.4826499996398
-0.857348712093634
-0.109120811381848
0.659654850161181
1.34427095263691
1.8488878728715
2.09684158178122
2.03902448922072
1.65949069146933
0.977711284121266
0.0472366555188062
-1.04912155957555
-2.20713086465525
-3.31124169588014
-4.24596878508305
-4.90743373618534
-5.21393129533593
-5.11447222487267
-4.59444902850766
-3.67784824670227
-2.42576761998468
-0.931355464515553
0.688361942034698
2.3029953575514
3.78065089794758
4.99999999999973
5.86140655421784
6.2960460912575
6.27214474612736
5.79774329477928
4.91972682741996
3.7192209303443
2.30380549225282
0.797303321893343
-0.671867123837269
-1.98264999964005
-3.03247043930314
-3.74644819617816
-4.08383124504729
-4.04104838417392
-3.6511121271282
-2.97946076065471
-2.11667635369532
-1.16881969895215
-0.246353926793451
0.547236655518894
1.12600016763441
1.43019652014116
1.43224439932858
1.13935055172772
0.59256626381435
-0.137628952900164
-0.958771381956826
-1.76613863808634
-2.45378303578744
-2.92576761998464
-3.10647719172522
-2.94896544276123
-2.44049073765752
-1.60466843886355
-0.500000000000193
0.785104211782328
2.14034524834172
3.4438343557068
4.57367808386459
5.41972682741958
5.89434265755396
5.94113287704872
5.54078941710189
4.71345221297397
3.5173500003604
2.04383190313235
0.409252646737596
-1.25552085462634
-2.81698317325976
-4.15111212712829
-5.15458248786442
-5.75400373849126
-5.91230579416027
-5.63167326360437
-4.95276334448134
-3.95030217480192
-2.72550432277471
-1.39606599109244
-0.0847146591865404
1.0925662638149
2.03749277430957
2.67855600283941
2.97734745712186
2.93153630102346
2.57423238001524
1.96982515071093
1.20673540015468
0.387819652763697
-0.38060322794885
-1.00000000000015
-1.39001751542768
-1.49698213645458
-1.29965173950228
-0.811641252945857
-0.0802731725804167
0.818040315118518
1.7854320341324
2.71247902668084
3.48938700205899
4.01735000036035
4.21895363034232
4.04658003153387
3.48796524058232
2.5683361635516
1.34888787287157
-0.0782801454285416
-1.59830289557586
-3.08399540373911
-4.40760805268962
-5.45276334448102
-6.12542390201151
-6.36283170757085
-6.13955208630081
-5.4700339959981
-4.40743373618537
-3.03880956812611
-1.47714484007623
0.149037066701052
1.70747109010873
3.07423238001516
4.14494687792041
4.84406278495076
5.13130574797232
5.00471610886185
4.49999999999989
3.68628482700822
2.65871870646157
1.52865865091867
0.412423957968505
-0.580273172580244
-1.35708141209159
-1.85189535066338
-2.03100706852752
-1.89593233475148
-1.48264999963951
-0.857348712093698
-0.109120811382221
0.659654850161401
1.34427095263723
1.84888787287151
2.09684158178117
2.03902448922085
1.65949069146929
0.97771128412103
0.0472366555185637
-1.04912155957583
-2.20713086465472
-3.31124169587959
-4.24596878508327
-4.90743373618548
-5.21393129533609
-5.11447222487269
-4.59444902850777
-3.67784824670204
-2.42576761998453
-0.931355464515069
0.68836194203519
2.30299535755064
3.7806508979473
5.00000000000005
5.86140655421805
6.29604609125754
6.27214474612737
5.7977432947796
4.91972682741967
3.71922093034399
2.30380549225248
0.797303321892903
-0.671867123836709
-1.98264999963976
-3.03247043930332
-3.74644819617839
-4.08383124504743
-4.04104838417379
-3.65111212712846
-2.9794607606546
-2.11667635369516
-1.1688196989519
-0.246353926793224
0.547236655518815
1.1260001676342
1.43019652014119
1.43224439932853
1.13935055172752
0.592566263814755
-0.137628952899784
-0.958771381956869
-1.7661386380867
-2.45378303578749
-2.92576761998476
-3.10647719172537
-2.94896544276139
-2.44049073765727
-1.60466843886334
-0.499999999999922
0.785104211781684
2.14034524834155
3.44383435570622
4.57367808386483
5.41972682741975
5.89434265755398
5.94113287704873
5.54078941710219
4.71345221297376
3.51735000035997
2.04383190313187
0.409252646738399
-1.25552085462598
-2.81698317325919
-4.15111212712867
-5.15458248786458
-5.75400373849133
-5.91230579416045
-5.63167326360436
-4.95276334448112
-3.95030217480165
-2.72550432277435
-1.39606599109265
-0.0847146591871466
1.09256626381438
2.03749277430996
2.67855600283949
2.97734745712185
2.93153630102356
2.57423238001542
1.96982515071072
1.20673540015444
0.387819652763466
-0.380603227948676
-0.999999999999898
-1.39001751542772
-1.49698213645458
-1.2996517395022
-0.811641252945703
-0.0802731725804744
0.818040315118062
1.78543203413266
2.71247902668108
3.48938700205918
4.01735000036017
4.21895363034231
4.0465800315338
3.48796524058218
2.56833616355137
1.34888787287128
-0.078280145428461
-1.59830289557513
-3.08399540373943
-4.4076080526899
-5.45276334448128
-6.12542390201129
-6.36283170757087
-6.13955208630103
-5.47003399599776
-4.4074337361851
-3.03880956812578
-1.47714484007701
0.149037066700546
1.70747109010905
3.07423238001542
4.14494687792059
4.84406278495079
5.13130574797218
5.004716108862
4.4999999999997
3.68628482700797
2.65871870646129
1.52865865091921
0.412423957968644
-0.580273172580452
-1.35708141209173
-1.85189535066344
-2.0310070685274
-1.89593233475162
-1.48264999964002
-0.857348712093487
-0.109120811381991
0.659654850161623
1.34427095263667
1.8488878728716
2.09684158178123
2.03902448922083
1.65949069146903
0.977711284121186
0.0472366555190584
-1.04912155957569
-2.20713086465496
-3.31124169587986
-4.24596878508349
-4.90743373618553
-5.21393129533582
-5.11447222487265
-4.59444902850763
-3.67784824670182
-2.42576761998491
-0.931355464515828
0.688361942034846
2.30299535755099
3.78065089794781
5.00000000000028
5.8614065542179
6.29604609125744
6.27214474612733
5.79774329477943
4.91972682741943
3.71922093034463
2.30380549225258
0.797303321893628
-0.671867123837019
-1.98264999964001
-3.03247043930349
-3.74644819617814
-4.08383124504736
-4.0410483841737
-3.65111212712829
-2.97946076065438
-2.11667635369561
-1.16881969895192
-0.246353926793644
0.547236655518993
1.12600016763431
1.43019652014122
1.4322443993286
1.13935055172764
0.59256626381457
-0.137628952900008
-0.958771381957106
-1.7661386380865
-2.4537830357872
-2.9257676199846
-3.10647719172542
-2.94896544276108
-2.44049073765714
-1.60466843886381
-0.500000000000163
0.785104211782119
2.14034524834187
3.44383435570652
4.57367808386473
5.41972682741936
5.89434265755401
5.94113287704871
5.54078941710207
4.71345221297331
3.51735000036028
2.04383190313263
0.409252646738033
-1.25552085462662
-2.8169831732595
-4.1511121271281
-5.15458248786419
-5.75400373849137
-5.91230579416042
-5.63167326360423
-4.95276334448091
-3.95030217480178
-2.72550432277498
-1.39606599109234
-0.0847146591868593
1.09256626381462
2.03749277430957
2.67855600283929
2.97734745712179
2.93153630102347
2.57423238001526
1.96982515071051
1.20673540015483
0.387819652763855
-0.380603227948878
-1.00000000000005
-1.3900175154278
-1.4969821364546
-1.29965173950223
-0.811641252946002
-0.0802731725802626
0.81804031511831
1.78543203413276
2.71247902668067
3.48938700205924
4.0173500003603
4.21895363034208
4.04658003153375
3.48796524058243
2.56833616355189
1.34888787287168
-0.078280145428792
-1.59830289557547
-3.08399540373976
-4.40760805268943
-5.45276334448114
-6.1254239020114
-6.36283170757088
-6.13955208630093
-5.47003399599795
-4.40743373618569
-3.03880956812608
-1.47714484007665
0.149037066700899
1.70747109010937
3.07423238001511
4.14494687792016
4.84406278495087
5.13130574797216
5.00471610886189
4.50000000000002
3.68628482700855
2.65871870646137
1.52865865091893
0.412423957968386
-0.580273172580732
-1.35708141209159
-1.85189535066327
-2.03100706852738
-1.89593233475175
-1.48264999963985
-0.857348712093825
-0.109120811381921
0.659654850160984
1.34427095263686
1.84888787287173
2.09684158178128
2.03902448922074
1.65949069146929
-8.47799186958661
-8.39984165553142
-7.23095746580369
-5.09148632804117
-2.24673802557178
0.930213342876678
4.01341208768536
6.58767798994282
8.31084051462744
8.96456334049209
8.48564682990164
6.97291848680452
4.66884706081346
1.91916451959812
-0.882647713127953
-3.35675506154015
-5.1941706150329
-6.20055659569413
-6.31983257878523
-5.63431808919184
-4.34215894358015
-2.71661617496407
-1.05477938407846
0.375100474233569
1.3784470961352
1.8637364033282
1.85168167875943
1.46317602031596
0.888763649489516
0.345698537615952
0.0308250020802681
0.078201671423769
0.529471666955134
1.32262479523589
2.30142195120193
3.24395730077755
3.90529425160939
4.06645742396756
3.58077151473221
2.40884796624513
0.635390152583708
-1.5358983848621
-3.80919626614054
-5.84126461315965
-7.29675883640514
-7.90491503831354
-7.50791457293309
-6.092438759618
-3.79861201280979
-0.904249089296385
2.21355643066809
5.13364050235507
7.45403748758846
8.85314380118846
9.13887622889435
8.27784752660491
6.39984165553183
3.77691997821538
0.780645813413598
-2.17552202835939
-4.6992439978152
-6.47751370282364
-7.32078501036294
-7.18619207643057
-6.17662137575442
-4.51647183198267
-2.50881687166746
-0.481702552805737
1.26702755683184
2.51696580232117
3.15661071855921
3.19417061503354
2.74651910810594
2.00899206415788
1.21205803526124
0.573128288641787
0.252514559825974
0.32167236365817
0.749547963962791
1.40949486860331
2.10543859459048
2.61241993637827
2.72396848769266
2.29742842694144
1.28861955157594
-0.230969345062547
-2.07820167142326
-3.98350915454352
-5.6334653098635
-6.72368200513283
-7.01298795571507
-6.36939586674725
-4.79956444438774
-2.45612307653581
0.379093998493519
3.33378484533641
6.00000000000028
7.99634077414955
9.02745668959092
8.93107692559725
7.70477069533135
5.5079145729325
2.63840127203092
-0.512228501816482
-3.51801096463335
-5.98258708560524
-7.59774211749223
-8.18714450800853
-7.72849536299277
-6.35093426415603
-4.30867252868497
-1.93574004039365
0.410224529793444
2.40554626301751
3.80984011755142
4.49909965483355
4.47751370282396
3.86674752277485
2.87535156180366
1.75436132182356
0.74744117704422
0.0447152565290283
-0.251404467614716
-0.142379118635407
0.270976162417271
0.812564279360854
1.26993100010474
1.44062539990293
1.17720001227273
0.422260053930474
-0.773272631623156
-2.25251455982533
-3.77570985124629
-5.06038847859009
-5.83175492253391
-5.8744692495287
-5.07652155151695
-3.4570755081133
-1.17277998874511
1.49932241316283
4.20014434298265
6.54230328656044
8.17065366255155
8.81965738629392
8.35800009432434
6.81284361273311
4.36939586674644
1.34552695679985
-1.85471743809137
-4.80135405242411
-7.10281550027422
-8.4641016151378
-8.72944779456997
-7.90280825139517
-6.14313496085939
-3.73559569741231
-1.04381295779553
1.54874323597955
3.69842057824831
5.15232905382617
5.78244274262385
5.59774211749241
4.73310702041996
3.41765484836529
1.9286742102252
0.539641873746986
-0.528361574743886
-1.14333155021319
-1.28089782482189
-1.02189815281383
-0.52992465691415
-0.0134120876862112
0.320396985233688
0.310840514627091
-0.120043232630849
-0.947585520025775
-2.04471525652905
-3.20263301997409
-4.16846139599244
-4.69323621634741
-4.58159493429821
-3.73403261524222
-2.17373242032271
-0.0525515740762432
2.36568191080841
4.74244762954273
6.71661617496333
7.96285435925514
8.2465805550212
7.46607301172588
5.67432490654646
3.07652155151765
0.00303802052542457
-3.13806052588179
-5.92158246709296
-7.96917499791994
-9.00640490169912
-8.90376068297233
-7.6950089480978
-5.57005812958582
-2.84366861481325
0.0947057483913787
2.84161755120924
5.04090951452269
6.43567214161639
6.9026711572926
6.46410161513812
5.27541030698236
3.59196773676784
1.72087490692858
-0.0334349575257593
-1.42028865734226
-2.28185025639918
-2.57377214005196
-2.36438708908734
-1.8132677447036
-1.13364050235417
-0.545962512411975
-0.231462771934535
-0.294356121033082
-0.739786216728635
-1.47163842525565
-2.31070593737508
-3.02994268980543
-3.40036190111731
-3.23910599802436
-2.45068952745208
-1.05350400565384
0.813807923569757
2.90798519736849
4.91676051794473
6.5088168716661
7.38977752798181
7.35465347242241
6.3275543055392
4.3814505913173
1.73403261524286
-1.28030506726548
-4.25828894055112
-6.78794196473903
-8.51147828448112
-9.18071779010147
-8.69596137967547
-7.12193211682487
-4.67813104698738
-1.70514990862682
1.38758006362007
4.18410648748324
6.3242526023128
7.55590055628491
7.76903065493772
7.00640490169968
5.44972319538397
3.3841684334702
1.14779807565489
-0.925362040124319
-2.55880736352895
-3.57472457162949
-3.91626107632635
-3.6477301768778
-2.93349615937253
-1.99999999999995
-1.08826579897349
-0.405775660336531
-0.0865568177362706
-0.166709385456075
-0.579711342657871
-1.1721872311895
-1.7370683745748
-2.0578729648429
-1.95576291023403
-1.33046111278341
-0.187144508008405
1.35611121013019
3.08229808577137
4.70896121464855
5.93574004039381
6.4978504453839
6.21613476623632
5.03467999030935
3.03896165504274
0.450689527452417
-2.40053348193425
-5.12464843819667
-7.33024525129937
-8.6857911728832
-8.97291848680456
-8.12288454840229
-6.230005034226
-3.53961234080043
-0.412275593397222
2.73006899989544
5.46744957527439
7.44448101698179
8.4222600539308
8.3113339414998
7.18071779010215
5.24192389208737
2.81109160219756
0.255870993056766
-2.06388074631092
-3.85168167875881
-4.91721350790395
-5.19960416411654
-4.7679585915462
-3.79985565701765
-2.5423032865625
-1.26257868737592
-5.23219203436272
-5.24668254627308
-5.01540172789972
-4.20710678118605
-2.61267756707362
-0.26143343828049
2.54802849764845
5.31800560177093
7.50000000000039
8.66825087409606
8.65538450565738
7.60069057024774
5.89383051644734
4.03553390593269
2.46735579894543
1.43331154376666
0.923175039987808
0.715482114705124
0.500000000000054
0.0292467816290096
-0.761920914091365
-1.71660540010077
-2.51244077081995
-2.79289321881343
-2.32203403081761
-1.10151653659525
0.597904398715771
2.30585902963138
3.50000000000012
3.77889072147441
2.99705647422706
1.31272147505707
-0.86894897480716
-3.03553390593265
-4.73788717647405
-5.72868960032169
-6.01923203528293
-5.83638578902671
-5.50000000000008
-5.2711454017806
-5.23219203436274
-5.24668254627305
-5.01540172790013
-4.20710678118707
-2.61267756707244
-0.261433438278935
2.54802849764806
5.31800560177058
7.50000000000015
8.6682508740964
8.65538450565746
7.60069057024794
5.8938305164476
4.03553390593293
2.46735579894561
1.43331154376677
0.923175039987851
0.71548211470503
0.499999999999869
0.029246781629559
-0.76192091409124
-1.71660540010132
-2.5124407708203
-2.79289321881344
-2.32203403081836
-1.10151653659546
0.597904398716822
2.30585902963117
3.50000000000001
3.77889072147444
2.99705647422724
1.31272147505735
-0.86894897480685
-3.03553390593238
-4.73788717647486
-5.72868960032161
-6.01923203528293
-5.83638578902675
-5.49999999999989
-5.27114540178053
-5.23219203436273
-5.24668254627309
-5.01540172789985
-4.20710678118637
-2.61267756707272
-0.261433438279299
2.54802849764766
5.31800560177022
7.49999999999991
8.66825087409632
8.65538450565754
7.60069057024709
5.89383051644785
4.03553390593318
2.46735579894579
1.43331154376633
0.923175039987669
0.715482114705169
0.50000000000014
0.0292467816291841
-0.761920914091777
-1.71660540010119
-2.51244077082022
-2.79289321881345
-2.32203403081785
-1.10151653659567
0.597904398716576
2.30585902963096
3.49999999999991
3.77889072147447
2.99705647422742
1.31272147505762
-0.868948974808175
-3.03553390593355
-4.73788717647368
-5.72868960032153
-6.01923203528293
-5.83638578902657
-5.49999999999993
-5.27114540178064
-5.23219203436273
-5.24668254627306
-5.01540172789992
-4.20710678118653
-2.61267756707299
-0.261433438279662
2.54802849764726
5.31800560176987
7.49999999999968
8.66825087409666
8.65538450565762
7.60069057024834
5.89383051644811
4.03553390593214
2.46735579894502
1.43331154376643
0.923175039987936
0.715482114705074
0.499999999999956
0.0292467816292725
-0.761920914091652
-1.71660540010107
-2.51244077082014
-2.79289321881346
-2.32203403081797
-1.10151653659588
0.597904398717627
2.30585902963075
3.4999999999998
3.77889072147451
2.99705647422666
1.31272147505644
-0.868948974806229
-3.03553390593183
-4.73788717647448
-5.72868960032189
-6.01923203528293
-5.83638578902661
-5.49999999999998
-5.27114540178056
-5.23219203436273
-5.24668254627307
-5.01540172789998
-4.2071067811867
-2.61267756707327
-0.261433438280027
2.54802849764687
5.31800560177138
7.50000000000069
8.66825087409616
8.6553845056577
7.60069057024749
5.89383051644701
4.03553390593238
2.46735579894615
1.43331154376653
0.923175039987754
0.715482114705096
0.499999999999999
0.02924678162936
-0.761920914091526
-1.71660540010094
-2.51244077082006
-2.79289321881347
-2.32203403081746
-1.10151653659609
0.597904398716084
2.30585902963054
3.50000000000026
3.77889072147436
2.99705647422684
1.31272147505818
-0.868948974807555
-3.035533905933
-4.73788717647429
-5.7286896003218
-6.01923203528293
-5.83638578902665
-5.50000000000002
-5.27114540178058
-5.23219203436272
-5.24668254627304
-5.01540172790005
-4.20710678118686
-2.61267756707354
-0.261433438278472
2.54802849764856
5.31800560176917
7.4999999999992
8.6682508740965
8.65538450565735
7.60069057024769
5.89383051644727
4.03553390593262
2.46735579894538
1.43331154376664
0.923175039987796
0.715482114705119
0.500000000000042
0.0292467816294479
-0.7619209140914
-1.71660540010081
-2.5124407708204
-2.79289321881342
-2.32203403081821
-1.1015165365963
0.597904398717135
2.30585902963144
3.50000000000015
3.77889072147458
2.99705647422701
1.31272147505699
-0.868948974807245
-3.03553390593273
-4.7378871764741
-5.72868960032172
-6.01923203528293
-5.8363857890267
-5.50000000000006
-5.2711454017805
-5.23219203436272
-5.24668254627308
-5.01540172790011
-4.20710678118617
-2.61267756707237
-0.261433438278836
2.54802849764608
5.31800560177067
7.50000000000021
8.66825087409642
8.65538450565743
7.60069057024789
5.89383051644753
4.03553390593287
2.46735579894556
1.43331154376674
0.923175039987615
0.71548211470514
0.500000000000085
0.0292467816295356
-0.761920914091937
-1.71660540010136
-2.51244077081989
-2.79289321881349
-2.3220340308177
-1.10151653659541
0.597904398716889
2.30585902963123
3.50000000000004
3.77889072147443
2.99705647422719
1.31272147505727
-0.868948974806935
-3.03553390593245
-4.73788717647392
-5.72868960032163
-6.01923203528293
-5.83638578902651
-5.49999999999988
-5.27114540178062
-5.23219203436272
-5.24668254627305
-5.01540172789984
-4.20710678118633
-2.61267756707409
-0.261433438279199
2.54802849764777
5.31800560177032
7.49999999999998
8.66825087409634
8.65538450565751
7.60069057024809
5.89383051644778
4.03553390593311
2.46735579894479
1.43331154376684
0.923175039987881
0.715482114705163
0.499999999999901
0.0292467816291611
-0.761920914091811
-1.71660540010055
-2.51244077082024
-2.79289321881344
-2.32203403081782
-1.10151653659561
0.597904398716643
2.30585902963102
3.49999999999994
3.77889072147447
2.99705647422737
1.31272147505609
-0.868948974806624
-3.03553390593218
-4.73788717647373
-5.72868960032199
-6.01923203528293
-5.83638578902678
-5.50000000000015
-5.27114540178054
-5.23219203436273
-5.24668254627306
-5.0154017278999
-4.20710678118649
-2.61267756707292
-0.261433438279563
2.54802849764737
5.31800560176997
7.49999999999974
8.66825087409626
8.65538450565759
7.60069057024829
5.89383051644669
4.03553390593207
2.46735579894592
1.43331154376695
0.9231750399877
0.715482114705069
0.499999999999944
0.0292467816292485
-0.761920914091686
-1.7166054001011
-2.51244077082016
-2.79289321881345
-2.32203403081794
-1.10151653659582
0.597904398716397
2.30585902963081
3.49999999999983
3.77889072147432
2.99705647422661
1.31272147505782
-0.868948974806314
-3.03553390593335
-4.73788717647453
-5.72868960032191
-6.01923203528293
-5.8363857890266
-5.49999999999997
-5.27114540178056
-5.23219203436273
-5.24668254627307
-5.01540172789996
-4.20710678118665
-2.61267756707319
-0.261433438279927
2.54802849764906
5.31800560176962
7.4999999999995
8.66825087409618
8.65538450565725
7.60069057024743
5.89383051644694
4.0355339059336
2.46735579894515
1.43331154376651
0.923175039987743
0.715482114705091
0.499999999999987
0.0292467816293356
-0.761920914091561
-1.71660540010097
-2.51244077082008
-2.79289321881341
-2.32203403081806
-1.10151653659603
0.59790439871615
2.30585902963171
3.50000000000029
3.77889072147453
2.99705647422772
1.31272147505664
-0.868948974807639
-3.03553390593308
-4.73788717647434
-5.72868960032183
-6.01923203528293
-5.83638578902664
-5.50000000000001
-5.27114540178058
-5.23219203436272
-5.24668254627307
-5.01540172790003
-4.20710678118596
-2.61267756707202
-0.261433438278373
2.54802849764658
5.31800560177112
7.50000000000052
8.66825087409652
8.65538450565733
7.60069057024763
5.8938305164472
4.03553390593256
2.46735579894533
1.43331154376661
0.923175039987561
0.715482114705113
0.50000000000003
0.0292467816294237
-0.761920914092098
-1.71660540010152
-2.51244077082
-2.79289321881347
-2.32203403081755
-1.10151653659514
0.597904398717202
2.3058590296315
3.50000000000018
3.77889072147439
2.99705647422697
1.31272147505692
-0.86894897480733
-3.0355339059328
-4.73788717647416
-5.72868960032174
-6.01923203528293
-5.83638578902646
-5.49999999999982
-5.27114540178059
-5.23219203436272
-5.24668254627304
-5.01540172789975
-4.20710678118612
-2.61267756707374
-0.261433438278736
2.54802849764827
5.31800560177077
7.50000000000028
8.66825087409644
8.65538450565741
7.60069057024783
5.89383051644746
4.0355339059328
2.46735579894456
1.43331154376671
0.923175039987828
0.715482114705135
0.499999999999845
0.0292467816290487
-0.761920914091972
-1.71660540010071
-2.51244077082034
-2.79289321881343
-2.32203403081767
-1.10151653659535
0.597904398716956
2.30585902963129
3.50000000000007
3.77889072147442
2.99705647422714
1.31272147505574
-0.868948974807019
-3.03553390593253
-4.73788717647397
-5.7286896003221
-6.01923203528293
-5.83638578902673
-5.5000000000001
-5.27114540178052
-5.23219203436274
-5.24668254627305
-5.01540172789982
-4.20710678118628
-2.61267756707257
-0.2614334382791
2.54802849764788
5.31800560177042
7.50000000000004
8.66825087409636
8.65538450565749
7.60069057024803
5.89383051644636
4.03553390593176
2.46735579894569
1.43331154376681
0.923175039987645
0.715482114705041
0.49999999999989
0.0292467816295985
-0.761920914091845
-1.71660540010126
-2.51244077082026
-2.79289321881344
-2.32203403081779
-1.10151653659556
0.59790439871671
2.30585902963108
3.49999999999997
3.77889072147427
2.99705647422732
1.31272147505747
-0.868948974806709
-3.0355339059337
-4.73788717647477
-5.72868960032202
-6.01923203528293
-5.83638578902654
-5.49999999999991
-5.27114540178053
-5.23219203436273
-5.24668254627306
-5.01540172789988
-4.20710678118645
-2.61267756707284
-0.261433438279464
2.54802849764957
5.31800560177006
7.49999999999981
8.66825087409628
8.65538450565715
7.60069057024718
5.89383051644797
4.03553390593329
2.46735579894492
1.43331154376637
0.923175039987689
0.715482114705063
0.499999999999933
0.0292467816292246
-0.76192091409172
-1.71660540010114
-2.51244077082018
-2.79289321881345
-2.32203403081791
-1.10151653659577
0.597904398716464
2.30585902963198
3.50000000000043
3.77889072147449
2.99705647422749
1.31272147505629
-0.868948974808034
-3.03553390593343
-4.73788717647359
-5.72868960032193
-6.01923203528293
-5.83638578902659
-5.49999999999995
-5.27114540178055
-5.23219203436273
-5.24668254627306
-5.01540172789995
-4.20710678118661
-2.61267756707167
-0.261433438279828
2.54802849764709
5.31800560176971
7.50000000000082
8.66825087409662
8.65538450565723
7.60069057024843
5.89383051644687
4.03553390593225
2.4673557989451
1.43331154376648
0.923175039987731
0.715482114705085
0.499999999999976
0.0292467816293114
-0.761920914091595
-1.71660540010169
-2.5124407708201
-2.79289321881346
-2.32203403081803
-1.10151653659487
0.597904398717515
2.30585902963066
3.49999999999975
3.77889072147434
2.99705647422674
1.31272147505657
-0.868948974807724
-3.03553390593315
-4.73788717647439
-5.72868960032185
-6.01923203528293
-5.83638578902663
-5.5
-5.27114540178057
-5.23219203436273
-5.24668254627307
-5.01540172789967
-4.20710678118591
-2.61267756707339
-0.261433438280191
-8.90183540100049
-11.7502983176158
-11.8824583315807
-8.74026893277255
-3.48224807113053
1.71767921261288
5.04928589545528
6.12573235847768
5.97421164123178
6.01206581349182
6.81808078998201
7.64775385638473
7.06217782649027
4.1821459303435
-0.408414855534874
-4.83261440969091
-7.0825318899179
-6.33993734493979
-3.49178606806441
-0.466247874492421
1.11555350564654
0.979266904539336
0.181461569362426
0.0929523825703336
1.18892587527796
2.59067015330129
2.72339445756659
0.59634881436837
-3.27531838541277
-7.03302418830665
-8.64074148338298
-7.22034944693272
-3.58913238160729
0.379409490850084
3.08141489380916
4.20711487624908
4.72031849662467
5.84922799705898
7.89549442101118
9.80343414376753
9.84931103705613
6.9513957695206
1.61477800000156
-4.21958917452737
-8.34347336062406
-9.63375440267482
-8.6193329588666
-6.87951718421082
-5.75825012204973
-5.37604942194682
-4.67751550832192
-2.45383398085032
1.4687697529268
5.81617236542231
8.58618152613409
8.39697380535674
5.47214705378002
1.52570257316178
-1.38024987157769
-2.17490591839859
-1.34741553340867
-0.360692075112235
-0.391494820453224
-1.37379553263385
-2.07767952394459
-1.15783766171907
1.6416012764041
5.06978624099185
7.09659764916311
6.27864893215817
2.76793661434923
-1.7785087345748
-5.32028050508898
-6.7607081157112
-6.51424902578823
-5.93069355482653
-6.05566999392932
-6.70087055511688
-6.55131913601983
-4.23834022099337
0.439919694161701
6.09781312674788
10.499999999999
11.9506454167033
10.334934122349
7.06630651235007
4.00119016383082
2.14118015595071
1.08294905947346
-0.403696723126986
-3.14977797225573
-6.68470718493826
-9.38071625712842
-9.56717519534738
-6.79037134037939
-2.26544881700942
1.84270450455639
3.80502208118239
3.38124863023871
1.7913851151803
0.663005128181283
0.768820500790737
1.50894382974774
1.51316281848188
-0.120459041928371
-2.92361980098649
-5.21476441168312
-5.23499195493914
-2.43388393353302
2.05328583480435
6.10512453745312
7.9896454909112
7.41862557729221
5.53152994714981
3.86397723239967
3.11097400879641
2.63426207596047
1.08396222647615
-2.35338797558946
-7.05588123217642
-11.1389994089301
-12.6180657958511
-10.7273826697799
-6.43214566351906
-1.75914109330785
1.55823519972841
3.12735548563215
3.88856835054805
5.10644416299544
7.16714147529302
9.12620405923323
9.3708608342072
6.90273381360691
2.26021552051991
-2.64557886346689
-5.70038188792716
-5.92745622811716
-4.03181407568917
-1.76867909024244
-0.625691887376062
-0.806376904178308
-1.25789710339074
-0.686305908874397
1.24802804437002
3.49704914452915
4.31377713112257
2.56395044468235
-1.32558159545436
-5.51248239334268
-7.90079166654274
-7.48566582158245
-4.91222617767932
-1.86602540378589
0.219965477964756
1.15948448398497
1.96995086831779
3.85255101838911
7.00430365885796
10.2036176902622
11.52654112159
9.68986702417085
5.02946535969746
-0.622386007931146
-5.08735665276378
-7.18839769882382
-7.32563113342378
-6.89622598104485
-7.03896119709514
-7.68018053187338
-7.61321342987737
-5.54528298655891
-1.29875831904967
3.77689302217765
7.53927934324549
8.42673751325007
6.47504339553381
3.23498304585007
0.657935094925509
-0.225174209776613
0.133217350852998
0.375691444413401
-0.520136087996157
-2.31342523027749
-3.61095954056409
-2.94544700217934
-0.00276199991954762
3.94972454565674
6.79289321881367
6.93715363627829
4.35671852233385
0.530772606419054
-2.64627621280948
-4.16520484328786
-4.45258484645921
-4.79114204796665
-6.09013756771096
-7.97760040375243
-8.93803456304662
-7.41908661425443
-3.08326455919301
2.74804296341581
7.8209201045699
10.3405559871146
10.0287150068801
8.09777011441975
6.19853903411502
5.15626582563125
4.44930342520289
2.80605603729585
-0.563140736011343
-5.07170838207882
-8.9218711928692
-10.2484837353643
-8.41209953354704
-4.48224807112795
-0.542341839187593
1.68326049167105
1.8830916713579
1.14408462230923
0.923617636944308
1.81808078998138
3.07694377004305
3.23205080756859
1.35371880559822
-2.04238945175165
-5.1607838089162
-6.08253188991836
-4.0799162931389
-0.125760664278639
3.77639281262482
5.94568052456796
6.06771508108701
5.18146156936151
4.66376246891357
5.01905289419968
5.41909727804739
4.35736905378206
0.924518213591392
-4.27531838541279
-9.29304524010846
-12.0067668871667
-11.4629901340508
-8.41925940052963
-4.70903868569861
-1.91858510619144
-0.363695210094907
0.890191477702146
3.02080087231179
6.26151982479574
9.47526474454423
10.8493110370548
9.2114168213235
4.98080340378339
0.0230515125903343
-3.51334634170189
-4.54530622612645
-3.61933295886551
-2.30870709786764
-1.92812310312686
-2.54762229720154
-3.04354091210678
-2.12566458162557
0.468769752925594
3.55615131362217
5.22015612235029
4.15433311823779
0.642020034857329
-3.56274560338588
-6.38024987157769
-6.7457160047415
-5.1775425523315
-3.18911919985874
-2.02546941666938
-1.70196493185804
-1.07767952394398
1.10218339008272
5.00762668018979
9.31242692811092
11.9267246680854
11.3670971087055
7.76793661434875
2.79230135176939
-1.49015348616624
-3.93228099096365
-4.88027442957253
-5.60252415560195
-7.05566999392908
-8.96089160691845
-9.91734453980256
-8.4809809081119
-4.39020732475835
1.00936495020128
5.49999999999869
7.37983533036054
6.50480710342566
4.23787938760463
2.36721556761471
1.81301075672672
2.0829490594738
1.85632432867396
0.216247431528287
-2.44206649781874
-4.55058923820682
-4.47872701879907
-1.79037134037848
2.30536126933345
5.67283152347758
6.63344920592835
5.01522322645544
2.11955451440399
-0.336994871818125
-1.49120055101042
-1.85708157403745
-2.72947786863734
-4.95058606085178
-8.01206797753402
-10.2147644116827
-9.8058020412831
-6.26401095245548
-0.775141289943563
4.4711499412366
7.66147609168629
8.41862557729099
7.79155099895064
7.23000263618354
7.35361469591528
7.46438909488206
6.17241040302317
2.64661202441231
-2.48507114583438
-7.30887239000808
-9.78963867110445
-9.09340807356343
-6.1039762642951
-2.75914109330719
-0.701785852072837
-0.23866991815262
-0.354072336571142
0.276317144073741
2.07869329874353
4.12620405923348
4.80005074786363
3.07260679468337
-0.568211604225377
-4.27955345968299
-6.02855128715115
-4.92745622811857
-1.7717930238886
1.59734631354153
3.61694879974191
4.02375011474537
3.83055107315806
4.31369409112673
5.81883813071362
7.32717616345092
7.14220425586892
4.19792504089896
-0.997412196230241
-6.51248239334134
-10.1608127183433
-10.851691225366
-9.15486686480012
-6.69615242270797
-4.86848269858248
-3.84051551601473
-2.60085921802416
0.0224239994678601
4.175876534112
8.56964309404674
11.1983717223655
10.6898670241709
7.28948641149857
2.74363939585505
-0.844715965644643
-2.35827067990221
-2.23718295687538
-1.89622598104482
-2.4681511107517
-3.85005351294967
-4.7847863051301
-3.9113083903416
-0.970588919826681
2.77689302217863
5.2792582914432
5.06071210946632
2.23240270841542
-1.59514397307189
-4.43051308162155
-5.22517420977837
-4.43759273549136
-3.45443557450975
-3.34856321274299
-3.94739982649278
-3.93912893978694
-1.94544700218173
2.2572590518816
7.3157499494397
11.0355339059318
11.7672806552002
9.44516669888084
5.53077260641941
1.92453387353254
-0.335077824365677
-1.62415772171267
-3.15716745175194
-5.76196816848532
-8.97760040375239
-11.1980556148481
-10.785112018039
-7.32590524631182
-2.08208405550579
2.73247192802217
5.3405559871146
5.45790492053626
4.26764309549684
3.37011190936791
3.52229122941432
4.12113402597801
3.80605603729451
1.69688031579049
-1.7056829782943
-4.67923050575031
-5.41835671644284
-3.32365135699966
0.517751928870962
4.02846824715511
5.51338751059427
4.71151879610622
2.77805921852635
1.25178703616826
0.81808078998225
0.816922718240316
-0.133974596214864
-2.88892188152071
-6.87251647067374
-10.2492319854632
-11.0825318899187
-8.65072637948118
-3.9558876832048
0.947965687878914
4.31170592835222
5.73954568186303
6.1814615693622
6.92378352071489
8.3850782979841
9.66173796516686
9.18749607270457
6.01296639013972
0.724681614588059
-4.72223515376335
-8.17663986824383
-8.63456300930432
-6.7852848043139
-4.38086928647393
-2.91858510619063
-2.62371626189498
-2.47583392608065
-1.22183981480736
1.43139280587447
4.38681656799681
5.84931103705478
4.64060673498064
1.15067638486079
-2.80537561215644
-5.1473209379187
-4.87347562535096
-2.61933295886685
-0.0486860460660155
1.43790230065711
1.69501838991915
1.78658610681502
2.96278359492081
5.46876975292577
8.12696139996457
9.05028314127302
6.98276024298459
2.27599463107421
-3.23457620416039
-7.38024987157763
-9.0057370565439
-8.54356795611646
-7.43175988697728
-6.85559643559166
-6.79041310840542
-6.07767952394452
-3.4686266962605
1.1774996612675
6.48399980336465
10.2927500718676
11.0389277094806
8.76793661434699
5.05232240356895
1.87587191761712
0.310359696155598
-0.0501474106503811
-0.514075979053888
-2.05566999392889
-4.39008152057478
-6.08721752088042
-5.65255378336657
-2.75623272854317
1.33753434942475
4.49999999999957
5.11981427855966
3.13878169964357
-0.00476129951421878
-2.46291145130781
-3.27543741982283
-2.91705094052488
-2.71448575766825
-3.61387958739255
-5.27049362256511
-6.18456383442383
-4.80689641802323
-0.790371340378969
4.56538232113173
9.03885692726218
10.8760898930478
9.84535024537682
7.20800269095178
4.6630051281817
3.07960953533416
1.97304544488669
0.0989492561093908
-3.31661146463498
-7.68389857830934
-11.2147644116816
-12.0658230930838
-9.63003635623906
-5.01778197706178
-0.35897707768497
2.5730279151392
3.41862557729189
3.22074091260801
3.39987561726099
4.5251875711693
5.83041449866746
5.84424100379984
3.64661202441229
-0.225050094033995
-3.94284698622484
-5.54699798398552
-4.26328105464171
-1.01552808774775
2.24085890669395
3.86902423427122
3.59145710076971
2.4743547881755
1.91029174028914
2.4068626979688
3.12620405923393
2.54002969606266
-0.293418609099677
-4.81085229134519
-9.10968047860367
-11.1169994636998
-9.9274562281189
-6.34260311023167
-2.23278070538023
0.788521674994044
2.38977551852889
3.50238167393393
5.31369409112564
8.07885918251547
10.6932015672358
11.3848449429879
9.02805205981954
4.09103598031566
-1.51248239334237
-5.59000263200135
-7.02156420644311
-6.32643974005277
-5.06217782649149
-4.54031329935839
-4.84051551601433
-4.86088026982535
-3.3436014043184
-0.0667641530072411
3.7395160751242
6.10992354581755
5.68986702417076
2.71867632515744
-1.08648762306827
-3.67314309039264
-3.99224527611815
-2.56535235609868
-0.896225981044811
-0.208130058950251
-0.484028109165466
-0.542145618012265
0.918818628579699
4.11785925672294
7.77689302217595
9.85006837778724
8.8908391283882
5.06082983316092
0.0388306231437976
-4.10234368239744
-6.22517420977604
-6.6976137872913
-6.82046097829333
-7.59120389986197
-8.77752684541433
-9.02757711633607
-6.94544700218075
-2.31355103446088
3.48562293051721
8.20710678118595
10.1333060589841
9.11699729965911
6.53077260641899
4.1845549253341
3.03094757941938
2.61848296540721
1.67295956717133
-0.673519991937297
-3.97760040375265
-6.62724552850542
-6.95498499911582
-4.49747812156466
-0.448109459290524
3.0606413272477
4.3405559871145
3.19788386873577
0.901617691712955
-0.87252877775026
-1.30783578950692
-0.967314150569594
-1.19394396270514
-2.87392977055335
-5.53580999721635
-7.5076576304962
-7.05233131265862
-3.65182075622381
1.5177519288709
6.28848929895626
8.87941291437729
8.95415948322512
7.60818623744827
6.34023521271654
5.81808078998291
5.38773280458424
3.69615242270709
-0.0604947567750842
-5.23854187445886
-9.92106258624024
-12.0825318899182
-10.9107474312839
-7.3219130869879
-3.2946749992404
-0.51842109056982
0.65109750531554
1.18146156936189
2.35297343437097
4.55495127906051
6.83331084041934
7.55352147648735
5.68479699091502
1.72468161458843
-2.46221410196273
-4.81061446445981
-4.3919223221861
-1.95515778538988
0.707578890074053
2.08141489380955
1.94709382444795
1.3542930928401
1.60658730994023
3.06536740209
4.71498596721867
4.84931103705572
2.38058568317817
-2.21534901892384
-7.04801629927452
-9.97744795684015
-9.9619238018987
-7.61933295886729
-4.61949613240982
-2.39222471826523
-1.13340873482735
0.152611510598981
2.63461419569701
6.46876975292526
10.3869824517655
12.4163085450564
11.2254009301025
7.10612164999867
1.85387197238861
-2.38024987157734
-4.434926970199
-4.71344093719166
-4.60333276223135
-5.2216218393745
-6.46224370918252
-7.07767952394416
-5.72864774806092
-2.18852574251621
2.24135911624485
5.46262305294648
5.95047953293336
3.76793661434732
0.481512317227023
-1.95425510130416
-2.51806742859103
-1.68412200686692
-0.842245378278722
-1.05566999392903
-2.13006046877285
-2.72119211709589
-1.40991309624719
2.07389429037966
6.42598252597142
9.49999999999987
9.69062436490268
6.96890871856691
2.82366582523346
-0.828936855091359
-2.94726802059655
-3.91705094052602
-4.97450680947025
-6.97990499117796
-9.51313430968585
-11.0146908533448
-9.89534459457074
-5.79037134038167
-0.00542776521043509
5.20872990833916
8.04766276830096
8.21137564916105
6.87983329172854
5.6630051281818
5.33963058713388
5.33907084866882
4.3415899432275
1.5135155542864
-2.59545040176048
-6.2147644116813
-7.49501300674097
-5.79990933731695
-2.18935485231405
1.27499751853129
2.90119731436273
2.41862557729319
0.960719860805663
0.0338502134769829
0.282546884049606
1.00028747974261
0.755792827252044
-1.3533879755901
-4.79586018037592
-7.77297400514672
-8.37542510873222
-5.8972556508591
-1.343697486973
3.24085890669274
6.12904528607186
6.95748250455542
6.71699547529551
6.74041875921156
7.4953108745158
8.12620405923282
7.110839782405
3.53670840982197
-1.9824251665956
-7.47570588238679
-10.7888300644751
-10.9274562281168
-8.60262416203133
-5.59880610916466
-3.45411901212345
-2.44035150039369
-1.58606650261478
0.31369409112548
3.50804909617244
6.86307454831282
8.55641781824194
7.39407746360261
3.76286658109272
-0.512482393343609
-3.32998158019947
-3.6555388026599
-2.08379905293413
-0.232050807569512
0.548134877189101
0.159484483987497
-0.29007018348204
0.486525614604162
2.76166297173945
5.37349067133982
6.43809294504212
4.68986702417024
0.458655273357383
-4.45251302685268
-7.91578377751065
-8.82237229503854
-7.65380053264723
-5.89622598104642
-4.77894014529428
-4.3141551280893
-3.3705727427592
-0.715155967635091
3.78968985749807
8.77689302217672
12.110089429588
12.2568645321727
9.30347052027979
4.86895764206636
0.986104494151177
-1.22517420977603
-2.1268037009491
-2.99033395937104
-4.76277677511517
-7.14355224920045
-8.69940771711136
-7.94544700217915
-4.57357208626292
0.119597526736191
3.96446609406701
5.30317904006275
4.02854912311156
1.53077260641716
-0.386255161008323
-0.799179439504762
-0.209944159338981
0.0389849709558434
-1.00168939116283
-2.97760040375301
-4.36722447670334
-3.58895959533206
-0.254837434447895
4.3820175596317
8.14908950379465
9.3405559871149
7.76869395507925
4.73174471063576
1.95589834699665
0.326138806708269
-0.63914475134539
-2.1939439627059
-5.13395082235498
-8.90183540099944
-11.7502983176143
-11.8824583315811
-8.74026893276912
-3.48224807112759
1.71767921261233
5.04928589545435
6.12573235847676
5.97421164123078
6.0120658134921
6.81808078998243
7.64775385638662
7.06217782649084
4.18214593034441
-0.408414855537401
-4.83261440969147
-7.08253188991845
-6.33993734494093
-3.49178606806528
-0.466247874494263
1.11555350564759
0.979266904539349
0.181461569362003
0.0929523825702456
1.18892587527659
2.59067015329908
2.72339445756659
0.596348814365513
-3.27531838541191
-7.03302418830503
-8.64074148338236
-7.2203494469309
-3.58913238160659
0.379409490847763
3.0814148938084
4.20711487624671
4.72031849662532
5.84922799705861
7.89549442101223
9.8034341437679
9.84931103705628
6.95139576952042
1.61477799999963
