"x"
5.86140655421804
6.29604609125751
6.27214474612738
5.79774329477952
4.91972682741951
3.71922093034415
2.30380549225257
0.797303321893555
-0.67186712383715
-1.98264999963989
-3.0324704393035
-3.74644819617828
-4.08383124504743
-4.04104838417391
-3.6511121271285
-2.97946076065474
-2.11667635369527
-1.16881969895197
-0.246353926793627
0.547236655518824
1.12600016763423
1.43019652014121
1.43224439932863
1.1393505517277
0.592566263814634
-0.137628952899966
-0.958771381956641
-1.76613863808649
-2.4537830357872
-2.92576761998458
-3.10647719172518
-2.94896544276115
-2.44049073765733
-1.60466843886342
-0.500000000000002
0.78510421178217
2.14034524834154
3.44383435570625
4.57367808386488
5.41972682741951
5.89434265755393
5.94113287704865
5.540789417102
4.71345221297367
3.5173500003601
2.04383190313237
0.409252646737694
-1.2555208546263
-2.81698317325927
-4.1511121271285
-5.15458248786452
-5.75400373849135
-5.91230579416042
-5.63167326360445
-4.95276334448117
-3.95030217480165
-2.72550432277478
-1.3960659910925
-0.0847146591869277
1.09256626381463
2.03749277430983
2.67855600283943
2.97734745712195
2.93153630102362
2.57423238001541
1.96982515071068
1.20673540015482
0.38781965276379
-0.380603227948792
-0.999999999999998
-1.39001751542762
-1.49698213645454
-1.2996517395022
-0.81164125294593
-0.0802731725804851
0.818040315118062
1.78543203413268
2.71247902668087
3.48938700205904
4.01735000036011
4.21895363034217
4.04658003153378
3.48796524058214
2.56833616355154
1.3488878728715
-0.0782801454286475
-1.59830289557536
-3.08399540373928
-4.40760805268981
-5.45276334448118
-6.12542390201143
-6.36283170757084
-6.13955208630095
-5.47003399599775
-4.40743373618536
-3.03880956812605
-1.47714484007654
0.149037066700818
1.70747109010899
3.07423238001543
4.14494687792048
4.8440627849509
5.13130574797225
5.00471610886202
4.5
3.68628482700825
2.65871870646145
1.52865865091894
0.412423957968698
-0.580273172580493
-1.35708141209173
-1.8518953506634
-2.03100706852757
-1.89593233475179
-1.48264999963988
-0.857348712093716
-0.109120811382197
0.659654850161027
1.3442709526369
1.84888787287151
2.09684158178114
2.0390244892207
1.65949069146916
0.977711284121011
0.0472366555188257
-1.04912155957557
-2.20713086465488
-3.31124169587981
-4.24596878508312
-4.90743373618538
-5.21393129533584
-5.11447222487262
-4.59444902850763
-3.67784824670183
-2.42576761998459
-0.931355464515371
0.688361942034922
2.30299535755113
3.78065089794741
4.99999999999999
5.86140655421804
6.29604609125751
6.27214474612738
5.79774329477952
4.91972682741951
3.71922093034414
2.30380549225256
0.797303321893535
-0.671867123837148
-1.9826499996399
-3.03247043930348
-3.74644819617826
-4.08383124504743
-4.04104838417391
-3.65111212712849
-2.97946076065474
-2.11667635369527
-1.16881969895196
-0.246353926793615
0.54723665551882
1.12600016763422
1.43019652014121
1.43224439932863
1.1393505517277
0.59256626381465
-0.137628952899987
-0.958771381956657
-1.76613863808652
-2.4537830357872
-2.92576761998458
-3.10647719172518
-2.94896544276115
-2.44049073765734
-1.60466843886344
-0.500000000000019
0.78510421178216
2.14034524834156
3.44383435570626
4.57367808386489
5.41972682741952
5.89434265755393
5.94113287704865
5.54078941710201
4.71345221297368
3.51735000036011
2.04383190313241
0.40925264673769
-1.25552085462632
-2.8169831732593
-4.1511121271285
-5.15458248786453
-5.75400373849135
-5.91230579416041
-5.63167326360444
-4.95276334448119
-3.95030217480166
-2.7255043227748
-1.39606599109247
-0.0847146591869237
1.09256626381465
2.03749277430982
2.67855600283943
2.97734745712195
2.9315363010236
2.57423238001544
1.96982515071071
1.20673540015482
0.387819652763754
-0.380603227948788
-1
-1.39001751542762
-1.49698213645454
-1.29965173950219
-0.811641252945948
-0.0802731725805006
0.818040315118055
1.78543203413267
2.71247902668089
3.48938700205905
4.01735000036012
4.21895363034217
4.04658003153378
3.48796524058215
2.56833616355155
1.34888787287151
-0.0782801454286521
-1.59830289557539
-3.08399540373924
-4.40760805268978
-5.45276334448119
-6.12542390201145
-6.36283170757084
-6.13955208630095
-5.47003399599775
-4.40743373618536
-3.03880956812603
-1.47714484007658
0.149037066700796
1.70747109010895
3.07423238001539
4.14494687792048
4.84406278495089
5.13130574797224
5.00471610886202
4.49999999999998
3.68628482700823
2.65871870646146
1.52865865091894
0.412423957968704
-0.580273172580484
-1.35708141209173
-1.8518953506634
-2.03100706852757
-1.89593233475176
-1.48264999963986
-0.85734871209372
-0.109120811382201
0.659654850161024
1.34427095263692
1.84888787287153
2.09684158178114
2.0390244892207
1.65949069146915
0.977711284120986
0.0472366555188302
-1.04912155957556
-2.20713086465488
-3.31124169587983
-4.24596878508314
-4.90743373618535
-5.21393129533584
-5.11447222487262
-4.59444902850762
-3.67784824670184
-2.42576761998458
-0.93135546451538
0.688361942034941
2.30299535755114
3.78065089794738
4.99999999999999
5.86140655421803
6.29604609125751
6.27214474612738
5.79774329477951
4.9197268274195
3.71922093034412
2.30380549225254
0.797303321893571
-0.67186712383714
-1.98264999963989
-3.0324704393035
-3.74644819617825
-4.08383124504742
-4.04104838417389
-3.65111212712847
-2.97946076065469
-2.11667635369528
-1.16881969895197
-0.24635392679362
0.547236655518834
1.12600016763423
1.4301965201412
1.43224439932863
1.1393505517277
0.592566263814595
-0.137628952899963
-0.958771381956653
-1.76613863808651
-2.45378303578722
-2.9257676199846
-3.10647719172517
-2.94896544276116
-2.44049073765735
-1.60466843886344
-0.499999999999999
0.785104211782182
2.14034524834156
3.44383435570628
4.57367808386491
5.4197268274195
5.89434265755393
5.94113287704865
5.54078941710202
4.71345221297368
3.51735000036016
2.04383190313242
0.409252646737671
-1.25552085462626
-2.81698317325926
-4.15111212712844
-5.15458248786452
-5.75400373849136
-5.91230579416041
-5.63167326360443
-4.95276334448119
-3.95030217480161
-2.72550432277478
-1.3960659910925
-0.0847146591869863
1.09256626381464
2.0374927743098
2.67855600283943
2.97734745712196
2.93153630102362
2.57423238001538
1.96982515071067
1.20673540015481
0.387819652763824
-0.380603227948808
-0.999999999999995
-1.39001751542763
-1.49698213645454
-1.2996517395022
-0.811641252945907
-0.0802731725804793
0.818040315118075
1.78543203413265
2.7124790266809
3.48938700205903
7.50000000000005
8.66825087409637
8.65538450565746
7.60069057024783
5.89383051644745
4.03553390593271
2.46735579894545
1.43331154376661
0.923175039987784
0.715482114705098
0.500000000000001
0.0292467816293351
-0.761920914091561
-1.71660540010106
-2.51244077082016
-2.79289321881345
-2.32203403081786
-1.10151653659569
0.597904398716721
2.30585902963109
3.50000000000001
3.77889072147444
2.99705647422714
1.31272147505719
-0.868948974807132
-3.03553390593281
-4.73788717647416
-5.7286896003218
-6.01923203528293
-5.83638578902664
-5.50000000000001
-5.27114540178056
-5.23219203436273
-5.24668254627307
-5.01540172789996
-4.20710678118655
-2.61267756707283
-0.261433438279448
2.54802849764763
5.3180056017702
7.50000000000005
8.66825087409637
8.65538450565746
7.60069057024796
5.89383051644745
4.0355339059328
2.46735579894539
1.43331154376661
0.92317503998777
0.715482114705105
0.500000000000016
0.0292467816293358
-0.76192091409156
-1.71660540010106
-2.51244077082013
-2.79289321881345
-2.32203403081782
-1.10151653659562
0.597904398716637
2.30585902963102
3.5
3.77889072147444
2.99705647422714
1.31272147505719
-0.868948974807231
-3.03553390593272
-4.73788717647422
-5.72868960032177
-6.01923203528293
-5.83638578902664
-5.50000000000001
-5.27114540178056
-5.23219203436273
-5.24668254627306
-5.01540172789994
-4.20710678118649
-2.61267756707292
-0.261433438279572
2.54802849764762
5.31800560177019
7.50000000000005
8.66825087409637
8.65538450565744
7.6006905702479
5.89383051644737
4.03553390593272
2.46735579894545
1.43331154376668
0.923175039987785
0.715482114705098
0.500000000000002
0.0292467816293083
-0.7619209140916
-1.7166054001011
-2.51244077082016
-2.79289321881345
-2.32203403081794
-1.10151653659569
0.597904398716554
2.30585902963108
3.50000000000004
3.77889072147443
2.99705647422708
1.3127214750571
-0.868948974807125
-3.03553390593262
-4.73788717647416
-5.72868960032174
-6.01923203528293
-5.83638578902666
-5.49999999999999
-5.27114540178056
-5.23219203436273
-5.24668254627307
-5.01540172789996
-4.20710678118655
-2.61267756707302
-0.261433438279456
2.54802849764749
5.3180056017703
7.49999999999997
8.66825087409639
8.65538450565746
7.60069057024796
5.89383051644746
4.0355339059328
2.46735579894539
1.43331154376664
0.923175039987772
0.715482114705106
0.499999999999989
0.0292467816292807
-0.76192091409164
-1.71660540010105
-2.51244077082013
-2.79289321881345
-2.3220340308179
-1.10151653659562
0.597904398716631
2.30585902963115
3.5
3.77889072147442
2.99705647422714
1.31272147505719
-0.868948974807223
-3.03553390593271
-4.73788717647422
-5.72868960032177
-6.01923203528293
-5.83638578902664
-5.49999999999998
-5.27114540178056
-5.23219203436273
-5.24668254627306
-5.01540172789994
-4.2071067811865
-2.61267756707293
-0.26143343827934
2.54802849764762
5.31800560177042
7.50000000000004
8.66825087409636
8.65538450565749
7.6006905702479
5.89383051644737
4.03553390593272
2.46735579894533
1.43331154376661
0.923175039987758
0.715482114705099
0.500000000000003
0.0292467816293678
-0.761920914091597
-1.71660540010101
-2.51244077082016
-2.79289321881345
-2.32203403081787
-1.10151653659556
0.59790439871671
2.30585902963108
3.49999999999997
3.77889072147443
2.9970564742272
1.31272147505711
-0.868948974807321
-3.0355339059328
-4.73788717647428
-5.7286896003218
-6.01923203528293
-5.83638578902666
-5.5
-5.27114540178057
-5.23219203436273
-5.24668254627307
-5.01540172789992
-4.20710678118645
-2.61267756707284
-0.261433438279464
2.54802849764748
5.3180056017703
7.49999999999996
8.66825087409639
8.65538450565747
7.60069057024784
5.89383051644746
4.03553390593265
2.4673557989454
1.43331154376665
0.923175039987772
0.715482114705106
0.49999999999999
0.0292467816293405
-0.761920914091637
-1.71660540010105
-2.51244077082018
-2.79289321881345
-2.32203403081791
-1.10151653659563
0.597904398716626
2.30585902963115
3.5
3.77889072147442
2.99705647422715
1.31272147505702
-0.868948974807216
-3.0355339059327
-4.73788717647409
-5.72868960032177
-6.01923203528293
-5.83638578902664
-5.49999999999998
-5.27114540178057
-5.23219203436273
-5.24668254627306
-5.01540172789995
-4.20710678118661
0.855667471301178
1.65598897572734
2.38393581559748
3.00769322093278
3.49999999999999
3.83933998420383
4.0108823879007
4.00712998489726
3.82824677321081
3.48205080756888
2.98367251290266
2.35489341217337
1.6231941692998
0.820553552278025
-0.0179491924310928
-0.855667471301191
-1.6559889757274
-2.38393581559744
-3.00769322093276
-3.49999999999997
-3.83933998420382
-4.0108823879007
-4.00712998489727
-3.82824677321081
-3.4820508075689
-2.98367251290265
-2.35489341217336
-1.62319416929978
-0.820553552278011
0.017949192431107
0.855667471301204
1.65598897572736
2.3839358155975
3.0076932209328
3.5
3.83933998420384
4.0108823879007
4.00712998489727
3.82824677321078
3.48205080756892
2.9836725129026
2.35489341217339
1.62319416929982
0.820553552278054
-0.0179491924310635
-0.855667471301162
-1.65598897572732
-2.38393581559747
-3.00769322093277
-3.49999999999998
-3.83933998420383
-4.0108823879007
-4.00712998489727
-3.8282467732108
-3.48205080756888
-2.98367251290263
-2.35489341217343
-1.62319416929976
-0.820553552277984
0.0179491924311346
0.855667471301119
1.65598897572739
2.38393581559752
3.00769322093275
3.49999999999996
3.83933998420385
4.0108823879007
4.00712998489727
3.82824677321077
3.48205080756891
2.98367251290266
2.35489341217337
1.6231941692998
0.820553552278027
-0.0179491924310911
-0.855667471301077
-1.65598897572735
-2.38393581559749
-3.00769322093279
-3.5
-3.83933998420384
-4.0108823879007
-4.00712998489727
-3.82824677321079
-3.48205080756887
-2.98367251290269
-2.35489341217341
-1.62319416929973
-0.820553552278069
0.0179491924310478
0.855667471301258
1.65598897572731
2.38393581559745
3.00769322093276
3.50000000000003
3.83933998420382
4.0108823879007
4.00712998489727
3.8282467732108
3.48205080756889
2.98367251290264
2.35489341217335
1.62319416929977
0.820553552277999
-0.017949192431004
-0.855667471301216
-1.65598897572737
-2.38393581559742
-3.00769322093273
-3.50000000000001
-3.83933998420381
-4.0108823879007
-4.00712998489726
-3.82824677321078
-3.48205080756891
-2.98367251290267
-2.35489341217329
-1.62319416929981
-0.820553552278042
0.0179491924311901
0.855667471301174
1.65598897572734
2.38393581559748
3.00769322093278
3.49999999999999
3.83933998420383
4.01088238790069
4.00712998489726
3.82824677321079
3.48205080756893
2.98367251290262
2.35489341217333
1.62319416929975
0.820553552278085
-0.0179491924311463
-0.855667471301243
-1.6559889757273
-2.38393581559744
-3.00769322093283
-3.49999999999997
-3.83933998420382
-4.01088238790071
-4.00712998489727
-3.82824677321081
-3.4820508075689
-2.98367251290265
-2.35489341217336
-1.62319416929979
-0.820553552278127
0.017949192431103
0.855667471301201
1.65598897572736
2.3839358155975
3.0076932209328
3.5
3.83933998420381
4.0108823879007
4.00712998489726
3.82824677321082
3.48205080756892
2.9836725129026
2.3548934121734
1.62319416929983
0.820553552277945
-0.0179491924310595
-0.855667471301158
-1.65598897572732
-2.38393581559756
-3.00769322093277
-3.49999999999998
-3.83933998420383
-4.0108823879007
-4.00712998489727
-3.8282467732108
-3.48205080756889
-2.98367251290263
-2.35489341217334
-1.62319416929987
-0.820553552277988
0.0179491924311304
0.855667471301116
1.65598897572728
2.38393581559752
3.00769322093274
3.49999999999996
3.83933998420385
4.01088238790071
4.00712998489727
3.82824677321081
3.48205080756885
2.98367251290266
2.35489341217337
1.6231941692998
0.820553552278031
-0.0179491924310871
-0.855667471301185
-1.65598897572735
-2.38393581559749
-3.00769322093279
-3.49999999999994
-3.83933998420384
-4.0108823879007
-4.00712998489727
-3.82824677321083
-3.48205080756887
-2.98367251290261
-2.35489341217341
-1.62319416929974
-0.820553552277961
0.0179491924310435
0.855667471301142
1.65598897572741
2.38393581559745
3.00769322093276
3.49999999999997
3.83933998420382
4.0108823879007
4.00712998489727
3.8282467732108
3.48205080756889
2.98367251290264
2.35489341217344
1.62319416929978
0.820553552278003
-0.0179491924311148
-0.8556674713011
-1.65598897572737
-2.38393581559751
-3.00769322093273
-3.50000000000001
-3.83933998420384
-4.01088238790069
-4.00712998489727
-3.82824677321078
-3.48205080756891
-2.98367251290267
-2.35489341217329
-1.62319416929982
-0.820553552278046
0.0179491924310713
0.855667471301282
1.65598897572733
2.38393581559747
3.00769322093278
3.49999999999999
3.83933998420383
4.0108823879007
4.00712998489726
3.82824677321079
3.48205080756888
2.9836725129027
2.35489341217333
1.62319416929975
0.820553552278089
-0.017949192431028
-0.855667471301239
-1.65598897572729
-2.38393581559744
-3.00769322093283
-3.50000000000002
-3.83933998420382
-4.0108823879007
-4.00712998489726
-3.82824677321081
-3.4820508075689
-2.98367251290265
-2.35489341217336
-1.62319416929979
-0.820553552278019
0.017949192431099
0.855667471301197
1.65598897572736
2.3839358155974
3.0076932209328
3.5
3.83933998420381
4.01088238790069
4.00712998489726
3.82824677321079
3.48205080756892
2.9836725129026
2.35489341217331
1.62319416929983
0.820553552278062
-0.0179491924311703
-0.855667471301154
-1.65598897572732
-2.38393581559746
-3.00769322093277
-3.49999999999998
-3.83933998420383
-4.0108823879007
-4.00712998489727
-3.8282467732108
-3.48205080756895
-2.98367251290263
-2.35489341217334
-1.62319416929976
-0.820553552278104
0.0179491924311268
0.855667471301224
1.65598897572728
2.38393581559752
3.00769322093282
3.49999999999996
3.83933998420381
4.01088238790071
4.00712998489727
3.82824677321081
3.48205080756891
2.98367251290266
2.35489341217338
1.6231941692998
0.820553552277922
-0.0179491924310831
-0.855667471301181
-1.65598897572734
-2.38393581559748
-3.00769322093279
-3.49999999999999
-3.8393399842038
-4.0108823879007
-4.00712998489726
-3.82824677321083
-3.48205080756887
-2.98367251290261
-2.35489341217341
-1.62319416929984
-0.820553552277965
0.0179491924310398
0.855667471301139
1.6559889757273
2.38393581559754
3.00769322093276
3.49999999999997
3.83933998420386
4.0108823879007
4.00712998489727
3.82824677321081
3.4820508075689
2.98367251290264
2.35489341217335
1.62319416929988
0.820553552278007
-0.0179491924311108
3.77889072147444
2.99705647422699
1.31272147505696
-0.868948974807287
-3.03553390593277
-4.73788717647413
-5.72868960032173
-6.01923203528293
-5.83638578902669
-5.5
-5.27114540178057
-5.23219203436273
-5.24668254627306
-5.01540172789993
-4.20710678118657
-2.61267756707306
-0.261433438279266
2.5480284976477
5.31800560177026
7.49999999999994
8.66825087409643
8.65538450565742
7.60069057024786
5.89383051644749
4.03553390593283
2.46735579894554
1.43331154376673
0.923175039987777
0.715482114705109
0.500000000000022
0.0292467816292921
-0.761920914091623
-1.71660540010104
-2.51244077082012
-2.79289321881345
-2.32203403081784
-1.10151653659565
0.597904398716598
2.30585902963126
3.50000000000006
3.77889072147443
2.99705647422693
1.31272147505687
-0.868948974807386
-3.03553390593285
-4.73788717647419
-5.72868960032176
-6.01923203528293
-5.83638578902668
-5.49999999999999
-5.27114540178057
-5.23219203436273
-5.24668254627306
-5.01540172789991
-4.20710678118652
-2.61267756707297
-0.26143343827915
2.54802849764782
5.31800560177037
7.50000000000001
8.66825087409646
8.6553845056574
7.6006905702478
5.89383051644741
4.03553390593276
2.46735579894548
1.43331154376669
0.923175039987764
0.715482114705101
0.500000000000009
0.0292467816293798
-0.761920914091663
-1.71660540010108
-2.51244077082015
-2.79289321881344
-2.3220340308178
-1.10151653659559
0.597904398716676
2.30585902963133
3.50000000000009
3.77889072147441
2.99705647422711
1.31272147505714
-0.868948974807075
-3.03553390593258
-4.73788717647425
-5.72868960032178
-6.01923203528293
-5.83638578902666
-5.49999999999997
-5.27114540178056
-5.23219203436273
-5.24668254627307
-5.01540172789989
-4.20710678118647
-2.61267756707288
-0.261433438279034
2.54802849764795
5.31800560177048
7.50000000000009
8.66825087409638
8.65538450565748
7.600690570248
5.89383051644767
4.03553390593268
2.46735579894542
1.43331154376666
0.92317503998775
0.715482114705095
0.499999999999995
0.029246781629352
-0.761920914091703
-1.71660540010112
-2.51244077082017
-2.79289321881345
-2.32203403081777
-1.10151653659552
0.597904398716754
2.30585902963112
3.49999999999999
3.77889072147445
2.99705647422729
1.31272147505706
-0.868948974807174
-3.03553390593267
-4.73788717647406
-5.72868960032181
-6.01923203528293
-5.83638578902665
-5.49999999999996
-5.27114540178055
-5.23219203436273
-5.24668254627306
-5.01540172789987
-4.20710678118642
-2.61267756707279
-0.261433438279398
2.54802849764755
5.31800560177013
7.49999999999985
8.6682508740964
8.65538450565745
7.60069057024793
5.89383051644758
4.0355339059326
2.46735579894536
1.43331154376663
0.923175039987737
0.715482114705087
0.499999999999981
0.029246781629324
-0.761920914091743
-1.71660540010116
-2.5124407708202
-2.79289321881345
-2.32203403081789
-1.10151653659573
0.597904398716508
2.30585902963118
3.50000000000002
3.77889072147444
2.99705647422723
1.31272147505697
-0.868948974807273
-3.03553390593275
-4.73788717647412
-5.72868960032184
-6.01923203528293
-5.83638578902664
-5.49999999999995
-5.27114540178055
-5.23219203436273
-5.24668254627306
-5.01540172789993
-4.20710678118658
-2.61267756707307
-0.261433438279762
2.54802849764768
5.31800560177024
7.49999999999992
8.66825087409643
8.65538450565743
7.60069057024787
5.8938305164475
4.03553390593252
2.46735579894531
1.43331154376659
0.923175039987779
0.715482114705081
0.499999999999967
0.0292467816292965
-0.761920914091617
-1.71660540010103
-2.51244077082012
-2.79289321881346
-2.32203403081785
-1.10151653659566
0.597904398716587
2.30585902963097
3.50000000000005
3.77889072147443
2.99705647422717
1.31272147505688
-0.868948974807371
-3.03553390593284
-4.73788717647418
-5.72868960032186
-6.01923203528293
-5.83638578902662
-5.49999999999999
-5.27114540178057
-5.23219203436273
-5.24668254627307
-5.01540172789992
-4.20710678118653
-2.61267756707298
-0.261433438279646
2.5480284976478
5.31800560177035
7.5
8.66825087409635
8.6553845056574
7.60069057024781
5.89383051644742
4.03553390593245
2.46735579894525
1.43331154376656
0.923175039987765
0.715482114705103
0.500000000000011
0.029246781629384
-0.761920914091491
-1.71660540010107
-2.51244077082014
-2.79289321881346
-2.32203403081781
-1.1015165365956
0.597904398716665
2.30585902963104
3.50000000000009
3.77889072147442
2.99705647422712
1.31272147505716
-0.86894897480747
-3.03553390593293
-4.73788717647424
-5.72868960032178
-6.01923203528293
-5.83638578902667
-5.50000000000003
-5.27114540178056
-5.23219203436273
-5.24668254627307
-5.01540172789998
-4.20710678118648
-2.61267756707289
-0.26143343827953
2.54802849764793
5.31800560177046
7.50000000000008
8.66825087409637
8.65538450565738
7.60069057024774
5.89383051644734
4.03553390593269
2.46735579894543
1.43331154376666
0.923175039987808
0.715482114705095
0.499999999999997
0.0292467816293551
-0.761920914091532
-1.71660540010111
-2.51244077082017
-2.79289321881345
-2.32203403081793
-1.10151653659553
0.597904398716743
2.30585902963111
3.50000000000012
3.77889072147441
2.99705647422706
1.31272147505707
-0.86894897480716
-3.03553390593265
-4.73788717647405
-5.72868960032181
-6.01923203528293
-5.83638578902665
-5.50000000000002
-5.27114540178056
-5.23219203436273
-5.24668254627306
-5.01540172789996
-4.20710678118642
-2.61267756707281
-0.261433438279415
2.54802849764806
5.31800560177058
7.50000000000015
8.6682508740964
8.65538450565746
7.60069057024794
5.8938305164476
4.03553390593293
2.46735579894537
1.43331154376663
0.923175039987795
0.715482114705089
0.499999999999983
0.029246781629328
-0.761920914091571
-1.71660540010115
-2.51244077082019
-2.79289321881345
-2.32203403081789
-1.10151653659546
0.597904398716822
2.30585902963117
3.50000000000001
3.77889072147444
2.99705647422724
1.31272147505735
-0.868948974807259
-3.03553390593274
-4.73788717647411
-5.72868960032172
-6.01923203528293
-5.83638578902664
-5.50000000000001
-5.27114540178055
-5.23219203436273
-5.24668254627306
-5.01540172789994
-4.20710678118637
-2.61267756707272
-0.261433438279299
2.54802849764766
5.31800560177022
7.49999999999991
8.66825087409632
8.65538450565743
7.60069057024788
5.89383051644751
4.03553390593286
2.46735579894531
1.4333115437666
0.923175039987782
0.715482114705111
0.49999999999997
0.0292467816293001
-0.761920914091612
-1.71660540010119
-2.51244077082022
-2.79289321881345
-2.32203403081785
-1.10151653659567
0.597904398716576
2.30585902963096
3.49999999999991
3.77889072147443
2.99705647422718
1.31272147505726
-0.868948974806948
-3.03553390593283
-4.73788717647442
-5.72868960032175
-6.01923203528293
-5.83638578902668
-5.49999999999999
-5.27114540178054
-5.23219203436273
-5.24668254627306
-5.01540172789992
-4.20710678118653
-2.61267756707299
-0.261433438279183
2.54802849764726
5.31800560177034
7.49999999999968
8.66825087409634
8.65538450565741
7.60069057024808
5.89383051644743
4.03553390593246
2.46735579894549
1.43331154376657
0.923175039987711
0.715482114705103
0.499999999999956
0.0292467816293884
-0.761920914091652
-1.71660540010107
-2.51244077082014
-2.79289321881346
-2.32203403081781
-1.10151653659588
0.597904398716654
2.30585902963131
3.49999999999994
3.77889072147442
2.99705647422736
1.31272147505717
-0.868948974807456
-3.03553390593255
-4.73788717647423
-5.72868960032189
-6.01923203528293
-5.83638578902661
-5.49999999999998
-5.27114540178056
-5.23219203436273
-5.24668254627307
-5.01540172789998
-4.20710678118648
-2.61267756707327
-0.261433438279547
2.54802849764791
5.31800560176998
7.50000000000006
8.66825087409648
8.65538450565748
7.60069057024775
5.89383051644769
4.0355339059327
2.4673557989452
1.43331154376667
0.923175039987754
0.715482114705096
0.499999999999999
0.02924678162936
-0.761920914091691
-1.71660540010094
-2.51244077082016
-2.79289321881347
-2.32203403081793
-1.10151653659554
0.597904398716408
2.3058590296311
3.50000000000012
3.77889072147445
2.99705647422707
1.31272147505672
-0.868948974807146
-3.035533905933
-4.73788717647404
-5.7286896003218
-6.01923203528293
-5.83638578902665
-5.50000000000002
-5.27114540178056
-5.23219203436272
-5.24668254627306
-5.01540172789988
-4.20710678118665
-2.61267756707282
-0.261433438279911
2.54802849764752
5.31800560177056
7.49999999999983
8.66825087409639
8.65538450565735
7.60069057024795
5.89383051644727
4.03553390593262
2.46735579894538
1.43331154376664
0.923175039987797
-0.59807621135307
-2.99999999999987
-4.59807621135306
-4.96410161513782
-3.99999999999994
-1.96410161513811
0.598076211353017
2.99999999999983
4.59807621135304
4.96410161513776
3.99999999999998
1.96410161513816
-0.598076211352963
-2.99999999999933
-4.59807621135324
-4.96410161513777
-4.00000000000035
-1.96410161513821
0.598076211353474
2.99999999999974
4.59807621135322
4.96410161513777
4.00000000000038
1.96410161513774
-0.598076211352856
-2.9999999999997
-4.5980762113532
-4.96410161513785
-4.00000000000007
-1.96410161513779
0.598076211352803
2.99999999999965
4.5980762113534
4.96410161513779
4.0000000000001
1.96410161513836
-0.598076211352749
-3.00000000000007
-4.59807621135316
-4.96410161513779
-4.00000000000014
-1.96410161513841
0.59807621135326
3.00000000000002
4.59807621135314
4.9641016151378
4.00000000000051
1.96410161513793
-0.598076211353206
-2.99999999999953
-4.59807621135312
-4.96410161513774
-4.0000000000002
-1.96410161513798
0.598076211353153
2.99999999999948
4.59807621135332
4.96410161513781
4.00000000000023
1.96410161513803
-0.598076211352535
-2.99999999999989
-4.5980762113533
-4.96410161513782
-4.00000000000027
-1.96410161513756
0.598076211353046
2.99999999999985
4.59807621135305
4.96410161513782
3.99999999999996
1.96410161513813
-0.598076211352993
-2.99999999999981
-4.59807621135303
-4.96410161513776
-3.99999999999999
-1.96410161513818
0.598076211352939
2.99999999999931
4.59807621135323
4.96410161513777
4.00000000000036
1.96410161513823
-0.59807621135345
-2.99999999999972
-4.59807621135321
-4.96410161513778
-4.0000000000004
-1.96410161513776
0.598076211352832
2.99999999999968
4.59807621135319
4.96410161513785
4.00000000000009
1.96410161513781
-0.598076211352778
-2.99999999999964
-4.59807621135339
-4.96410161513779
-4.00000000000012
-1.96410161513838
0.598076211352725
3.00000000000005
4.59807621135315
4.96410161513779
4.00000000000015
1.96410161513843
-0.598076211353236
-3
-4.59807621135313
-4.9641016151378
-4.00000000000052
-1.96410161513796
0.598076211353182
2.99999999999951
4.59807621135311
4.96410161513774
4.00000000000022
1.96410161513801
-0.598076211353129
-2.99999999999946
-4.59807621135331
-4.96410161513781
-4.00000000000025
-1.96410161513806
0.598076211352511
2.99999999999987
4.59807621135329
4.96410161513782
4.00000000000028
1.96410161513758
-0.598076211353022
-2.99999999999983
-4.59807621135304
-4.96410161513783
-3.99999999999997
-1.96410161513816
0.598076211352968
2.99999999999979
4.59807621135302
4.96410161513777
4
1.96410161513821
-0.598076211352914
-2.99999999999929
-4.59807621135322
-4.96410161513777
-4.00000000000038
-1.96410161513825
0.598076211353425
2.9999999999997
4.5980762113532
4.96410161513778
4.00000000000041
1.96410161513778
-0.598076211352808
-2.99999999999966
-4.59807621135318
-4.96410161513785
-4.0000000000001
-1.96410161513783
0.598076211352754
2.99999999999962
4.59807621135338
4.96410161513779
4.00000000000013
1.9641016151384
-0.598076211352701
-3.00000000000003
-4.59807621135314
-4.9641016151378
-4.00000000000017
-1.96410161513845
0.598076211353212
2.99999999999998
4.59807621135312
4.9641016151378
4.00000000000054
1.96410161513798
-0.598076211353158
-2.99999999999949
-4.5980762113531
-4.96410161513774
-4.00000000000023
-1.96410161513803
0.598076211353105
2.99999999999944
4.5980762113533
4.96410161513782
4.00000000000026
1.96410161513808
-0.598076211352487
-2.99999999999985
-4.59807621135328
-4.96410161513782
-4.0000000000003
-1.96410161513761
0.598076211352997
2.99999999999981
4.59807621135303
4.96410161513783
3.99999999999999
1.96410161513818
-0.598076211352944
-2.99999999999977
-4.59807621135301
-4.96410161513777
-4.00000000000002
-1.96410161513823
0.59807621135289
2.99999999999927
4.59807621135321
4.96410161513777
4.00000000000039
1.96410161513828
-0.598076211353401
-2.99999999999968
-4.59807621135319
-4.96410161513778
-4.00000000000042
-1.9641016151378
0.598076211352783
2.99999999999964
4.59807621135317
4.96410161513786
4.00000000000012
1.96410161513785
-0.59807621135273
-2.9999999999996
-4.59807621135337
-4.96410161513779
-4.00000000000015
-1.96410161513843
0.598076211352676
3.00000000000001
4.59807621135313
4.9641016151378
4.00000000000018
1.96410161513848
-0.598076211353187
-2.99999999999996
-4.59807621135311
-4.96410161513781
-4.00000000000055
-1.964101615138
0.598076211353133
2.99999999999947
4.59807621135309
4.96410161513775
4.00000000000025
1.96410161513805
-0.59807621135308
-2.99999999999942
-4.59807621135329
-4.96410161513775
-4.00000000000028
-1.9641016151381
0.598076211352462
2.99999999999984
4.59807621135327
4.96410161513783
4.00000000000031
1.96410161513763
-0.598076211352973
-2.99999999999979
-4.59807621135325
-4.96410161513783
-4
-1.9641016151382
0.598076211352919
2.99999999999975
4.598076211353
4.96410161513777
4.00000000000003
1.96410161513825
-0.598076211352866
-3.00000000000016
-4.5980762113532
-4.96410161513778
-4.00000000000041
-1.9641016151383
0.598076211353377
2.99999999999966
4.59807621135318
4.96410161513778
4.00000000000044
1.96410161513783
-0.598076211353323
-2.99999999999962
-4.59807621135316
-4.96410161513786
-4.00000000000013
-1.96410161513788
0.598076211352706
2.99999999999958
4.59807621135337
4.9641016151378
4.00000000000016
1.96410161513793
-0.598076211352652
-2.99999999999999
-4.59807621135312
-4.9641016151378
-4.0000000000002
-1.9641016151385
0.598076211353162
2.99999999999995
4.5980762113531
4.96410161513781
3.99999999999989
1.96410161513802
-0.598076211353109
-2.99999999999945
-4.59807621135308
-4.96410161513775
-4.00000000000026
-1.96410161513807
0.598076211353055
2.9999999999994
4.59807621135328
4.96410161513776
4.00000000000029
1.96410161513812
-0.598076211352438
-2.99999999999982
-4.59807621135326
-4.96410161513783
-4.00000000000033
-1.96410161513765
0.598076211352949
2.99999999999977
4.59807621135324
4.96410161513784
4.00000000000002
1.96410161513822
-0.598076211352895
-2.99999999999973
-4.59807621135299
-4.96410161513777
-4.00000000000005
-1.96410161513827
0.598076211352842
3.00000000000014
4.5980762113532
4.96410161513778
4.00000000000042
1.96410161513832
-0.598076211353353
-2.99999999999964
-4.59807621135317
-4.96410161513779
-4.00000000000045
-1.96410161513785
0.598076211353299
2.9999999999996
4.59807621135315
4.96410161513786
4.00000000000015
1.9641016151379
-0.598076211352681
-2.99999999999956
-4.59807621135336
-4.9641016151378
-4.00000000000018
-1.96410161513795
0.598076211352628
2.99999999999997
4.59807621135311
4.96410161513781
4.00000000000021
1.96410161513852
-0.598076211353138
-2.99999999999993
-4.59807621135309
-4.96410161513781
-3.9999999999999
-1.96410161513805
0.598076211353085
2.99999999999943
4.59807621135307
4.96410161513775
4.00000000000027
1.9641016151381
-0.598076211353031
-2.99999999999938
-4.59807621135327
-4.96410161513776
-4.00000000000031
-1.96410161513815
0.598076211352414
2.9999999999998
4.59807621135325
4.96410161513783
4.00000000000034
1.96410161513767
-0.598076211352924
-2.99999999999975
-4.59807621135323
-4.96410161513784
-4.00000000000003
-1.96410161513825
0.598076211352871
2.99999999999971
4.59807621135298
4.96410161513778
4.00000000000006
1.9641016151383
-0.598076211352817
-3.00000000000012
-4.59807621135319
3.23205080756889
1.35371880559713
-2.04238945175309
-5.1607838089164
-6.08253188991837
-4.07991629313858
-0.12576066427971
3.77639281262627
5.94568052456862
6.06771508108681
5.18146156936215
4.66376246891319
5.01905289419983
5.41909727804753
4.35736905378141
0.924518213591322
-4.27531838541298
-9.29304524010888
-12.0067668871667
-11.4629901340503
-8.41925940052772
-4.70903868569766
-1.91858510619093
-0.36369521009452
0.890191477701906
3.02080087231264
6.26151982479612
9.4752647445443
10.8493110370552
9.21141682132238
4.98080340378283
0.0230515125897639
-3.51334634170231
-4.54530622612727
-3.61933295886615
-2.30870709786725
-1.92812310312733
-2.54762229720108
-3.0435409121071
-2.12566458162594
0.468769752926855
3.55615131362215
5.22015612235044
4.15433311823824
0.642020034857505
-3.56274560338523
-6.38024987157829
-6.74571600474132
-5.17754255233095
-3.18911919985834
-2.02546941666949
-1.7019649318583
-1.07767952394426
1.10218339008351
5.00762668018979
9.31242692811153
11.9267246680846
11.3670971087048
7.767936614347
2.79230135176799
-1.49015348616687
-3.93228099096435
-4.8802744295725
-5.60252415560203
-7.05566999392959
-8.96089160691856
-9.91734453980271
-8.48098090811263
-4.39020732475821
1.00936495020237
5.49999999999908
7.37983533036052
6.50480710342584
4.23787938760374
2.36721556761436
1.81301075672731
2.08294905947407
1.85632432867419
0.216247431528589
-2.44206649782022
-4.55058923820718
-4.47872701879976
-1.79037134037899
2.30536126933361
5.67283152347826
6.63344920592869
5.01522322645416
2.11955451440411
-0.336994871818044
-1.49120055101014
-1.85708157403683
-2.72947786863784
-4.95058606085158
-8.01206797753408
-10.214764411683
-9.80580204128244
-6.26401095245356
-0.775141289940273
4.47114994123746
7.66147609168693
8.41862557729109
7.79155099894995
7.23000263618358
7.35361469591542
7.46438909488215
6.17241040302328
2.64661202441145
-2.48507114583573
-7.30887239000937
-9.78963867110459
-9.09340807356398
-6.10397626429454
-2.7591410933061
-0.701785852072912
-0.238669918152197
-0.354072336571193
0.276317144073705
2.07869329874502
4.12620405923336
4.80005074786433
3.07260679468452
-0.568211604226704
-4.27955345968339
-6.02855128715158
-4.92745622811735
-1.77179302388785
1.59734631354149
3.61694879974174
4.02375011474463
3.83055107315741
4.31369409112652
5.8188381307137
7.32717616345155
7.14220425586881
4.19792504089713
-0.997412196232858
-6.51248239334244
-10.1608127183438
-10.8516912253659
-9.15486686479941
-6.6961524227069
-4.8684826985821
-3.84051551601494
-2.60085921802397
0.0224239994671369
4.17587653411277
8.56964309404772
11.1983717223654
10.6898670241704
7.28948641149794
2.74363939585397
-0.844715965645152
-2.35827067990178
-2.2371829568755
-1.89622598104476
-2.46815111075205
-3.85005351295048
-4.78478630513108
-3.91130839034275
-0.970588919825524
2.77689302217854
5.27925829144381
5.06071210946573
2.23240270841394
-1.59514397307143
-4.43051308162147
-5.22517420977789
-4.43759273549024
-3.45443557450921
-3.34856321274303
-3.9473998264932
-3.93912893978776
-1.94544700218025
2.25725905188378
7.31574994944215
11.0355339059325
11.7672806552
9.44516669888079
5.53077260641745
1.92453387353213
-0.335077824365473
-1.62415772171286
-3.15716745175101
-5.76196816848651
-8.97760040375312
-11.1980556148482
-10.7851120180386
-7.32590524631167
-2.08208405550509
2.73247192802297
5.34055598711466
5.45790492053711
4.26764309549676
3.37011190936793
3.52229122941484
4.12113402597847
3.8060560372953
1.69688031578995
-1.70568297829527
-4.67923050575047
-5.41835671644246
-3.32365135699866
0.517751928871564
4.02846824715508
5.51338751059377
4.71151879610495
2.77805921852484
1.25178703616823
0.818080789982794
0.816922718241561
-0.133974596215679
-2.88892188152221
-6.87251647067549
-10.249231985464
-11.0825318899184
-8.65072637948118
-3.9558876832029
0.947965687879953
4.31170592835314
5.73954568186314
6.1814615693616
6.92378352071471
8.38507829798395
9.6617379651667
9.1874960727039
6.01296639013878
0.72468161458619
-4.72223515376431
-8.17663986824439
-8.63456300930404
-6.78528480431266
-4.38086928647349
-2.91858510619067
-2.62371626189649
-2.47583392608221
-1.22183981480689
1.43139280587418
4.38681656799645
5.84931103705506
4.64060673497991
1.15067638486005
-2.80537561215599
-5.14732093791828
-4.87347562535087
-2.61933295886636
-0.0486860460657663
1.43790230065648
1.69501838991822
1.78658610681515
2.9627835949215
5.46876975292722
8.12696139996581
9.05028314127292
6.98276024298403
2.27599463107304
-3.23457620416194
-7.38024987157835
-9.00573705654287
-8.54356795611483
-7.43175988697744
-6.85559643559182
-6.79041310840611
-6.07767952394401
-3.46862669625994
1.17749966126759
6.48399980336504
10.2927500718688
11.038927709481
8.76793661434754
5.05232240356896
1.87587191761724
0.31035969615569
-0.0501474106505712
-0.514075979054214
-2.05566999392893
-4.3900815205756
-6.08721752088091
-5.6525537833667
-2.75623272854144
1.33753434942535
4.49999999999978
5.119814278559
3.13878169964212
-0.00476129951553572
-2.46291145130743
-3.27543741982069
-2.91705094052602
-2.71448575766896
-3.61387958739415
-5.2704936225667
-6.18456383442314
-4.80689641802336
-0.790371340379013
4.56538232113418
9.03885692726279
10.876089893048
9.84535024537654
7.20800269095188
4.66300512818189
3.07960953533274
1.97304544488523
0.098949256108853
-3.31661146463578
-7.68389857831086
-11.2147644116824
-12.0658230930837
-9.63003635623754
-5.01778197706062
-0.358977077684419
2.5730279151387
3.41862557729119
3.22074091260691
3.39987561726095
4.52518757116889
5.83041449866639
5.84424100380052
3.64661202441071
-0.225050094034444
-3.94284698622438
-5.5469979839855
-4.26328105464166
-1.0155280877472
2.24085890669357
3.86902423426999
3.59145710077022
2.47435478817541
1.91029174028952
2.40686269796887
3.1262040592344
2.54002969606302
-0.293418609100223
-4.81085229134631
-9.10968047860495
-11.1169994636994
-9.92745622811782
-6.34260311023075
-2.23278070538064
0.788521674995033
2.38977551852905
3.50238167393369
5.31369409112598
8.07885918251514
10.6932015672359
11.3848449429881
9.02805205981898
4.0910359803163
-1.51248239334265
-5.59000263200067
-7.02156420644378
-6.32643974005272
-5.06217782649107
-4.54031329935826
-4.84051551601442
-4.86088026982567
-3.34360140431779
-0.0667641530056997
3.73951607512597
6.10992354581803
5.68986702417014
2.71867632515559
-1.08648762306876
-3.67314309039164
-3.9922452761176
-2.5653523560995
-0.896225981044828
-0.208130058950586
-0.484028109166866
-0.542145618011733
0.918818628579578
4.11785925672268
7.77689302217787
9.85006837778668
8.89083912838809
5.06082983316133
0.0388306231440962
-4.10234368239799
-6.22517420977771
-6.69761378729167
-6.82046097829348
-7.59120389986224
-8.77752684541568
-9.02757711633561
-6.94544700218011
-2.31355103445882
3.48562293051875
8.20710678118588
10.1333060589841
9.11699729965757
6.53077260641704
4.18455492533334
3.03094757941832
2.61848296540611
1.67295956717157
-0.673519991938775
-3.97760040375342
-6.62724552850504
-6.95498499911585
-4.49747812156505
-0.44810945929088
3.06064132724705
4.34055598711502
3.19788386873585
0.901617691712316
-0.872528777750926
-1.30783578950652
-0.967314150568984
-1.19394396270481
-2.87392977055357
-5.53580999721763
-7.50765763049642
-7.05233131265833
-3.65182075622202
1.51775192887158
6.28848929895668
8.87941291437789
8.95415948322407
7.60818623744703
6.34023521271627
5.81808078998256
5.38773280458444
3.69615242270722
-0.0604947567760978
-5.23854187446013
-9.9210625862399
-12.0825318899181
-10.9107474312833
-7.32191308698688
-3.29467499923872
-0.518421090569251
0.651097505315385
1.18146156936117
2.35297343437154
4.55495127906226
6.83331084042021
7.55352147648788
5.68479699091476
1.72468161458745
-2.46221410196336
-4.81061446446029
-4.39192232218505
-1.95515778539032
0.707578890074327
2.08141489380853
1.94709382444671
1.35429309284022
1.60658730993976
3.06536740209008
4.71498596721981
4.84931103705543
2.3805856831781
-2.21534901892313
-7.04801629927519
-9.97744795684061
-9.96192380189926
-7.61933295886638
-4.61949613240836
-2.39222471826568
-1.13340873482878
0.152611510599062
2.63461419569793
6.46876975292716
10.3869824517665
12.416308545057
11.2254009301034
7.10612164999607
1.85387197238579
-2.38024987157845
-4.43492697020039
-4.71344093719191
-4.60333276223126
-5.22162183937622
-6.46224370918213
-7.07767952394429
-5.72864774806114
-2.18852574251687
2.24135911624502
5.46262305294684
5.95047953293335
3.7679366143472
0.481512317226399
-1.95425510130399
-2.5180674285916
-1.68412200686582
-0.842245378278364
-1.05566999392969
-2.13006046877419
-2.72119211709641
-1.40991309624726
2.07389429038029
6.42598252597326
9.49999999999987
9.69062436490241
6.96890871856502
2.82366582523048
-0.828936855091321
-2.94726802059635
-3.91705094052605
-4.97450680946991
-6.97990499117834
-9.51313430968597
-11.0146908533452
-9.89534459457107
-5.79037134038002
-0.00542776520825761
5.20872990834036
8.04766276830128
8.21137564916128
6.87983329172757
5.6630051281819
5.33963058713441
5.33907084866947
4.34158994322801
1.51351555428641
-2.59545040176225
-6.2147644116823
-7.49501300674074
-5.7999093373158
-2.18935485231452
1.27499751853198
0.598076211352112
2.99999999999955
4.59807621135335
4.9641016151378
4.00000000000052
1.964101615139
-0.598076211352623
-2.99999999999996
-4.59807621135311
-4.96410161513788
-4.00000000000021
-1.96410161513852
0.598076211353133
2.99999999999947
4.59807621135286
4.96410161513781
4.00000000000059
1.96410161513805
-0.598076211352516
-2.99999999999897
-4.59807621135307
-4.96410161513775
-4.00000000000028
-1.96410161513862
0.598076211353026
2.99999999999938
4.59807621135327
4.96410161513783
4.00000000000065
1.96410161513815
-0.598076211352408
-2.99999999999979
-4.59807621135302
-4.9641016151379
-4.00000000000034
-1.96410161513768
0.598076211352919
2.99999999999929
4.59807621135278
4.96410161513784
4.00000000000003
1.96410161513825
-0.598076211352302
-2.99999999999971
-4.59807621135298
-4.96410161513778
-4.00000000000041
-1.96410161513882
0.598076211352813
2.99999999999921
4.59807621135318
4.96410161513785
4.00000000000078
1.96410161513835
-0.598076211353323
-2.99999999999962
-4.59807621135294
-4.96410161513779
-4.00000000000047
-1.96410161513788
0.598076211352706
2.99999999999912
4.59807621135314
4.96410161513787
4.00000000000016
1.96410161513845
-0.598076211352088
-2.99999999999953
-4.59807621135334
-4.9641016151378
-4.00000000000054
-1.96410161513902
0.598076211352599
2.99999999999995
4.5980762113531
4.96410161513788
4.00000000000023
1.96410161513855
-0.598076211353109
-2.99999999999945
-4.59807621135285
-4.96410161513782
-4.0000000000006
-1.96410161513807
0.598076211352491
2.99999999999895
4.59807621135306
4.96410161513776
4.00000000000029
1.96410161513865
-0.598076211353002
-2.99999999999936
-4.59807621135326
-4.96410161513783
-4.00000000000067
-1.96410161513817
0.598076211352384
2.99999999999977
4.59807621135301
4.9641016151379
4.00000000000036
1.9641016151377
-0.598076211352895
-2.99999999999927
-4.59807621135322
-4.96410161513784
-4.00000000000005
-1.96410161513827
0.598076211352277
2.99999999999969
4.59807621135297
4.96410161513778
4.00000000000042
1.96410161513885
-0.598076211352788
-3.0000000000001
-4.59807621135317
-4.96410161513785
-4.00000000000079
-1.96410161513837
0.598076211353299
2.9999999999996
4.59807621135293
4.96410161513779
4.00000000000049
1.9641016151379
-0.598076211352681
-2.9999999999991
-4.59807621135313
-4.96410161513787
-4.00000000000018
-1.96410161513847
0.598076211352064
2.99999999999951
4.59807621135333
4.96410161513781
4.00000000000055
1.964101615138
-0.598076211352574
-2.99999999999993
-4.59807621135309
-4.96410161513788
-4.00000000000024
-1.96410161513857
0.598076211353085
2.99999999999943
4.59807621135285
4.96410161513782
3.99999999999993
1.9641016151381
-0.598076211352467
-2.99999999999893
-4.59807621135305
-4.96410161513776
-4.00000000000031
-1.96410161513867
0.598076211352978
2.99999999999934
4.59807621135325
4.96410161513783
4.00000000000068
1.9641016151382
-0.59807621135236
-2.99999999999975
-4.59807621135301
-4.96410161513791
-4.00000000000037
-1.96410161513772
0.598076211352871
2.99999999999926
4.59807621135321
4.96410161513785
4.00000000000006
1.9641016151383
-0.598076211352253
-2.99999999999967
-4.59807621135296
-4.96410161513778
-4.00000000000044
-1.96410161513887
0.598076211352764
3.00000000000008
4.59807621135317
4.96410161513786
4.00000000000081
1.96410161513839
-0.598076211353275
-2.99999999999958
-4.59807621135292
-4.9641016151378
-4.0000000000005
-1.96410161513792
0.598076211352657
2.99999999999908
4.59807621135312
4.96410161513787
4.00000000000019
1.96410161513849
-0.598076211352039
-2.99999999999949
-4.59807621135332
-4.96410161513781
-4.00000000000057
-1.96410161513802
0.59807621135255
2.99999999999991
4.59807621135308
4.96410161513788
4.00000000000026
1.96410161513859
-0.598076211353061
-2.99999999999941
-4.59807621135284
-4.96410161513782
-3.99999999999995
-1.96410161513812
0.598076211352443
2.99999999999891
4.59807621135304
4.96410161513776
4.00000000000032
1.96410161513869
-0.598076211352954
-2.99999999999932
-4.59807621135324
-4.96410161513784
-4.0000000000007
-1.96410161513822
0.598076211352336
2.99999999999973
4.598076211353
4.96410161513791
4.00000000000039
1.96410161513775
-0.598076211352847
-2.99999999999924
-4.5980762113532
-4.96410161513785
-4.00000000000008
-1.96410161513832
0.598076211352229
2.99999999999965
4.59807621135295
4.96410161513779
4.00000000000045
1.96410161513889
-0.59807621135274
-3.00000000000006
-4.59807621135316
-4.96410161513786
-4.00000000000082
-1.96410161513842
0.59807621135325
2.99999999999956
4.59807621135291
4.9641016151378
4.00000000000052
1.96410161513794
-0.598076211352632
-2.99999999999906
-4.59807621135311
-4.96410161513787
-4.00000000000021
-1.96410161513852
0.598076211352014
2.99999999999947
4.59807621135332
4.96410161513781
4.00000000000058
1.96410161513909
-0.598076211352526
-2.99999999999989
-4.59807621135307
-4.96410161513775
-4.00000000000095
-1.96410161513862
0.598076211353037
2.99999999999939
4.59807621135327
4.96410161513796
4.00000000000065
1.96410161513814
-0.598076211352419
-2.9999999999998
-4.59807621135347
-4.9641016151379
-4.00000000000034
-1.96410161513871
0.598076211352929
3.00000000000021
4.59807621135278
4.96410161513784
4.00000000000071
1.96410161513824
-0.59807621135344
-2.99999999999971
-4.59807621135299
-4.96410161513791
-4.0000000000004
-1.96410161513777
0.598076211352822
2.99999999999922
4.59807621135274
4.96410161513785
4.00000000000009
1.96410161513834
-0.598076211353333
-2.99999999999872
-4.59807621135294
-4.96410161513779
-4.00000000000047
-1.96410161513787
0.598076211351586
2.99999999999913
4.59807621135315
4.96410161513786
4.00000000000016
1.96410161513739
-0.598076211352097
-2.99999999999954
-4.5980762113529
-4.9641016151378
-3.99999999999985
-1.96410161513901
0.598076211352608
2.99999999999904
4.5980762113531
4.96410161513774
4.00000000000022
1.96410161513854
-0.59807621135199
-2.99999999999946
-4.59807621135331
-4.96410161513782
-4.0000000000006
-1.96410161513911
0.598076211352501
2.99999999999987
4.59807621135306
4.96410161513775
4.00000000000097
1.96410161513864
-0.598076211353012
-2.99999999999937
-4.59807621135326
-4.96410161513796
-4.00000000000066
-1.96410161513816
0.598076211352394
2.99999999999978
4.59807621135347
4.9641016151379
4.00000000000035
1.96410161513874
-0.598076211352905
-3.00000000000019
-4.59807621135277
-4.96410161513784
-4.00000000000072
-1.96410161513826
0.598076211353416
2.99999999999969
4.59807621135298
4.96410161513792
4.00000000000042
1.96410161513779
-0.598076211352798
-2.9999999999992
-4.59807621135273
-4.96410161513785
-4.00000000000011
-1.96410161513836
0.598076211353309
2.9999999999987
4.59807621135293
4.96410161513779
4.00000000000048
1.96410161513789
-0.598076211351562
-2.99999999999911
-4.59807621135314
-4.96410161513787
-4.00000000000017
-1.96410161513742
0.598076211352073
2.99999999999952
4.59807621135289
4.96410161513781
3.99999999999986
1.96410161513903
-0.598076211352584
-2.99999999999902
-4.59807621135309
-4.96410161513774
-4.00000000000024
-1.96410161513856
0.598076211351966
2.99999999999944
4.5980762113533
4.96410161513782
4.00000000000061
1.96410161513913
-0.598076211352477
-2.99999999999985
-4.59807621135305
-4.96410161513776
-4.00000000000098
-1.96410161513866
0.598076211352988
2.99999999999935
4.59807621135325
4.96410161513797
4.00000000000068
1.96410161513819
-0.59807621135237
-2.99999999999976
-4.59807621135346
-4.96410161513791
-4.00000000000037
-1.96410161513876
0.598076211352881
3.00000000000017
4.59807621135276
4.96410161513784
4.00000000000074
1.96410161513829
-0.598076211353391
-2.99999999999967
-4.59807621135297
-4.96410161513792
-4.00000000000043
-1.96410161513781
0.598076211352773
2.99999999999918
4.59807621135272
4.96410161513786
4.00000000000012
1.96410161513839
-0.598076211353284
-2.99999999999868
-4.59807621135292
-4.9641016151378
-4.0000000000005
-1.96410161513791
0.598076211351538
2.99999999999909
4.59807621135313
4.96410161513787
4.00000000000019
1.96410161513744
-0.598076211352049
-2.9999999999995
-4.59807621135288
-4.96410161513781
-3.99999999999988
-1.96410161513906
0.598076211352559
2.999999999999
4.59807621135308
4.96410161513775
4.00000000000025
1.96410161513858
-0.598076211351942
-2.99999999999942
-4.59807621135329
-4.96410161513782
-4.00000000000062
-1.96410161513916
0.598076211352452
2.99999999999983
4.59807621135304
4.96410161513776
4.000000000001
1.96410161513868
-0.598076211352963
-2.99999999999933
-4.59807621135324
-4.96410161513797
-4.00000000000069
-1.96410161513821
0.598076211352346
2.99999999999974
4.59807621135345
4.96410161513791
4.00000000000038
1.96410161513878
-0.598076211352856
-3.00000000000015
-4.5980762113532
-4.96410161513785
-4.00000000000075
-1.96410161513831
0.598076211353367
2.99999999999965
4.59807621135296
4.96410161513792
4.00000000000044
1.96410161513784
-0.598076211352749
-3.00000000000007
-4.59807621135271
-4.96410161513786
-4.00000000000014
-1.96410161513841
0.59807621135326
2.99999999999866
4.59807621135291
4.9641016151378
4.00000000000051
1.96410161513793
-0.598076211353771
-2.99999999999907
-4.59807621135312
-4.96410161513787
-4.0000000000002
-1.96410161513746
0.598076211352024
2.99999999999948
4.59807621135287
4.96410161513781
3.99999999999989
1.96410161513803
-0.598076211352535
-2.99999999999898
-4.59807621135307
-4.96410161513775
-4.00000000000027
-1.96410161513861
0.598076211351917
2.9999999999994
4.59807621135328
4.96410161513782
3.99999999999996
1.96410161513918
-0.598076211352428
-2.99999999999981
-4.59807621135303
-4.96410161513776
-4.00000000000101
-1.96410161513871
0.598076211352939
2.99999999999931
4.59807621135323
4.9641016151377
4.0000000000007
1.96410161513823
-0.598076211352321
-2.99999999999972
-4.59807621135344
-4.96410161513791
-4.0000000000004
-1.9641016151388
0.598076211352832
3.00000000000013
4.59807621135319
4.96410161513785
4.00000000000077
1.96410161513833
-0.598076211353343
-2.99999999999964
-4.59807621135295
-4.96410161513792
-4.00000000000046
-1.96410161513786
0.598076211352725
3.00000000000005
4.5980762113527
4.96410161513786
4.00000000000015
1.96410161513843
-0.598076211353236
-2.99999999999864
-4.59807621135291
-4.9641016151378
-4.00000000000052
-1.96410161513796
0.598076211353747
2.99999999999905
4.59807621135311
4.96410161513788
4.00000000000022
1.96410161513748
-0.598076211352
-2.99999999999946
-4.59807621135286
-4.96410161513781
-3.99999999999991
-1.96410161513806
0.598076211352511
2.99999999999897
4.59807621135306
4.96410161513775
4.00000000000028
1.96410161513863
-0.598076211351893
-2.99999999999938
-4.59807621135327
-4.96410161513783
-3.99999999999997
-1.9641016151392
0.598076211352404
2.99999999999979
4.59807621135302
4.96410161513777
4.00000000000103
1.96410161513873
-0.598076211352914
-2.99999999999929
-4.59807621135322
-4.9641016151377
-4.00000000000072
-1.96410161513825
0.598076211352297
2.9999999999997
4.59807621135343
4.96410161513792
4.00000000000041
1.96410161513883
-0.598076211352808
-3.00000000000011
-4.59807621135318
-4.96410161513785
-4.00000000000078
-1.96410161513835
0.598076211353319
2.99999999999962
4.59807621135294
4.96410161513793
4.00000000000048
1.96410161513788
-0.598076211352701
-3.00000000000003
-4.59807621135269
-4.96410161513787
-4.00000000000017
-1.96410161513845
0.598076211353212
2.99999999999862
4.5980762113529
4.9641016151378
4.00000000000054
1.96410161513798
-0.598076211353722
-2.99999999999903
-4.5980762113531
-4.96410161513788
-4.00000000000023
-1.96410161513751
0.598076211351976
2.99999999999944
4.59807621135285
4.96410161513782
3.99999999999992
1.96410161513808
-0.598076211352487
-2.99999999999895
-4.59807621135305
-4.96410161513776
-4.0000000000003
-1.96410161513865
0.598076211351869
2.99999999999936
4.59807621135326
4.96410161513783
3.99999999999999
1.96410161513922
-0.59807621135238
-2.99999999999977
-4.59807621135301
-4.96410161513777
-4.00000000000104
-1.96410161513875
0.59807621135289
2.99999999999927
4.59807621135321
4.96410161513771
4.00000000000073
1.96410161513828
-0.598076211352272
-2.99999999999968
-4.59807621135342
-4.96410161513792
-4.00000000000042
-1.96410161513885
0.598076211352783
3.00000000000009
4.59807621135317
4.96410161513786
4.0000000000008
1.96410161513838
-0.598076211353294
-2.9999999999996
-4.59807621135293
-4.96410161513793
-4.00000000000049
-1.9641016151379
0.598076211352676
3.00000000000001
4.59807621135268
4.96410161513787
4.00000000000018
1.96410161513848
-0.598076211353187
-2.9999999999986
-4.59807621135289
-4.96410161513781
-4.00000000000055
-1.964101615138
0.598076211353698
2.99999999999901
4.59807621135309
4.96410161513788
4.00000000000025
1.96410161513753
-0.598076211351951
-2.99999999999942
-4.59807621135284
-4.96410161513782
-3.99999999999994
-1.9641016151381
0.598076211352462
2.99999999999893
4.59807621135305
4.96410161513776
4.00000000000031
1.96410161513867
-0.598076211351844
-2.99999999999934
-4.59807621135325
-4.96410161513783
-4
-1.96410161513925
0.598076211352355
2.99999999999975
4.598076211353
4.96410161513777
4.00000000000106
1.96410161513877
-0.598076211352866
-2.99999999999925
-4.5980762113532
-4.96410161513771
-4.00000000000075
-1.9641016151383
0.598076211352248
2.99999999999966
4.59807621135341
4.96410161513792
4.00000000000044
1.96410161513887
-0.598076211352759
-3.00000000000007
-4.59807621135316
-4.96410161513786
-4.00000000000081
-1.9641016151384
0.59807621135327
2.99999999999958
4.59807621135292
4.96410161513793
4.0000000000005
1.96410161513793
-0.598076211352652
-2.99999999999999
-4.59807621135267
-4.96410161513787
-4.0000000000002
-1.9641016151385
0.598076211353163
2.99999999999858
4.59807621135288
4.96410161513781
4.00000000000057
1.96410161513802
-0.598076211353674
-2.99999999999899
-4.59807621135308
-4.96410161513788
-4.00000000000026
-1.96410161513755
0.598076211351927
2.9999999999994
4.59807621135283
4.96410161513782
3.99999999999995
1.96410161513812
-0.598076211352438
-2.99999999999891
-4.59807621135304
-4.96410161513776
-4.00000000000033
-1.9641016151387
0.59807621135182
2.99999999999932
4.59807621135324
4.96410161513784
4.00000000000002
1.96410161513927
-0.598076211352331
-2.99999999999973
-4.59807621135299
-4.96410161513777
-4.00000000000107
-1.9641016151388
0.598076211352842
2.99999999999923
4.5980762113532
4.96410161513771
4.00000000000076
1.96410161513832
-0.598076211352224
-2.99999999999964
-4.5980762113534
-4.96410161513792
-4.00000000000045
-1.96410161513889
0.598076211352735
3.00000000000006
4.59807621135315
4.96410161513786
4.00000000000083
1.96410161513842
-0.598076211353245
-2.99999999999956
-4.59807621135291
-4.96410161513794
-4.00000000000052
-1.96410161513795
0.598076211352628
2.99999999999997
4.59807621135266
4.96410161513787
4.00000000000021
1.96410161513852
-0.598076211353138
-2.99999999999856
-4.59807621135287
-4.96410161513781
-4.00000000000058
-1.96410161513805
0.59807621135365
2.99999999999897
4.59807621135307
4.96410161513789
4.00000000000027
1.96410161513757
-0.598076211351902
-2.99999999999938
-4.59807621135282
-4.96410161513783
-3.99999999999997
-1.96410161513815
0.598076211352414
2.99999999999889
4.59807621135303
4.96410161513777
4.00000000000034
1.96410161513872
-0.598076211351795
-2.9999999999993
-4.59807621135323
-4.96410161513784
-4.00000000000003
-1.96410161513929
0.598076211352307
2.99999999999971
4.59807621135298
4.96410161513778
4.00000000000109
1.96410161513882
-0.598076211352817
-2.99999999999921
-4.59807621135319
-4.96410161513772
-4.00000000000078
-1.96410161513835
0.5980762113522
2.99999999999962
4.59807621135339
4.96410161513793
4.00000000000047
1.96410161513892
-0.59807621135271
-3.00000000000004
-4.59807621135314
-4.96410161513787
-4.00000000000084
-1.96410161513844
0.598076211353221
2.99999999999954
4.5980762113529
4.96410161513794
4.00000000000053
1.96410161513797
-0.598076211352603
-2.99999999999995
-4.59807621135265
-4.96410161513788
-4.00000000000022
-1.96410161513854
0.598076211353114
2.99999999999854
4.59807621135286
4.96410161513782
4.0000000000006
1.96410161513807
-0.598076211353625
-2.99999999999895
-4.59807621135306
-4.96410161513789
-4.00000000000029
-1.9641016151376
0.598076211351878
2.99999999999936
4.59807621135281
4.96410161513783
3.99999999999998
1.96410161513817
-0.59807621135239
-2.99999999999887
-4.59807621135302
-4.96410161513777
-4.00000000000035
-1.96410161513874
0.598076211351771
2.99999999999928
4.59807621135322
4.96410161513784
4.00000000000005
1.96410161513931
-0.598076211352283
-2.99999999999969
-4.59807621135297
-4.96410161513778
-4.0000000000011
-1.96410161513884
0.598076211352793
2.99999999999919
4.59807621135318
4.96410161513772
4.00000000000079
1.96410161513837
-0.598076211352175
-2.9999999999996
-4.59807621135338
-4.96410161513793
-4.00000000000048
-1.96410161513894
0.598076211352686
3.00000000000002
4.59807621135313
4.96410161513787
4.00000000000086
1.96410161513847
-0.598076211353197
-2.99999999999952
-4.59807621135289
-4.96410161513794
-4.00000000000055
-1.96410161513799
0.598076211352579
2.99999999999993
4.59807621135265
4.96410161513788
4.00000000000024
1.96410161513857
-0.59807621135309
-2.99999999999852
-4.59807621135285
-4.96410161513782
-4.00000000000061
-1.96410161513809
0.598076211353601
2.99999999999893
4.59807621135305
4.96410161513789
4.0000000000003
1.96410161513762
-0.598076211351854
-2.99999999999935
-4.5980762113528
-4.96410161513783
-4
-1.96410161513819
0.598076211352365
2.99999999999885
4.59807621135301
4.96410161513777
4.00000000000037
1.96410161513772
-0.598076211351747
-2.99999999999926
-4.59807621135321
-4.96410161513784
-4.00000000000006
-1.96410161513934
0.598076211352258
2.99999999999967
4.59807621135296
4.96410161513778
3.99999999999975
1.96410161513886
-0.598076211352769
-2.99999999999917
-4.59807621135317
-4.96410161513772
-4.00000000000081
-1.96410161513839
0.598076211352151
2.99999999999958
4.59807621135337
4.9641016151378
4.0000000000005
1.96410161513896
-0.598076211352662
-3
-4.59807621135313
-4.96410161513787
-4.00000000000087
-1.96410161513849
0.598076211353173
2.9999999999995
4.59807621135333
4.96410161513795
4.00000000000056
1.96410161513802
-0.598076211352555
-2.99999999999991
-4.59807621135264
-4.96410161513788
-4.00000000000025
-1.96410161513859
0.598076211353065
3.00000000000032
4.59807621135284
4.96410161513782
4.00000000000063
1.96410161513811
-0.598076211353576
-2.99999999999891
-4.59807621135304
-4.9641016151379
-4.00000000000032
-1.96410161513764
0.598076211352958
2.99999999999933
4.5980762113528
4.96410161513784
4.00000000000001
1.96410161513821
-0.59807621135234
-2.99999999999883
-4.598076211353
-4.96410161513777
-4.00000000000038
-1.96410161513774
0.598076211351723
2.99999999999924
4.5980762113532
4.96410161513785
4.00000000000007
1.96410161513936
-0.598076211352234
-2.99999999999965
-4.59807621135296
-4.96410161513779
-3.99999999999977
-1.96410161513889
0.598076211352744
2.99999999999915
4.59807621135316
4.96410161513773
4.00000000000082
1.96410161513841
-0.598076211352126
-2.99999999999956
-4.59807621135336
-4.9641016151378
-4.00000000000051
-1.96410161513898
0.598076211352637
2.99999999999998
4.59807621135312
4.96410161513787
4.00000000000089
1.96410161513851
-0.598076211353148
-2.99999999999948
-4.59807621135332
-4.96410161513795
-4.00000000000058
-1.96410161513804
0.598076211352531
2.99999999999989
4.59807621135263
4.96410161513789
4.00000000000027
1.96410161513861
-0.598076211353041
-3.0000000000003
-4.59807621135283
-4.96410161513782
-4.00000000000064
-1.96410161513814
0.598076211353552
2.99999999999889
4.59807621135303
4.9641016151379
1.65598897572712
2.38393581559738
3.00769322093278
3.49999999999982
3.83933998420376
4.01088238790069
4.00712998489726
3.82824677321076
3.48205080756899
2.9836725129027
2.35489341217333
1.62319416929965
0.820553552278201
-0.017949192431028
-0.855667471300792
-1.65598897572708
-2.38393581559735
-3.00769322093275
-3.50000000000002
-3.83933998420375
-4.01088238790069
-4.00712998489727
-3.82824677321077
-3.48205080756879
-2.98367251290242
-2.35489341217374
-1.6231941693001
-0.820553552278243
0.0179491924309845
0.855667471301197
1.65598897572704
2.38393581559731
3.00769322093272
3.5
3.83933998420387
4.01088238790073
4.00712998489727
3.82824677321093
3.48205080756904
2.98367251290276
2.3548934121734
1.62319416930014
0.820553552278286
-0.0179491924309412
-0.855667471301154
-1.65598897572742
-2.38393581559764
-3.00769322093269
-3.49999999999998
-3.83933998420386
-4.01088238790068
-4.00712998489728
-3.82824677321094
-3.48205080756906
-2.98367251290279
-2.35489341217344
-1.62319416929976
-0.82055355227788
0.0179491924308977
0.855667471301112
1.65598897572738
2.38393581559761
3.00769322093297
3.49999999999973
3.83933998420371
4.01088238790067
4.00712998489728
3.82824677321081
3.48205080756885
2.98367251290282
2.35489341217347
1.6231941692998
0.820553552277922
-0.0179491924313122
-0.855667471301069
-1.65598897572692
-2.38393581559721
-3.00769322093263
-3.49999999999994
-3.83933998420384
-4.01088238790067
-4.00712998489729
-3.82824677321083
-3.48205080756887
-2.98367251290254
-2.35489341217351
-1.62319416929984
-0.820553552277965
0.0179491924308106
0.855667471301027
1.6559889757273
2.38393581559717
3.00769322093261
3.49999999999991
3.83933998420382
4.01088238790071
4.00712998489729
3.82824677321084
3.4820508075689
2.98367251290257
2.35489341217317
1.62319416929988
0.820553552278456
-0.0179491924307671
-0.855667471300985
-1.65598897572726
-2.3839358155975
-3.00769322093258
-3.49999999999989
-3.83933998420381
-4.01088238790071
-4.00712998489725
-3.82824677321071
-3.48205080756915
-2.9836725129029
-2.35489341217358
-1.62319416929992
-0.82055355227805
0.0179491924307238
0.855667471300942
1.65598897572722
2.38393581559747
3.00769322093285
3.5000000000001
3.8393399842038
4.0108823879007
4.0071299848973
3.82824677321087
3.48205080756894
2.98367251290293
2.35489341217361
1.62319416929996
0.820553552278092
-0.0179491924311386
-0.855667471301347
-1.65598897572718
-2.38393581559743
-3.00769322093282
-3.50000000000008
-3.83933998420378
-4.01088238790065
-4.00712998489731
-3.82824677321088
-3.48205080756896
-2.98367251290265
-2.35489341217327
-1.6231941693
-0.820553552278135
0.0179491924310951
0.855667471301305
1.65598897572756
2.38393581559703
3.00769322093249
3.49999999999983
3.83933998420377
4.01088238790069
4.00712998489726
3.8282467732109
3.48205080756898
2.98367251290268
2.35489341217331
1.62319416929962
0.820553552278178
-0.0179491924310515
-0.855667471300815
-1.6559889757271
-2.38393581559736
-3.00769322093277
-3.49999999999981
-3.83933998420376
-4.01088238790069
-4.00712998489727
-3.82824677321077
-3.482050807569
-2.98367251290271
-2.35489341217335
-1.62319416929966
-0.82055355227822
0.0179491924310082
0.855667471300772
1.65598897572707
2.38393581559733
3.00769322093274
3.50000000000001
3.83933998420374
4.01088238790068
4.00712998489727
3.82824677321078
3.4820508075688
2.98367251290243
2.35489341217375
1.62319416930012
0.820553552278263
-0.0179491924309647
-0.855667471301178
-1.65598897572703
-2.38393581559729
-3.00769322093271
-3.49999999999999
-3.83933998420387
-4.01088238790073
-4.00712998489727
-3.82824677321094
-3.48205080756905
-2.98367251290277
-2.35489341217342
-1.62319416930016
-0.820553552278305
0.0179491924309212
0.855667471301135
1.6559889757274
2.38393581559763
3.00769322093268
3.49999999999997
3.83933998420386
4.01088238790067
4.00712998489728
3.82824677321095
3.48205080756907
2.9836725129028
2.35489341217345
1.62319416929978
0.820553552277899
-0.0179491924308777
-0.855667471301092
-1.65598897572736
-2.38393581559759
-3.00769322093296
-3.49999999999972
-3.8393399842037
-4.01088238790067
-4.00712998489728
-3.82824677321082
-3.48205080756886
-2.98367251290283
-2.35489341217349
-1.62319416929982
-0.820553552277941
0.0179491924312927
0.85566747130105
1.65598897572691
2.38393581559719
3.00769322093262
3.49999999999993
3.83933998420383
4.01088238790067
4.00712998489729
3.82824677321083
3.48205080756888
2.98367251290255
2.35489341217352
1.62319416929986
0.820553552277984
-0.0179491924307909
-0.855667471301008
-1.65598897572728
-2.38393581559715
-3.00769322093259
-3.4999999999999
-3.83933998420382
-4.01088238790071
-4.00712998489729
-3.82824677321085
-3.48205080756891
-2.98367251290258
-2.35489341217319
-1.6231941692999
-0.820553552278475
0.0179491924307476
0.855667471300965
1.65598897572725
2.38393581559749
3.00769322093256
3.49999999999988
3.8393399842038
4.0108823879007
4.00712998489725
3.82824677321072
3.48205080756916
2.98367251290292
2.35489341217359
1.62319416929994
0.820553552278069
-0.017949192430704
-0.855667471300923
-1.65598897572721
-2.38393581559745
-3.00769322093284
-3.50000000000009
-3.83933998420379
-4.0108823879007
-4.0071299848973
-3.82824677321087
-3.48205080756895
-2.98367251290295
-2.35489341217363
-1.62319416929998
-0.820553552278112
0.0179491924311188
0.855667471301328
1.65598897572717
2.38393581559742
3.00769322093281
3.50000000000007
3.83933998420378
4.01088238790065
4.00712998489731
3.82824677321089
3.48205080756897
2.98367251290267
2.35489341217329
1.62319416930002
0.820553552278154
-0.0179491924310755
-0.855667471301286
-1.65598897572754
-2.38393581559701
-3.00769322093248
-3.49999999999982
-3.83933998420376
-4.01088238790069
-4.00712998489726
-3.8282467732109
-3.48205080756899
-2.9836725129027
-2.35489341217333
-1.62319416929964
-0.820553552278197
0.017949192431032
0.855667471300795
1.65598897572709
2.38393581559735
3.00769322093275
3.4999999999998
3.83933998420375
4.01088238790069
4.00712998489727
3.82824677321077
3.48205080756901
2.98367251290273
2.35489341217336
1.62319416929968
0.820553552278239
-0.0179491924309885
-0.855667471300753
-1.65598897572705
-2.38393581559731
-3.00769322093272
-3.5
-3.83933998420374
-4.01088238790068
-4.00712998489727
-3.82824677321079
-3.48205080756881
-2.98367251290245
-2.35489341217377
-1.62319416930014
-0.820553552278282
0.0179491924309449
0.855667471301158
1.65598897572701
2.38393581559728
3.0076932209327
3.49999999999998
3.83933998420386
4.01088238790072
4.00712998489728
3.82824677321094
3.48205080756906
2.98367251290278
2.35489341217343
1.62319416930018
0.820553552278324
-0.0179491924309014
-0.855667471301116
-1.65598897572739
-2.38393581559761
-3.00769322093267
-3.49999999999996
-3.83933998420385
-4.01088238790067
-4.00712998489728
-3.82824677321096
-3.48205080756908
-2.98367251290281
-2.35489341217347
-1.6231941692998
-0.820553552277918
0.0179491924308581
0.855667471301073
1.65598897572735
2.38393581559758
3.00769322093294
3.49999999999971
3.8393399842037
4.01088238790067
4.00712998489729
3.82824677321083
3.48205080756887
2.98367251290284
2.3548934121735
1.62319416929984
0.820553552277961
-0.0179491924312729
-0.855667471301478
-1.65598897572689
-2.38393581559717
-3.00769322093261
-3.49999999999992
-3.83933998420382
-4.01088238790066
-4.00712998489729
-3.82824677321084
-3.48205080756889
-2.98367251290256
-2.35489341217317
-1.62319416929988
-0.820553552278003
0.0179491924307711
0.855667471300988
1.65598897572727
2.38393581559714
3.00769322093258
3.49999999999989
3.83933998420381
4.01088238790071
4.00712998489725
3.82824677321085
3.48205080756891
2.98367251290259
2.3548934121732
1.62319416929992
0.820553552278495
-0.0179491924307276
-0.855667471300946
-1.65598897572723
-2.38393581559747
-3.00769322093286
-3.49999999999987
-3.8393399842038
-4.0108823879007
-4.00712998489725
-3.82824677321072
-3.48205080756917
-2.98367251290293
-2.35489341217361
-1.62319416929996
-0.820553552278088
0.0179491924311423
0.855667471300903
1.65598897572719
2.38393581559744
3.00769322093283
3.50000000000008
3.83933998420378
4.0108823879007
4.00712998489731
3.82824677321088
3.48205080756896
2.98367251290265
2.35489341217364
1.6231941693
0.820553552278131
-0.017949192431099
-0.855667471301309
-1.65598897572715
-2.3839358155974
-3.0076932209328
-3.49999999999983
-3.83933998420377
-4.01088238790069
-4.00712998489731
-3.82824677321089
-3.48205080756898
-2.98367251290268
-2.35489341217331
-1.62319416930004
-0.820553552278174
0.0179491924310555
0.855667471301266
1.65598897572753
2.38393581559737
3.00769322093246
3.49999999999981
3.83933998420376
4.01088238790069
4.00712998489727
3.82824677321091
3.482050807569
2.98367251290271
2.35489341217334
1.62319416929966
0.820553552277768
-0.0179491924305537
-0.855667471300776
-1.65598897572707
-2.38393581559733
-3.00769322093274
-3.49999999999979
-3.83933998420374
-4.01088238790068
-4.00712998489727
-3.82824677321078
-3.48205080756879
-2.98367251290274
-2.35489341217338
-1.62319416930012
-0.820553552278259
0.0179491924309685
0.855667471300733
1.65598897572703
2.3839358155973
3.00769322093271
3.49999999999999
3.83933998420387
4.01088238790068
4.00712998489727
3.82824677321079
3.48205080756882
2.98367251290277
2.35489341217378
1.62319416930016
0.820553552278301
-0.0179491924309254
-0.855667471301139
-1.65598897572741
-2.38393581559726
-3.00769322093268
-3.49999999999997
-3.83933998420386
-4.01088238790072
-4.00712998489733
-3.82824677321095
-3.48205080756907
-2.9836725129028
-2.35489341217345
-1.62319416929978
-0.820553552278344
0.0179491924308817
0.855667471301096
1.65598897572737
2.3839358155976
3.00769322093265
3.49999999999995
3.8393399842037
4.01088238790067
4.00712998489728
3.82824677321082
3.48205080756909
2.98367251290283
2.35489341217348
1.62319416929982
0.820553552277938
-0.0179491924308384
-0.855667471301054
-1.65598897572733
-2.38393581559756
-3.00769322093262
-3.49999999999993
-3.83933998420369
-4.01088238790067
-4.00712998489729
-3.82824677321083
-3.48205080756888
-2.98367251290286
-2.35489341217352
-1.62319416929986
-0.82055355227798
0.0179491924312529
0.855667471301459
1.65598897572687
2.38393581559716
3.0076932209326
3.49999999999991
3.83933998420382
4.01088238790066
4.00712998489729
3.82824677321085
3.4820508075689
2.98367251290258
2.35489341217318
1.6231941692999
0.820553552278471
-0.0179491924307515
-0.855667471300969
-1.65598897572725
-2.38393581559712
-3.00769322093257
-3.49999999999988
-3.8393399842038
-4.0108823879007
-4.00712998489725
-3.82824677321086
-3.48205080756892
-2.98367251290261
-2.35489341217359
-1.62319416929994
-0.820553552278514
0.017949192430708
0.855667471300926
1.65598897572721
2.38393581559746
3.00769322093284
3.49999999999986
3.83933998420379
4.0108823879007
4.00712998489725
3.82824677321073
3.48205080756918
2.98367251290294
2.35489341217362
1.62319416929998
-7.96917499791967
-9.00640490169936
-8.90376068297239
-7.69500894809804
-5.57005812958619
-2.8436686148137
0.0947057483908835
2.84161755120929
5.04090951452253
6.43567214161657
6.90267115729282
6.46410161513835
5.27541030698187
3.59196773676801
1.72087490692867
-0.0334349575257713
-1.42028865734237
-2.28185025639939
-2.57377214005172
-2.36438708908714
-1.81326774470344
-1.13364050235496
-0.54596251241189
-0.231462771934356
-0.294356121033054
-0.739786216728492
-1.47163842525541
-2.31070593737478
-3.02994268980511
-3.40036190111701
-3.23910599802412
-2.45068952745192
-1.05350400565377
0.813807923569723
2.90798519736946
4.91676051794456
6.50881687166606
7.3897775279819
7.35465347242265
6.32755430553956
4.38145059131776
1.73403261524337
-1.28030506726497
-4.25828894055067
-6.7879419647387
-8.51147828448155
-9.18071779010139
-8.69596137967548
-7.1219321168249
-4.67813104698742
-1.70514990862684
1.38758006362008
4.18410648748329
6.3242526023129
7.55590055628506
7.76903065493791
7.00640490169916
5.44972319538414
3.38416843347048
1.14779807565603
-0.925362040123956
-2.5588073635286
-3.57472457162919
-3.91626107632611
-3.64773017687763
-2.93349615937243
-1.99999999999991
-1.088265798973
-0.405775660336576
-0.0865568177361951
-0.166709385455889
-0.579711342657597
-1.17218723118817
-1.73706837457447
-2.0578729648426
-1.9557629102338
-1.33046111278328
-0.187144508008379
1.35611121013096
3.08229808577121
4.70896121464848
5.93574004039386
6.49785044538407
6.21613476623661
5.03467999030937
3.03896165504267
0.450689527452413
-2.4005334819342
-5.12464843819659
-7.33024525130036
-8.68579117288312
-8.9729184868045
-8.12288454840226
-6.23000503422599
-3.53961234080044
-0.412275593397764
2.73006899989491
5.4674495752733
7.44448101698146
8.42226005393063
8.31133394149953
7.1807177901023
5.24192389208766
2.81109160219794
0.255870993057185
-2.0638807463105
-3.85168167875897
-4.91721350790418
-5.19960416411681
-4.76795859154648
-3.79985565701893
-2.54230328656208
-1.26257868737603
-0.197976357039744
0.48652001353679
0.725217697142646
0.558807363528931
0.12068708404147
-0.394579438300986
-0.774529877052969
-0.835534495565483
-0.464101615137779
0.355158778553376
1.53042409853213
2.8744987824742
4.1358843833754
5.04381295779535
5.35933173919769
4.92326045100589
3.69219105403508
1.75561856725212
-0.669538887216773
-3.26689297958036
-5.66695172475866
-7.50455813970207
-8.4779918695861
-8.39984165553157
-7.23095746580401
-5.09148632803992
-2.24673802557231
0.930213342876132
4.01341208768486
6.58767798994243
8.31084051462722
8.96456334049205
8.48564682990178
6.97291848680466
4.66884706081358
1.91916451959917
-0.882647713129752
-3.35675506154027
-5.19417061503313
-6.20055659569445
-6.31983257878561
-5.63431808919221
-4.3421589435796
-2.71661617496431
-1.05477938407872
0.37510047423334
1.37844709613502
1.86373640332851
1.85168167875936
1.46317602031594
0.888763649489511
0.345698537615943
0.030825002080237
0.0782016714237903
0.529471666955039
1.32262479523563
2.30142195120154
3.2439573007771
3.90529425160885
4.06645742396714
3.58077151473163
2.40884796624494
0.635390152583663
-1.53589838486201
-3.8091962661415
-5.8412646131594
-7.29675883640502
-7.90491503831358
-7.5079145729333
-6.09243875961751
-3.79861201281079
-0.904249089297443
2.21355643066708
5.13364050235331
7.45403748758786
8.85314380118872
9.13887622889439
8.27784752660498
6.39984165553192
3.77691997821545
0.780645813412149
-2.1755220283589
-4.69924399781479
-6.47751370282336
-7.32078501036282
-7.1861920764306
-6.17662137575393
-4.51647183198294
-2.50881687166777
-0.481702552806062
1.26702755683156
2.51696580232128
3.1566107185596
3.194170615034
2.74651910810643
2.00899206415833
1.21205803526157
0.573128288641796
0.252514559826047
0.321672363658005
0.749547963962469
1.40949486860288
2.10543859459051
2.61241993637832
2.72396848769277
2.29742842694163
1.28861955157619
-0.230969345062254
-2.0782016714241
-3.98350915454326
-5.63346530986333
-6.72368200513199
-7.01298795571517
-6.36939586674707
-4.79956444438759
-2.45612307653575
0.3790939984935
3.33378484533633
6.00000000000018
7.99634077415024
9.02745668959085
8.93107692559738
7.70477069533165
5.50791457293293
2.63840127202945
-0.512228501815943
-3.51801096463286
-5.98258708560486
-7.597742117492
-8.18714450800847
-7.72849536299231
-6.35093426415629
-4.30867252868547
-1.93574004039434
0.410224529792649
2.40554626301794
3.80984011755185
4.49909965483394
4.47751370282441
3.86674752277529
2.87535156180405
1.75436132182318
0.747441177044344
0.0447152565291287
-0.25140446761465
-0.142379118635373
0.270976162417288
0.812564279360875
1.26993100010478
1.44062539990238
1.17720001227288
0.422260053930665
-0.77327263162363
-2.25251455982511
-3.77570985124595
-5.0603884785897
-5.83175492253351
-5.87446924952835
-5.07652155151668
-3.45707550811315
-1.17277998874507
1.49932241316278
4.20014434298151
6.54230328656133
8.17065366255139
8.81965738629393
8.35800009432453
6.81284361273348
4.36939586674692
1.3455269568004
-1.85471743809083
-4.80135405242364
-7.10281550027388
-8.46410161513764
-8.72944779456977
-7.90280825139535
-6.14313496085956
-3.73559569741244
-1.04381295779557
1.54874323597961
3.69842057824929
5.15232905382593
5.78244274262373
5.59774211749241
4.73310702042006
3.41765484836478
1.92867421022541
0.53964187374766
-0.528361574743712
-1.14333155021306
-1.28089782482181
-1.02189815281338
-0.5299246569136
-0.013412087685702
0.320396985234136
0.310840514627457
-0.120043232631027
-0.94758552002563
-2.04471525652876
-3.20263301997369
-4.16846139599101
-4.69323621634697
-4.58159493429778
-3.73403261524248
-2.17373242032306
-0.052551574076642
2.36568191080801
4.74244762954369
6.7166161749631
7.96285435925506
8.24658055502129
7.46607301172614
5.67432490654686
3.07652155151678
0.00303802052543722
-3.13806052588176
-5.92158246709294
-7.96917499791996
-9.00640490169952
-8.90376068297241
-7.69500894809792
-5.57005812958593
-2.84366861481332
0.0947057483913725
2.8416175512105
5.04090951452206
6.43567214161617
6.90267115729253
6.46410161513818
5.27541030698183
3.5919677367681
1.72087490692887
-0.0334349575254809
-1.42028865734202
-2.28185025639901
-2.57377214005168
-2.36438708908783
-1.81326774470409
-1.1336405023555
-0.545962512412274
-0.231462771934546
-0.294356121033046
-0.739786216728578
-1.47163842525559
-2.31070593737504
-3.02994268980544
-3.40036190111712
-3.23910599802453
-2.45068952745232
-1.05350400565414
0.813807923569421
2.90798519736926
4.91676051794448
6.50881687166611
7.3897775279821
7.35465347242297
6.32755430553999
4.38145059131664
1.73403261524283
-1.28030506726544
-4.25828894055105
-6.78794196473896
-8.51147828448168
-9.18071779010139
-8.69596137967565
-7.12193211682521
-4.67813104698785
-1.70514990862734
1.38758006362152
4.18410648748279
6.32425260231247
7.55590055628474
7.76903065493771
7.00640490169911
5.44972319538422
3.38416843347038
1.14779807565576
-0.925362040124388
-2.55880736352916
-3.57472457163054
-3.91626107632678
-3.64773017687827
-2.93349615937298
-2.00000000000032
-1.08826579897322
-0.405775660336605
-0.086556817736315
-0.166709385456091
-0.57971134265787
-1.1721872311885
-1.73706837457475
-2.05787296484298
-1.95576291023417
-1.33046111278361
-0.187144508008649
1.35611121013078
3.08229808577112
4.70896121464821
5.93574004039344
6.49785044538354
6.21613476623602
5.03467999030846
3.03896165504316
0.450689527452895
-2.40053348193378
-5.12464843819626
-7.33024525130017
-8.68579117288308
-8.97291848680463
-8.12288454840254
-6.2300050342264
-3.53961234080094
-0.412275593396221
2.73006899989439
5.46744957527284
7.4444810169811
8.4222600539304
8.31133394149946
7.18071779010237
5.24192389208756
2.81109160219768
0.25587099305678
-2.06388074631103
-3.85168167875964
-4.91721350790376
-5.19960416411646
-4.76795859154623
-3.79985565701878
-2.54230328656204
-1.26257868737609
-0.1979763570399
0.486520013536553
0.725217697142347
0.558807363528589
0.120687084041167
-0.394579438300289
-0.77452987705234
-0.83553449556498
-0.464101615137445
0.355158778553513
1.53042409853206
2.87449878247393
4.13588438337497
5.0438129577948
5.35933173919707
4.92326045100552
3.69219105403554
1.75561856725257
-0.669538887216361
-3.26689297958003
-5.66695172475845
-7.50455813970201
-8.4779918695862
-8.39984165553181
-7.23095746580438
-5.0914863280404
-2.24673802557083
0.930213342876657
4.01341208768535
6.58767798994284
8.31084051462753
8.96456334049222
8.48564682990184
6.97291848680487
4.66884706081392
1.9191645195996
-0.88264771312927
-3.35675506154131
-5.19417061503268
-6.20055659569407
-6.31983257878533
-5.63431808919205
-4.34215894357957
-2.7166161749644
-1.0547793840789
0.375100474233067
1.37844709613468
1.86373640332814
1.8516816787592
1.46317602031664
0.888763649490156
0.345698537616475
0.0308250020806051
0.0782016714239626
0.529471666955013
1.32262479523571
2.30142195120171
3.24395730077736
3.90529425160919
4.06645742396712
3.58077151473205
2.40884796624536
0.635390152584049
-1.5358983848617
-3.80919626614129
-5.8412646131593
-7.29675883640477
-7.90491503831319
-7.50791457293282
-6.09243875961698
-3.79861201280846
-0.904249089296912
2.21355643066756
5.13364050235369
7.45403748758813
8.85314380118887
9.13887622889441
8.27784752660516
6.39984165553224
3.77691997821588
0.780645813412649
-2.17552202836024
-4.6992439978143
-6.47751370282295
-7.32078501036251
-7.18619207643042
-6.17662137575389
-4.51647183198302
-2.50881687166767
-0.481702552805777
1.26702755683201
2.51696580232186
3.15661071855972
3.19417061503363
2.7465191081061
2.00899206415807
1.2120580352614
0.573128288641714
0.252514559826058
0.321672363658107
0.749547963962657
1.40949486860314
2.10543859459084
2.61241993637854
2.72396848769317
2.29742842694201
1.28861955157654
-0.230969345061967
-2.0782016714239
-3.98350915454317
-5.63346530986307
-6.72368200513158
-7.01298795571466
-6.3693958667465
-4.79956444438665
-2.45612307653626
0.379093998493009
3.3337848453359
5.99999999999986
7.99634077415006
9.02745668959084
8.93107692559752
7.70477069533195
5.50791457293335
2.63840127202995
-0.512228501817457
-3.5180109646334
-5.98258708560538
-7.59774211749246
-8.18714450800883
-7.72849536299254
-6.35093426415636
-4.30867252868538
-1.93574004039408
0.410224529793067
2.40554626301849
3.80984011755218
4.49909965483354
4.47751370282407
3.86674752277504
2.87535156180389
1.75436132182312
0.747441177044391
0.0447152565292663
-0.251404467614432
-0.142379118635088
0.270976162417621
0.812564279361189
1.26993100010409
1.44062539990176
1.17720001227239
0.42226005393035
-0.77327263162375
-2.25251455982504
-3.775709851246
-5.06038847858987
-5.83175492253379
-5.87446924952872
-5.07652155151612
-3.45707550811363
-1.17277998874554
1.49932241316235
4.20014434298118
6.54230328656113
8.17065366255134
8.81965738629404
8.3580000943248
6.81284361273387
4.36939586674741
1.34552695679887
-1.85471743809136
-4.80135405242414
-7.10281550027431
-8.46410161513796
-8.72944779456997
-7.90280825139542
-6.14313496085977
-3.73559569741277
-1.043812957796
1.54874323597914
3.69842057824882
5.1523290538255
5.78244274262337
5.59774211749215
4.73310702041991
3.41765484836474
1.92867421022547
0.539641873747519
-0.528361574744048
-1.14333155021356
-1.28089782482244
-1.02189815281407
-0.529924656914299
-0.0134120876863408
0.320396985233618
0.310840514627105
-0.120043232631181
-0.947585520025589
-2.04471525652882
-3.20263301997385
-4.16846139599127
-4.69323621634732
-4.58159493429819
-3.73403261524292
-2.1737324203235
-0.0525515740770421
2.36568191080769
4.74244762954348
6.71661617496301
7.96285435925482
8.24658055502093
7.46607301172568
5.67432490654634
3.07652155151624
0.00303802052597146
-3.13806052588127
-5.92158246709254
-7.96917499791968
-9.00640490169939
-8.90376068297245
-7.69500894809811
-5.57005812958626
-2.84366861481375
0.0947057483908793
2.84161755120999
5.04090951452159
6.43567214161577
6.90267115729224
6.46410161513802
5.2754103069818
3.59196773676818
1.72087490692876
-0.033434957525782
-1.42028865734249
-2.28185025639961
-2.57377214005236
-2.36438708908746
-1.81326774470377
-1.13364050235524
-0.545962512412089
-0.231462771934448
-0.294356121033039
-0.739786216728664
-1.47163842525576
-2.3107059373753
-3.02994268980577
-3.4003619011175
-3.23910599802387
-2.45068952745176
-1.05350400565371
0.813807923569688
2.90798519736934
4.91676051794438
6.50881687166585
7.3897775279817
7.35465347242248
6.32755430553944
4.38145059131608
1.73403261524336
-1.28030506726495
-4.25828894055063
-6.78794196473865
-8.51147828448151
-9.1807177901014
-8.69596137967581
-7.12193211682553
-4.67813104698828
-1.70514990862785
1.387580063621
4.18410648748335
6.32425260231301
7.55590055628521
7.76903065493809
7.00640490169935
5.44972319538432
3.3841684334706
1.14779807565607
-0.925362040124003
-2.55880736352874
-3.57472457163012
-3.9162610763264
-3.64773017687794
-2.93349615937273
-2.00000000000016
-1.08826579897316
-0.405775660336634
-0.0865568177364349
-0.166709385456294
-0.579711342658143
-1.17218723118883
-1.73706837457512
-2.0578729648423
-1.95576291023357
-1.33046111278314
-0.187144508008352
1.35611121013089
3.08229808577105
4.70896121464826
5.93574004039361
6.49785044538383
6.21613476623641
5.03467999030893
3.03896165504366
0.450689527453378
-2.40053348193335
-5.12464843819594
-7.33024525129998
-8.68579117288304
-8.97291848680444
-8.12288454840223
-6.23000503422599
-3.53961234080045
-0.412275593395695
2.73006899989492
5.46744957527334
7.44448101698154
8.42226005393074
8.31133394149967
7.18071779010245
5.24192389208778
2.81109160219802
0.255870993057195
-2.06388074631058
-3.85168167875918
-4.91721350790335
-5.19960416411611
-4.76795859154597
-3.79985565701863
-2.542303286562
-1.26257868737614
-0.197976357039741
0.486520013536908
0.725217697142867
0.55880736352923
0.120687084041868
-0.394579438300652
-0.774529877052681
-0.835534495565278
-0.464101615137681
0.355158778553359
1.530424098532
2.87449878247398
4.13588438337514
5.04381295779507
5.35933173919742
4.92326045100595
3.692191054036
1.75561856725303
-0.669538887215949
-3.2668929795797
-5.66695172475825
-7.50455813970193
-8.47799186958597
-8.39984165553146
-7.23095746580394
-5.0914863280399
-2.24673802557029
0.930213342876121
4.01341208768486
6.58767798994245
8.31084051462726
8.96456334049211
8.48564682990189
6.97291848680508
4.66884706081426
1.91916451960003
-0.882647713128787
-3.35675506154082
-5.19417061503329
-6.20055659569466
-6.31983257878585
-5.63431808919246
-4.34215894357983
-2.71661617496354
-1.05477938407878
0.375100474233385
1.37844709613517
1.86373640332876
1.85168167875989
1.46317602031628
0.888763649489831
0.345698537616205
0.0308250020804062
0.0782016714238463
0.529471666955332
1.32262479523578
2.30142195120188
3.24395730077762
3.90529425160861
4.06645742396751
3.58077151473169
2.40884796624482
0.635390152583086
-1.53589838486195
-3.80919626614237
-5.84126461316019
-7.29675883640484
-7.90491503831293
-7.50791457293316
-6.09243875961778
-3.79861201280897
-0.904249089297442
2.21355643066604
5.13364050235418
7.45403748758784
8.85314380118899
9.13887622889426
8.27784752660534
6.39984165553171
3.77691997821632
0.780645813414132
-2.17552202835972
-4.69924399781488
-6.47751370282344
-7.32078501036301
-7.18619207643152
-6.17662137575319
-4.51647183198208
-2.50881687166788
-0.481702552805436
1.26702755683164
2.51696580232131
3.15661071855932
3.19417061503325
2.74651910810678
2.00899206415782
1.21205803526203
0.573128288641633
0.252514559825994
0.321672363657894
0.749547963962967
1.40949486860259
2.1054385945912
2.61241993637784
2.7239684876925
2.29742842694116
1.28861955157609
-0.230969345061701
-2.078201671424
-3.98350915454308
-5.63346530986213
-6.72368200513255
-7.01298795571496
-6.36939586674697
-4.79956444438713
-2.45612307653677
0.379093998493464
3.33378484533548
5.99999999999863
7.99634077414989
9.0274566895908
8.93107692559751
7.70477069533165
5.5079145729338
2.63840127202847
-0.512228501817986
-3.51801096463288
-5.9825870856054
-7.59774211749212
-8.18714450800826
-7.72849536299247
-6.35093426415643
-4.30867252868661
-1.9357400403944
0.410224529792019
2.40554626301805
3.80984011755189
4.49909965483314
4.47751370282288
3.86674752277479
2.87535156180275
1.75436132182307
0.747441177043486
0.0447152565291509
-0.251404467614803
-0.142379118636337
0.270976162416974
0.812564279359472
1.26993100010355
1.44062539990276
1.17720001227271
0.422260053930452
-0.773272631623581
-2.25251455982665
-3.77570985124705
-5.06038847859003
-5.83175492253327
-5.8744692495291
-5.07652155151651
-3.4570755081134
-1.17277998874504
1.49932241316179
4.20014434298244
6.54230328656121
8.17065366255255
8.81965738629411
8.35800009432447
6.81284361273289
4.36939586674692
