"x"
7.99634077414997
9.02745668959101
8.9310769255973
7.70477069533163
5.50791457293323
2.63840127202919
-0.512228501817824
-3.51801096463414
-5.98258708560552
-7.59774211749217
-8.1871445080084
-7.72849536299228
-6.35093426415558
-4.30867252868478
-1.93574004039385
0.410224529792929
2.4055462630181
3.80984011755176
4.49909965483328
4.47751370282349
3.86674752277441
2.87535156180343
1.75436132182292
0.747441177043932
0.0447152565290319
-0.251404467614559
-0.142379118635248
0.270976162417333
0.812564279360753
1.2699310001045
1.44062539990267
1.17720001227288
0.42226005393051
-0.773272631623779
-2.25251455982596
-3.77570985124679
-5.06038847859041
-5.83175492253412
-5.87446924952897
-5.0765215515165
-3.45707550811292
-1.17277998874499
1.49932241316255
4.20014434298198
6.54230328656156
8.17065366255212
8.81965738629408
8.35800009432435
6.81284361273327
4.36939586674694
1.34552695679875
-1.85471743809208
-4.80135405242438
-7.1028155002742
-8.46410161513776
-8.72944779456996
-7.90280825139444
-6.14313496085864
-3.73559569741186
-1.0438129577955
1.5487432359792
3.69842057824854
5.15232905382601
5.78244274262352
5.59774211749217
4.73310702042
3.417654848365
1.92867421022507
0.539641873747
-0.528361574743908
-1.14333155021293
-1.28089782482152
-1.02189815281312
-0.5299246569135
-0.0134120876857335
0.320396985233989
0.310840514627291
-0.120043232631054
-0.947585520025935
-2.04471525652902
-3.20263301997384
-4.16846139599203
-4.69323621634784
-4.58159493429854
-3.73403261524225
-2.17373242032268
-0.0525515740763174
2.3656819108081
4.74244762954358
6.71661617496371
7.96285435925519
8.24658055502113
7.466073011726
5.67432490654697
3.07652155151652
0.00303802052450419
-3.13806052588227
-5.92158246709304
-7.96917499791979
-9.00640490169932
-8.90376068297213
-7.69500894809751
-5.57005812958573
-2.84366861481345
0.0947057483908076
2.84161755120965
5.04090951452279
6.43567214161624
6.90267115729221
6.46410161513775
5.27541030698157
3.59196773676714
1.72087490692816
-0.0334349575259369
-1.42028865734228
-2.28185025639921
-2.57377214005199
-2.36438708908737
-1.81326774470374
-1.13364050235443
-0.545962512411601
-0.231462771934272
-0.294356121033208
-0.739786216728983
-1.47163842525609
-2.31070593737545
-3.02994268980578
-3.40036190111739
-3.23910599802428
-2.45068952745204
-1.05350400565397
0.813807923569271
2.9079851973697
4.9167605179457
6.50881687166678
7.38977752798223
7.35465347242277
6.3275543055397
4.38145059131654
1.73403261524229
-1.28030506726569
-4.25828894055099
-6.78794196473864
-8.51147828448134
-9.18071779010147
-8.69596137967519
-7.12193211682457
-4.67813104698732
-1.70514990862722
1.38758006362124
4.18410648748388
6.324252602313
7.55590055628493
7.7690306549378
7.00640490169934
5.44972319538373
3.38416843347022
1.14779807565517
-0.925362040124321
-2.55880736352856
-3.57472457162964
-3.91626107632621
-3.64773017687765
-2.93349615937244
-2.00000000000003
-1.08826579897315
-0.405775660336431
-0.0865568177362759
-0.166709385456051
-0.579711342657716
-1.17218723118916
-1.7370683745753
-2.05787296484313
-1.95576291023407
-1.33046111278335
-0.187144508008443
1.35611121013087
3.08229808577189
4.70896121464876
5.93574004039384
6.49785044538388
6.21613476623648
5.03467999030929
3.03896165504233
0.450689527452051
-2.40053348193432
-5.12464843819657
-7.33024525130022
-8.68579117288351
-8.97291848680454
-8.12288454840225
-6.23000503422619
-3.53961234080107
-0.412275593396813
2.73006899989542
5.46744957527409
7.44448101698169
8.42226005393052
8.31133394149935
7.18071779010147
5.24192389208676
2.81109160219731
0.255870993056849
-2.06388074631059
-3.85168167875898
-4.9172135079039
-5.19960416411647
-4.76795859154627
-3.79985565701796
-2.54230328656158
-1.26257868737532
-0.197976357039493
0.486520013536676
0.725217697142341
0.558807363528571
0.120687084041255
-0.394579438301047
-0.774529877052896
-0.835534495565368
-0.464101615137745
0.355158778553153
1.53042409853299
2.87449878247492
4.13588438337586
5.04381295779546
5.3593317391976
4.92326045100606
3.69219105403503
1.7556185672521
-0.669538887216663
-3.26689297958002
-5.66695172475817
-7.50455813970235
-8.47799186958656
-8.39984165553161
-7.23095746580391
-5.09148632803996
-2.24673802557066
0.930213342877466
4.0134120876856
6.58767798994282
8.3108405146273
8.96456334049208
8.48564682990153
6.97291848680457
4.66884706081387
1.91916451959891
-0.882647713129409
-3.35675506154102
-5.1941706150332
-6.20055659569414
-6.31983257878517
-5.63431808919189
-4.34215894357955
-2.71661617496376
-1.05477938407841
0.375100474233444
1.37844709613505
1.86373640332865
1.85168167875901
1.46317602031551
0.888763649489169
0.345698537615824
0.0308250020802139
0.0782016714238081
0.529471666955319
1.32262479523603
2.30142195120193
3.24395730077748
3.90529425160921
4.06645742396713
3.58077151473175
2.40884796624479
0.635390152583363
-1.53589838486222
-3.80919626614155
-5.84126461316028
-7.29675883640538
-7.90491503831362
-7.50791457293325
-6.09243875961762
-3.79861201280954
-0.904249089296379
2.21355643066773
5.13364050235443
7.45403748758839
8.85314380118886
9.13887622889423
8.27784752660459
6.39984165553166
3.77691997821553
0.780645813412661
-2.17552202835988
-4.69924399781528
-6.4775137028235
-7.32078501036284
-7.18619207643073
-6.17662137575346
-4.51647183198175
-2.50881687166681
-0.481702552805488
1.26702755683181
2.51696580232128
3.15661071855901
3.1941706150333
2.74651910810572
2.0089920641579
1.21205803526139
0.573128288641799
0.252514559825967
0.321672363658371
0.749547963963098
1.40949486860364
2.10543859459123
2.61241993637872
2.72396848769288
2.29742842694158
1.28861955157609
-0.230969345062173
-2.07820167142376
-3.98350915454367
-5.63346530986333
-6.72368200513248
-7.01298795571527
-6.36939586674696
-4.79956444438721
-2.45612307653523
0.37909399849371
3.33378484533645
5.99999999999989
7.99634077414992
9.02745668959103
8.93107692559731
7.70477069533163
5.50791457293327
2.63840127202922
-0.512228501817746
-3.51801096463415
-5.98258708560542
-7.59774211749219
-8.18714450800842
-7.72849536299234
-6.35093426415553
-4.30867252868486
-1.93574004039378
0.410224529792903
2.4055462630181
3.80984011755171
4.49909965483331
4.47751370282356
3.86674752277439
2.87535156180349
1.75436132182299
0.747441177043914
0.0447152565290345
-0.251404467614544
-0.142379118635251
0.270976162417262
0.812564279360747
1.26993100010451
1.4406253999026
1.17720001227288
0.422260053930474
-0.773272631623787
-2.25251455982599
-3.77570985124671
-5.06038847859045
-5.83175492253409
-5.87446924952891
-5.07652155151652
-3.45707550811293
-1.17277998874516
1.49932241316254
4.200144342982
6.54230328656156
8.17065366255213
8.81965738629406
8.35800009432432
6.81284361273331
4.36939586674701
1.34552695679887
-1.85471743809203
-4.8013540524243
-7.10281550027421
-8.46410161513777
-8.72944779456996
-7.90280825139444
-6.14313496085876
-3.73559569741182
-1.04381295779561
1.54874323597925
3.69842057824847
5.15232905382604
5.78244274262351
5.59774211749218
4.73310702042005
3.417654848365
1.92867421022508
0.539641873747056
-0.528361574743919
-0.598076211353172
-2.99999999999995
-4.59807621135327
-4.96410161513776
-4.00000000000014
-1.96410161513788
0.59807621135326
2.99999999999991
4.59807621135331
4.96410161513776
4
1.96410161513793
-0.598076211353206
-2.99999999999987
-4.59807621135328
-4.96410161513775
-4.00000000000003
-1.96410161513772
0.598076211353153
2.99999999999994
4.59807621135326
4.96410161513776
4.00000000000006
1.96410161513777
-0.598076211353099
-2.99999999999989
-4.5980762113533
-4.96410161513777
-4.00000000000001
-1.96410161513782
0.598076211353328
2.99999999999985
4.59807621135328
4.96410161513777
4.00000000000004
1.96410161513787
-0.598076211353275
-3.00000000000004
-4.59807621135326
-4.96410161513776
-4.00000000000007
-1.96410161513779
0.598076211353221
2.99999999999999
4.59807621135323
4.96410161513777
4.00000000000011
1.96410161513784
-0.598076211353309
-2.99999999999995
-4.59807621135332
-4.96410161513778
-4.00000000000005
-1.96410161513789
0.598076211353255
2.99999999999991
4.5980762113533
4.96410161513778
4.00000000000009
1.96410161513781
-0.598076211353201
-2.99999999999998
-4.59807621135328
-4.96410161513775
-4.00000000000012
-1.96410161513786
0.598076211353148
2.99999999999993
4.59807621135326
4.96410161513776
3.99999999999998
1.96410161513791
-0.598076211353236
-2.99999999999989
-4.5980762113533
-4.96410161513777
-4.00000000000001
-1.96410161513796
0.598076211353182
2.99999999999985
4.59807621135327
4.96410161513776
4.00000000000005
1.96410161513775
-0.598076211353129
-2.99999999999992
-4.59807621135325
-4.96410161513776
-4.00000000000008
-1.9641016151378
0.598076211353357
2.99999999999987
4.59807621135329
4.96410161513779
4.00000000000011
1.96410161513784
-0.598076211353304
-2.99999999999983
-4.59807621135327
-4.96410161513779
-4.00000000000014
-1.96410161513789
0.59807621135325
3.00000000000002
4.59807621135325
4.96410161513777
4.00000000000017
1.96410161513794
-0.598076211353197
-2.99999999999997
-4.59807621135322
-4.96410161513777
-4.00000000000004
-1.96410161513799
0.598076211353143
2.99999999999993
4.59807621135332
4.96410161513778
4.00000000000007
1.96410161513804
-0.59807621135309
-2.99999999999989
-4.59807621135329
-4.96410161513775
-4.0000000000001
-1.96410161513783
0.598076211353036
2.99999999999984
4.59807621135327
4.96410161513776
4.00000000000013
1.96410161513788
-0.598076211352983
-2.9999999999998
-4.59807621135325
-4.96410161513776
-4
-1.96410161513793
0.598076211353212
2.99999999999976
4.59807621135323
4.96410161513777
4.00000000000003
1.96410161513772
-0.598076211353158
-2.99999999999994
-4.59807621135321
-4.96410161513778
-4.00000000000006
-1.96410161513777
0.598076211353104
2.9999999999999
4.59807621135319
4.96410161513778
4.00000000000009
1.96410161513782
-0.598076211353333
-2.99999999999985
-4.59807621135328
-4.96410161513779
-4.00000000000013
-1.96410161513787
0.59807621135328
2.99999999999981
4.59807621135326
4.96410161513776
4.00000000000016
1.96410161513792
-0.598076211353226
-3
-4.59807621135324
-4.96410161513777
-4.00000000000019
-1.96410161513797
0.598076211353173
2.99999999999995
4.59807621135333
4.96410161513777
4.00000000000005
1.96410161513802
-0.598076211353119
-2.99999999999991
-4.59807621135331
-4.96410161513778
-4.00000000000008
-1.96410161513807
0.598076211353065
2.99999999999987
4.59807621135328
4.96410161513775
4.00000000000012
1.96410161513785
-0.598076211353012
-2.99999999999982
-4.59807621135326
-4.96410161513776
-4.00000000000015
-1.9641016151379
0.598076211353241
2.99999999999978
4.59807621135324
4.96410161513777
4.00000000000001
1.96410161513795
-0.598076211353187
-2.99999999999974
-4.59807621135322
-4.96410161513777
-4.00000000000004
-1.96410161513774
0.598076211353133
2.99999999999992
4.5980762113532
4.96410161513778
4.00000000000007
1.96410161513779
-0.59807621135308
-2.99999999999988
-4.59807621135329
-4.96410161513779
-4.00000000000011
-1.96410161513784
0.598076211353309
2.99999999999984
4.59807621135327
4.96410161513779
4.00000000000014
1.96410161513789
-0.598076211353255
-3.00000000000002
-4.59807621135325
-4.96410161513777
-4.00000000000017
-1.96410161513794
0.598076211353201
2.99999999999998
4.59807621135323
4.96410161513777
4.0000000000002
1.96410161513799
-0.598076211353148
-2.99999999999993
-4.59807621135332
-4.96410161513778
-4.00000000000007
-1.96410161513804
0.598076211353095
2.99999999999989
4.5980762113533
4.96410161513778
4.0000000000001
1.96410161513809
-0.598076211353323
-2.99999999999985
-4.59807621135327
-4.96410161513779
-3.99999999999996
-1.96410161513788
0.598076211352988
2.9999999999998
4.59807621135325
4.96410161513776
4.00000000000016
1.96410161513766
-0.598076211353216
-2.99999999999976
-4.59807621135323
-4.96410161513777
-4.00000000000002
-1.96410161513798
0.59807621135288
2.99999999999994
4.59807621135321
4.96410161513778
4.00000000000006
1.96410161513776
-0.598076211353109
-2.99999999999967
-4.5980762113533
-4.96410161513778
-4.00000000000009
-1.96410161513807
0.598076211353338
2.99999999999986
4.59807621135317
4.96410161513776
4.00000000000012
1.96410161513786
-0.598076211353002
-3.00000000000004
-4.59807621135326
-4.9641016151378
-4.00000000000015
-1.96410161513791
0.598076211353231
2.99999999999977
4.59807621135335
4.96410161513777
4.00000000000019
1.96410161513796
-0.598076211353177
-2.99999999999996
-4.59807621135322
-4.96410161513781
-4.00000000000005
-1.96410161513801
0.598076211353124
2.99999999999991
4.59807621135331
4.96410161513778
4.00000000000025
1.9641016151378
-0.59807621135307
-2.99999999999987
-4.59807621135329
-4.96410161513775
-4.00000000000011
-1.96410161513811
0.598076211353299
2.99999999999983
4.59807621135326
4.96410161513779
3.99999999999998
1.9641016151379
-0.598076211352963
-3.00000000000001
-4.59807621135324
-4.96410161513777
-4.00000000000018
-1.96410161513769
0.598076211353192
2.99999999999974
4.59807621135322
4.96410161513777
4.00000000000004
1.964101615138
-0.598076211353421
-2.99999999999993
-4.5980762113532
-4.96410161513778
-4.00000000000007
-1.96410161513779
0.598076211353085
2.99999999999965
4.59807621135329
4.96410161513779
4.0000000000001
1.96410161513784
-0.598076211353313
-2.99999999999984
-4.59807621135316
-4.96410161513776
-4.00000000000014
-1.96410161513788
0.598076211352978
3.00000000000002
4.59807621135325
4.9641016151378
4
1.96410161513793
-0.598076211353206
-2.99999999999975
-4.59807621135334
-4.96410161513777
-4.0000000000002
-1.96410161513798
0.598076211353153
2.99999999999994
4.59807621135321
4.96410161513774
4.00000000000006
1.96410161513803
-0.598076211353099
-2.99999999999989
-4.5980762113533
-4.96410161513778
-4.00000000000027
-1.96410161513782
0.598076211353046
2.99999999999985
4.59807621135328
4.96410161513776
4.00000000000013
1.96410161513813
-0.598076211353275
-2.99999999999981
-4.59807621135326
-4.9641016151378
-3.99999999999999
-1.96410161513792
0.598076211352939
2.99999999999999
4.59807621135323
4.96410161513777
4.00000000000019
1.96410161513771
-0.598076211353168
-2.99999999999972
-4.59807621135321
-4.96410161513778
-4.00000000000005
-1.96410161513802
0.598076211353396
2.99999999999991
4.59807621135319
4.96410161513778
4.00000000000009
1.96410161513781
-0.598076211353061
-2.99999999999964
-4.59807621135328
-4.96410161513779
-4.00000000000012
-1.96410161513786
0.598076211353289
2.99999999999982
4.59807621135315
4.96410161513776
4.00000000000015
1.96410161513791
-0.598076211352954
-3
-4.59807621135324
-4.9641016151378
-4.00000000000001
-1.96410161513796
0.598076211353182
2.99999999999973
4.59807621135333
4.96410161513777
4.00000000000022
1.96410161513775
-0.598076211353129
-2.99999999999992
-4.5980762113532
-4.96410161513775
-4.00000000000008
-1.96410161513806
0.598076211353075
2.99999999999987
4.59807621135329
4.96410161513779
3.99999999999994
1.96410161513784
-0.598076211353022
-2.99999999999983
-4.59807621135327
-4.96410161513776
-4.00000000000014
-1.96410161513816
0.59807621135325
2.99999999999979
4.59807621135325
4.96410161513777
4
1.96410161513794
-0.598076211352914
-2.99999999999997
-4.59807621135322
-4.96410161513777
-4.00000000000021
-1.96410161513773
0.598076211353143
2.9999999999997
4.59807621135332
-4.91721350790389
-5.19960416411646
-4.76795859154643
-3.79985565701801
-2.54230328656157
-1.26257868737547
-0.197976357039586
0.486520013536682
0.725217697142324
0.558807363528655
0.120687084041242
-0.394579438301086
-0.774529877052841
-0.835534495565339
-0.464101615137714
0.355158778553105
1.53042409853291
2.87449878247486
4.13588438337574
5.04381295779539
5.35933173919754
4.92326045100588
3.69219105403501
1.75561856725207
-0.669538887216333
-3.26689297957999
-5.66695172475813
-7.50455813970236
-8.47799186958648
-8.39984165553156
-7.23095746580391
-5.09148632804012
-2.24673802557048
0.93021334287751
4.01341208768541
6.58767798994269
8.31084051462738
8.9645633404921
8.48564682990159
6.97291848680466
4.66884706081388
1.919164519599
-0.882647713129279
-3.35675506154115
-5.19417061503316
-6.20055659569421
-6.31983257878513
-5.63431808919195
-4.34215894357959
-2.71661617496375
-1.05477938407857
0.375100474233503
1.37844709613502
1.86373640332859
1.85168167875898
1.46317602031559
0.888763649489368
0.345698537615835
0.0308250020801948
0.0782016714237912
0.529471666955257
1.32262479523598
2.30142195120205
3.24395730077739
3.90529425160926
4.0664574239673
3.58077151473169
2.40884796624484
0.635390152583549
-1.53589838486216
-3.80919626614153
-5.84126461316024
-7.29675883640524
-7.90491503831361
-7.50791457293332
-6.09243875961768
-3.79861201280932
-0.904249089296334
2.2135564306674
5.13364050235404
7.45403748758838
8.85314380118889
9.13887622889426
8.27784752660473
6.39984165553156
3.77691997821556
0.780645813412801
-2.17552202836009
-4.6992439978152
-6.47751370282334
-7.32078501036285
-7.18619207643086
-6.17662137575351
-4.5164718319818
-2.50881687166715
-0.481702552805534
1.26702755683184
2.51696580232128
3.1566107185591
3.19417061503319
2.7465191081058
2.00899206415804
1.21205803526138
0.573128288641753
0.25251455982598
0.32167236365841
0.749547963963099
1.40949486860345
2.10543859459114
2.61241993637883
2.72396848769293
2.29742842694151
1.2886195515762
-0.230969345062163
-2.07820167142369
-3.98350915454362
-5.63346530986322
-6.72368200513239
-7.01298795571528
-6.3693958667471
-4.79956444438722
-2.45612307653516
0.379093998493812
3.33378484533602
5.99999999999998
7.99634077415
9.02745668959095
8.93107692559725
7.7047706953316
5.50791457293349
2.63840127202936
-0.512228501818053
-3.51801096463404
-5.98258708560536
-7.597742117492
-8.18714450800842
-7.7284953629924
-6.3509342641557
-4.30867252868462
-1.93574004039396
0.410224529792949
2.40554626301806
3.80984011755189
4.49909965483331
4.47751370282341
3.86674752277471
2.87535156180353
1.75436132182294
0.747441177044054
0.0447152565290212
-0.251404467614506
-0.14237911863545
0.270976162417192
0.812564279360727
1.26993100010438
1.44062539990248
1.17720001227286
0.422260053930446
-0.773272631623684
-2.25251455982584
-3.77570985124691
-5.06038847859022
-5.83175492253403
-5.87446924952904
-5.07652155151648
-3.45707550811304
-1.17277998874501
1.49932241316219
4.20014434298197
6.5423032865615
8.17065366255194
8.81965738629401
8.35800009432431
6.81284361273343
4.36939586674731
1.34552695679876
-1.8547174380922
-4.80135405242419
-7.102815500274
-8.46410161513776
-8.72944779456999
-7.90280825139456
-6.14313496085852
-3.73559569741198
-1.04381295779567
1.54874323597917
3.69842057824869
5.15232905382608
5.78244274262351
5.59774211749231
4.73310702042004
3.41765484836508
1.92867421022531
0.539641873746989
-0.528361574743897
-1.14333155021282
-1.28089782482171
-1.02189815281324
-0.529924656913491
-0.0134120876858324
0.320396985233828
0.310840514627217
-0.120043232631033
-0.947585520025829
-2.04471525652907
-3.20263301997371
-4.16846139599184
-4.69323621634778
-4.58159493429839
-3.7340326152423
-2.17373242032287
-0.0525515740765825
2.3656819108081
4.74244762954347
6.71661617496365
7.96285435925514
8.24658055502104
7.46607301172598
5.67432490654724
3.0765215515165
0.00303802052461433
-3.13806052588209
-5.92158246709321
-7.96917499791983
-9.00640490169929
-8.9037606829722
-7.69500894809749
-5.57005812958583
-2.84366861481368
0.0947057483905027
2.84161755120969
5.04090951452287
6.43567214161626
6.90267115729224
6.46410161513786
5.27541030698164
3.59196773676724
1.72087490692816
-0.0334349575259303
-1.42028865734221
-2.28185025639912
-2.57377214005193
-2.36438708908746
-1.81326774470396
-1.13364050235449
-0.54596251241158
-0.231462771934364
-0.294356121033174
-0.739786216728978
-1.47163842525612
-2.31070593737537
-3.02994268980557
-3.40036190111731
-3.23910599802419
-2.45068952745211
-1.05350400565393
0.813807923569129
2.90798519736959
4.9167605179456
6.50881687166666
7.38977752798221
7.35465347242268
6.32755430553979
4.38145059131648
1.73403261524234
-1.28030506726529
-4.25828894055094
-6.78794196473869
-8.51147828448134
-9.18071779010146
-8.69596137967518
-7.12193211682462
-4.67813104698753
-1.7051499086275
1.38758006362133
4.18410648748369
6.32425260231303
7.55590055628506
7.76903065493792
7.00640490169943
5.44972319538386
3.38416843347036
1.14779807565523
-0.925362040124245
-2.55880736352841
-3.57472457162968
-3.91626107632614
-3.64773017687767
-2.93349615937259
-2.00000000000006
-1.08826579897316
-0.405775660336501
-0.0865568177362208
-0.16670938545602
-0.579711342657562
-1.17218723118914
-1.7370683745754
-2.0578729648429
-1.955762910234
-1.33046111278327
-0.187144508008482
1.35611121013068
3.0822980857717
4.70896121464884
5.93574004039371
6.49785044538388
6.21613476623643
5.03467999030912
3.03896165504232
0.450689527452189
-2.40053348193437
-5.12464843819646
-7.33024525130018
-8.68579117288336
-8.97291848680451
-8.12288454840228
-6.23000503422652
-3.53961234080133
-0.412275593396643
2.73006899989526
5.46744957527385
7.44448101698172
8.42226005393058
8.31133394149946
7.18071779010164
5.2419238920867
2.81109160219749
0.255870993056918
-2.06388074631045
-3.85168167875905
-4.91721350790387
-5.19960416411636
-4.76795859154634
-3.79985565701814
-2.54230328656163
-1.26257868737553
-0.197976357039518
0.486520013536741
0.725217697142469
0.558807363528682
0.120687084041278
-0.394579438301184
-0.774529877052696
-0.835534495565253
-0.464101615137736
0.35515877855306
1.53042409853285
2.87449878247499
4.13588438337561
5.04381295779535
5.35933173919765
4.92326045100604
3.69219105403494
1.75561856725216
-0.669538887216635
-3.26689297957988
-5.66695172475799
-7.50455813970229
-8.47799186958661
-8.39984165553158
-7.23095746580407
-5.09148632803992
-2.24673802557099
0.930213342877505
4.01341208768541
6.58767798994285
8.31084051462719
8.96456334049209
8.48564682990163
6.97291848680449
4.66884706081407
1.91916451959898
-0.882647713129286
-3.35675506154119
-5.19417061503323
-6.20055659569416
-6.31983257878525
-5.6343180891917
-4.3421589435797
-2.71661617496406
-1.05477938407844
0.37510047423331
1.37844709613509
1.86373640332868
1.85168167875913
1.46317602031575
0.88876364948904
0.345698537615568
0.0308250020802801
-2.79289321881345
-2.32203403081789
-1.10151653659546
0.597904398716822
2.30585902963117
3.50000000000001
3.77889072147444
2.99705647422724
1.31272147505735
-0.868948974807259
-3.03553390593274
-4.73788717647411
-5.72868960032172
-6.01923203528293
-5.83638578902664
-5.50000000000001
-5.27114540178055
-5.23219203436273
-5.24668254627306
-5.01540172789994
-4.20710678118637
-2.61267756707272
-0.261433438279299
2.54802849764766
5.31800560177022
7.49999999999991
8.66825087409632
8.65538450565743
7.60069057024788
5.89383051644751
4.03553390593286
2.46735579894531
1.4333115437666
0.923175039987782
0.715482114705111
0.49999999999997
0.0292467816293001
-0.761920914091612
-1.71660540010119
-2.51244077082022
-2.79289321881345
-2.32203403081785
-1.10151653659567
0.597904398716576
2.30585902963096
3.49999999999991
3.77889072147443
2.99705647422718
1.31272147505726
-0.868948974806948
-3.03553390593283
-4.73788717647442
-5.72868960032175
-6.01923203528293
-5.83638578902668
-5.49999999999999
-5.27114540178054
-5.23219203436273
-5.24668254627306
-5.01540172789992
-4.20710678118653
-2.61267756707299
-0.261433438279183
2.54802849764726
5.31800560177034
7.49999999999968
8.66825087409634
8.65538450565741
7.60069057024808
5.89383051644743
4.03553390593246
2.46735579894549
1.43331154376657
0.923175039987711
0.715482114705103
0.499999999999956
0.0292467816293884
-0.761920914091652
-1.71660540010107
-2.51244077082014
-2.79289321881346
-2.32203403081781
-1.10151653659588
0.597904398716654
2.30585902963131
3.49999999999994
3.77889072147442
2.99705647422736
1.31272147505717
-0.868948974807456
-3.03553390593255
-4.73788717647423
-5.72868960032189
-6.01923203528293
-5.83638578902661
-5.49999999999998
-5.27114540178056
-5.23219203436273
-5.24668254627307
-5.01540172789998
-4.20710678118648
-2.61267756707327
-0.261433438279547
2.54802849764791
5.31800560176998
7.50000000000006
8.66825087409648
8.65538450565748
7.60069057024775
5.89383051644769
4.0355339059327
2.4673557989452
1.43331154376667
0.923175039987754
0.715482114705096
0.499999999999999
0.02924678162936
-0.761920914091691
-1.71660540010094
-2.51244077082016
-2.79289321881347
-2.32203403081793
-1.10151653659554
0.597904398716408
2.3058590296311
3.50000000000012
3.77889072147445
2.99705647422707
1.31272147505672
-0.868948974807146
-3.035533905933
-4.73788717647404
-5.7286896003218
-6.01923203528293
-5.83638578902665
-5.50000000000002
-5.27114540178056
-5.23219203436272
-5.24668254627306
-5.01540172789988
-4.20710678118665
-2.61267756707282
-0.261433438279911
2.54802849764752
5.31800560177056
7.49999999999983
8.66825087409639
8.65538450565735
7.60069057024795
5.89383051644727
4.03553390593262
2.46735579894538
1.43331154376664
0.923175039987797
0.715482114705119
0.499999999999985
0.0292467816294486
-0.761920914091566
-1.71660540010115
-2.51244077082008
-2.79289321881345
-2.32203403081774
-1.10151653659575
0.597904398716811
2.30585902963144
3.50000000000001
3.7788907214744
2.99705647422725
1.31272147505699
-0.868948974807245
-3.03553390593273
-4.7378871764741
-5.72868960032183
-6.01923203528293
-5.83638578902664
-5.49999999999995
-5.27114540178057
-5.23219203436273
-5.24668254627307
-5.01540172789994
-4.20710678118638
-2.61267756707309
-0.261433438279315
2.54802849764816
5.31800560177021
7.50000000000021
8.66825087409642
8.65538450565743
7.60069057024789
5.89383051644753
4.03553390593287
2.46735579894532
1.43331154376674
0.923175039987784
0.715482114705083
0.500000000000028
0.0292467816293036
-0.761920914091772
-1.71660540010102
-2.51244077082022
-2.79289321881346
-2.32203403081786
-1.10151653659541
0.597904398716565
2.30585902963123
3.50000000000004
3.77889072147443
2.99705647422719
1.31272147505691
-0.868948974806935
-3.03553390593282
-4.73788717647392
-5.72868960032174
-6.01923203528293
-5.83638578902668
-5.49999999999999
-5.27114540178054
-5.23219203436273
-5.24668254627306
-5.01540172789984
-4.20710678118654
-2.61267756707264
-0.261433438279679
2.54802849764777
5.31800560177032
7.49999999999998
8.66825087409634
8.65538450565741
7.60069057024809
5.89383051644744
4.03553390593247
2.4673557989455
1.43331154376657
0.923175039987825
0.715482114705105
0.499999999999958
0.029246781629392
-0.761920914091646
-1.71660540010123
-2.51244077082013
-2.79289321881344
-2.32203403081782
-1.10151653659561
0.597904398716643
2.30585902963102
3.49999999999994
3.77889072147442
2.99705647422737
1.31272147505718
-0.868948974807441
-3.03553390593254
-4.73788717647422
-5.72868960032188
-6.01923203528293
-5.83638578902661
-5.50000000000004
-5.27114540178056
-5.23219203436273
-5.24668254627307
-5.0154017278999
-4.20710678118649
-2.61267756707292
-0.261433438279564
2.54802849764789
5.31800560176997
7.50000000000005
8.66825087409626
8.65538450565749
7.60069057024776
5.8938305164477
4.03553390593271
2.46735579894521
1.43331154376667
0.923175039987757
0.715482114705069
0.500000000000001
0.0292467816292485
-0.76192091409152
-1.7166054001011
-2.51244077082016
-2.79289321881345
-2.32203403081794
-1.10151653659555
0.597904398716397
2.30585902963109
3.50000000000011
3.77889072147445
2.99705647422708
1.31272147505746
-0.868948974807132
-3.03553390593299
-4.73788717647404
-5.7286896003218
-6.01923203528293
-5.83638578902666
-5.49999999999997
-5.27114540178056
-5.23219203436273
-5.24668254627307
-5.01540172789996
-4.20710678118665
-2.61267756707283
-0.261433438279927
2.5480284976475
5.31800560177054
7.49999999999982
8.66825087409639
8.65538450565736
7.60069057024796
5.89383051644728
4.03553390593296
2.46735579894539
1.43331154376651
0.923175039987799
0.715482114705091
0.499999999999987
0.0292467816293358
-0.76192091409156
-1.71660540010114
-2.51244077082008
-2.79289321881345
-2.32203403081806
-1.10151653659576
0.597904398716799
2.30585902963088
3.5
3.7788907214744
2.99705647422725
1.31272147505701
-0.868948974807639
-3.03553390593272
-4.73788717647434
-5.72868960032171
-6.01923203528293
-5.83638578902664
-5.50000000000001
-5.27114540178058
-5.23219203436273
-5.24668254627307
-5.01540172789994
-4.20710678118639
-2.61267756707311
-0.261433438279332
2.5480284976471
5.31800560177019
7.50000000000021
8.66825087409631
8.65538450565744
7.60069057024763
5.89383051644754
4.03553390593256
2.46735579894533
1.43331154376661
0.923175039987785
0.715482114705113
0.50000000000003
0.0292467816293083
-0.761920914091434
-1.71660540010101
-2.51244077082021
-2.79289321881346
-2.32203403081786
-1.10151653659542
0.597904398716554
2.30585902963122
3.4999999999999
3.77889072147443
2.99705647422697
1.31272147505728
-0.86894897480733
-3.0355339059328
-4.73788717647416
-5.72868960032174
-6.01923203528293
-5.83638578902669
-5.49999999999994
-5.27114540178059
-5.23219203436273
-5.24668254627306
-5.01540172789992
-4.20710678118655
-2.61267756707302
-0.261433438279696
2.54802849764723
5.31800560177077
7.49999999999966
8.66825087409644
8.65538450565762
7.60069057024783
5.89383051644746
4.0355339059328
2.46735579894551
1.43331154376644
0.923175039987828
0.715482114705076
0.499999999999959
0.0292467816292807
-0.76192091409164
-1.71660540010105
-2.51244077082013
-2.79289321881346
-2.32203403081798
-1.1015165365959
0.597904398716956
2.30585902963073
3.50000000000007
3.77889072147442
2.99705647422714
1.31272147505719
-0.868948974807837
-3.03553390593253
-4.73788717647446
-5.72868960032166
-6.01923203528293
-5.83638578902661
-5.49999999999998
-5.27114540178056
-5.23219203436273
-5.24668254627307
-5.01540172789999
-4.20710678118628
-2.61267756707329
-0.2614334382791
2.54802849764683
5.31800560177042
7.50000000000004
8.66825087409636
8.65538450565749
7.6006905702475
5.89383051644771
4.0355339059324
2.46735579894521
1.43331154376654
0.923175039987758
0.715482114705099
0.500000000000003
0.0292467816293678
-0.761920914091514
-1.71660540010092
-2.51244077082026
-2.79289321881347
-2.32203403081779
-1.10151653659556
0.59790439871671
2.30585902963108
3.49999999999997
3.77889072147446
2.99705647422685
1.31272147505747
-0.868948974807526
-3.03553390593298
-4.73788717647428
-5.7286896003218
-6.01923203528293
-5.83638578902666
-5.50000000000002
-5.27114540178058
-5.23219203436272
-5.24668254627306
-5.01540172790005
-4.20710678118645
-2.61267756707284
-0.261433438279464
2.54802849764748
5.31800560177099
7.49999999999981
8.66825087409649
8.65538450565757
7.60069057024771
5.89383051644729
4.03553390593265
2.4673557989454
1.43331154376665
0.9231750399878
0.71548211470512
0.499999999999933
0.0292467816294555
-0.76192091409172
-1.7166054001008
-2.51244077082018
-2.79289321881345
-2.32203403081791
-1.10151653659577
0.597904398717113
2.30585902963087
3.50000000000014
3.7788907214744
2.99705647422703
1.31272147505702
-0.868948974807216
-3.0355339059327
-4.73788717647409
-5.72868960032171
-6.01923203528293
-5.83638578902659
-5.50000000000007
-5.27114540178055
-5.23219203436273
-5.24668254627306
-5.01540172789995
-4.20710678118661
-2.61267756707312
-0.261433438278869
2.54802849764708
5.31800560177064
7.50000000000019
8.66825087409641
8.65538450565744
7.60069057024791
5.89383051644755
4.03553390593289
2.46735579894558
1.43331154376675
0.923175039987731
0.715482114705142
0.499999999999976
0.0292467816293114
-0.761920914091594
-1.71660540010101
-2.51244077082032
-2.79289321881346
-2.32203403081771
-1.10151653659598
0.597904398716867
2.30585902963121
3.50000000000003
3.77889072147443
2.99705647422721
1.3127214750573
-0.868948974806906
-3.03553390593315
-4.7378871764739
-5.72868960032185
-6.01923203528293
-5.83638578902663
-5.5
-5.27114540178057
-5.23219203436273
-5.24668254627305
-5.01540172790001
-4.20710678118634
-2.61267756707267
-0.261433438279233
2.54802849764773
5.31800560177029
7.49999999999996
8.66825087409633
8.65538450565752
7.60069057024811
5.89383051644713
4.03553390593313
2.46735579894528
1.43331154376658
0.923175039987773
0.715482114705106
0.500000000000019
0.0292467816294004
-0.7619209140918
-1.71660540010088
-2.51244077082023
-2.79289321881344
-2.32203403081783
-1.10151653659563
0.59790439871662
2.305859029631
3.49999999999993
3.77889072147447
2.99705647422738
1.31272147505684
-0.868948974806595
-3.03553390593288
-4.73788717647421
-5.72868960032176
-6.01923203528293
-5.83638578902656
-5.50000000000004
-5.27114540178054
-5.23219203436272
-5.24668254627306
-5.01540172789991
-4.20710678118651
-2.61267756707294
-0.261433438279596
2.54802849764734
5.31800560176994
7.50000000000034
8.66825087409625
8.65538450565739
7.60069057024831
5.89383051644739
4.03553390593274
2.46735579894546
1.43331154376668
0.923175039987704
0.715482114705129
0.499999999999948
0.0292467816292568
-0.761920914091674
-1.71660540010109
-2.51244077082015
-2.79289321881345
-2.32203403081795
-1.10151653659584
0.597904398716375
2.30585902963135
3.49999999999982
3.77889072147441
2.9970564742271
1.31272147505712
-0.868948974807104
-3.0355339059326
-4.73788717647402
-5.7286896003219
-6.01923203528293
-5.8363857890266
-5.49999999999997
-5.27114540178056
-5.23219203436273
-5.24668254627307
-5.01540172789997
-4.20710678118667
-2.61267756707322
-0.261433438279961
-1.39606599109233
-0.0847146591872794
1.09256626381466
2.0374927743098
2.67855600283937
2.97734745712189
2.93153630102348
2.57423238001543
1.96982515071048
1.20673540015494
0.387819652763645
-0.380603227948895
-1.00000000000006
-1.39001751542765
-1.49698213645452
-1.29965173950224
-0.811641252946021
-0.0802731725803034
0.818040315117838
1.78543203413284
2.71247902668058
3.48938700205914
4.01735000036007
4.21895363034226
4.04658003153376
3.48796524058209
2.56833616355168
1.3488878728714
-0.0782801454287321
-1.59830289557542
-3.08399540373928
-4.40760805268977
-5.45276334448112
-6.1254239020114
-6.36283170757086
-6.13955208630101
-5.47003399599768
-4.40743373618565
-3.03880956812603
-1.47714484007647
0.149037066700696
1.70747109010893
3.07423238001519
4.14494687792038
4.84406278495085
5.13130574797223
5.00471610886187
4.49999999999993
3.68628482700814
2.65871870646142
1.52865865091896
0.412423957968775
-0.580273172580385
-1.35708141209185
-1.85189535066332
-2.03100706852755
-1.89593233475184
-1.48264999963983
-0.857348712093663
-0.109120811382179
0.65965485016101
1.34427095263712
1.84888787287148
2.0968415817812
2.03902448922071
1.65949069146914
0.97771128412098
0.0472366555188155
-1.04912155957554
-2.20713086465481
-3.31124169587974
-4.24596878508303
-4.90743373618551
-5.21393129533585
-5.11447222487265
-4.59444902850765
-3.67784824670189
-2.42576761998468
-0.931355464515553
0.688361942034696
2.30299535755139
3.7806508979471
5.0000000000001
5.86140655421807
6.2960460912575
6.27214474612736
5.79774329477928
4.91972682741959
3.71922093034383
2.30380549225282
0.797303321893347
-0.671867123837268
-1.98264999963992
-3.03247043930345
-3.74644819617832
-4.08383124504731
-4.04104838417394
-3.65111212712822
-2.97946076065485
-2.116676353695
-1.16881969895217
-0.24635392679347
0.547236655518882
1.12600016763425
1.43019652014121
1.43224439932853
1.13935055172774
0.592566263814371
-0.137628952900248
-0.958771381956922
-1.76613863808675
-2.45378303578741
-2.92576761998476
-3.1064771917252
-2.94896544276131
-2.44049073765739
-1.60466843886331
-0.500000000000195
0.78510421178232
2.14034524834171
3.44383435570635
4.57367808386494
5.41972682741957
5.89434265755394
5.94113287704872
5.5407894171021
4.71345221297361
3.51735000035992
2.04383190313235
0.409252646737597
-1.25552085462634
-2.81698317325925
-4.15111212712842
-5.15458248786443
-5.75400373849127
-5.91230579416036
-5.63167326360451
-4.95276334448104
-3.95030217480153
-2.7255043227747
-1.3960659910925
-0.0847146591865457
1.09256626381452
2.03749277430996
2.6785560028393
2.97734745712188
2.93153630102349
2.57423238001527
1.96982515071055
1.20673540015484
0.387819652763724
-0.380603227948722
-1.00000000000021
-1.39001751542756
-1.49698213645456
-1.29965173950227
-0.811641252945857
-0.0802731725803967
0.818040315118146
1.78543203413274
2.71247902668125
3.48938700205908
4.01735000036033
4.2189536303423
4.04658003153386
3.4879652405822
2.56833616355159
1.34888787287157
-0.0782801454286512
-1.59830289557522
-3.08399540373917
-4.40760805269004
-5.45276334448104
-6.12542390201151
-6.36283170757085
-6.13955208630096
-5.47003399599772
-4.40743373618546
-3.03880956812611
-1.47714484007624
0.149037066700621
1.70747109010911
3.07423238001559
4.14494687792042
4.8440627849509
5.13130574797222
5.004716108862
4.5
3.6862848270083
2.65871870646155
1.52865865091868
0.412423957968903
-0.580273172580593
-1.35708141209176
-1.85189535066338
-2.03100706852753
-1.8959323347515
-1.48264999963987
-0.857348712093314
-0.109120811382251
0.659654850161373
1.34427095263707
1.84888787287174
2.09684158178121
2.03902448922075
1.65949069146921
0.977711284121085
0.0472366555185726
-1.0491215595754
-2.2071308646551
-3.31124169587962
-4.24596878508325
-4.90743373618546
-5.21393129533591
-5.11447222487271
-4.59444902850752
-3.67784824670204
-2.42576761998438
-0.931355464515208
0.688361942035057
2.30299535755119
3.7806508979474
4.99999999999996
5.86140655421805
6.29604609125747
6.2721447461274
5.79774329477937
4.91972682741968
3.719220930344
2.3038054922524
0.79730332189354
-0.671867123837201
-1.98264999963976
-3.03247043930346
-3.74644819617826
-4.08383124504741
-4.04104838417371
-3.65111212712827
-2.97946076065451
-2.11667635369509
-1.16881969895192
-0.246353926793565
0.547236655518803
1.12600016763419
1.43019652014119
1.43224439932854
1.13935055172778
0.592566263814435
-0.13762895290006
-0.958771381956841
-1.76613863808654
-2.4537830357876
-2.92576761998459
-3.10647719172538
-2.94896544276124
-2.44049073765738
-1.60466843886334
-0.50000000000001
0.785104211782216
2.14034524834154
3.44383435570621
4.57367808386482
5.4197268274197
5.89434265755392
5.94113287704867
5.54078941710218
4.71345221297364
3.5173500003601
2.04383190313242
0.409252646737815
-1.25552085462669
-2.81698317325905
-4.15111212712867
-5.15458248786459
-5.75400373849134
-5.91230579416036
-5.63167326360438
-4.95276334448114
-3.95030217480167
-2.72550432277485
-1.39606599109261
-0.0847146591867061
1.09256626381447
2.03749277430985
2.67855600283938
2.97734745712185
2.93153630102349
2.57423238001531
1.96982515071061
1.20673540015447
0.387819652763804
-0.380603227949029
-1.00000000000016
-1.39001751542771
-1.49698213645457
-1.29965173950218
-0.811641252945928
-0.0802731725805259
0.818040315118394
1.78543203413256
2.71247902668116
3.4893870020589
4.0173500003603
4.21895363034218
4.04658003153392
3.48796524058217
2.56833616355137
1.34888787287162
-0.0782801454288706
-1.59830289557566
-3.08399540373942
-4.40760805268995
-5.45276334448121
-6.12542390201145
-6.36283170757085
-6.13955208630098
-5.47003399599783
-4.4074337361851
-3.0388095681263
-1.47714484007632
0.149037066700975
1.70747109010905
3.07423238001542
4.14494687792043
4.84406278495083
5.13130574797208
5.00471610886202
4.49999999999972
3.68628482700806
2.65871870646123
1.52865865091882
0.412423957968645
-0.580273172580482
-1.35708141209168
-1.85189535066333
-2.03100706852752
-1.89593233475164
-1.48264999963992
-0.857348712093516
-0.109120811382021
0.659654850161163
1.34427095263702
1.84888787287174
2.09684158178121
2.03902448922072
1.65949069146929
0.9777112841209
0.0472366555186987
-1.04912155957568
-2.20713086465496
-3.31124169587984
-4.24596878508317
-4.90743373618532
-5.21393129533597
-5.11447222487264
-4.59444902850762
-3.67784824670205
-2.42576761998457
-0.931355464515277
0.688361942034844
2.30299535755111
3.78065089794771
4.99999999999991
5.86140655421813
6.29604609125751
6.27214474612732
5.79774329477945
4.91972682741947
3.71922093034417
2.30380549225259
0.797303321893734
-0.671867123837018
-1.98264999964001
-3.03247043930334
-3.74644819617818
-4.08383124504741
-4.04104838417372
-3.65111212712844
-2.97946076065459
-2.11667635369528
-1.16881969895159
-0.246353926793713
0.547236655519008
1.1260001676343
1.4301965201412
1.4322443993286
1.13935055172765
0.592566263814591
-0.137628952899982
-0.958771381956635
-1.76613863808647
-2.45378303578741
-2.92576761998457
-3.10647719172526
-2.9489654427612
-2.44049073765736
-1.60466843886347
-0.499999999999654
0.785104211782048
2.14034524834186
3.44383435570606
4.57367808386507
5.41972682741963
5.894342657554
5.9411328770487
5.54078941710206
4.71345221297377
3.51735000036028
2.04383190313208
0.409252646738034
-1.25552085462648
-2.81698317325886
-4.15111212712852
-5.15458248786448
-5.75400373849128
-5.91230579416035
-5.63167326360424
-4.95276334448123
-3.95030217480139
-2.72550432277455
-1.39606599109235
-0.0847146591868659
1.09256626381462
2.03749277430974
2.67855600283943
2.97734745712181
2.93153630102364
2.57423238001515
1.96982515071081
1.20673540015455
0.387819652763691
-0.38060322794896
-1.00000000000003
-1.39001751542769
-1.49698213645454
-1.29965173950212
-0.811641252946011
-0.0802731725802781
0.81804031511823
1.7854320341329
2.71247902668097
3.48938700205909
4.01735000036014
4.2189536303422
4.04658003153384
3.48796524058227
2.56833616355138
1.3488878728718
-0.0782801454287896
-1.59830289557547
-3.08399540373932
-4.4076080526898
-5.45276334448142
-6.1254239020114
-6.36283170757088
-6.13955208630104
-5.47003399599771
-4.40743373618526
-3.03880956812608
-1.47714484007653
0.149037066700764
1.70747109010886
3.07423238001526
4.14494687792061
4.84406278495075
5.13130574797218
5.00471610886204
4.49999999999987
3.68628482700816
2.65871870646139
1.52865865091895
0.412423957968388
-0.58027317258037
-1.35708141209182
-1.85189535066339
-2.03100706852749
-1.89593233475165
-1.48264999963975
-0.85734871209358
-0.109120811382235
0.659654850161095
1.34427095263683
1.84888787287171
2.0968415817811
2.03902448922076
1.6594906914691
0.977711284121005
0.0472366555187973
-1.04912155957555
-2.20713086465481
-3.31124169588015
-4.24596878508301
-4.90743373618556
-5.21393129533597
-5.11447222487272
-4.59444902850773
-3.67784824670182
-2.42576761998475
-0.931355464515484
0.688361942034631
2.3029953575509
3.78065089794753
4.99999999999977
5.86140655421804
6.29604609125752
6.27214474612735
5.79774329477952
4.91972682741923
3.71922093034427
2.30380549225233
0.797303321893825
-0.67186712383721
-1.98264999963998
-3.03247043930338
-3.74644819617824
-4.08383124504737
-4.04104838417386
-3.65111212712849
-2.97946076065448
-2.11667635369538
-1.16881969895177
-0.24635392679381
0.547236655518902
1.12600016763425
1.4301965201412
1.43224439932861
1.13935055172753
0.592566263814656
-0.137628952900206
-0.958771381956874
-1.76613863808669
-2.45378303578736
-2.9257676199847
-3.10647719172528
-2.94896544276125
-2.44049073765746
-1.6046684388636
-0.49999999999981
0.78510421178188
2.14034524834169
3.44383435570636
4.57367808386495
5.41972682741955
5.89434265755398
5.94113287704873
5.54078941710194
4.71345221297391
3.51735000035999
2.04383190313228
0.409252646737668
-1.25552085462627
-2.81698317325931
-4.15111212712836
-5.15458248786448
-5.75400373849122
-5.91230579416042
-5.63167326360429
-4.95276334448136
-3.95030217480152
-2.72550432277468
-1.39606599109251
-0.0847146591869543
1.09256626381485
2.03749277430974
2.67855600283939
2.97734745712194
2.9315363010234
2.57423238001533
1.96982515071046
1.20673540015476
0.387819652763771
-0.380603227948786
-0.999999999999981
-1.3900175154277
-1.49698213645456
-1.29965173950215
-0.811641252945857
-0.0802731725804069
0.818040315118126
1.78543203413271
2.71247902668088
3.48938700205941
4.01735000036012
4.21895363034238
4.04658003153379
3.48796524058227
2.56833616355153
1.34888787287151
-0.0782801454285966
-1.59830289557527
-3.08399540373914
-4.40760805268965
-5.45276334448134
-6.12542390201134
-6.36283170757086
-6.13955208630094
-5.47003399599776
-4.40743373618542
-3.03880956812564
-1.47714484007674
0.149037066701118
1.70747109010866
3.07423238001552
4.14494687792048
4.84406278495083
5.13130574797215
5.00471610886204
4.49999999999994
3.68628482700832
2.65871870646111
1.5286586509191
0.412423957968516
-0.580273172580294
-1.35708141209173
-1.85189535066342
-2.03100706852747
-1.89593233475179
-1.48264999963958
-0.857348712093781
-0.109120811381863
0.659654850161316
1.34427095263715
1.84888787287168
2.09684158178127
2.0390244892208
-3.53961234080136
-0.412275593397207
2.73006899989542
5.46744957527434
7.44448101698167
8.42226005393062
8.31133394149933
7.18071779010193
5.24192389208703
2.81109160219745
0.255870993057546
-2.06388074631035
-3.85168167875858
-4.91721350790362
-5.19960416411613
-4.76795859154671
-3.79985565701827
-2.54230328656158
-1.26257868737575
-0.197976357039591
0.486520013536495
0.725217697142092
0.558807363528185
0.120687084041688
-0.394579438300762
-0.774529877052717
-0.835534495565127
-0.464101615137681
0.355158778553204
1.53042409853242
2.87449878247441
4.13588438337577
5.04381295779565
5.35933173919786
4.92326045100589
3.69219105403489
1.75561856725177
-0.669538887215978
-3.26689297957956
-5.66695172475799
-7.50455813970241
-8.47799186958674
-8.39984165553182
-7.23095746580417
-5.09148632804
-2.24673802557125
0.930213342877218
4.01341208768585
6.58767798994216
8.31084051462713
8.96456334049216
8.48564682990155
6.97291848680442
4.66884706081438
1.91916451959906
-0.882647713129715
-3.35675506154059
-5.19417061503328
-6.20055659569441
-6.31983257878499
-5.63431808919158
-4.34215894358007
-2.71661617496392
-1.0547793840784
0.375100474233252
1.3784470961352
1.86373640332893
1.85168167875965
1.46317602031616
0.888763649489681
0.34569853761569
0.0308250020800993
0.0782016714237965
0.529471666955198
1.32262479523606
2.30142195120123
3.24395730077684
3.90529425160872
4.0664574239673
3.5807715147319
2.40884796624477
0.635390152583738
-1.53589838486216
-3.80919626614182
-5.84126461315981
-7.29675883640517
-7.90491503831324
-7.50791457293317
-6.0924387596176
-3.79861201280983
-0.904249089296386
2.21355643066812
5.13364050235379
7.4540374875882
8.85314380118887
9.13887622889432
8.27784752660471
6.39984165553178
3.77691997821534
0.78064581341309
-2.17552202835936
-4.69924399781511
-6.4775137028235
-7.32078501036271
-7.18619207643079
-6.17662137575436
-4.51647183198249
-2.50881687166719
-0.481702552805422
1.26702755683217
2.51696580232099
3.15661071855896
3.19417061503323
2.74651910810562
2.00899206415759
1.21205803526152
0.573128288641806
0.252514559825958
0.321672363658124
0.74954796396271
1.40949486860319
2.10543859459081
2.61241993637859
2.72396848769293
2.29742842694164
1.28861955157604
-0.230969345061722
-2.0782016714235
-3.98350915454369
-5.63346530986356
-6.72368200513276
-7.01298795571487
-6.36939586674741
-4.79956444438785
-2.45612307653585
0.379093998493532
3.33378484533646
5.99999999999916
7.99634077414962
9.02745668959097
8.93107692559728
7.70477069533135
5.50791457293248
2.63840127203041
-0.512228501817018
-3.51801096463385
-5.98258708560566
-7.59774211749252
-8.18714450800845
-7.7284953629926
-6.35093426415587
-4.30867252868484
-1.93574004039359
0.410224529793429
2.4055462630179
3.80984011755176
4.49909965483382
4.47751370282415
3.86674752277495
2.8753515618041
1.75436132182337
0.74744117704414
0.0447152565290665
-0.251404467614562
-0.142379118635157
0.27097616241713
0.812564279360662
1.26993100010453
1.44062539990271
1.1772000122725
0.422260053930972
-0.773272631623207
-2.25251455982548
-3.77570985124651
-5.06038847859036
-5.83175492253417
-5.87446924952895
-5.07652155151659
-3.45707550811287
-1.17277998874465
1.49932241316327
4.20014434298042
6.54230328656055
8.17065366255166
8.81965738629401
8.3580000943244
6.81284361273315
4.36939586674779
1.34552695679932
-1.85471743809191
-4.80135405242458
-7.10281550027458
-8.46410161513738
-8.72944779456986
-7.90280825139505
-6.14313496085927
-3.73559569741223
-1.0438129577955
1.54874323597837
3.69842057824819
5.15232905382598
5.7824427426236
5.59774211749214
4.73310702042041
3.41765484836522
1.92867421022506
0.539641873746797
-0.528361574744101
-1.14333155021341
-1.28089782482184
-1.0218981528135
-0.529924656913811
-0.0134120876859034
0.320396985233924
0.310840514627239
-0.120043232630974
-0.947585520025865
-2.04471525652909
-3.20263301997406
-4.16846139599233
-4.69323621634739
-4.58159493429846
-3.73403261524239
-2.1737324203228
-0.052551574076245
2.36568191080725
4.742447629543
6.71661617496348
7.96285435925515
8.24658055502105
7.46607301172557
5.67432490654755
3.07652155151767
0.00303802052541591
-3.13806052588181
-5.92158246709297
-7.96917499791918
-9.00640490169923
-8.90376068297226
-7.69500894809757
-5.57005812958545
-2.84366861481279
0.0947057483899836
2.84161755120919
5.04090951452257
6.43567214161621
6.90267115729238
6.46410161513845
5.27541030698229
3.59196773676767
1.72087490692834
-0.0334349575260444
-1.42028865734255
-2.28185025639883
-2.57377214005168
-2.36438708908701
-1.81326774470327
-1.13364050235389
-0.545962512412137
-0.231462771934444
-0.29435612103311
-0.739786216728779
-1.47163842525589
-2.31070593737538
-3.02994268980526
-3.40036190111708
-3.23910599802408
-2.45068952745175
-1.0535040056535
0.813807923568795
2.90798519736861
4.91676051794491
6.50881687166631
7.38977752798201
7.35465347242259
6.32755430553997
4.38145059131684
1.73403261524235
-1.28030506726599
-4.25828894055156
-6.787941964738
-8.51147828448115
-9.18071779010148
-8.69596137967546
-7.12193211682484
-4.67813104698735
-1.7051499086283
1.38758006362059
4.18410648748372
6.32425260231318
7.55590055628516
7.7690306549378
7.00640490169948
5.4497231953838
3.38416843347008
1.14779807565485
-0.925362040124273
-2.55880736352825
-3.5747245716298
-3.91626107632659
-3.64773017687797
-2.93349615937263
-2.00000000000033
-1.08826579897333
-0.405775660336487
-0.0865568177363452
-0.166709385456261
-0.579711342658143
-1.17218723118831
-1.73706837457461
-2.05787296484267
-1.95576291023378
-1.33046111278315
-0.187144508009073
1.35611121013026
3.08229808577153
4.70896121464877
5.93574004039406
6.49785044538414
6.21613476623674
5.03467999030949
3.03896165504281
0.450689527452421
-2.4005334819343
-5.12464843819675
-7.3302452512996
-8.68579117288328
-8.97291848680446
-8.12288454840203
-6.23000503422559
-3.53961234080186
-0.412275593397212
2.73006899989543
5.46744957527435
7.44448101698171
8.42226005393068
8.3113339414998
7.180717790102
5.24192389208709
2.81109160219719
0.255870993056346
-2.06388074630989
-3.85168167875866
-4.91721350790373
-5.19960416411626
-4.76795859154591
-3.79985565701739
-2.54230328656245
-1.2625786873758
-0.19797635703959
0.48652001353685
0.725217697142612
0.558807363528692
0.120687084041326
-0.394579438301125
-0.774529877053059
-0.835534495565492
-0.464101615137693
0.355158778553053
1.53042409853236
2.8744987824743
4.13588438337535
5.0438129577951
5.35933173919757
4.92326045100631
3.69219105403535
1.75561856725223
-0.669538887216816
-3.26689297958053
-5.66695172475778
-7.50455813970235
-8.47799186958667
-8.39984165553147
-7.23095746580373
-5.09148632804119
-2.24673802557178
0.930213342876684
4.01341208768536
6.58767798994281
8.31084051462742
8.96456334049205
8.4856468299016
6.97291848680447
4.66884706081342
1.9191645195981
-0.882647713128436
-3.35675506154063
-5.19417061503335
-6.20055659569451
-6.31983257878551
-5.63431808919199
-4.34215894358004
-2.716616174964
-1.05477938407843
0.375100474233546
1.37844709613512
1.86373640332856
1.8516816787598
1.46317602031633
0.888763649489841
0.345698537616222
3.00000000000005
4.5980762113527
4.96410161513786
4.00000000000015
1.96410161513843
-0.598076211353236
-2.99999999999864
-4.59807621135291
-4.9641016151378
-4.00000000000052
-1.96410161513796
0.598076211353747
2.99999999999905
4.59807621135311
4.96410161513788
4.00000000000022
1.96410161513748
-0.598076211352
-2.99999999999946
-4.59807621135286
-4.96410161513781
-3.99999999999991
-1.96410161513806
0.598076211352511
2.99999999999897
4.59807621135306
4.96410161513775
4.00000000000028
1.96410161513863
-0.598076211351893
-2.99999999999938
-4.59807621135327
-4.96410161513783
-3.99999999999997
-1.9641016151392
0.598076211352404
2.99999999999979
4.59807621135302
4.96410161513777
4.00000000000103
1.96410161513873
-0.598076211352914
-2.99999999999929
-4.59807621135322
-4.9641016151377
-4.00000000000072
-1.96410161513825
0.598076211352297
2.9999999999997
4.59807621135343
4.96410161513792
4.00000000000041
1.96410161513883
-0.598076211352808
-3.00000000000011
-4.59807621135318
-4.96410161513785
-4.00000000000078
-1.96410161513835
0.598076211353319
2.99999999999962
4.59807621135294
4.96410161513793
4.00000000000048
1.96410161513788
-0.598076211352701
-3.00000000000003
-4.59807621135269
-4.96410161513787
-4.00000000000017
-1.96410161513845
0.598076211353212
2.99999999999862
4.5980762113529
4.9641016151378
4.00000000000054
1.96410161513798
-0.598076211353722
-2.99999999999903
-4.5980762113531
-4.96410161513788
-4.00000000000023
-1.96410161513751
0.598076211351976
2.99999999999944
4.59807621135285
4.96410161513782
3.99999999999992
1.96410161513808
-0.598076211352487
-2.99999999999895
-4.59807621135305
-4.96410161513776
-4.0000000000003
-1.96410161513865
0.598076211351869
2.99999999999936
4.59807621135326
4.96410161513783
3.99999999999999
1.96410161513922
-0.59807621135238
-2.99999999999977
-4.59807621135301
-4.96410161513777
-4.00000000000104
-1.96410161513875
0.59807621135289
2.99999999999927
4.59807621135321
4.96410161513771
4.00000000000073
1.96410161513828
-0.598076211352272
-2.99999999999968
-4.59807621135342
-4.96410161513792
-4.00000000000042
-1.96410161513885
0.598076211352783
3.00000000000009
4.59807621135317
4.96410161513786
4.0000000000008
1.96410161513838
-0.598076211353294
-2.9999999999996
-4.59807621135293
-4.96410161513793
-4.00000000000049
-1.9641016151379
0.598076211352676
3.00000000000001
4.59807621135268
4.96410161513787
4.00000000000018
1.96410161513848
-0.598076211353187
-2.9999999999986
-4.59807621135289
-4.96410161513781
-4.00000000000055
-1.964101615138
0.598076211353698
2.99999999999901
4.59807621135309
4.96410161513788
4.00000000000025
1.96410161513753
-0.598076211351951
-2.99999999999942
-4.59807621135284
-4.96410161513782
-3.99999999999994
-1.9641016151381
0.598076211352462
2.99999999999893
4.59807621135305
4.96410161513776
4.00000000000031
1.96410161513867
-0.598076211351844
-2.99999999999934
-4.59807621135325
-4.96410161513783
-4
-1.96410161513925
0.598076211352355
2.99999999999975
4.598076211353
4.96410161513777
4.00000000000106
1.96410161513877
-0.598076211352866
-2.99999999999925
-4.5980762113532
-4.96410161513771
-4.00000000000075
-1.9641016151383
0.598076211352248
2.99999999999966
4.59807621135341
4.96410161513792
4.00000000000044
1.96410161513887
-0.598076211352759
-3.00000000000007
-4.59807621135316
-4.96410161513786
-4.00000000000081
-1.9641016151384
0.59807621135327
2.99999999999958
4.59807621135292
4.96410161513793
4.0000000000005
1.96410161513793
-0.598076211352652
-2.99999999999999
-4.59807621135267
-4.96410161513787
-4.0000000000002
-1.9641016151385
0.598076211353163
2.99999999999858
4.59807621135288
4.96410161513781
4.00000000000057
1.96410161513802
-0.598076211353674
-2.99999999999899
-4.59807621135308
-4.96410161513788
-4.00000000000026
-1.96410161513755
0.598076211351927
2.9999999999994
4.59807621135283
4.96410161513782
3.99999999999995
1.96410161513812
-0.598076211352438
-2.99999999999891
-4.59807621135304
0.923175039987719
0.715482114705078
0.500000000000077
0.0292467816295192
-0.761920914091628
-1.71660540010104
-2.51244077082034
-2.79289321881343
-2.32203403081799
-1.10151653659592
0.597904398716934
2.30585902963127
3.50000000000006
3.77889072147452
2.99705647422716
1.31272147505722
-0.868948974806991
-3.03553390593323
-4.73788717647445
-5.72868960032165
-6.01923203528293
-5.83638578902662
-5.49999999999998
-5.27114540178052
-5.23219203436272
-5.24668254627307
-5.01540172789999
-4.2071067811863
-2.61267756707259
-0.261433438279133
2.5480284976468
5.31800560177038
7.50000000000002
8.66825087409636
8.65538450565729
7.60069057024805
5.89383051644774
4.03553390593307
2.46735579894523
1.43331154376655
0.92317503998765
0.715482114705158
0.500000000000007
0.029246781629376
-0.761920914091835
-1.71660540010125
-2.51244077082004
-2.79289321881347
-2.3220340308178
-1.10151653659558
0.597904398716688
2.30585902963161
3.49999999999996
3.77889072147446
2.99705647422733
1.31272147505677
-0.868948974807498
-3.03553390593223
-4.73788717647376
-5.72868960032179
-6.01923203528293
-5.83638578902655
-5.49999999999991
-5.27114540178058
-5.23219203436272
-5.24668254627306
-5.01540172789989
-4.20710678118646
-2.61267756707359
-0.261433438279498
2.54802849764744
5.31800560177003
7.50000000000041
8.66825087409649
8.65538450565758
7.60069057024825
5.89383051644732
4.03553390593267
2.46735579894493
1.43331154376693
0.923175039987804
0.715482114705123
0.499999999999937
0.0292467816292321
-0.761920914091708
-1.71660540010078
-2.51244077082018
-2.79289321881345
-2.32203403081792
-1.10151653659523
0.597904398716442
2.30585902963085
3.49999999999985
3.7788907214744
2.99705647422705
1.31272147505631
-0.86894897480637
-3.03553390593268
-4.73788717647407
-5.72868960032193
-6.01923203528293
-5.83638578902671
-5.50000000000007
-5.27114540178055
-5.23219203436273
-5.24668254627306
-5.01540172789978
-4.20710678118662
-2.61267756707314
-0.261433438279861
2.54802849764809
5.31800560177061
7.49999999999955
8.66825087409619
8.65538450565745
7.60069057024792
5.8938305164469
4.03553390593227
2.46735579894559
1.43331154376676
0.923175039987735
0.715482114705086
0.49999999999998
0.0292467816295514
-0.761920914091583
-1.716605400101
-2.51244077082009
-2.79289321881344
-2.32203403081772
-1.101516536596
0.597904398716196
2.30585902963119
3.50000000000031
3.77889072147435
2.99705647422769
1.31272147505805
-0.868948974807695
-3.03553390593313
-4.73788717647438
-5.72868960032184
-6.01923203528293
-5.83638578902664
-5.5
-5.27114540178057
-5.23219203436273
-5.24668254627307
-5.01540172790002
-4.20710678118679
-2.61267756707342
-0.261433438278307
2.54802849764874
5.31800560176933
7.49999999999931
8.66825087409654
8.65538450565732
7.6006905702476
5.8938305164485
4.03553390593251
2.4673557989453
1.43331154376659
0.923175039987778
0.715482114705109
0.500000000000022
0.0292467816294071
-0.761920914091457
-1.71660540010087
-2.51244077082044
-2.79289321881347
-2.32203403081816
-1.1015165365962
0.597904398717247
2.30585902963154
3.5000000000002
3.77889072147456
2.99705647422693
1.31272147505687
-0.868948974807386
-3.03553390593285
-4.73788717647419
-5.72868960032176
-6.01923203528293
-5.83638578902668
-5.50000000000004
-5.2711454017805
-5.23219203436272
-5.24668254627308
-5.01540172790008
-4.20710678118609
-2.61267756707224
-0.261433438280589
2.54802849764626
5.31800560177083
7.50000000000032
8.66825087409646
8.6553845056574
7.6006905702478
5.89383051644741
4.03553390593276
2.46735579894548
1.43331154376669
0.923175039987595
0.715482114705131
0.500000000000066
0.0292467816294955
-0.761920914091994
-1.71660540010142
-2.51244077081993
-2.79289321881348
-2.32203403081765
-1.10151653659531
0.597904398717001
2.30585902963133
3.50000000000009
3.77889072147441
2.99705647422711
1.31272147505714
-0.868948974807075
-3.03553390593258
-4.737887176474
-5.72868960032167
-6.01923203528293
-5.83638578902649
-5.49999999999986
-5.27114540178061
-5.23219203436272
-5.24668254627305
-5.01540172789981
-4.20710678118625
-2.61267756707397
-0.261433438279034
2.54802849764795
5.31800560177048
7.50000000000009
8.66825087409638
8.65538450565748
7.600690570248
5.89383051644767
4.035533905933
2.4673557989447
1.4333115437668
0.923175039987862
0.715482114705153
0.499999999999881
0.0292467816291211
-0.761920914091868
-1.71660540010061
-2.51244077082028
-2.79289321881344
-2.32203403081777
-1.10151653659552
0.597904398716754
2.30585902963112
3.49999999999999
3.77889072147445
2.99705647422729
1.31272147505596
-0.868948974806765
-3.03553390593231
-4.73788717647382
-5.72868960032203
-6.01923203528293
-5.83638578902676
-5.50000000000013
-5.27114540178053
-5.23219203436273
-5.24668254627306
-5.01540172789987
-4.20710678118642
-2.61267756707279
-0.261433438279398
2.54802849764755
5.31800560177013
7.49999999999985
8.6682508740963
8.65538450565756
7.6006905702482
5.89383051644657
4.03553390593196
2.46735579894584
1.4333115437669
0.923175039987681
0.715482114705059
0.499999999999925
0.0292467816296709
-0.761920914091743
-1.71660540010116
-2.5124407708202
-2.79289321881345
-2.32203403081789
-1.10151653659573
0.597904398716509
2.30585902963091
3.49999999999988
3.7788907214743
2.99705647422746
1.3127214750577
-0.868948974806455
-3.03553390593348
-4.73788717647462
-5.72868960032195
-6.01923203528293
-5.83638578902658
-5.49999999999995
-5.27114540178055
-5.23219203436273
-5.24668254627306
-5.01540172789993
-4.20710678118658
-2.61267756707307
-0.261433438279762
2.54802849764924
5.31800560176978
7.49999999999961
8.66825087409622
8.65538450565722
7.60069057024734
5.89383051644818
4.03553390593349
2.46735579894507
1.43331154376646
0.923175039987723
0.715482114705081
0.499999999999967
0.0292467816292956
-0.761920914091617
-1.71660540010103
-2.51244077082012
-2.79289321881346
-2.322034030818
-1.10151653659594
0.597904398716262
2.30585902963181
3.50000000000034
3.77889072147452
2.99705647422764
1.31272147505652
-0.86894897480778
-3.0355339059332
-4.73788717647344
-5.72868960032186
-6.01923203528293
-5.83638578902662
-5.49999999999999
-5.27114540178057
-5.23219203436273
-5.24668254627307
-5.0154017279
-4.20710678118674
-2.61267756707189
-0.261433438280126
2.54802849764676
5.31800560176942
7.50000000000063
8.66825087409656
8.6553845056573
7.6006905702486
5.89383051644708
4.03553390593245
2.46735579894525
1.43331154376656
0.923175039987765
0.715482114705103
0.50000000000001
0.029246781629384
-0.761920914091491
-1.71660540010158
-2.51244077082003
-2.79289321881347
-2.32203403081812
-1.10151653659504
0.597904398717314
2.30585902963049
3.49999999999966
3.77889072147437
2.99705647422689
1.31272147505679
-0.86894897480747
-3.03553390593293
-4.73788717647424
-5.72868960032178
-6.01923203528293
-5.83638578902667
-5.50000000000003
-5.27114540178058
-5.23219203436272
-5.24668254627308
-5.01540172789972
-4.20710678118605
-2.61267756707362
-0.26143343828049
2.54802849764845
5.31800560177093
7.50000000000039
8.66825087409606
8.65538450565738
7.60069057024774
5.89383051644734
4.03553390593269
2.46735579894543
1.43331154376666
0.923175039987808
0.715482114705124
0.500000000000054
0.0292467816290096
-0.761920914091365
-1.71660540010077
-2.51244077081995
-2.79289321881343
-2.32203403081761
-1.10151653659525
0.597904398715771
2.30585902963138
3.50000000000012
3.77889072147441
2.99705647422706
1.31272147505707
-0.86894897480716
-3.03553390593265
-4.73788717647405
-5.72868960032169
-6.01923203528293
-5.83638578902671
-5.50000000000008
-5.2711454017806
-5.23219203436274
-5.24668254627305
-5.01540172790013
-4.20710678118707
-2.61267756707244
-0.261433438278935
2.54802849764806
5.31800560177058
7.50000000000015
8.6682508740964
8.65538450565746
7.60069057024794
5.8938305164476
4.03553390593293
2.46735579894561
1.43331154376677
0.923175039987851
0.71548211470503
0.499999999999869
0.029246781629559
-0.76192091409124
-1.71660540010132
-2.5124407708203
-2.79289321881344
-2.32203403081836
-1.10151653659546
0.597904398716822
2.30585902963117
3.50000000000001
3.77889072147444
2.99705647422724
1.31272147505735
-0.86894897480685
-3.03553390593238
-4.73788717647486
-5.72868960032161
-6.01923203528293
-5.83638578902675
-5.49999999999989
-5.27114540178053
-5.23219203436273
-5.24668254627309
-5.01540172789985
-4.20710678118637
-2.61267756707272
-0.261433438279299
2.54802849764766
5.31800560177022
7.49999999999991
8.66825087409632
8.65538450565754
7.60069057024709
5.89383051644785
4.03553390593318
2.46735579894579
1.43331154376633
0.923175039987669
0.715482114705169
0.50000000000014
0.0292467816291841
-0.761920914091777
-1.71660540010119
-2.51244077082022
-2.79289321881345
-2.32203403081785
-1.10151653659567
0.597904398716576
2.30585902963096
3.49999999999991
-3.98350915454343
-5.63346530986324
-6.72368200513242
-7.01298795571456
-6.36939586674625
-4.79956444438769
-2.45612307653579
0.379093998493513
3.33378484533638
6.00000000000025
7.99634077414937
9.0274566895909
8.9310769255974
7.70477069533165
5.50791457293291
2.63840127202843
-0.512228501815948
-3.51801096463283
-5.98258708560479
-7.59774211749189
-8.18714450800832
-7.72849536299285
-6.35093426415611
-4.30867252868503
-1.93574004039368
0.410224529793453
2.40554626301882
3.80984011755151
4.49909965483368
4.47751370282411
3.866747522775
2.87535156180379
1.7543613218235
0.747441177044266
0.0447152565291669
-0.251404467614497
-0.142379118635123
0.270976162417604
0.812564279361215
1.26993100010511
1.44062539990329
1.17720001227305
0.422260053930728
-0.773272631623132
-2.25251455982526
-3.77570985124618
-5.06038847858996
-5.83175492253377
-5.87446924952858
-5.07652155151686
-3.45707550811325
-1.1727799887451
1.49932241316281
4.20014434298261
6.54230328656024
8.1706536625515
8.81965738629403
8.3580000943246
6.81284361273351
4.36939586674693
1.34552695679933
-1.8547174380919
-4.8013540524246
-7.10281550027464
-8.46410161513813
-8.72944779457002
-7.90280825139523
-6.14313496085945
-3.73559569741235
-1.04381295779554
1.54874323597957
3.69842057824784
5.15232905382574
5.78244274262349
5.59774211749214
4.7331070204198
3.41765484836526
1.92867421022527
0.53964187374716
-0.528361574743631
-1.14333155021287
-1.28089782482154
-1.021898152814
-0.52992465691432
-0.0134120876863646
0.32039698523357
0.310840514627023
-0.120043232630858
-0.947585520025727
-2.04471525652896
-3.20263301997395
-4.16846139599229
-4.69323621634726
-4.58159493429862
-3.73403261524266
-2.17373242032315
-0.0525515740766433
2.36568191080809
4.74244762954252
6.71661617496326
7.96285435925522
8.24658055502143
7.46607301172624
5.67432490654692
3.07652155151764
0.00303802052542856
-3.13806052588178
-5.92158246709296
-7.96917499791995
-9.00640490169913
-8.90376068297236
-7.69500894809784
-5.57005812958585
-2.84366861481327
0.0947057483913767
2.84161755120874
5.04090951452222
6.43567214161599
6.90267115729231
6.46410161513795
5.27541030698262
3.59196773676792
1.72087490692847
-0.0334349575260608
-1.42028865734272
-2.28185025639978
-2.57377214005211
-2.3643870890875
-1.81326774470376
-1.13364050235431
-0.545962512412074
-0.231462771934436
-0.294356121033075
-0.739786216728721
-1.47163842525583
-2.31070593737534
-3.02994268980576
-3.40036190111769
-3.23910599802477
-2.45068952745248
-1.05350400565421
0.813807923569456
2.90798519736843
4.91676051794464
6.508816871666
7.38977752798171
7.35465347242233
6.32755430553914
4.38145059131726
1.73403261524285
-1.28030506726547
-4.25828894055109
-6.78794196473901
-8.51147828448095
-9.18071779010147
-8.69596137967564
-7.12193211682518
-4.67813104698781
-1.70514990862732
1.38758006361954
4.18410648748274
6.32425260231236
7.55590055628459
7.76903065493753
7.00640490169977
5.44972319538405
3.38416843347026
1.14779807565492
-0.925362040124343
-2.55880736352902
-3.57472457162961
-3.9162610763265
-3.64773017687796
-2.93349615937268
-2.00000000000007
-1.08826579897342
-0.405775660336561
-0.0865568177363913
-0.166709385456278
-0.579711342658143
-1.17218723118983
-1.7370683745741
-2.05787296484222
-1.95576291023343
-1.33046111278294
-0.187144508008108
1.35611121013015
3.08229808577129
4.70896121464844
5.93574004039369
6.49785044538378
6.21613476623622
5.03467999030982
3.03896165504323
0.4506895274529
-2.40053348193382
-5.12464843819634
-7.33024525129918
-8.68579117288317
-8.97291848680469
-8.12288454840257
-6.2300050342264
-3.53961234080093
-0.412275593397227
2.73006899989544
5.46744957527441
7.44448101698183
8.42226005393085
8.31133394149987
7.18071779010222
5.24192389208744
2.8110916021976
0.255870993056771
-2.06388074631096
-3.85168167875836
-4.91721350790354
-5.19960416411619
-4.76795859154594
-3.7998556570175
-2.54230328656246
-1.26257868737598
-0.197976357039902
0.486520013536436
0.725217697142126
0.558807363528291
0.120687084041832
-0.394579438300624
-0.774529877052628
-0.835534495565185
-0.464101615137545
0.355158778553529
1.53042409853218
2.87449878247414
4.13588438337524
5.04381295779508
5.35933173919733
4.92326045100653
3.69219105403567
1.75561856725263
-0.669538887216382
-3.26689297958011
-5.66695172475858
-7.50455813970214
-8.47799186958648
-8.39984165553132
-7.23095746580363
-5.09148632803945
-2.24673802557178
0.930213342876667
4.01341208768535
6.58767798994283
8.31084051462749
8.96456334049215
8.48564682990174
6.97291848680477
4.66884706081384
1.91916451959857
-0.882647713129254
-3.3567550615397
-5.19417061503253
-6.20055659569386
-6.31983257878508
-5.6343180891918
-4.34215894357935
-2.71661617496423
-1.05477938407853
0.375100474233613
1.37844709613535
1.86373640332888
1.85168167875974
1.4631760203163
0.888763649489836
0.345698537616213
0.0308250020804373
0.0782016714239075
0.529471666955077
1.32262479523588
2.30142195120197
3.24395730077766
3.9052942516095
4.06645742396781
3.58077151473253
2.40884796624549
0.635390152584079
-1.53589838486176
-3.80919626614141
-5.84126461315947
-7.29675883640496
-7.90491503831337
-7.50791457293295
-6.09243875961707
-3.79861201281028
-0.904249089296914
2.21355643066758
5.13364050235372
7.45403748758815
8.85314380118887
9.13887622889438
8.27784752660511
6.39984165553218
3.77691997821584
0.780645813412632
-2.17552202835942
-4.69924399781528
-6.47751370282378
-7.32078501036313
-7.18619207643078
-6.17662137575397
-4.51647183198284
-2.50881687166756
-0.481702552805757
1.26702755683192
2.51696580232169
3.15661071855894
3.19417061503332
2.74651910810578
2.00899206415778
1.21205803526118
0.573128288641588
0.252514559826049
0.321672363658217
0.749547963962871
1.40949486860343
2.10543859459117
2.61241993637795
2.72396848769238
2.29742842694124
1.28861955157584
-0.230969345062541
-2.07820167142429
-3.98350915454335
-5.63346530986328
-6.7236820051318
-7.01298795571487
-6.36939586674666
-4.79956444438817
-2.4561230765363
0.379093998493022
3.33378484533596
5.99999999999993
7.99634077415013
9.02745668959087
8.93107692559723
7.70477069533135
5.50791457293252
2.63840127202895
-0.512228501816477
-3.51801096463337
-5.98258708560531
-7.59774211749234
-8.18714450800868
-7.72849536299237
-6.3509342641562
-4.30867252868525
-1.93574004039401
0.410224529793051
2.40554626301838
3.80984011755123
4.49909965483328
4.47751370282377
3.86674752277475
2.87535156180363
1.75436132182294
0.747441177044299
0.0447152565289901
-0.251404467614869
-0.142379118635658
0.270976162416956
0.812564279360514
1.26993100010442
1.44062539990203
1.17720001227256
0.422260053930412
-0.773272631623799
-2.25251455982519
-3.77570985124622
-5.06038847859013
-5.83175492253405
-5.87446924952896
-5.0765215515173
-3.45707550811373
-1.17277998874557
1.49932241316239
4.20014434298127
6.54230328656124
8.17065366255144
8.81965738629382
8.35800009432427
6.81284361273308
4.36939586674644
1.34552695679986
-1.85471743809137
-4.80135405242412
-7.10281550027426
-8.46410161513788
-8.72944779456986
-7.9028082513953
-6.14313496085966
-3.73559569741269
-1.04381295779597
1.5487432359791
3.69842057824843
5.15232905382637
5.78244274262409
5.59774211749268
4.73310702042022
3.41765484836481
1.92867421022533
0.539641873747486
-0.528361574743967
-1.14333155021338
-1.28089782482217
-1.02189815281363
-0.52992465691396
-0.0134120876860331
0.320396985233853
0.310840514627241
-0.120043232631163
-0.947585520025685
-2.04471525652901
-3.20263301997412
-4.16846139599157
-4.69323621634761
-4.58159493429797
-3.73403261524204
-2.17373242032262
-0.0525515740762428
2.36568191080834
4.7424476295439
6.71661617496317
7.96285435925498
8.24658055502107
7.46607301172578
5.6743249065464
3.07652155151817
0.00303802052596303
-3.13806052588128
-5.92158246709255
-7.96917499791967
-9.00640490169936
-8.90376068297239
-7.69500894809804
-5.57005812958619
-2.8436686148137
0.0947057483908835
2.84161755120929
5.04090951452253
6.43567214161657
6.90267115729282
6.46410161513835
5.27541030698187
3.59196773676801
1.72087490692867
-0.0334349575257713
-1.42028865734237
-2.28185025639939
-2.57377214005172
-2.36438708908714
-1.81326774470344
-1.13364050235496
-0.54596251241189
-0.231462771934356
-0.294356121033054
-0.739786216728492
-1.47163842525541
-2.31070593737478
-3.02994268980511
-3.40036190111701
-3.23910599802412
-2.45068952745192
-1.05350400565377
0.813807923569723
2.90798519736946
4.91676051794456
6.50881687166606
7.3897775279819
7.35465347242265
6.32755430553956
4.38145059131776
1.73403261524337
-1.28030506726497
-4.25828894055067
-6.7879419647387
-8.51147828448155
-9.18071779010139
-8.69596137967548
-7.1219321168249
-4.67813104698742
-1.70514990862684
1.38758006362008
4.18410648748329
6.3242526023129
7.55590055628506
7.76903065493791
7.00640490169916
5.44972319538414
3.38416843347048
1.14779807565603
-0.925362040123956
-2.5588073635286
-3.57472457162919
-3.91626107632611
-3.64773017687763
-2.93349615937243
-1.99999999999991
-1.088265798973
-0.405775660336576
-0.0865568177361951
-0.166709385455889
-0.579711342657597
-1.17218723118817
-1.73706837457447
-2.0578729648426
-1.9557629102338
-1.33046111278328
-0.187144508008379
1.35611121013096
3.08229808577121
4.70896121464848
5.93574004039386
6.49785044538407
6.21613476623661
5.03467999030937
3.03896165504267
0.450689527452413
-2.4005334819342
-5.12464843819659
-7.33024525130036
-8.68579117288312
-8.9729184868045
-8.12288454840226
-6.23000503422599
-3.53961234080044
-0.412275593397764
2.73006899989491
5.4674495752733
7.44448101698146
8.42226005393063
8.31133394149953
7.1807177901023
5.24192389208766
2.81109160219794
0.255870993057185
-2.0638807463105
-3.85168167875897
-4.91721350790418
-5.19960416411681
-4.76795859154648
-3.79985565701893
-2.54230328656208
-1.26257868737603
-0.197976357039744
0.48652001353679
0.725217697142646
0.558807363528931
0.12068708404147
-0.394579438300986
-0.774529877052969
-0.835534495565483
-0.464101615137779
0.355158778553376
1.53042409853213
2.8744987824742
4.1358843833754
5.04381295779535
5.35933173919769
4.92326045100589
3.69219105403508
1.75561856725212
-0.669538887216773
-3.26689297958036
-5.66695172475866
-7.50455813970207
-8.4779918695861
-8.39984165553157
-7.23095746580401
-5.09148632803992
-2.24673802557231
0.930213342876132
4.01341208768486
6.58767798994243
8.31084051462722
8.96456334049205
8.48564682990178
6.97291848680466
4.66884706081358
1.91916451959917
-0.882647713129752
-3.35675506154027
-5.19417061503313
-6.20055659569445
-6.31983257878561
-5.63431808919221
-4.3421589435796
-2.71661617496431
-1.05477938407872
0.37510047423334
1.37844709613502
1.86373640332851
1.85168167875936
1.46317602031594
0.888763649489511
0.345698537615943
0.030825002080237
0.0782016714237903
0.529471666955039
1.32262479523563
2.30142195120154
3.2439573007771
3.90529425160885
4.06645742396714
3.58077151473163
2.40884796624494
0.635390152583663
-1.53589838486201
-3.8091962661415
-5.8412646131594
-7.29675883640502
-7.90491503831358
-7.5079145729333
-6.09243875961751
-3.79861201281079
-0.904249089297443
2.21355643066708
5.13364050235331
7.45403748758786
8.85314380118872
9.13887622889439
8.27784752660498
6.39984165553192
3.77691997821545
0.780645813412149
-2.1755220283589
-4.69924399781479
-6.47751370282336
-7.32078501036282
-7.1861920764306
-6.17662137575393
-4.51647183198294
-2.50881687166777
-0.481702552806062
1.26702755683156
2.51696580232128
3.1566107185596
3.194170615034
2.74651910810643
2.00899206415833
1.21205803526157
0.573128288641796
0.252514559826047
0.321672363658005
0.749547963962469
1.40949486860288
2.10543859459051
2.61241993637832
2.72396848769277
2.29742842694163
1.28861955157619
-0.230969345062254
-2.0782016714241
-3.98350915454326
-5.63346530986333
-6.72368200513199
-7.01298795571517
-6.36939586674707
-4.79956444438759
-2.45612307653575
0.3790939984935
3.33378484533633
6.00000000000018
7.99634077415024
9.02745668959085
8.93107692559738
7.70477069533165
5.50791457293293
2.63840127202945
-0.512228501815943
-3.51801096463286
-5.98258708560486
-7.597742117492
-8.18714450800847
-7.72849536299231
-6.35093426415629
-4.30867252868547
-1.93574004039434
0.410224529792649
2.40554626301794
3.80984011755185
4.49909965483394
4.47751370282441
3.86674752277529
2.87535156180405
1.75436132182318
0.747441177044344
0.0447152565291287
-0.25140446761465
-0.142379118635373
0.270976162417288
0.812564279360875
1.26993100010478
1.44062539990238
1.17720001227288
0.422260053930665
-0.77327263162363
-2.25251455982511
-3.77570985124595
-5.0603884785897
-5.83175492253351
-5.87446924952835
-5.07652155151668
-3.45707550811315
-1.17277998874507
1.49932241316278
4.20014434298151
6.54230328656133
8.17065366255139
8.81965738629393
8.35800009432453
6.81284361273348
4.36939586674692
1.3455269568004
-1.85471743809083
-4.80135405242364
-7.10281550027388
-8.46410161513764
-8.72944779456977
-7.90280825139535
-6.14313496085956
-3.73559569741244
-1.04381295779557
1.54874323597961
3.69842057824929
5.15232905382593
5.78244274262373
5.59774211749241
4.73310702042006
3.41765484836478
1.92867421022541
0.53964187374766
-0.528361574743712
-1.14333155021306
-1.28089782482181
-1.02189815281338
-0.5299246569136
-0.013412087685702
0.320396985234136
0.310840514627457
-0.120043232631027
-0.94758552002563
-2.04471525652876
-3.20263301997369
-4.16846139599101
-4.69323621634697
-4.58159493429778
-3.73403261524248
-2.17373242032306
-0.052551574076642
2.36568191080801
4.74244762954369
6.7166161749631
7.96285435925506
8.24658055502129
7.46607301172614
5.67432490654686
3.07652155151678
0.00303802052543722
-3.13806052588176
-5.92158246709294
-7.96917499791996
-9.00640490169952
-8.90376068297241
-7.69500894809792
-5.57005812958593
-2.84366861481332
0.0947057483913725
2.8416175512105
5.04090951452206
6.43567214161617
6.90267115729253
6.46410161513818
5.27541030698183
3.5919677367681
1.72087490692887
-0.0334349575254809
-1.42028865734202
-2.28185025639901
-2.57377214005168
-2.36438708908783
-1.81326774470409
-1.1336405023555
-0.545962512412274
-0.231462771934546
-0.294356121033046
-0.739786216728578
-1.47163842525559
-2.31070593737504
-3.02994268980544
-3.40036190111712
-3.23910599802453
-2.45068952745232
-1.05350400565414
0.813807923569421
2.90798519736926
4.91676051794448
6.50881687166611
7.3897775279821
7.35465347242297
6.32755430553999
4.38145059131664
1.73403261524283
-1.28030506726544
-4.25828894055105
-6.78794196473896
-8.51147828448168
-9.18071779010139
-8.69596137967565
-7.12193211682521
-4.67813104698785
-1.70514990862734
1.38758006362152
4.18410648748279
6.32425260231247
7.55590055628474
7.76903065493771
7.00640490169911
5.44972319538422
3.38416843347038
1.14779807565576
-0.925362040124388
-2.55880736352916
-3.57472457163054
-3.91626107632678
-3.64773017687827
-2.93349615937298
-2.00000000000032
-1.08826579897322
-0.405775660336605
-0.086556817736315
-0.166709385456091
-0.57971134265787
-1.1721872311885
-1.73706837457475
-2.05787296484298
-1.95576291023417
-1.33046111278361
-0.187144508008649
1.35611121013078
3.08229808577112
4.70896121464821
5.93574004039344
6.49785044538354
6.21613476623602
5.03467999030846
3.03896165504316
0.450689527452895
-2.40053348193378
-5.12464843819626
-7.33024525130017
-8.68579117288308
-8.97291848680463
-8.12288454840254
-6.2300050342264
-3.53961234080094
-0.412275593396221
2.73006899989439
5.46744957527284
7.4444810169811
8.4222600539304
8.31133394149946
7.18071779010237
5.24192389208756
2.81109160219768
0.25587099305678
-2.06388074631103
-3.85168167875964
-4.91721350790376
-5.19960416411646
-4.76795859154623
-3.79985565701878
-2.54230328656204
-1.26257868737609
-0.1979763570399
0.486520013536553
0.725217697142347
0.558807363528589
0.120687084041167
-0.394579438300289
-0.77452987705234
-0.83553449556498
-0.464101615137445
0.355158778553513
1.53042409853206
2.87449878247393
4.13588438337497
5.0438129577948
5.35933173919707
4.92326045100552
3.69219105403554
1.75561856725257
-0.669538887216361
-3.26689297958003
-5.66695172475845
-7.50455813970201
-8.4779918695862
-8.39984165553181
-7.23095746580438
-5.0914863280404
-2.24673802557083
0.930213342876657
4.01341208768535
6.58767798994284
8.31084051462753
8.96456334049222
8.48564682990184
6.97291848680487
4.66884706081392
1.9191645195996
-0.88264771312927
-3.35675506154131
-5.19417061503268
-6.20055659569407
-6.31983257878533
-5.63431808919205
-4.34215894357957
-2.7166161749644
-1.0547793840789
0.375100474233067
1.37844709613468
1.86373640332814
1.8516816787592
1.46317602031664
0.888763649490156
0.345698537616475
0.0308250020806051
0.0782016714239626
0.529471666955013
1.32262479523571
2.30142195120171
3.24395730077736
3.90529425160919
4.06645742396712
3.58077151473205
2.40884796624536
0.635390152584049
-1.5358983848617
-3.80919626614129
-5.8412646131593
-7.29675883640477
-7.90491503831319
-7.50791457293282
-6.09243875961698
-3.79861201280846
-0.904249089296912
2.21355643066756
5.13364050235369
7.45403748758813
8.85314380118887
9.13887622889441
8.27784752660516
6.39984165553224
3.77691997821588
0.780645813412649
-2.17552202836024
-4.6992439978143
-6.47751370282295
-7.32078501036251
-7.18619207643042
-6.17662137575389
-4.51647183198302
-2.50881687166767
-0.481702552805777
1.26702755683201
2.51696580232186
3.15661071855972
3.19417061503363
2.7465191081061
2.00899206415807
1.2120580352614
0.573128288641714
0.252514559826058
0.321672363658107
0.749547963962657
1.40949486860314
2.10543859459084
2.61241993637854
2.72396848769317
2.29742842694201
1.28861955157654
-0.230969345061967
-2.0782016714239
-3.98350915454317
-5.63346530986307
-6.72368200513158
-7.01298795571466
-6.3693958667465
-4.79956444438665
-2.45612307653626
0.379093998493009
3.3337848453359
5.99999999999986
7.99634077415006
9.02745668959084
8.93107692559752
7.70477069533195
5.50791457293335
2.63840127202995
-0.512228501817457
-3.5180109646334
-5.98258708560538
-7.59774211749246
-8.18714450800883
-7.72849536299254
-6.35093426415636
-4.30867252868538
-1.93574004039408
0.410224529793067
2.40554626301849
3.80984011755218
4.49909965483354
4.47751370282407
3.86674752277504
2.87535156180389
1.75436132182312
0.747441177044391
0.0447152565292663
-0.251404467614432
-0.142379118635088
0.270976162417621
0.812564279361189
1.26993100010409
1.44062539990176
1.17720001227239
0.42226005393035
-0.77327263162375
-2.25251455982504
-3.775709851246
-5.06038847858987
-5.83175492253379
-5.87446924952872
-5.07652155151612
-3.45707550811363
-1.17277998874554
1.49932241316235
4.20014434298118
6.54230328656113
8.17065366255134
8.81965738629404
8.3580000943248
6.81284361273387
4.36939586674741
1.34552695679887
-1.85471743809136
-4.80135405242414
-7.10281550027431
-8.46410161513796
-8.72944779456997
-7.90280825139542
-6.14313496085977
-3.73559569741277
-1.043812957796
1.54874323597914
3.69842057824882
5.1523290538255
5.78244274262337
5.59774211749215
4.73310702041991
3.41765484836474
1.92867421022547
0.539641873747519
-0.528361574744048
-1.14333155021356
-1.28089782482244
-1.02189815281407
-0.529924656914299
-0.0134120876863408
0.320396985233618
0.310840514627105
-0.120043232631181
-0.947585520025589
-2.04471525652882
-3.20263301997385
-4.16846139599127
-4.69323621634732
-4.58159493429819
-3.73403261524292
-2.1737324203235
-0.0525515740770421
2.36568191080769
4.74244762954348
6.71661617496301
7.96285435925482
8.24658055502093
7.46607301172568
5.67432490654634
3.07652155151624
0.00303802052597146
-3.13806052588127
-5.92158246709254
-7.96917499791968
-9.00640490169939
-8.90376068297245
-7.69500894809811
-5.57005812958626
-2.84366861481375
0.0947057483908793
2.84161755120999
5.04090951452159
6.43567214161577
6.90267115729224
6.46410161513802
5.2754103069818
3.59196773676818
1.72087490692876
-0.033434957525782
-1.42028865734249
-2.28185025639961
-2.57377214005236
-2.36438708908746
-1.81326774470377
-1.13364050235524
-0.545962512412089
-0.231462771934448
-0.294356121033039
-0.739786216728664
-1.47163842525576
-2.3107059373753
-3.02994268980577
-3.4003619011175
-3.23910599802387
-2.45068952745176
-1.05350400565371
0.813807923569688
2.90798519736934
4.91676051794438
6.50881687166585
7.3897775279817
7.35465347242248
6.32755430553944
4.38145059131608
1.73403261524336
-1.28030506726495
-4.25828894055063
-6.78794196473865
-8.51147828448151
-9.1807177901014
-8.69596137967581
-7.12193211682553
-4.67813104698828
-1.70514990862785
1.387580063621
4.18410648748335
6.32425260231301
7.55590055628521
7.76903065493809
7.00640490169935
5.44972319538432
3.3841684334706
1.14779807565607
-0.925362040124003
-2.55880736352874
-3.57472457163012
-3.9162610763264
-3.64773017687794
-2.93349615937273
-2.00000000000016
-1.08826579897316
-0.405775660336634
-0.0865568177364349
-0.166709385456294
-0.579711342658143
-1.17218723118883
-1.73706837457512
-2.0578729648423
-1.95576291023357
-1.33046111278314
-0.187144508008352
1.35611121013089
3.08229808577105
4.70896121464826
5.93574004039361
6.49785044538383
6.21613476623641
5.03467999030893
3.03896165504366
0.450689527453378
-2.40053348193335
-5.12464843819594
-7.33024525129998
-8.68579117288304
-8.97291848680444
-8.12288454840223
-6.23000503422599
-3.53961234080045
-0.412275593395695
2.73006899989492
5.46744957527334
7.44448101698154
8.42226005393074
8.31133394149967
7.18071779010245
5.24192389208778
2.81109160219802
0.255870993057195
-2.06388074631058
-3.85168167875918
-4.91721350790335
-5.19960416411611
-4.76795859154597
-3.79985565701863
-2.542303286562
-1.26257868737614
-0.197976357039741
0.486520013536908
0.725217697142867
0.55880736352923
0.120687084041868
-0.394579438300652
-0.774529877052681
-0.835534495565278
-0.464101615137681
0.355158778553359
1.530424098532
2.87449878247398
4.13588438337514
5.04381295779507
5.35933173919742
4.92326045100595
3.692191054036
1.75561856725303
-0.669538887215949
-3.2668929795797
-5.66695172475825
-7.50455813970193
-8.47799186958597
-8.39984165553146
-7.23095746580394
-5.0914863280399
-2.24673802557029
0.930213342876121
4.01341208768486
6.58767798994245
8.31084051462726
8.96456334049211
8.48564682990189
6.97291848680508
4.66884706081426
1.91916451960003
-0.882647713128787
-3.35675506154082
-5.19417061503329
-6.20055659569466
-6.31983257878585
-5.63431808919246
-4.34215894357983
-2.71661617496354
-1.05477938407878
0.375100474233385
1.37844709613517
1.86373640332876
1.85168167875989
1.46317602031628
0.888763649489831
0.345698537616205
0.0308250020804062
0.0782016714238463
0.529471666955332
1.32262479523578
2.30142195120188
3.24395730077762
3.90529425160861
4.06645742396751
3.58077151473169
2.40884796624482
0.635390152583086
-1.53589838486195
-3.80919626614237
-5.84126461316019
-7.29675883640484
-7.90491503831293
-7.50791457293316
-6.09243875961778
-3.79861201280897
-0.904249089297442
2.21355643066604
5.13364050235418
7.45403748758784
8.85314380118899
9.13887622889426
8.27784752660534
6.39984165553171
3.77691997821632
0.780645813414132
-2.17552202835972
-4.69924399781488
-6.47751370282344
-7.32078501036301
-7.18619207643152
-6.17662137575319
-4.51647183198208
-2.50881687166788
-0.481702552805436
1.26702755683164
2.51696580232131
3.15661071855932
3.19417061503325
2.74651910810678
2.00899206415782
1.21205803526203
0.573128288641633
0.252514559825994
0.321672363657894
0.749547963962967
1.40949486860259
2.1054385945912
2.61241993637784
2.7239684876925
2.29742842694116
1.28861955157609
-0.230969345061701
-2.078201671424
-3.98350915454308
-5.63346530986213
-6.72368200513255
-7.01298795571496
-6.36939586674697
-4.79956444438713
-2.45612307653677
0.379093998493464
3.33378484533548
5.99999999999863
7.99634077414989
9.0274566895908
8.93107692559751
7.70477069533165
5.5079145729338
2.63840127202847
-0.512228501817986
-3.51801096463288
-5.9825870856054
-7.59774211749212
-8.18714450800826
-7.72849536299247
-6.35093426415643
-4.30867252868661
-1.9357400403944
0.410224529792019
2.40554626301805
3.80984011755189
4.49909965483314
4.47751370282288
3.86674752277479
2.87535156180275
1.75436132182307
0.747441177043486
0.0447152565291509
-0.251404467614803
-0.142379118636337
0.270976162416974
0.812564279359472
1.26993100010355
1.44062539990276
1.17720001227271
0.422260053930452
-0.773272631623581
-2.25251455982665
-3.77570985124705
-5.06038847859003
-5.83175492253327
-5.8744692495291
-5.07652155151651
-3.4570755081134
-1.17277998874504
1.49932241316179
4.20014434298244
6.54230328656121
8.17065366255255
8.81965738629411
8.35800009432447
6.81284361273289
4.36939586674692
