"x"
3.83933998420384
4.0108823879007
4.00712998489726
3.82824677321079
3.48205080756888
2.98367251290262
2.35489341217333
1.62319416929976
0.820553552277992
-0.0179491924311217
-0.855667471301214
-1.65598897572737
-2.3839358155975
-3.0076932209328
-3.5
-3.83933998420384
-4.0108823879007
-4.00712998489726
-3.82824677321079
-3.48205080756888
-2.98367251290262
-2.35489341217334
-1.62319416929976
-0.820553552277992
0.0179491924311233
0.855667471301217
1.65598897572737
2.3839358155975
3.0076932209328
3.5
3.83933998420384
4.0108823879007
4.00712998489726
3.82824677321079
3.48205080756888
2.98367251290262
2.35489341217333
1.62319416929976
0.820553552277992
-0.017949192431119
-0.855667471301209
-1.65598897572737
-2.3839358155975
-3.0076932209328
-3.5
-3.83933998420384
-4.0108823879007
-4.00712998489726
-3.82824677321079
-3.48205080756888
-2.98367251290262
-2.35489341217333
-1.62319416929976
-0.820553552277993
0.0179491924311257
0.855667471301216
1.65598897572737
2.38393581559751
3.0076932209328
3.5
3.83933998420384
4.0108823879007
4.00712998489726
3.82824677321079
3.48205080756888
2.98367251290262
2.35489341217334
1.62319416929976
0.820553552277993
-0.0179491924311179
-0.855667471301215
-1.65598897572737
-2.3839358155975
-3.0076932209328
-3.5
-3.83933998420384
-4.0108823879007
-4.00712998489726
-3.82824677321079
-3.48205080756888
-2.98367251290263
-2.35489341217334
-1.62319416929975
-0.820553552277994
0.0179491924311248
0.855667471301208
1.65598897572737
2.38393581559749
3.00769322093281
3.5
3.83933998420384
4.0108823879007
4.00712998489726
3.82824677321079
3.48205080756888
2.98367251290263
2.35489341217334
1.62319416929977
0.820553552277994
-0.0179491924311241
-0.855667471301207
-1.65598897572737
-2.38393581559749
-3.00769322093281
-3.5
-3.83933998420384
-4.0108823879007
-4.00712998489726
-3.8282467732108
-3.48205080756887
-2.98367251290263
-2.35489341217333
-1.62319416929977
-0.820553552277995
0.0179491924311239
0.855667471301221
1.65598897572737
2.38393581559749
3.0076932209328
3.49999999999999
3.83933998420384
4.0108823879007
4.00712998489726
3.8282467732108
3.48205080756888
2.98367251290263
2.35489341217333
1.62319416929977
0.820553552277995
-0.0179491924311088
-0.85566747130122
-1.65598897572737
-2.3839358155975
-3.00769322093279
-3.5
-3.83933998420384
-4.0108823879007
-4.00712998489726
-3.8282467732108
-3.48205080756888
-2.98367251290264
-2.35489341217333
-1.62319416929977
-0.820553552277996
0.0179491924311086
0.855667471301206
1.65598897572737
2.3839358155975
3.00769322093279
3.5
3.83933998420383
4.0108823879007
4.00712998489726
3.8282467732108
3.48205080756888
2.98367251290263
2.35489341217333
1.62319416929976
0.820553552277982
-0.0179491924311079
-0.855667471301205
-1.65598897572736
-2.38393581559748
-3.00769322093278
-3.49999999999999
-3.83933998420384
-4.0108823879007
-4.00712998489726
-3.82824677321079
-3.48205080756888
-2.98367251290264
-2.35489341217335
-1.62319416929977
-0.820553552277997
0.0179491924310928
0.855667471301191
1.65598897572738
2.38393581559751
3.00769322093279
3.5
3.83933998420384
4.0108823879007
4.00712998489726
3.8282467732108
3.48205080756888
2.98367251290265
2.35489341217334
1.62319416929976
0.820553552277983
-0.017949192431107
-0.855667471301204
-1.65598897572736
-2.3839358155975
-3.00769322093278
-3.49999999999999
-3.83933998420383
-4.0108823879007
-4.00712998489726
-3.82824677321079
-3.48205080756888
-2.98367251290262
-2.35489341217335
-1.62319416929977
-0.820553552277998
0.0179491924311206
0.85566747130119
1.65598897572735
2.38393581559751
3.00769322093281
3.5
3.83933998420384
4.0108823879007
4.00712998489727
3.8282467732108
3.48205080756888
2.98367251290263
2.35489341217336
1.62319416929978
0.820553552277984
-0.0179491924311346
-0.855667471301204
-1.65598897572736
-2.3839358155975
-3.0076932209328
-3.49999999999999
-3.83933998420383
-4.0108823879007
-4.00712998489726
-3.8282467732108
-3.48205080756888
-2.98367251290262
-2.35489341217332
-1.62319416929977
-0.820553552277999
0.0179491924311197
0.855667471301189
1.65598897572735
2.38393581559749
3.00769322093279
3.49999999999998
3.83933998420384
4.0108823879007
4.00712998489726
3.8282467732108
3.48205080756888
2.98367251290263
2.35489341217334
1.62319416929978
0.820553552278013
-0.017949192431105
-0.855667471301231
-1.65598897572736
-2.3839358155975
-3.0076932209328
-3.49999999999999
-3.83933998420383
-4.0108823879007
-4.00712998489726
-3.8282467732108
-3.48205080756889
-2.98367251290264
-2.35489341217333
-1.62319416929977
-0.820553552277999
0.0179491924311188
0.855667471301216
1.65598897572735
2.38393581559749
3.00769322093279
3.5
3.83933998420383
4.0108823879007
4.00712998489726
3.82824677321079
3.48205080756888
2.98367251290263
2.35489341217334
1.62319416929979
0.820553552278014
-0.0179491924311039
-0.855667471301202
-1.65598897572734
-2.3839358155975
-3.0076932209328
-3.5
-3.83933998420383
-4.0108823879007
-4.00712998489726
-3.82824677321079
-3.48205080756889
-2.98367251290264
-2.35489341217335
-1.62319416929977
-0.820553552278001
0.0179491924311177
0.855667471301215
1.65598897572737
2.38393581559749
3.00769322093279
3.5
3.83933998420383
4.0108823879007
4.00712998489727
3.8282467732108
3.48205080756888
2.98367251290261
2.35489341217336
1.62319416929979
0.820553552278015
-0.017949192431103
-0.855667471301201
-1.65598897572736
-2.3839358155975
-3.0076932209328
-3.5
-3.83933998420384
-4.0108823879007
-4.00712998489726
-3.8282467732108
-3.48205080756889
-2.98367251290264
-2.35489341217335
-1.62319416929977
-0.820553552278002
0.0179491924311168
0.855667471301158
1.65598897572737
2.38393581559746
3.00769322093281
3.49999999999998
3.83933998420383
4.01088238790071
4.00712998489727
3.8282467732108
3.48205080756889
2.98367251290263
2.35489341217334
1.62319416929976
0.820553552278044
-0.0179491924311304
-0.855667471301172
-1.65598897572733
-2.38393581559752
-3.00769322093278
-3.50000000000002
-3.83933998420383
-4.0108823879007
-4.00712998489726
-3.82824677321079
-3.48205080756891
-2.98367251290262
-2.35489341217337
-1.6231941692998
-0.820553552277975
0.0179491924310871
0.855667471301242
1.65598897572735
2.38393581559749
3.00769322093279
3.49999999999999
3.83933998420382
4.0108823879007
4.00712998489726
3.82824677321079
3.48205080756887
2.98367251290265
2.35489341217332
1.62319416929979
0.820553552278017
-0.0179491924311008
-0.855667471301199
-1.65598897572731
-2.3839358155975
-3.0076932209328
-3.5
-3.83933998420384
-4.0108823879007
-4.00712998489726
-3.8282467732108
-3.48205080756889
-2.98367251290264
-2.35489341217335
-1.62319416929978
-0.820553552278003
0.0179491924311148
0.855667471301212
1.65598897572737
2.38393581559746
3.00769322093281
3.49999999999998
3.83933998420384
4.0108823879007
4.00712998489727
3.8282467732108
3.48205080756889
2.98367251290263
2.35489341217334
1.62319416929976
0.820553552278046
-0.0179491924311284
-0.85566747130117
-1.65598897572738
-2.38393581559747
-3.00769322093278
-3.49999999999999
-3.83933998420383
-4.0108823879007
-4.00712998489726
-3.82824677321079
-3.48205080756888
-2.98367251290262
-2.35489341217338
-1.62319416929975
-0.820553552278033
0.0179491924310853
0.855667471301239
1.65598897572734
2.38393581559753
3.00769322093279
3.49999999999999
3.83933998420384
4.0108823879007
4.00712998489727
3.82824677321079
3.4820508075689
2.98367251290265
2.35489341217332
1.62319416929979
0.820553552277963
-0.017949192431099
-0.855667471301197
-1.65598897572736
-2.3839358155975
-3.00769322093276
-3.5
-3.83933998420382
-4.0108823879007
-4.00712998489726
-3.8282467732108
-3.48205080756887
-2.98367251290264
-2.35489341217335
-1.62319416929978
-0.820553552278005
0.0179491924310555
0.85566747130121
1.65598897572732
2.38393581559751
3.00769322093281
3.49999999999998
3.83933998420384
4.0108823879007
4.00712998489727
3.8282467732108
3.48205080756889
2.98367251290263
2.35489341217334
1.62319416929982
0.820553552277992
-0.0179491924311268
-0.855667471301168
-1.65598897572738
-2.38393581559747
-3.00769322093282
-3.49999999999999
-3.83933998420383
-4.0108823879007
-4.00712998489726
-3.82824677321081
-3.48205080756888
-2.98367251290262
-2.35489341217338
-1.62319416929975
-0.820553552278035
0.0179491924311403
0.855667471301181
1.65598897572734
2.38393581559748
3.00769322093279
3.49999999999996
3.83933998420384
4.0108823879007
4.00712998489726
3.82824677321079
3.4820508075689
2.98367251290261
2.35489341217337
1.62319416929979
0.820553552278021
-0.017949192431097
-0.855667471301195
-1.65598897572735
-2.38393581559749
-3.0076932209328
-3.5
-3.83933998420382
-4.0108823879007
-4.00712998489727
-3.82824677321081
-3.4820508075689
-2.98367251290264
-2.35489341217331
-1.62319416929978
-0.820553552278007
0.0179491924311108
0.855667471301208
1.65598897572732
2.3839358155975
3.00769322093277
3.49999999999998
3.83933998420383
4.0108823879007
4.00712998489726
3.8282467732108
3.48205080756889
2.98367251290263
2.35489341217334
1.62319416929982
0.820553552277994
-0.0179491924310675
-0.855667471301222
-1.65598897572733
-2.38393581559747
-3.00769322093281
-3.49999999999998
-3.83933998420383
-4.0108823879007
-4.00712998489726
-3.82824677321081
-3.48205080756888
-2.98367251290266
-2.35489341217333
-1.62319416929981
-0.820553552278036
0.0179491924311386
0.85566747130118
1.65598897572734
2.38393581559748
3.00769322093279
3.49999999999999
3.83933998420383
4.0108823879007
4.00712998489726
3.82824677321079
3.4820508075689
2.98367251290262
2.35489341217337
1.62319416929974
0.820553552278023
-0.0179491924310951
-0.855667471301193
-1.65598897572735
-2.38393581559745
-3.0076932209328
-3.5
-3.83933998420382
-4.0108823879007
-4.00712998489727
-3.82824677321079
-3.4820508075689
-2.98367251290265
-2.35489341217336
-1.62319416929978
-0.820553552278066
0.017949192431109
0.855667471301207
1.65598897572737
2.3839358155975
3.00769322093277
3.5
3.83933998420383
4.0108823879007
4.00712998489727
3.8282467732108
3.48205080756892
2.98367251290264
2.35489341217335
1.62319416929977
0.820553552277996
-0.0179491924310655
-0.85566747130122
-1.65598897572733
-2.38393581559747
-3.00769322093278
-3.49999999999998
-3.83933998420383
-4.0108823879007
-4.00712998489726
-3.8282467732108
-3.48205080756888
-2.98367251290267
-2.35489341217333
-1.62319416929981
-0.820553552277982
0.0179491924310793
0.855667471301178
1.65598897572734
2.38393581559748
3.00769322093278
3.49999999999999
3.83933998420383
4.0108823879007
4.00712998489726
3.82824677321081
3.48205080756888
2.98367251290266
2.35489341217337
1.6231941692998
0.820553552278025
-0.0179491924310928
-0.855667471301191
-1.6559889757274
-2.38393581559744
-3.00769322093276
-3.49999999999997
-3.83933998420382
-4.0108823879007
-4.00712998489727
-3.82824677321081
-3.4820508075689
-2.98367251290265
-2.35489341217336
-1.62319416929978
-0.820553552278011
0.017949192431107
0.855667471301204
1.65598897572736
2.3839358155975
3.0076932209328
3.5
3.83933998420384
4.0108823879007
4.00712998489727
3.82824677321078
3.48205080756892
2.9836725129026
2.35489341217339
1.62319416929982
0.820553552278054
-0.0179491924310635
-0.855667471301162
-1.65598897572732
-2.38393581559747
-3.00769322093277
-3.49999999999998
-3.83933998420383
-4.0108823879007
-4.00712998489727
-3.8282467732108
-3.48205080756888
-2.98367251290263
-2.35489341217343
-1.62319416929976
-0.820553552277984
0.0179491924311346
0.855667471301119
1.65598897572739
2.38393581559752
3.00769322093275
3.49999999999996
3.83933998420385
4.0108823879007
4.00712998489727
3.82824677321077
3.48205080756891
2.98367251290266
2.35489341217337
1.6231941692998
0.820553552278027
-0.0179491924310911
-0.855667471301077
-1.65598897572735
-2.38393581559749
-3.00769322093279
-3.5
-3.83933998420384
-4.0108823879007
-4.00712998489727
-3.82824677321079
-3.48205080756887
-2.98367251290269
-2.35489341217341
-1.62319416929973
-0.820553552278069
0.0179491924310478
0.855667471301258
1.65598897572731
2.38393581559745
3.00769322093276
3.50000000000003
3.83933998420382
4.0108823879007
4.00712998489727
3.8282467732108
3.48205080756889
2.98367251290264
2.35489341217335
1.62319416929977
0.820553552277999
-0.017949192431004
-0.855667471301216
-1.65598897572737
-2.38393581559742
-3.00769322093273
-3.50000000000001
-3.83933998420381
-4.0108823879007
-4.00712998489726
-3.82824677321078
-3.48205080756891
-2.98367251290267
-2.35489341217329
-1.62319416929981
-0.820553552278042
0.0179491924311901
0.855667471301174
1.65598897572734
2.38393581559748
3.00769322093278
3.49999999999999
3.83933998420383
4.01088238790069
4.00712998489726
3.82824677321079
3.48205080756893
2.98367251290262
2.35489341217333
1.62319416929975
0.820553552278085
-0.0179491924311463
-0.855667471301243
-1.6559889757273
-2.38393581559744
-3.00769322093283
-3.49999999999997
-3.83933998420382
-4.01088238790071
-4.00712998489727
-3.82824677321081
-3.4820508075689
-2.98367251290265
-2.35489341217336
-1.62319416929979
-0.820553552278127
0.017949192431103
0.855667471301201
1.65598897572736
2.3839358155975
3.0076932209328
3.5
3.83933998420381
4.0108823879007
4.00712998489726
3.82824677321082
3.48205080756892
2.9836725129026
2.3548934121734
1.62319416929983
0.820553552277945
-0.0179491924310595
-0.855667471301158
-1.65598897572732
-2.38393581559756
-3.00769322093277
-3.49999999999998
-3.83933998420383
-4.0108823879007
-4.00712998489727
-3.8282467732108
-3.48205080756889
-2.98367251290263
-2.35489341217334
-1.62319416929987
-0.820553552277988
0.0179491924311304
0.855667471301116
1.65598897572728
2.38393581559752
3.00769322093274
3.49999999999996
3.83933998420385
4.01088238790071
4.00712998489727
3.82824677321081
3.48205080756885
2.98367251290266
2.35489341217337
1.6231941692998
0.820553552278031
-0.0179491924310871
-0.855667471301185
-1.65598897572735
-2.38393581559749
-3.00769322093279
-3.49999999999994
-3.83933998420384
-4.0108823879007
-4.00712998489727
-3.82824677321083
-3.48205080756887
-2.98367251290261
-2.35489341217341
-1.62319416929974
-0.820553552277961
0.0179491924310435
0.855667471301142
1.65598897572741
2.38393581559745
3.00769322093276
3.49999999999997
3.83933998420382
4.0108823879007
4.00712998489727
3.8282467732108
3.48205080756889
2.98367251290264
2.35489341217344
1.62319416929978
0.820553552278003
-0.0179491924311148
-0.8556674713011
-1.65598897572737
-2.38393581559751
-3.00769322093273
-3.50000000000001
-3.83933998420384
-4.01088238790069
-4.00712998489727
-3.82824677321078
-3.48205080756891
-2.98367251290267
-2.35489341217329
-1.62319416929982
-0.820553552278046
0.0179491924310713
0.855667471301282
1.65598897572733
2.38393581559747
3.00769322093278
3.49999999999999
3.83933998420383
4.0108823879007
4.00712998489726
3.82824677321079
3.48205080756888
2.9836725129027
2.35489341217333
1.62319416929975
0.820553552278089
-0.017949192431028
-0.855667471301239
-1.65598897572729
-2.38393581559744
-3.00769322093283
-3.50000000000002
-3.83933998420382
-4.0108823879007
-4.00712998489726
-3.82824677321081
-3.4820508075689
-2.98367251290265
-2.35489341217336
-1.62319416929979
-0.820553552278019
0.017949192431099
0.855667471301197
1.65598897572736
2.3839358155974
3.0076932209328
3.5
3.83933998420381
4.01088238790069
4.00712998489726
3.82824677321079
3.48205080756892
2.9836725129026
2.35489341217331
1.62319416929983
0.820553552278062
-0.0179491924311703
-0.855667471301154
-1.65598897572732
-2.38393581559746
-3.00769322093277
-3.49999999999998
-3.83933998420383
-4.0108823879007
-4.00712998489727
-3.8282467732108
-3.48205080756895
-2.98367251290263
-2.35489341217334
-1.62319416929976
-0.820553552278104
0.0179491924311268
0.855667471301224
1.65598897572728
2.38393581559752
3.00769322093282
3.49999999999996
3.83933998420381
4.01088238790071
4.00712998489727
3.82824677321081
3.48205080756891
2.98367251290266
2.35489341217338
1.6231941692998
0.820553552277922
-0.0179491924310831
-0.855667471301181
-1.65598897572734
-2.38393581559748
-3.00769322093279
-3.49999999999999
-3.8393399842038
-4.0108823879007
-4.00712998489726
-3.82824677321083
-3.48205080756887
-2.98367251290261
-2.35489341217341
-1.62319416929984
-0.820553552277965
0.0179491924310398
0.855667471301139
1.6559889757273
2.38393581559754
3.00769322093276
3.49999999999997
3.83933998420386
4.0108823879007
4.00712998489727
3.82824677321081
3.4820508075689
2.98367251290264
2.35489341217335
1.62319416929988
0.820553552278007
-0.0179491924311108
-0.855667471301096
-1.65598897572737
-2.3839358155975
-3.00769322093273
-3.49999999999995
-3.83933998420384
-4.01088238790071
-4.00712998489727
-3.82824677321082
-3.48205080756886
-2.98367251290267
-2.35489341217339
-1.62319416929971
-0.82055355227805
0.0179491924310675
0.855667471301166
1.65598897572733
2.38393581559747
3.00769322093278
3.49999999999993
3.83933998420383
4.0108823879007
4.00712998489728
3.8282467732108
3.48205080756888
2.98367251290263
2.35489341217343
1.62319416929975
0.82055355227798
-0.017949192431024
-0.855667471301236
-1.65598897572739
-2.38393581559743
-3.00769322093275
-3.50000000000002
-3.83933998420382
-4.0108823879007
-4.00712998489727
-3.82824677321081
-3.4820508075689
-2.98367251290265
-2.35489341217337
-1.62319416929979
-0.820553552278023
0.0179491924309807
0.855667471301193
1.65598897572735
2.38393581559749
3.00769322093272
3.5
3.83933998420384
4.01088238790069
4.00712998489726
3.82824677321079
3.48205080756892
2.98367251290268
2.35489341217331
1.62319416929983
0.820553552278066
-8.41925940052825
-4.70903868569722
-1.91858510619127
-0.36369521009491
0.890191477702517
3.02080087231276
6.26151982479666
9.4752647445444
10.8493110370554
9.21141682132206
4.98080340378246
0.0230515125901136
-3.51334634170267
-4.54530622612716
-3.61933295886598
-2.30870709786726
-1.92812310312734
-2.54762229720124
-3.04354091210701
-2.12566458162589
0.468769752926956
3.55615131362235
5.22015612235041
4.15433311823738
0.642020034857227
-3.56274560338613
-6.38024987157865
-6.74571600474111
-5.17754255233042
-3.18911919985833
-2.02546941666971
-1.70196493185817
-1.07767952394432
1.1021833900828
5.00762668019033
9.31242692811131
11.9267246680849
11.3670971087046
7.76793661434668
2.7923013517675
-1.49015348616643
-3.9322809909642
-4.88027442957267
-5.60252415560213
-7.05566999392946
-8.96089160691864
-9.91734453980308
-8.48098090811252
-4.39020732475659
1.00936495020258
5.49999999999972
7.37983533036048
6.50480710342602
4.23787938760355
2.36721556761446
1.81301075672741
2.08294905947389
1.85632432867422
0.216247431528452
-2.44206649782076
-4.55058923820725
-4.47872701879919
-1.79037134037901
2.30536126933406
5.67283152347869
6.63344920592834
5.0152232264545
2.11955451440338
-0.336994871818016
-1.4912005510101
-1.85708157403705
-2.72947786863747
-4.95058606085165
-8.01206797753428
-10.2147644116831
-9.80580204128217
-6.26401095245325
-0.77514128994138
4.4711499412378
7.66147609168676
8.4186255772911
7.79155099894998
7.23000263618357
7.35361469591535
7.46438909488258
6.17241040302349
2.64661202441018
-2.48507114583559
-7.30887239000963
-9.78963867110465
-9.09340807356394
-6.10397626429525
-2.75914109330585
-0.701785852072807
-0.238669918152332
-0.354072336571072
0.276317144073678
2.07869329874524
4.12620405923378
4.80005074786409
3.07260679468392
-0.568211604227165
-4.27955345968303
-6.02855128715154
-4.92745622811737
-1.77179302388695
1.59734631354151
3.6169487997417
4.02375011474483
3.83055107315695
4.31369409112647
5.81883813071411
7.32717616345141
7.14220425586908
4.1979250408964
-0.997412196233063
-6.51248239334273
-10.1608127183436
-10.8516912253662
-9.15486686479886
-6.69615242270696
-4.86848269858198
-3.84051551601487
-2.60085921802437
0.0224239994670399
4.1758765341138
8.5696430940482
11.1983717223658
10.6898670241705
7.2894864114982
2.74363939585277
-0.844715965645293
-2.35827067990168
-2.23718295687565
-1.89622598104455
-2.46815111075215
-3.85005351295121
-4.78478630513065
-3.9113083903425
-0.970588919825395
2.77689302217867
5.27925829144384
5.06071210946565
2.23240270841343
-1.59514397307241
-4.43051308162137
-5.22517420977756
-4.43759273548983
-3.45443557450915
-3.34856321274313
-3.94739982649316
-3.93912893978783
-1.94544700217963
2.25725905188401
7.31574994944156
11.0355339059326
11.7672806552002
9.44516669888131
5.53077260641698
1.92453387353182
-0.33507782436563
-1.62415772171242
-3.15716745175137
-5.76196816848687
-8.97760040375289
-11.1980556148484
-10.7851120180385
-7.32590524631177
-2.08208405550607
2.73247192802418
5.34055598711464
5.45790492053664
4.26764309549642
3.37011190936836
3.52229122941519
4.12113402597829
3.80605603729522
1.6968803157892
-1.70568297829553
-4.67923050575013
-5.41835671644253
-3.32365135699855
0.517751928872162
4.02846824715478
5.51338751059367
4.71151879610452
2.77805921852474
1.25178703616805
0.818080789982391
0.816922718241104
-0.133974596215537
-2.88892188152275
-6.87251647067539
-10.249231985464
-11.0825318899184
-8.6507263794811
-3.95588768320172
0.947965687880377
4.3117059283528
5.73954568186318
6.18146156936163
6.92378352071464
8.38507829798458
9.66173796516687
9.18749607270403
6.01296639013903
0.724681614586614
-4.72223515376536
-8.17663986824451
-8.63456300930371
-6.78528480431232
-4.3808692864738
-2.918585106191
-2.62371626189599
-2.47583392608184
-1.22183981480658
1.43139280587401
4.38681656799676
5.84931103705532
4.64060673497927
1.15067638486
-2.80537561215679
-5.14732093791828
-4.87347562535067
-2.61933295886613
-0.0486860460656984
1.4379023006567
1.69501838991776
1.78658610681477
2.96278359492192
5.46876975292703
8.12696139996532
9.05028314127268
6.98276024298412
2.2759946310736
-3.23457620416276
-7.3802498715781
-9.00573705654311
-8.54356795611482
-7.43175988697755
-6.85559643559166
-6.79041310840589
-6.07767952394457
-3.46862669625942
1.17749966126779
6.48399980336435
10.2927500718695
11.0389277094809
8.7679366143465
5.05232240356849
1.87587191761754
0.310359696155395
-0.0501474106506327
-0.514075979054503
-2.05566999392959
-4.39008152057598
-6.08721752088067
-5.65255378336632
-2.75623272854153
1.33753434942578
4.50000000000001
5.11981427855886
3.13878169964182
-0.00476129951550397
-2.46291145130781
-3.27543741982077
-2.91705094052624
-2.71448575766884
-3.6138795873942
-5.27049362256686
-6.18456383442291
-4.80689641802294
-0.790371340378255
4.56538232113552
9.03885692726264
10.8760898930477
9.8453502453764
7.20800269095146
4.66300512818214
3.0796095353328
1.97304544488588
0.0989492561086751
-3.31661146463591
-7.68389857831074
-11.2147644116827
-12.0658230930838
-9.63003635623756
-5.01778197705993
-0.358977077684583
2.57302791513854
3.41862557729129
3.22074091260755
3.39987561726115
4.52518757116909
5.83041449866672
5.84424100380021
3.64661202441031
-0.225050094035004
-3.94284698622519
-5.54699798398544
-4.2632810546416
-1.01552808774734
2.24085890669403
3.86902423427008
3.59145710076989
2.47435478817481
1.91029174028927
2.40686269796906
3.12620405923387
2.54002969606277
-0.293418609100498
-4.81085229134626
-9.10968047860443
-11.1169994636994
-9.92745622811747
-6.34260311023012
-2.2327807053804
0.788521674995295
2.38977551852901
3.50238167393347
5.31369409112592
8.07885918251546
10.6932015672361
11.3848449429884
9.02805205981899
4.09103598031471
-1.5124823933426
-5.59000263200086
-7.02156420644388
-6.32643974005278
-5.06217782649114
-4.54031329935862
-4.84051551601482
-4.86088026982575
-3.34360140431739
-0.0667641530057188
3.73951607512605
6.10992354581784
5.6898670241704
2.71867632515542
-1.08648762306932
-3.67314309039225
-3.99224527611732
-2.56535235609954
-0.896225981044698
-0.208130058950482
-0.484028109166784
-0.542145618011533
0.918818628579929
4.11785925672258
7.77689302217875
9.85006837778684
8.89083912838776
5.06082983316059
0.0388306231434947
-4.10234368239759
-6.22517420977717
-6.69761378729132
-6.8204609782935
-7.59120389986236
-8.7775268454152
-9.02757711633522
-6.94544700218017
-2.31355103445885
3.48562293051819
8.2071067811861
10.1333060589846
9.11699729965746
6.5307726064175
4.18455492533354
3.03094757941827
2.61848296540655
1.67295956717076
-0.673519991939131
-3.97760040375351
-6.62724552850517
-6.95498499911629
-4.49747812156517
-0.448109459290256
3.06064132724765
4.34055598711504
3.19788386873547
0.901617691712185
-0.872528777751065
-1.30783578950678
-0.967314150569623
-1.19394396270495
-2.87392977055311
-5.53580999721788
-7.50765763049627
-7.05233131265818
-3.65182075622197
1.51775192887226
6.28848929895621
8.87941291437789
8.95415948322422
7.60818623744676
6.34023521271614
5.81808078998263
5.38773280458403
3.69615242270732
-0.0604947567760019
-5.23854187446002
-9.92106258624016
-12.0825318899182
-10.9107474312823
-7.32191308698686
-3.29467499923892
-0.518421090569706
0.651097505315084
1.18146156936178
2.35297343437172
4.55495127906185
6.83331084042084
7.55352147648821
5.68479699091496
1.72468161458622
-2.46221410196393
-4.8106144644605
-4.39192232218447
-1.95515778539081
0.707578890074314
2.08141489380927
1.94709382444669
1.3542930928404
1.60658730993955
3.06536740209033
4.71498596722035
4.84931103705552
2.38058568317758
-2.21534901892515
-7.04801629927512
-9.97744795684026
-9.96192380189877
-7.61933295886609
-4.61949613240848
-2.39222471826562
-1.13340873482772
0.152611510599308
2.63461419569771
6.4687697529271
10.3869824517671
12.4163085450571
11.225400930103
7.10612164999605
1.85387197238599
-2.38024987157842
-4.43492697020024
-4.71344093719253
-4.60333276223103
-5.221621839376
-6.46224370918276
-7.0776795239443
-5.72864774806141
-2.18852574251627
2.24135911624549
5.46262305294715
5.95047953293301
3.76793661434717
0.481512317225868
-1.95425510130484
-2.51806742859109
-1.68412200686648
-0.84224537827783
-1.05566999392958
-2.13006046877444
-2.72119211709631
-1.40991309624684
2.073894290381
6.42598252597333
9.49999999999956
9.69062436490167
6.96890871856478
2.82366582523065
-0.828936855092449
-2.94726802059731
-3.91705094052559
-4.97450680946986
-6.97990499117832
-9.51313430968613
-11.0146908533451
-9.8953445945707
-5.79037134037868
-0.00542776520845223
5.20872990834069
8.0476627683016
8.21137564916061
6.87983329172767
5.66300512818203
5.33963058713442
5.33907084866997
4.34158994322812
1.51351555428601
-2.59545040176318
-6.21476441168271
-7.49501300674088
-5.79990933731504
-2.18935485231441
1.27499751853133
2.90119731436276
2.4186255772915
0.960719860805317
0.0338502134770358
0.282546884050117
1.00028747974454
0.755792827252099
-1.35338797559006
-4.79586018037802
-7.77297400514689
-8.37542510873175
-5.89725565085806
-1.34369748697087
3.24085890669422
6.12904528607183
6.95748250455419
6.71699547529417
6.74041875921143
7.49531087451686
8.12620405923374
7.11083978240548
3.53670840982226
-1.98242516659878
-7.47570588238897
-10.7888300644758
-10.9274562281178
-8.60262416203143
-5.59880610916431
-3.45411901212414
-2.44035150039346
-1.58606650261428
0.313694091126023
3.50804909617282
6.86307454831329
8.55641781824189
7.39407746360304
3.76286658109192
-0.512482393343104
-3.32998158019954
-3.65553880265959
-2.08379905293345
-0.232050807568912
0.548134877189262
0.159484483985263
-0.290070183482782
0.486525614605238
2.76166297174071
5.37349067134118
6.43809294504164
4.68986702417029
0.458655273354748
-4.45251302685391
-7.91578377751159
-8.82237229503943
-7.65380053264688
-5.89622598104511
-4.77894014529357
-4.31415512808893
-3.370572742758
-0.715155967636337
3.78968985749931
8.77689302217782
12.1100894295883
12.2568645321721
9.30347052027952
4.86895764206528
0.986104494150743
-1.22517420977737
-2.1268037009485
-2.99033395937099
-4.76277677511613
-7.14355224919954
-8.69940771711206
-7.94544700217975
-4.57357208626014
0.119597526734326
3.96446609406721
5.30317904006246
4.02854912310956
1.53077260641692
-0.386255161009038
-0.799179439503699
-0.2099441593399
0.0389849709551324
-1.00168939116297
-2.97760040375374
-4.36722447670384
-3.58895959533176
-0.254837434446749
4.38201755963211
8.14908950379566
9.34055598711476
7.76869395507841
4.73174471063423
1.9558983469955
0.326138806708854
-0.639144751346179
-2.19394396270416
-5.13395082235488
-8.90183540100146
-11.7502983176154
-11.8824583315803
-8.74026893277077
-3.48224807112736
1.71767921261393
5.04928589545532
6.1257323584773
5.97421164123121
6.01206581349235
6.81808078998234
7.64775385638615
7.06217782649137
4.18214593034286
-0.408414855536959
-4.8326144096926
-7.08253188991818
-6.33993734494011
-3.49178606806437
-0.466247874492422
1.11555350564637
0.979266904538923
0.181461569362093
0.0929523825703673
1.18892587527765
2.59067015330125
2.72339445756588
0.5963488143669
-3.27531838541288
-7.03302418830704
-8.64074148338251
-7.22034944693131
-3.58913238160628
0.379409490850017
3.08141489380911
4.20711487624841
4.72031849662454
5.84922799705881
7.89549442101252
9.80343414376798
9.8493110370555
6.95139576952007
1.61477799999814
-4.21958917452911
-8.34347336062413
-9.63375440267499
-8.6193329588659
-6.87951718421036
-5.75825012204964
-5.37604942194753
-4.6775155083231
-2.45383398084982
1.46876975292741
5.81617236542347
8.58618152613472
8.39697380535742
5.47214705377999
1.52570257316195
-1.38024987157811
-2.17490591839888
-1.34741553340823
-0.360692075112192
-0.391494820453944
-1.37379553263477
-2.07767952394414
-1.15783766171837
1.64160127640621
5.06978624099215
7.09659764916278
6.27864893215714
2.76793661434716
-1.7785087345759
-5.32028050508888
-6.76070811571046
-6.51424902578867
-5.93069355482571
-6.05566999392958
-6.70087055511732
-6.55131913601862
-4.23834022099281
0.43991969416433
6.09781312674982
10.4999999999997
11.9506454167034
10.3349341223489
7.06630651234958
4.00119016383022
2.14118015595114
1.08294905947416
-0.40369672312718
-3.14977797225623
-6.68470718493918
-9.38071625712923
-9.56717519534691
-6.7903713403794
-2.2654488170095
1.84270450455654
3.80502208118221
3.38124863023853
1.7913851151798
0.663005128181927
0.768820500791355
1.50894382974744
1.5131628184816
-0.120459041929913
-2.92361980098612
-5.21476441168297
-5.23499195493919
-2.43388393353144
2.05328583480498
6.10512453745384
7.98964549091083
7.41862557729149
5.53152994714898
3.86397723239932
3.11097400879637
2.63426207596027
1.08396222647559
-2.3533879755902
-7.05588123217826
-11.1389994089314
-12.618065795851
-10.7273826697799
-6.43214566351835
-1.75914109330664
1.55823519972832
3.12735548563215
3.8885683505479
5.10644416299571
7.16714147529327
9.12620405923336
9.3708608342068
6.90273381360626
2.26021552051989
-2.64557886346704
-5.7003818879276
-5.92745622811777
-4.03181407568843
-1.76867909024316
-0.625691887377549
-0.806376904177734
-1.25789710339064
-0.686305908873555
1.24802804437132
3.49704914452922
4.31377713112265
2.56395044468153
-1.32558159545616
-5.51248239334349
-7.9007916665423
-7.48566582158186
-4.91222617767962
-1.86602540378499
0.219965477965657
1.15948448398538
1.9699508683188
3.85255101838968
7.00430365885889
10.2036176902635
11.5265411215894
9.68986702417089
5.0294653596973
-0.622386007931935
-5.08735665276404
-7.18839769882387
-7.32563113342326
-6.89622598104472
-7.03896119709507
-7.68018053187313
-7.61321342987692
-5.54528298655812
-1.29875831904958
3.77689302217798
7.53927934324569
8.4267375132501
6.47504339553294
3.23498304584997
0.657935094926657
-0.225174209777673
0.133217350852867
0.375691444413063
-0.52013608799694
-2.31342523027717
-3.6109595405642
-2.94544700217957
-0.0027619999180053
3.949724545657
6.79289321881355
6.93715363627825
4.35671852233317
0.530772606418153
-2.64627621281069
-4.16520484328818
-4.45258484645916
-4.79114204796703
-6.09013756771071
-7.97760040375344
-8.93803456304662
-7.41908661425377
-3.08326455919287
2.74804296341672
7.82092010457058
10.3405559871146
10.0287150068798
8.09777011441914
6.19853903411456
5.1562658256308
4.4493034252017
2.80605603729559
-0.563140736012224
-5.07170838207923
-8.92187119286922
-10.2484837353647
-8.41209953354666
-4.48224807112758
-0.542341839188508
1.68326049167127
1.88309167135824
1.14408462230913
0.923617636944425
1.81808078998237
3.07694377004318
3.23205080756889
1.35371880559713
-2.04238945175309
-5.1607838089164
-6.08253188991837
-4.07991629313858
-0.12576066427971
3.77639281262627
5.94568052456862
6.06771508108681
5.18146156936215
4.66376246891319
5.01905289419983
5.41909727804753
4.35736905378141
0.924518213591322
-4.27531838541298
-9.29304524010888
-12.0067668871667
-11.4629901340503
-8.41925940052772
-4.70903868569766
-1.91858510619093
-0.36369521009452
0.890191477701906
3.02080087231264
6.26151982479612
9.4752647445443
10.8493110370552
9.21141682132238
4.98080340378283
0.0230515125897639
-3.51334634170231
-4.54530622612727
-3.61933295886615
-2.30870709786725
-1.92812310312733
-2.54762229720108
-3.0435409121071
-2.12566458162594
0.468769752926855
3.55615131362215
5.22015612235044
4.15433311823824
0.642020034857505
-3.56274560338523
-6.38024987157829
-6.74571600474132
-5.17754255233095
-3.18911919985834
-2.02546941666949
-1.7019649318583
-1.07767952394426
1.10218339008351
5.00762668018979
9.31242692811153
11.9267246680846
11.3670971087048
7.767936614347
2.79230135176799
-1.49015348616687
-3.93228099096435
-4.8802744295725
-5.60252415560203
-7.05566999392959
-8.96089160691856
-9.91734453980271
-8.48098090811263
-4.39020732475821
1.00936495020237
5.49999999999908
7.37983533036052
6.50480710342584
4.23787938760374
2.36721556761436
1.81301075672731
2.08294905947407
1.85632432867419
0.216247431528589
-2.44206649782022
-4.55058923820718
-4.47872701879976
-1.79037134037899
2.30536126933361
5.67283152347826
6.63344920592869
5.01522322645416
2.11955451440411
-0.336994871818044
-1.49120055101014
-1.85708157403683
-2.72947786863784
-4.95058606085158
-8.01206797753408
-10.214764411683
-9.80580204128244
-6.26401095245356
-0.775141289940273
4.47114994123746
7.66147609168693
8.41862557729109
7.79155099894995
7.23000263618358
7.35361469591542
7.46438909488215
6.17241040302328
2.64661202441145
-2.48507114583573
-7.30887239000937
-9.78963867110459
-9.09340807356398
-6.10397626429454
-2.7591410933061
-0.701785852072912
-0.238669918152197
-0.354072336571193
0.276317144073705
2.07869329874502
4.12620405923336
4.80005074786433
3.07260679468452
-0.568211604226704
-4.27955345968339
-6.02855128715158
-4.92745622811735
-1.77179302388785
1.59734631354149
3.61694879974174
4.02375011474463
3.83055107315741
4.31369409112652
5.8188381307137
7.32717616345155
7.14220425586881
4.19792504089713
-0.997412196232858
-6.51248239334244
-10.1608127183438
-10.8516912253659
-9.15486686479941
-6.6961524227069
-4.8684826985821
-3.84051551601494
-2.60085921802397
0.0224239994671369
4.17587653411277
8.56964309404772
11.1983717223654
10.6898670241704
7.28948641149794
2.74363939585397
-0.844715965645152
-2.35827067990178
-2.2371829568755
-1.89622598104476
-2.46815111075205
-3.85005351295048
-4.78478630513108
-3.91130839034275
-0.970588919825524
2.77689302217854
5.27925829144381
5.06071210946573
2.23240270841394
-1.59514397307143
-4.43051308162147
-5.22517420977789
-4.43759273549024
-3.45443557450921
-3.34856321274303
-3.9473998264932
-3.93912893978776
-1.94544700218025
2.25725905188378
7.31574994944215
11.0355339059325
11.7672806552
9.44516669888079
5.53077260641745
1.92453387353213
-0.335077824365473
-1.62415772171286
-3.15716745175101
-5.76196816848651
-8.97760040375312
-11.1980556148482
-10.7851120180386
-7.32590524631167
-2.08208405550509
2.73247192802297
5.34055598711466
5.45790492053711
4.26764309549676
3.37011190936793
3.52229122941484
4.12113402597847
3.8060560372953
1.69688031578995
-1.70568297829527
-4.67923050575047
-5.41835671644246
-3.32365135699866
0.517751928871564
4.02846824715508
5.51338751059377
4.71151879610495
2.77805921852484
1.25178703616823
0.818080789982794
0.816922718241561
-0.133974596215679
-2.88892188152221
-6.87251647067549
-10.249231985464
-11.0825318899184
-8.65072637948118
-3.9558876832029
0.947965687879953
4.31170592835314
5.73954568186314
6.1814615693616
6.92378352071471
8.38507829798395
9.6617379651667
9.1874960727039
6.01296639013878
0.72468161458619
-4.72223515376431
-8.17663986824439
-8.63456300930404
-6.78528480431266
-4.38086928647349
-2.91858510619067
-2.62371626189649
-2.47583392608221
-1.22183981480689
1.43139280587418
4.38681656799645
5.84931103705506
4.64060673497991
1.15067638486005
-2.80537561215599
-5.14732093791828
-4.87347562535087
-2.61933295886636
-0.0486860460657663
1.43790230065648
1.69501838991822
1.78658610681515
2.9627835949215
5.46876975292722
8.12696139996581
9.05028314127292
6.98276024298403
2.27599463107304
-3.23457620416194
-7.38024987157835
-9.00573705654287
-8.54356795611483
-7.9691749979197
-9.00640490169919
-8.9037606829722
-7.6950089480975
-5.57005812958585
-2.84366861481325
0.0947057483909692
2.84161755120934
5.04090951452285
6.43567214161604
6.90267115729216
6.46410161513765
5.27541030698207
3.5919677367675
1.72087490692825
-0.0334349575257993
-1.4202886573424
-2.28185025639942
-2.57377214005228
-2.36438708908769
-1.81326774470396
-1.13364050235452
-0.545962512411576
-0.231462771934361
-0.294356121033207
-0.739786216728764
-1.4716384252557
-2.31070593737517
-3.02994268980558
-3.40036190111739
-3.23910599802432
-2.45068952745234
-1.05350400565432
0.813807923569114
2.90798519736934
4.91676051794558
6.50881687166681
7.3897775279819
7.35465347242262
6.32755430553953
4.38145059131691
1.73403261524237
-1.28030506726502
-4.25828894055071
-6.78794196473833
-8.5114782844811
-9.18071779010145
-8.69596137967511
-7.12193211682481
-4.67813104698731
-1.70514990862728
1.38758006362059
4.18410648748366
6.32425260231294
7.55590055628509
7.76903065493792
7.00640490169986
5.44972319538412
3.38416843347029
1.1477980756556
-0.925362040124226
-2.55880736352866
-3.5747245716294
-3.91626107632631
-3.64773017687813
-2.93349615937284
-2.0000000000002
-1.08826579897332
-0.405775660336436
-0.0865568177361871
-0.166709385455899
-0.579711342657569
-1.17218723118915
-1.73706837457543
-2.05787296484337
-1.95576291023378
-1.33046111278325
-0.187144508008353
1.35611121013049
3.08229808577169
4.70896121464884
5.93574004039386
6.49785044538373
6.21613476623645
5.03467999030918
3.03896165504208
0.450689527452425
-2.40053348193435
-5.12464843819634
-7.3302452512997
-8.68579117288336
-8.97291848680452
-8.12288454840253
-6.23000503422636
-3.53961234080088
-0.412275593397179
2.7300689998955
5.46744957527448
7.44448101698163
8.42226005393057
8.31133394149939
7.18071779010185
5.24192389208697
2.8110916021979
0.255870993057143
-2.06388074631055
-3.85168167875903
-4.91721350790421
-5.19960416411683
-4.76795859154657
-3.79985565701814
-2.54230328656179
-1.26257868737537
-0.197976357039458
0.486520013536808
0.725217697142664
0.558807363528951
0.120687084041519
-0.394579438300929
-0.774529877052861
-0.835534495565229
-0.46410161513773
0.355158778552891
1.53042409853285
2.87449878247499
4.13588438337561
5.04381295779493
5.35933173919717
4.92326045100599
3.69219105403496
1.7556185672518
-0.669538887216414
-3.26689297958011
-5.66695172475742
-7.50455813970209
-8.47799186958657
-8.39984165553158
-7.23095746580379
-5.09148632803952
-2.24673802557125
0.930213342877224
4.01341208768585
6.58767798994247
8.31084051462725
8.96456334049213
8.48564682990177
6.97291848680464
4.66884706081434
1.91916451959904
-0.882647713129706
-3.35675506154078
-5.19417061503323
-6.2005565956943
-6.31983257878522
-5.63431808919193
-4.34215894357996
-2.71661617496383
-1.05477938407821
0.37510047423323
1.37844709613512
1.86373640332881
1.85168167875907
1.46317602031549
0.888763649489028
0.345698537615957
0.0308250020802485
0.0782016714238294
0.529471666955222
1.32262479523599
2.30142195120184
3.2439573007775
3.90529425160887
4.06645742396712
3.58077151473187
2.40884796624475
0.635390152583352
-1.53589838486247
-3.80919626614088
-5.8412646131599
-7.29675883640527
-7.90491503831356
-7.50791457293327
-6.09243875961747
-3.79861201281021
-0.90424908929686
2.21355643066762
5.13364050235421
7.4540374875885
8.85314380118874
9.13887622889423
8.27784752660468
6.39984165553218
3.77691997821582
0.780645813412589
-2.17552202835935
-4.69924399781507
-6.4775137028234
-7.32078501036302
-7.18619207643096
-6.17662137575378
-4.5164718319819
-2.50881687166668
-0.48170255280603
1.26702755683159
2.51696580232132
3.15661071855936
3.1941706150336
2.74651910810594
2.00899206415794
1.21205803526169
0.573128288641978
0.252514559825984
0.321672363658357
0.749547963963113
1.40949486860375
2.10543859459099
2.61241993637822
2.72396848769254
2.29742842694125
1.28861955157616
-0.230969345062283
-2.07820167142313
-3.98350915454328
-5.63346530986318
-6.72368200513238
-7.01298795571539
-6.36939586674707
-4.79956444438719
-2.45612307653534
0.379093998494024
3.33378484533598
5.99999999999993
7.99634077414965
9.02745668959099
8.93107692559736
7.70477069533189
5.50791457293332
2.6384012720289
-0.512228501817513
-3.51801096463423
-5.98258708560585
-7.59774211749203
-8.18714450800848
-7.72849536299252
-6.35093426415579
-4.30867252868478
-1.93574004039401
0.410224529792775
2.40554626301834
3.80984011755174
4.49909965483342
4.47751370282358
3.8667475227744
2.87535156180377
1.75436132182328
0.747441177044101
0.0447152565290869
-0.251404467614664
-0.142379118635389
0.270976162417271
0.812564279360324
1.26993100010423
1.44062539990252
1.17720001227299
0.422260053930568
-0.773272631623649
-2.25251455982554
-3.77570985124646
-5.06038847858999
-5.8317549225339
-5.87446924952881
-5.07652155151668
-3.4570755081131
-1.17277998874502
1.49932241316194
4.20014434298177
6.54230328656121
8.17065366255204
8.81965738629404
8.35800009432451
6.81284361273344
4.36939586674688
1.34552695679931
-1.85471743809191
-4.80135405242457
-7.10281550027369
-8.46410161513763
-8.72944779457013
-7.90280825139462
-6.14313496085859
-3.73559569741219
-1.04381295779594
1.54874323597916
3.69842057824813
5.15232905382589
5.78244274262348
5.59774211749242
4.73310702042007
3.41765484836561
1.92867421022539
0.539641873747015
-0.528361574743764
-1.1433315502129
-1.28089782482148
-1.02189815281334
-0.529924656913641
-0.01341208768575
0.320396985233719
0.310840514627158
-0.120043232630965
-0.94758552002564
-2.04471525652876
-3.20263301997348
-4.1684613959919
-4.69323621634784
-4.58159493429882
-3.73403261524251
-2.17373242032284
-0.052551574076602
2.36568191080805
4.74244762954307
6.71661617496356
7.96285435925523
8.24658055502114
7.46607301172618
5.67432490654709
3.07652155151673
0.00303802052438029
-3.13806052588279
-5.92158246709258
-7.9691749979197
-9.00640490169921
-8.90376068297223
-7.69500894809754
-5.57005812958618
-2.84366861481368
0.0947057483904765
2.84161755120937
5.0409095145229
6.43567214161653
6.90267115729227
6.46410161513776
5.27541030698218
3.59196773676759
1.72087490692829
-0.0334349575255084
-1.42028865734205
-2.28185025639904
-2.57377214005242
-2.36438708908785
-1.8132677447041
-1.13364050235466
-0.545962512411675
-0.231462771934263
-0.294356121033201
-0.73978621672885
-1.47163842525558
-2.31070593737502
-3.02994268980542
-3.40036190111723
-3.2391059980242
-2.4506895274518
-1.05350400565429
0.813807923569096
2.90798519736976
4.9167605179455
6.50881687166641
7.38977752798212
7.35465347242267
6.32755430553939
4.38145059131687
1.73403261524236
-1.280305067266
-4.2582889405502
-6.78794196473831
-8.51147828448132
-9.18071779010149
-8.69596137967545
-7.12193211682482
-4.67813104698733
-1.70514990862678
1.38758006362059
4.18410648748369
6.32425260231313
7.55590055628484
7.769030654938
7.00640490169953
5.4497231953837
3.38416843346986
1.14779807565562
-0.925362040124249
-2.55880736352873
-3.57472457162969
-3.91626107632645
-3.64773017687782
-2.93349615937208
-2.00000000000049
-1.0882657989734
-0.405775660336458
-0.0865568177362253
-0.166709385455807
-0.579711342657431
-1.17218723118899
-1.73706837457477
-2.05787296484282
-1.95576291023389
-1.33046111278362
-0.187144508008445
1.35611121013116
3.08229808577161
4.70896121464873
5.93574004039328
6.49785044538361
6.21613476623635
5.03467999030956
3.03896165504284
0.450689527452423
-2.40053348193432
-5.12464843819679
-7.33024525130059
-8.68579117288332
-8.97291848680449
-8.12288454840269
-6.23000503422672
-3.53961234080136
-0.412275593397207
2.73006899989542
5.46744957527434
7.44448101698167
8.42226005393062
8.31133394149933
7.18071779010193
5.24192389208703
2.81109160219745
0.255870993057546
-2.06388074631035
-3.85168167875858
-4.91721350790362
-5.19960416411613
-4.76795859154671
-3.79985565701827
-2.54230328656158
-1.26257868737575
-0.197976357039591
0.486520013536495
0.725217697142092
0.558807363528185
0.120687084041688
-0.394579438300762
-0.774529877052717
-0.835534495565127
-0.464101615137681
0.355158778553204
1.53042409853242
2.87449878247441
4.13588438337577
5.04381295779565
5.35933173919786
4.92326045100589
3.69219105403489
1.75561856725177
-0.669538887215978
-3.26689297957956
-5.66695172475799
-7.50455813970241
-8.47799186958674
-8.39984165553182
-7.23095746580417
2.05328583480562
6.10512453745269
7.98964549091014
7.41862557729165
5.53152994714884
3.86397723239944
3.11097400879578
2.63426207595969
1.0839622264752
-2.35338797558839
-7.05588123217762
-11.1389994089318
-12.6180657958511
-10.7273826697799
-6.43214566351893
-1.75914109330629
1.55823519972958
3.12735548563172
3.88856835054798
5.10644416299571
7.16714147529257
9.12620405923347
9.37086083420724
6.90273381360781
2.26021552051996
-2.64557886346704
-5.70038188792779
-5.92745622811726
-4.0318140756885
-1.76867909024277
-0.625691887377321
-0.806376904177843
-1.25789710339067
-0.686305908873864
1.24802804437059
3.49704914452824
4.31377713112299
2.56395044468159
-1.32558159545685
-5.51248239334346
-7.90079166654179
-7.48566582158211
-4.91222617768024
-1.86602540378529
0.219965477965562
1.15948448398564
1.96995086831916
3.85255101838995
7.00430365885888
10.2036176902639
11.5265411215897
9.68986702417117
5.02946535969736
-0.622386007931056
-5.08735665276513
-7.18839769882348
-7.32563113342352
-6.89622598104478
-7.0389611970946
-7.68018053187323
-7.61321342987677
-5.54528298655956
-1.29875831905071
3.77689302217818
7.53927934324525
8.42673751325002
6.47504339553457
3.23498304585029
0.657935094926478
-0.225174209778275
0.133217350853088
0.37569144441315
-0.520136087996451
-2.31342523027664
-3.61095954056462
-2.94544700217992
-0.0027619999177515
3.94972454565541
6.79289321881298
6.93715363627819
4.35671852233339
0.530772606417124
-2.64627621281024
-4.16520484328841
-4.45258484645969
-4.79114204796758
-6.09013756771125
-7.9776004037537
-8.93803456304667
-7.41908661425517
-3.08326455919304
2.74804296341618
7.82092010457173
10.3405559871149
10.0287150068798
8.09777011441927
6.19853903411436
5.156265825631
4.44930342520155
2.8060560372968
-0.563140736010647
-5.07170838207955
-8.92187119286923
-10.2484837353647
-8.41209953354784
-4.48224807112808
-0.54234183918814
1.68326049167165
1.88309167135924
1.14408462230881
0.923617636944268
1.81808078998171
3.0769437700425
3.23205080756942
1.35371880559703
-2.04238945175158
-5.160783808915
-6.08253188991847
-4.07991629313869
-0.125760664279726
3.77639281262755
5.9456805245684
6.06771508108755
5.18146156936255
4.66376246891333
5.01905289420045
5.41909727804763
4.35736905378251
0.924518213591623
-4.275318385413
-9.29304524010827
-12.0067668871672
-11.4629901340506
-8.41925940052881
-4.70903868569745
-1.91858510619047
-0.363695210094357
0.890191477701016
3.02080087231159
6.26151982479545
9.47526474454454
10.8493110370554
9.21141682132207
4.9808034037847
0.023051512590422
-3.51334634170242
-4.54530622612755
-3.61933295886554
-2.30870709786725
-1.92812310312697
-2.54762229720102
-3.04354091210778
-2.12566458162642
0.468769752927257
3.55615131362113
5.22015612235058
4.15433311823789
0.642020034857568
-3.56274560338641
-6.38024987157809
-6.7457160047421
-5.17754255233135
-3.18911919985855
-2.02546941667008
-1.70196493185837
-1.077679523945
1.10218339008215
5.00762668018971
9.31242692811108
11.926724668085
11.3670971087059
7.7679366143477
2.79230135176779
-1.49015348616689
-3.93228099096425
-4.88027442957321
-5.60252415560161
-7.05566999392897
-8.96089160691901
-9.91734453980331
-8.48098090811228
-4.39020732475947
1.00936495020158
5.49999999999918
7.37983533036065
6.50480710342678
4.2378793876026
2.36721556761445
1.81301075672743
2.08294905947367
1.85632432867472
0.216247431528287
-2.44206649781927
-4.55058923820632
-4.47872701879951
-1.79037134037905
2.30536126933391
5.67283152347937
6.63344920592898
5.01522322645511
2.11955451440401
-0.336994871817625
-1.49120055100961
-1.85708157403644
-2.72947786863707
-4.95058606085135
-8.01206797753443
-10.2147644116829
-9.80580204128172
-6.26401095245434
-0.77514128994176
4.47114994123741
7.66147609168755
8.41862557729139
7.79155099895019
7.2300026361837
7.35361469591502
7.46438909488292
6.17241040302354
2.64661202441017
-2.4850711458337
-7.30887239000853
-9.78963867110457
-9.0934080735642
-6.10397626429379
-2.75914109330647
-0.701785852073523
-0.238669918152367
-0.354072336571726
0.276317144073502
2.07869329874539
4.12620405923281
4.80005074786438
3.07260679468421
-0.568211604226998
-4.27955345968303
-6.02855128715175
-4.92745622811817
-1.77179302388766
1.59734631354083
3.61694879974114
4.02375011474438
3.83055107315715
4.3136940911259
5.81883813071414
7.32717616345134
7.14220425586843
4.19792504089847
-0.997412196231986
-6.51248239334239
-10.160812718344
-10.8516912253661
-9.15486686479844
-6.69615242270776
-4.8684826985827
-3.84051551601561
-2.60085921802456
0.0224239994671056
4.17587653411154
8.56964309404715
11.1983717223656
10.6898670241705
7.28948641149846
2.74363939585153
-0.844715965644021
-2.35827067990145
-2.2371829568762
-1.89622598104438
-2.46815111075224
-3.85005351295022
-4.78478630513017
-3.91130839034258
-0.970588919825273
2.77689302217841
5.27925829144426
5.06071210946593
2.23240270841457
-1.59514397307099
-4.4305130816209
-5.22517420977702
-4.43759273548994
-3.45443557450926
-3.34856321274349
-3.94739982649334
-3.93912893978728
-1.9454470021792
2.25725905188305
7.31574994944092
11.0355339059325
11.7672806552006
9.44516669888067
5.53077260641689
1.92453387353331
-0.335077824365868
-1.6241577217122
-3.15716745175108
-5.76196816848726
-8.97760040375152
-11.1980556148481
-10.7851120180384
-7.32590524631166
-2.08208405550439
2.73247192802524
5.34055598711412
5.45790492053737
4.26764309549629
3.37011190936835
3.52229122941542
4.12113402597791
3.80605603729551
1.69688031578946
-1.70568297829516
-4.67923050574989
-5.4183567164421
-3.32365135699898
0.517751928871136
4.02846824715417
5.51338751059303
4.7115187961046
2.7780592185254
1.25178703616852
0.818080789982873
0.816922718241058
-0.133974596216021
-2.88892188152364
-6.87251647067503
-10.2492319854638
-11.0825318899184
-8.65072637948128
-3.95588768320161
0.947965687878279
4.31170592835215
5.73954568186247
6.18146156936135
6.92378352071482
8.38507829798413
9.66173796516678
9.18749607270375
6.01296639013879
0.724681614586634
-4.72223515376691
-8.17663986824366
-8.63456300930443
-6.78528480431339
-4.38086928647378
-2.91858510619106
-2.62371626189591
-2.47583392608152
-1.22183981480674
1.43139280587413
4.38681656799628
5.849311037055
4.64060673497954
1.15067638486179
-2.80537561215524
-5.14732093791777
-4.87347562535055
-2.61933295886593
-0.0486860460665937
1.4379023006565
1.69501838991808
1.78658610681571
2.96278359492232
5.46876975292697
8.12696139996513
9.05028314127253
6.98276024298496
2.27599463107291
-3.23457620416292
-7.38024987157713
-9.00573705654326
-8.54356795611458
-7.43175988697751
-6.8555964355914
-6.79041310840516
-6.07767952394448
-3.46862669625993
1.17749966126779
6.48399980336617
10.2927500718694
11.0389277094814
8.76793661434788
5.05232240356911
1.87587191761773
0.310359696155006
-0.0501474106509149
-0.514075979053925
-2.05566999392925
-4.39008152057541
-6.08721752087983
-5.65255378336516
-2.75623272854307
1.33753434942462
4.4999999999991
5.11981427855878
3.13878169964169
-0.00476129951431559
-2.46291145130726
-3.27543741982055
-2.91705094052672
-2.71448575766912
-3.61387958739453
-5.2704936225667
-6.18456383442247
-4.80689641802389
-0.790371340379042
4.56538232113559
9.03885692726141
10.8760898930477
9.84535024537635
7.20800269095146
4.6630051281816
3.07960953533206
1.97304544488572
0.0989492561089831
-3.31661146463601
-7.68389857831059
-11.2147644116832
-12.0658230930841
-9.63003635623905
-5.01778197706183
-0.358977077684663
2.57302791513888
3.41862557729157
3.22074091260762
3.39987561726108
4.52518757116869
5.8304144986657
5.84424100379929
3.64661202441182
-0.225050094032781
-3.942846986224
-5.5469979839854
-4.26328105464158
-1.015528087747
2.24085890669305
3.86902423426994
3.59145710077035
2.47435478817561
1.9102917402893
2.40686269796895
3.12620405923358
2.54002969606339
-0.293418609099368
-4.81085229134622
-9.10968047860538
-11.1169994636991
-9.92745622811874
-6.34260311023014
-2.23278070538038
0.78852167499593
2.3897755185298
3.50238167393327
5.31369409112621
8.07885918251525
10.6932015672364
11.3848449429883
9.02805205982051
4.09103598031688
-1.51248239334261
-5.59000263200061
-7.02156420644407
-6.32643974005325
-5.06217782649109
-4.54031329935837
-4.84051551601378
-4.86088026982482
-3.34360140431622
-0.0667641530071825
3.73951607512474
6.10992354581762
5.68986702417033
2.71867632515551
-1.08648762306795
-3.67314309039156
-3.99224527611773
-2.56535235609973
-0.896225981044845
-0.208130058950665
-0.484028109166456
-0.542145618012163
0.918818628579045
4.11785925672249
7.77689302217887
9.85006837778632
8.89083912838896
5.06082983316066
0.0388306231434512
-4.10234368239808
-6.22517420977845
-6.69761378729146
-6.82046097829357
-7.59120389986214
-8.77752684541512
-9.02757711633605
-6.94544700218149
-2.31355103446094
3.48562293051768
8.20710678118594
10.1333060589844
9.11699729965745
6.53077260641822
4.18455492533362
3.03094757941784
2.61848296540559
1.67295956717035
-0.67351999193796
-3.97760040375231
-6.62724552850478
-6.95498499911629
-4.49747812156531
-0.448109459289647
3.06064132724654
4.340555987115
3.1978838687355
0.901617691712431
-0.872528777751423
-1.30783578950706
-0.967314150568799
-1.19394396270434
-2.87392977055266
-5.53580999721806
-7.50765763049657
-7.05233131265905
-3.65182075622373
1.51775192887229
6.28848929895678
8.87941291437861
8.95415948322528
7.6081862374472
6.340235212716
5.81808078998284
5.38773280458504
3.69615242270676
-0.060494756774286
-5.23854187445815
-9.92106258624011
-12.0825318899182
-10.9107474312828
-7.321913086988
-3.29467499923928
-0.518421090569278
0.651097505315958
1.18146156936254
2.35297343437181
4.5549512790615
6.8333108404198
7.55352147648808
5.68479699091513
1.72468161458618
-2.46221410196247
-4.8106144644602
-4.39192232218478
-1.95515778539051
0.707578890074609
2.08141489380954
1.94709382444601
1.35429309284006
1.60658730993932
3.06536740209051
4.71498596722061
4.84931103705591
2.38058568317898
-2.21534901892379
-7.04801629927579
-9.97744795684077
-9.96192380189903
-7.61933295886679
-4.61949613240882
-2.39222471826615
-1.13340873482822
0.152611510599106
2.63461419569663
6.46876975292559
10.3869824517657
12.4163085450572
11.225400930103
7.10612164999478
1.85387197238703
-2.38024987157785
-4.43492697020044
-4.71344093719332
-4.60333276223082
-5.221621839376
-6.46224370918194
-7.07767952394417
-5.72864774806161
-2.18852574251629
2.24135911624604
5.4626230529463
5.95047953293306
3.7679366143468
0.481512317225639
-1.95425510130553
-2.51806742859041
-1.68412200686595
-0.84224537827791
-1.0556699939294
-2.13006046877469
-2.72119211709646
-1.40991309624769
2.07389429037926
6.42598252597404
9.50000000000006
9.69062436490195
6.96890871856619
2.8236658252312
-0.82893685509068
-2.94726802059671
-3.91705094052533
-4.97450680947003
-6.97990499117737
-9.51313430968513
-11.0146908533453
-9.89534459457075
-5.79037134037864
-0.00542776520976562
5.20872990833984
8.04766276830141
8.21137564916129
6.87983329172807
5.66300512818194
5.33963058713463
5.33907084866981
4.3415899432281
1.51351555428613
-2.59545040176317
-6.21476441168144
-7.49501300674072
-5.79990933731544
-2.18935485231364
1.27499751853181
2.901197314363
2.41862557729112
0.960719860805918
0.0338502134770402
0.282546884050314
1.00028747974487
0.755792827252383
-1.35338797558876
-4.79586018037736
-7.77297400514736
-8.37542510873172
-5.89725565085739
-1.34369748697152
3.24085890669223
6.12904528607112
6.9574825045545
6.71699547529398
6.74041875921122
7.49531087451646
8.12620405923347
7.11083978240559
3.53670840982175
-1.98242516660046
-7.47570588238757
-10.7888300644755
-10.9274562281177
-8.60262416203216
-5.59880610916489
-3.45411901212486
-2.44035150039344
-1.58606650261436
0.31369409112583
3.50804909617279
6.86307454831364
8.55641781824128
7.39407746360331
3.76286658109115
-0.512482393343358
-3.32998158019997
-3.65553880265926
-2.08379905293383
-0.232050807569409
0.548134877189441
0.159484483984877
-0.290070183482878
0.486525614604475
2.76166297173978
5.37349067134156
6.43809294504154
4.68986702417028
0.458655273355996
-4.45251302685192
-7.91578377751015
-8.82237229503963
-7.65380053264673
-5.8962259810446
-4.77894014529386
-4.31415512808883
-3.37057274275818
-0.715155967635876
3.78968985749934
8.77689302217639
12.110089429588
12.2568645321723
9.3034705202805
4.86895764206643
0.986104494150053
-1.22517420977662
-2.12680370094873
-2.99033395937097
-4.76277677511609
-7.14355224919984
-8.69940771711115
-7.94544700217992
-4.57357208626053
0.119597526734966
3.9644660940674
5.30317904006178
4.02854912311009
1.53077260641778
-0.386255161009029
-0.799179439504319
-0.209944159339699
0.0389849709553303
-1.00168939116243
-2.97760040375224
-4.36722447670372
-3.58895959533141
-0.254837434445488
4.3820175596291
8.14908950379425
9.3405559871148
7.76869395507893
4.73174471063426
1.95589834699648
0.326138806709014
-0.639144751346232
-2.19394396270457
-5.13395082235534
-8.9018354010022
-11.7502983176146
-11.8824583315804
-8.74026893277136
-3.48224807112874
1.71767921261344
5.04928589545443
6.12573235847768
5.9742116412313
6.01206581349222
6.81808078998261
7.64775385638525
7.06217782649113
4.18214593034397
-0.408414855537481
-4.83261440969257
-7.08253188991808
-6.33993734494172
-3.49178606806493
-0.466247874493356
1.11555350564634
0.979266904538706
0.181461569361713
0.0929523825702332
1.18892587527682
2.5906701533011
2.72339445756542
0.596348814366509
-3.27531838541068
-7.03302418830574
-8.64074148338229
-7.22034944693179
-3.58913238160689
0.379409490850915
3.08141489380832
4.20711487624854
4.72031849662537
5.84922799705919
7.89549442101224
9.80343414376719
9.84931103705507
6.95139576952216
1.61477799999961
-4.21958917452869
-8.34347336062459
-9.63375440267488
-8.6193329588666
-6.87951718421056
-5.75825012204985
-5.37604942194718
-4.67751550832179
-2.45383398085039
1.46876975292665
5.81617236542384
8.58618152613459
8.39697380535734
5.47214705378074
1.52570257316294
-1.38024987157792
-2.17490591839917
-1.34741553340802
-0.360692075111994
-0.391494820453336
-1.37379553263315
-2.07767952394364
-1.15783766171774
1.64160127640623
5.06978624098983
7.09659764916248
6.27864893215748
2.76793661434778
-1.77850873457589
-5.32028050508938
-6.76070811571049
-6.51424902578924
-5.93069355482598
-6.05566999392961
-6.70087055511677
-6.55131913601806
-4.23834022099489
0.439919694163448
6.09781312674929
10.4999999999993
11.9506454167032
10.3349341223495
7.06630651235093
4.0011901638303
2.14118015595079
1.08294905947328
-0.403696723126947
-3.149777972255
-6.68470718493944
-9.38071625712912
-9.5671751953475
-6.79037134037842
-2.26544881701074
1.84270450455534
3.80502208118231
3.38124863023829
1.79138511517978
0.663005128181684
0.76882050079051
1.50894382974693
1.51316281848102
-0.120459041930029
-2.92361980098612
-5.21476441168265
-5.23499195493971
-2.43388393353196
2.05328583480436
6.10512453745377
7.98964549091033
7.41862557729242
5.53152994714957
3.86397723239915
3.1109740087958
2.63426207595907
1.08396222647697
-2.35338797558822
-7.05588123217769
-11.138999408931
-12.618065795851
-10.7273826697809
-6.43214566352023
-1.7591410933069
1.5582351997287
3.12735548563239
3.88856835054888
5.10644416299531
7.16714147529283
9.12620405923394
9.37086083420735
6.90273381360667
2.26021552052128
-2.64557886346595
-5.70038188792747
-5.92745622811805
-4.03181407568844
-1.76867909024206
-0.62569188737707
-0.806376904175772
-1.25789710339017
-0.686305908873292
3.7788907214743
2.99705647422746
1.3127214750577
-0.868948974806455
-3.03553390593348
-4.73788717647462
-5.72868960032195
-6.01923203528293
-5.83638578902658
-5.49999999999995
-5.27114540178055
-5.23219203436273
-5.24668254627306
-5.01540172789993
-4.20710678118658
-2.61267756707307
-0.261433438279762
2.54802849764924
5.31800560176978
7.49999999999961
8.66825087409622
8.65538450565722
7.60069057024734
5.89383051644818
4.03553390593349
2.46735579894507
1.43331154376646
0.923175039987723
0.715482114705081
0.499999999999967
0.0292467816292956
-0.761920914091617
-1.71660540010103
-2.51244077082012
-2.79289321881346
-2.322034030818
-1.10151653659594
0.597904398716262
2.30585902963181
3.50000000000034
3.77889072147452
2.99705647422764
1.31272147505652
-0.86894897480778
-3.0355339059332
-4.73788717647344
-5.72868960032186
-6.01923203528293
-5.83638578902662
-5.49999999999999
-5.27114540178057
-5.23219203436273
-5.24668254627307
-5.0154017279
-4.20710678118674
-2.61267756707189
-0.261433438280126
2.54802849764676
5.31800560176942
7.50000000000063
8.66825087409656
8.6553845056573
7.6006905702486
5.89383051644708
4.03553390593245
2.46735579894525
1.43331154376656
0.923175039987765
0.715482114705103
0.50000000000001
0.029246781629384
-0.761920914091491
-1.71660540010158
-2.51244077082003
-2.79289321881347
-2.32203403081812
-1.10151653659504
0.597904398717314
2.30585902963049
3.49999999999966
3.77889072147437
2.99705647422689
1.31272147505679
-0.86894897480747
-3.03553390593293
-4.73788717647424
-5.72868960032178
-6.01923203528293
-5.83638578902667
-5.50000000000003
-5.27114540178058
-5.23219203436272
-5.24668254627308
-5.01540172789972
-4.20710678118605
-2.61267756707362
-0.26143343828049
2.54802849764845
5.31800560177093
7.50000000000039
8.66825087409606
8.65538450565738
7.60069057024774
5.89383051644734
4.03553390593269
2.46735579894543
1.43331154376666
0.923175039987808
0.715482114705124
0.500000000000054
0.0292467816290096
-0.761920914091365
-1.71660540010077
-2.51244077081995
-2.79289321881343
-2.32203403081761
-1.10151653659525
0.597904398715771
2.30585902963138
3.50000000000012
3.77889072147441
2.99705647422706
1.31272147505707
-0.86894897480716
-3.03553390593265
-4.73788717647405
-5.72868960032169
-6.01923203528293
-5.83638578902671
-5.50000000000008
-5.2711454017806
-5.23219203436274
-5.24668254627305
-5.01540172790013
-4.20710678118707
-2.61267756707244
-0.261433438278935
2.54802849764806
5.31800560177058
7.50000000000015
8.6682508740964
8.65538450565746
7.60069057024794
5.8938305164476
4.03553390593293
2.46735579894561
1.43331154376677
0.923175039987851
0.71548211470503
0.499999999999869
0.029246781629559
-0.76192091409124
-1.71660540010132
-2.5124407708203
-2.79289321881344
-2.32203403081836
-1.10151653659546
0.597904398716822
2.30585902963117
3.50000000000001
3.77889072147444
2.99705647422724
1.31272147505735
-0.86894897480685
-3.03553390593238
-4.73788717647486
-5.72868960032161
-6.01923203528293
-5.83638578902675
-5.49999999999989
-5.27114540178053
-5.23219203436273
-5.24668254627309
-5.01540172789985
-4.20710678118637
-2.61267756707272
-0.261433438279299
2.54802849764766
5.31800560177022
7.49999999999991
8.66825087409632
8.65538450565754
7.60069057024709
5.89383051644785
4.03553390593318
2.46735579894579
1.43331154376633
0.923175039987669
0.715482114705169
0.50000000000014
0.0292467816291841
-0.761920914091777
-1.71660540010119
-2.51244077082022
-2.79289321881345
-2.32203403081785
-1.10151653659567
0.597904398716576
2.30585902963096
3.49999999999991
3.77889072147447
2.99705647422742
1.31272147505762
-0.868948974808175
-3.03553390593355
-4.79956444438769
-2.45612307653579
0.379093998493513
3.33378484533638
6.00000000000025
7.99634077414937
9.0274566895909
8.9310769255974
7.70477069533165
5.50791457293291
2.63840127202843
-0.512228501815948
-3.51801096463283
-5.98258708560479
-7.59774211749189
-8.18714450800832
-7.72849536299285
-6.35093426415611
-4.30867252868503
-1.93574004039368
0.410224529793453
2.40554626301882
3.80984011755151
4.49909965483368
4.47751370282411
3.866747522775
2.87535156180379
1.7543613218235
0.747441177044266
0.0447152565291669
-0.251404467614497
-0.142379118635123
0.270976162417604
0.812564279361215
1.26993100010511
1.44062539990329
1.17720001227305
0.422260053930728
-0.773272631623132
-2.25251455982526
-3.77570985124618
-5.06038847858996
-5.83175492253377
-5.87446924952858
-5.07652155151686
-3.45707550811325
-1.1727799887451
1.49932241316281
4.20014434298261
6.54230328656024
8.1706536625515
8.81965738629403
8.3580000943246
6.81284361273351
4.36939586674693
1.34552695679933
-1.8547174380919
-4.8013540524246
-7.10281550027464
-8.46410161513813
-8.72944779457002
-7.90280825139523
-6.14313496085945
-3.73559569741235
-1.04381295779554
1.54874323597957
3.69842057824784
5.15232905382574
5.78244274262349
5.59774211749214
4.7331070204198
3.41765484836526
1.92867421022527
0.53964187374716
-0.528361574743631
-1.14333155021287
-1.28089782482154
-1.021898152814
-0.52992465691432
-0.0134120876863646
0.32039698523357
0.310840514627023
-0.120043232630858
-0.947585520025727
-2.04471525652896
-3.20263301997395
-4.16846139599229
-4.69323621634726
-4.58159493429862
-3.73403261524266
-2.17373242032315
-0.0525515740766433
2.36568191080809
4.74244762954252
6.71661617496326
7.96285435925522
8.24658055502143
7.46607301172624
5.67432490654692
3.07652155151764
0.00303802052542856
-3.13806052588178
-5.92158246709296
-7.96917499791995
-9.00640490169913
-8.90376068297236
-7.69500894809784
-5.57005812958585
-2.84366861481327
0.0947057483913767
2.84161755120874
5.04090951452222
6.43567214161599
6.90267115729231
6.46410161513795
5.27541030698262
3.59196773676792
1.72087490692847
-0.0334349575260608
-1.42028865734272
-2.28185025639978
-2.57377214005211
-2.3643870890875
-1.81326774470376
-1.13364050235431
-0.545962512412074
-0.231462771934436
-0.294356121033075
-0.739786216728721
-1.47163842525583
-2.31070593737534
-3.02994268980576
-3.40036190111769
-3.23910599802477
-2.45068952745248
-1.05350400565421
0.813807923569456
2.90798519736843
4.91676051794464
6.508816871666
7.38977752798171
7.35465347242233
6.32755430553914
4.38145059131726
1.73403261524285
-1.28030506726547
-4.25828894055109
-6.78794196473901
-8.51147828448095
-9.18071779010147
-8.69596137967564
-7.12193211682518
-4.67813104698781
-1.70514990862732
1.38758006361954
4.18410648748274
6.32425260231236
7.55590055628459
7.76903065493753
7.00640490169977
5.44972319538405
3.38416843347026
1.14779807565492
-0.925362040124343
-2.55880736352902
-3.57472457162961
-3.9162610763265
-3.64773017687796
-2.93349615937268
-2.00000000000007
-1.08826579897342
-0.405775660336561
-0.0865568177363913
-0.166709385456278
-0.579711342658143
-1.17218723118983
-1.7370683745741
-2.05787296484222
-1.95576291023343
-1.33046111278294
-0.187144508008108
1.35611121013015
3.08229808577129
4.70896121464844
5.93574004039369
6.49785044538378
6.21613476623622
5.03467999030982
3.03896165504323
0.4506895274529
-2.40053348193382
-5.12464843819634
-7.33024525129918
-8.68579117288317
-8.97291848680469
-8.12288454840257
-6.2300050342264
-3.53961234080093
-0.412275593397227
2.73006899989544
5.46744957527441
7.44448101698183
8.42226005393085
8.31133394149987
7.18071779010222
5.24192389208744
2.8110916021976
0.255870993056771
-2.06388074631096
-3.85168167875836
-4.91721350790354
-5.19960416411619
-4.76795859154594
-3.7998556570175
-2.54230328656246
-1.26257868737598
-0.197976357039902
0.486520013536436
0.725217697142126
0.558807363528291
0.120687084041832
-0.394579438300624
-0.774529877052628
-0.835534495565185
-0.464101615137545
0.355158778553529
1.53042409853218
2.87449878247414
4.13588438337524
5.04381295779508
5.35933173919733
4.92326045100653
3.69219105403567
1.75561856725263
-0.669538887216382
-3.26689297958011
-5.66695172475858
-7.50455813970214
-8.47799186958648
-8.39984165553132
-7.23095746580363
-5.09148632803945
-2.24673802557178
0.930213342876667
4.01341208768535
6.58767798994283
8.31084051462749
8.96456334049215
8.48564682990174
6.97291848680477
4.66884706081384
1.91916451959857
-0.882647713129254
-7.59120389986169
-8.77752684541457
-9.02757711633592
-6.94544700218006
-2.31355103445948
3.48562293052026
8.20710678118508
10.1333060589845
9.11699729965816
6.53077260641656
4.18455492533285
3.03094757941902
2.61848296540667
1.67295956717163
-0.673519991938696
-3.97760040375286
-6.62724552850523
-6.95498499911641
-4.49747812156617
-0.448109459290672
3.06064132724746
4.34055598711513
3.1978838687363
0.901617691713145
-0.872528777750483
-1.30783578950631
-0.96731415056906
-1.19394396270505
-2.87392977055214
-5.53580999721729
-7.50765763049618
-7.05233131265816
-3.65182075622159
1.51775192887091
6.28848929895593
8.87941291437858
8.9541594832233
7.60818623744674
6.34023521271627
5.81808078998261
5.38773280458525
3.69615242270715
-0.0604947567755889
-5.23854187445907
-9.92106258623909
-12.0825318899178
-10.9107474312836
-7.32191308698693
-3.29467499923825
-0.51842109056967
0.651097505314655
1.18146156936176
2.3529734343714
4.55495127906139
6.83331084042016
7.55352147648755
5.68479699091579
1.72468161458731
-2.46221410196361
-4.81061446446051
-4.39192232218454
-1.95515778539189
0.707578890073111
2.08141489380873
1.94709382444611
1.35429309284052
1.60658730993924
3.06536740208994
4.71498596722038
4.84931103705519
2.3805856831779
-2.21534901892514
-7.04801629927478
-9.97744795684078
-9.96192380189904
-7.61933295886629
-4.61949613240909
-2.39222471826631
-1.13340873482847
0.152611510599043
2.63461419569766
6.46876975292638
10.3869824517677
12.4163085450569
11.2254009301038
7.10612164999611
1.85387197238503
-2.38024987157785
-4.43492697019902
-4.71344093719301
-4.60333276223086
-5.22162183937559
-6.46224370918202
-7.0776795239436
-5.72864774806203
-2.18852574251737
2.24135911624482
5.46262305294694
5.95047953293281
3.76793661434846
0.48151231722762
-1.95425510130437
-2.51806742859052
-1.68412200686623
-0.842245378278415
-1.05566999392911
-2.13006046877423
-2.72119211709617
-1.40991309624676
2.0738942903817
6.425982525973
9.50000000000002
9.69062436490213
6.96890871856453
2.82366582523143
-0.828936855092
-2.94726802059645
-3.91705094052556
-4.97450680946991
-6.97990499117799
-9.51313430968544
-11.0146908533451
-9.8953445945713
-5.79037134037998
-0.00542776520864663
5.20872990834013
8.04766276830108
8.21137564916141
6.87983329172857
5.66300512818176
5.33963058713428
5.33907084866919
4.34158994322827
1.51351555428701
-2.59545040176169
-6.21476441168223
-7.49501300674038
-5.79990933731415
-2.18935485231598
1.27499751853019
2.90119731436191
2.41862557729129
0.960719860805975
0.0338502134770731
0.282546884049735
1.00028747974432
0.755792827251629
-1.35338797559013
-4.79586018037798
-7.7729740051472
-8.37542510873194
-5.89725565085901
-1.34369748697168
3.24085890669362
6.12904528607087
6.95748250455492
6.71699547529437
6.74041875921162
7.49531087451624
8.12620405923434
7.11083978240591
3.53670840982287
-1.98242516659853
-7.4757058823889
-10.7888300644754
-10.9274562281182
-8.60262416203305
-5.59880610916548
-3.454119012124
-2.44035150039275
-1.58606650261392
0.313694091125272
3.50804909617135
6.86307454831265
8.55641781824101
7.39407746360205
3.76286658109367
-0.512482393341267
-3.32998158019864
-3.65553880265939
-2.08379905293346
-0.232050807569151
0.548134877189979
0.159484483985506
-0.290070183482459
0.486525614605653
2.76166297174118
5.37349067134124
6.43809294504173
4.68986702417189
0.458655273354875
-4.45251302685323
-7.91578377751106
-8.82237229504009
-7.65380053264751
-5.89622598104545
-4.77894014529315
-4.31415512808834
-3.37057274275824
-0.71515596763662
3.78968985749774
8.77689302217678
12.1100894295881
12.2568645321722
9.30347052028163
4.86895764206773
0.986104494150615
-1.2251742097774
-2.12680370094889
-2.99033395937082
-4.76277677511499
-7.14355224919893
-8.69940771711082
-7.94544700217873
-4.57357208626085
0.119597526732507
3.96446609406584
5.30317904006196
4.02854912310938
1.53077260641741
-0.386255161009342
-0.799179439503821
-0.209944159340329
0.0389849709544612
-1.00168939116265
-2.97760040375379
-4.36722447670387
-3.58895959533284
-0.254837434447836
4.38201755963139
8.14908950379519
9.34055598711516
7.7686939550799
4.73174471063562
1.95589834699541
0.326138806708349
-0.639144751345492
-2.19394396270431
-5.13395082235436
-8.90183540100049
-11.7502983176158
-11.8824583315807
-8.74026893277255
-3.48224807113053
1.71767921261288
5.04928589545528
6.12573235847768
5.97421164123178
6.01206581349182
6.81808078998201
7.64775385638473
7.06217782649027
4.1821459303435
-0.408414855534874
-4.83261440969091
-7.0825318899179
-6.33993734493979
-3.49178606806441
-0.466247874492421
1.11555350564654
0.979266904539336
0.181461569362426
0.0929523825703336
1.18892587527796
2.59067015330129
2.72339445756659
0.59634881436837
-3.27531838541277
-7.03302418830665
-8.64074148338298
-7.22034944693272
-3.58913238160729
0.379409490850084
3.08141489380916
4.20711487624908
4.72031849662467
5.84922799705898
7.89549442101118
9.80343414376753
9.84931103705613
6.9513957695206
1.61477800000156
-4.21958917452737
-8.34347336062406
-9.63375440267482
-8.6193329588666
-6.87951718421082
-5.75825012204973
-5.37604942194682
-4.67751550832192
-2.45383398085032
1.4687697529268
5.81617236542231
8.58618152613409
8.39697380535674
5.47214705378002
1.52570257316178
-1.38024987157769
-2.17490591839859
-1.34741553340867
-0.360692075112235
-0.391494820453224
-1.37379553263385
-2.07767952394459
-1.15783766171907
1.6416012764041
5.06978624099185
7.09659764916311
6.27864893215817
2.76793661434923
-1.7785087345748
-5.32028050508898
-6.7607081157112
-6.51424902578823
-5.93069355482653
-6.05566999392932
-6.70087055511688
-6.55131913601983
-4.23834022099337
0.439919694161701
6.09781312674788
10.499999999999
11.9506454167033
10.334934122349
7.06630651235007
4.00119016383082
2.14118015595071
1.08294905947346
-0.403696723126986
-3.14977797225573
-6.68470718493826
-9.38071625712842
-9.56717519534738
-6.79037134037939
-2.26544881700942
1.84270450455639
3.80502208118239
3.38124863023871
1.7913851151803
0.663005128181283
0.768820500790737
1.50894382974774
1.51316281848188
-0.120459041928371
-2.92361980098649
-5.21476441168312
-5.23499195493914
-2.43388393353302
2.05328583480435
6.10512453745312
7.9896454909112
7.41862557729221
5.53152994714981
3.86397723239967
3.11097400879641
2.63426207596047
1.08396222647615
-2.35338797558946
-7.05588123217642
-11.1389994089301
-12.6180657958511
-10.7273826697799
-6.43214566351906
-1.75914109330785
1.55823519972841
3.12735548563215
3.88856835054805
5.10644416299544
7.16714147529302
9.12620405923323
9.3708608342072
6.90273381360691
2.26021552051991
-2.64557886346689
-5.70038188792716
-5.92745622811716
-4.03181407568917
-1.76867909024244
-0.625691887376062
-0.806376904178308
-1.25789710339074
-0.686305908874397
1.24802804437002
3.49704914452915
4.31377713112257
2.56395044468235
-1.32558159545436
-5.51248239334268
-7.90079166654274
-7.48566582158245
-4.91222617767932
-1.86602540378589
0.219965477964756
1.15948448398497
1.96995086831779
3.85255101838911
7.00430365885796
10.2036176902622
11.52654112159
9.68986702417085
5.02946535969746
-0.622386007931146
-5.08735665276378
-7.18839769882382
-7.32563113342378
-6.89622598104485
-7.03896119709514
-7.68018053187338
-7.61321342987737
-5.54528298655891
-1.29875831904967
3.77689302217765
7.53927934324549
8.42673751325007
6.47504339553381
3.23498304585007
0.657935094925509
-0.225174209776613
0.133217350852998
0.149037066700345
1.70747109010847
3.07423238001577
4.14494687792064
4.84406278495089
5.13130574797208
5.00471610886179
4.49999999999971
3.68628482700797
2.6587187064612
1.52865865091877
0.412423957968621
-0.580273172580479
-1.35708141209164
-1.85189535066344
-2.03100706852741
-1.89593233475165
-1.48264999963979
-0.857348712093926
-0.109120811381574
0.659654850161597
1.34427095263691
1.84888787287129
2.09684158178136
2.0390244892208
1.65949069146915
0.977711284120919
0.0472366555186903
-1.04912155957572
-2.20713086465502
-3.31124169587996
-4.24596878508311
-4.90743373618551
-5.21393129533601
-5.11447222487286
-4.59444902850769
-3.67784824670152
-2.42576761998416
-0.931355464516036
0.688361942034471
2.30299535755148
3.78065089794766
5.00000000000015
5.86140655421776
6.29604609125748
6.2721447461273
5.79774329477944
4.9197268274194
3.71922093034406
2.3038054922527
0.797303321893773
-0.671867123837079
-1.98264999963979
-3.03247043930371
-3.74644819617824
-4.0838312450474
-4.04104838417397
-3.65111212712798
-2.97946076065417
-2.11667635369473
-1.16881969895236
-0.246353926793266
0.547236655519053
1.12600016763432
1.43019652014123
1.4322443993286
1.13935055172751
0.5925662638144
-0.137628952899991
-0.958771381956644
-1.76613863808733
-2.45378303578745
-2.92576761998456
-3.10647719172521
-2.94896544276133
-2.44049073765733
-1.60466843886308
-0.500000000000457
0.785104211782448
2.14034524834182
3.44383435570655
4.5736780838651
5.41972682741972
5.89434265755412
5.94113287704868
5.54078941710203
4.71345221297373
3.51735000035954
2.04383190313256
0.409252646737961
-1.25552085462598
-2.81698317325968
-4.15111212712898
-5.15458248786424
-5.75400373849118
-5.91230579416018
-5.63167326360424
-4.9527633444809
-3.95030217480135
-2.72550432277455
-1.3960659910923
-0.0847146591868158
1.09256626381466
2.03749277430978
2.67855600283934
2.97734745712183
2.93153630102351
2.57423238001535
1.96982515070985
1.20673540015423
0.387819652763875
-0.380603227948695
-1.00000000000049
-1.39001751542779
-1.49698213645457
-1.29965173950235
-0.811641252945735
-0.0802731725802572
0.818040315118311
1.78543203413291
2.71247902668108
3.48938700205922
4.01735000036027
4.21895363034232
4.04658003153395
3.48796524058187
2.56833616355183
1.34888787287187
-0.0782801454282154
-1.59830289557597
-3.08399540373981
-4.40760805269022
-5.45276334448083
-6.12542390201158
-6.36283170757088
-6.13955208630091
-5.47003399599767
-4.4074337361853
-3.03880956812602
-1.47714484007659
0.149037066700699
1.70747109010879
3.07423238001603
4.14494687792021
4.84406278495065
5.13130574797206
5.00471610886168
4.49999999999953
3.68628482700842
2.65871870646173
1.52865865091848
0.412423957968363
-0.580273172580688
-1.35708141209178
-1.85189535066333
-2.0310070685274
-1.89593233475155
-1.48264999963962
-0.857348712093715
-0.109120811381947
0.659654850161239
1.3442709526371
1.84888787287142
2.09684158178142
2.03902448922077
1.65949069146941
0.977711284121208
0.0472366555184474
-1.04912155957599
-2.20713086465531
-3.31124169587937
-4.24596878508347
-4.90743373618566
-5.21393129533607
-5.11447222487257
-4.59444902850755
-3.67784824670205
-2.42576761998483
-0.931355464515414
0.688361942034832
2.30299535755183
3.780650897947
4.99999999999982
5.8614065542179
6.29604609125752
6.27214474612724
5.79774329477927
4.91972682741991
3.71922093034387
2.30380549225236
0.797303321893434
-0.671867123837388
-1.98264999963978
-3.03247043930329
-3.74644819617799
-4.08383124504739
-4.04104838417387
-3.65111212712781
-2.97946076065455
-2.11667635369536
-1.1688196989521
-0.246353926793039
0.547236655519231
1.1260001676341
1.43019652014115
1.43224439932845
1.13935055172738
0.592566263814399
-0.137628952900215
-0.95877138195713
-1.76613863808697
-2.45378303578736
-2.92576761998469
-3.10647719172526
-2.94896544276149
-2.44049073765742
-1.60466843886355
-0.500000000000187
0.785104211782755
2.14034524834222
3.44383435570595
4.57367808386462
5.41972682741989
5.89434265755408
5.94113287704866
5.54078941710233
4.71345221297374
3.51735000035993
2.04383190313221
0.409252646737595
-1.25552085462634
-2.81698317325924
-4.15111212712841
-5.15458248786441
-5.75400373849125
-5.91230579416014
-5.63167326360447
-4.95276334448131
-3.9503021748019
-2.72550432277424
-1.39606599109199
-0.0847146591865293
1.09256626381415
2.03749277430973
2.67855600283942
2.97734745712183
2.93153630102342
2.5742323800149
1.96982515071046
1.20673540015462
0.387819652763643
-0.380603227948898
-1.00000000000047
-1.39001751542766
-1.49698213645459
-1.29965173950227
-0.811641252945603
-0.080273172580045
0.818040315117854
1.78543203413245
2.71247902668132
3.48938700205941
4.01735000036039
4.21895363034236
4.0465800315339
3.48796524058223
2.56833616355161
1.34888787287158
-0.0782801454285469
-1.59830289557524
-3.08399540373912
-4.40760805268964
-5.45276334448103
-6.12542390201169
-6.36283170757089
-6.13955208630112
-5.4700339959981
-4.40743373618502
-3.03880956812569
-1.47714484007623
0.149037066699924
1.70747109010911
3.07423238001543
4.14494687792039
4.84406278495074
5.13130574797229
5.00471610886184
4.49999999999985
3.68628482700818
2.65871870646153
1.5286586509182
0.412423957968878
-0.580273172580256
-1.35708141209159
-1.85189535066339
-2.03100706852738
-1.89593233475144
-1.48264999964014
-0.857348712093229
-0.109120811381718
0.659654850161461
1.34427095263701
1.8488878728718
2.09684158178137
2.03902448922087
1.65949069146915
0.977711284121024
0.0472366555182053
-1.04912155957544
-2.20713086465471
-3.31124169587963
-4.24596878508369
-4.9074337361858
0.0292467816295274
-0.761920914091286
-1.71660540010137
-2.51244077082033
-2.79289321881343
-2.32203403081769
-1.10151653659539
0.597904398716911
2.30585902963125
3.50000000000005
3.77889072147443
2.99705647422717
1.31272147505724
-0.868948974806962
-3.03553390593248
-4.73788717647492
-5.72868960032209
-6.01923203528293
-5.83638578902674
-5.49999999999988
-5.27114540178052
-5.23219203436274
-5.24668254627309
-5.01540172789983
-4.20710678118631
-2.61267756707262
-0.261433438279167
2.5480284976478
5.31800560177035
7.5
8.66825087409635
8.65538450565751
7.60069057024701
5.89383051644776
4.03553390593309
2.46735579894573
1.43331154376629
0.923175039987654
0.715482114705045
0.500000000000124
0.0292467816291522
-0.761920914091823
-1.71660540010124
-2.51244077082025
-2.79289321881344
-2.32203403081781
-1.1015165365956
0.597904398716666
2.30585902963104
3.50000000000051
3.77889072147446
2.99705647422735
1.31272147505752
-0.868948974808288
-3.03553390593365
-4.73788717647375
-5.72868960032156
-6.01923203528293
-5.83638578902655
-5.49999999999992
-5.27114540178054
-5.23219203436273
-5.24668254627306
-5.01540172789989
-4.20710678118648
-2.61267756707289
-0.26143343827953
2.54802849764741
5.31800560177
7.49999999999976
8.66825087409669
8.65538450565717
7.60069057024827
5.89383051644801
4.03553390593205
2.46735579894495
1.43331154376639
0.92317503998792
0.715482114705067
0.49999999999994
0.0292467816292405
-0.761920914091697
-1.71660540010111
-2.51244077082017
-2.79289321881345
-2.32203403081793
-1.1015165365958
0.597904398717717
2.30585902963083
3.49999999999984
3.7788907214745
2.9970564742266
1.31272147505634
-0.868948974807978
-3.03553390593193
-4.73788717647455
-5.72868960032192
-6.01923203528293
-5.8363857890266
-5.49999999999996
-5.27114540178056
-5.23219203436273
-5.24668254627306
-5.01540172789996
-4.20710678118578
-2.61267756707317
-0.261433438279894
2.54802849764701
5.3180056017715
7.50000000000078
8.66825087409619
8.65538450565766
7.60069057024741
5.89383051644692
4.03553390593229
2.46735579894513
1.4333115437665
0.923175039987739
0.715482114705089
0.499999999999983
0.029246781629328
-0.761920914091571
-1.71660540010098
-2.51244077082009
-2.79289321881346
-2.32203403081742
-1.10151653659491
0.597904398716173
2.30585902963062
3.5000000000003
3.77889072147435
2.99705647422677
1.31272147505807
-0.868948974807667
-3.0355339059331
-4.73788717647436
-5.72868960032183
-6.01923203528293
-5.83638578902664
-5.50000000000001
-5.27114540178057
-5.23219203436272
-5.24668254627304
-5.01540172790002
-4.2071067811868
-2.61267756707344
-0.26143343827834
2.5480284976487
5.31800560177115
7.49999999999929
8.66825087409653
8.65538450565733
7.60069057024761
5.89383051644718
4.03553390593254
2.46735579894531
1.4333115437666
0.923175039987781
0.715482114705111
0.4999999999998
0.0292467816294151
-0.761920914091446
-1.71660540010085
-2.51244077082043
-2.79289321881342
-2.32203403081817
-1.10151653659622
0.597904398717224
2.30585902963152
3.50000000000019
3.77889072147438
2.99705647422695
1.31272147505689
-0.868948974807357
-3.03553390593283
-4.73788717647417
-5.72868960032175
-6.01923203528293
-5.83638578902668
-5.50000000000005
-5.2711454017805
-5.23219203436274
-5.24668254627308
-5.01540172790009
-4.20710678118611
-2.61267756707227
-0.261433438278703
2.54802849764622
5.3180056017708
7.5000000000003
8.66825087409645
8.65538450565741
7.60069057024781
5.89383051644743
4.03553390593278
2.46735579894549
1.4333115437667
0.923175039987599
0.715482114705132
0.500000000000069
0.0292467816295034
-0.761920914091983
-1.7166054001014
-2.51244077082035
-2.79289321881348
-2.32203403081766
-1.10151653659533
0.597904398716978
2.30585902963131
3.50000000000008
3.77889072147442
2.99705647422713
1.31272147505717
-0.868948974807047
-3.035533905934
-4.73788717647399
-5.72868960032166
-6.01923203528293
-5.8363857890265
-5.49999999999986
-5.27114540178061
-5.23219203436272
-5.24668254627305
-5.01540172789981
-4.20710678118627
-2.61267756707254
-0.261433438279067
2.54802849764791
5.31800560177045
7.50000000000007
8.66825087409637
8.65538450565748
7.60069057024801
5.89383051644769
4.03553390593302
2.46735579894472
1.43331154376626
0.923175039987866
0.715482114705155
0.499999999999886
0.0292467816291291
-0.761920914091857
-1.7166054001006
-2.51244077082027
-2.79289321881344
-2.32203403081778
-1.10151653659554
0.597904398716733
2.3058590296311
3.49999999999998
3.77889072147445
2.9970564742273
1.31272147505599
-0.868948974806737
-3.03553390593228
-4.7378871764738
-5.72868960032203
-6.01923203528293
-5.83638578902654
-5.50000000000013
-5.27114540178053
-5.23219203436273
-5.24668254627306
-5.01540172789988
-4.20710678118643
-2.61267756707282
-0.261433438279431
2.54802849764752
5.3180056017701
7.50000000000108
8.66825087409629
8.65538450565756
7.60069057024822
5.89383051644659
4.03553390593198
2.4673557989449
1.43331154376691
0.923175039987685
0.715482114705061
0.499999999999929
0.0292467816292166
-0.761920914091732
-1.71660540010115
-2.51244077082019
-2.79289321881345
-2.3220340308179
-1.10151653659464
0.597904398716486
2.30585902963089
3.49999999999987
3.7788907214743
2.99705647422655
1.31272147505772
-0.868948974806427
-3.03553390593345
-4.7378871764746
-5.72868960032194
-6.01923203528293
-5.83638578902658
-5.49999999999995
-5.27114540178055
-5.23219203436273
-5.24668254627306
-5.01540172789994
-4.20710678118659
-2.61267756707309
-0.261433438279795
2.54802849764921
5.3180056017716
7.49999999999959
8.66825087409621
8.65538450565722
7.60069057024736
5.89383051644685
4.03553390593351
2.46735579894508
1.43331154376647
0.923175039987727
0.715482114705083
0.499999999999972
0.0292467816293036
-0.761920914091605
-1.71660540010102
-2.51244077082011
-2.79289321881341
-2.32203403081802
-1.10151653659596
0.59790439871624
2.30585902963179
3.50000000000033
3.77889072147434
2.99705647422765
1.31272147505654
-0.868948974807752
-3.03553390593318
-4.73788717647441
-5.72868960032186
-6.01923203528293
-5.83638578902663
-5.49999999999999
-5.27114540178057
-5.23219203436275
-5.24668254627307
-5.0154017279
-4.20710678118676
-2.61267756707192
-0.26143343827824
2.54802849764673
5.31800560176939
7.5000000000006
8.66825087409655
8.6553845056573
7.60069057024756
5.89383051644711
4.03553390593247
2.46735579894526
1.43331154376657
0.92317503998777
0.715482114705105
0.500000000000015
0.029246781629392
-0.76192091409148
-1.71660540010157
-2.51244077082046
-2.79289321881347
-2.32203403081813
-1.10151653659506
0.597904398717291
2.30585902963158
3.49999999999965
3.77889072147437
2.9970564742269
1.31272147505682
-0.868948974807441
-3.0355339059329
-4.73788717647422
-5.72868960032177
-6.01923203528293
-5.83638578902667
-5.49999999999981
-5.27114540178059
-5.23219203436272
-5.24668254627308
-5.01540172789973
-4.20710678118606
-2.61267756707219
-0.261433438280523
2.54802849764842
5.3180056017709
7.50000000000037
