"x"
4.59807621135332
4.96410161513776
4
1.96410161513776
-0.598076211353314
-3
-4.59807621135332
-4.96410161513776
-4
-1.96410161513776
0.598076211353309
3
4.59807621135332
4.96410161513776
4
1.96410161513776
-0.598076211353317
-3
-4.59807621135331
-4.96410161513776
-4
-1.96410161513777
0.598076211353308
3
4.59807621135331
4.96410161513775
4.00000000000001
1.96410161513776
-0.598076211353316
-2.99999999999999
-4.59807621135331
-4.96410161513776
-4.00000000000001
-1.96410161513775
0.598076211353298
3
4.59807621135331
4.96410161513776
4.00000000000001
1.96410161513777
-0.598076211353297
-3
-4.59807621135331
-4.96410161513776
-4.00000000000001
-1.96410161513777
0.598076211353314
3
4.59807621135331
4.96410161513776
4.00000000000001
1.96410161513775
-0.598076211353313
-2.99999999999998
-4.59807621135331
-4.96410161513776
-4.00000000000001
-1.96410161513775
0.598076211353296
2.99999999999998
4.59807621135331
4.96410161513776
4
1.96410161513777
-0.598076211353277
-2.99999999999998
-4.59807621135331
-4.96410161513775
-4.00000000000001
-1.96410161513779
0.598076211353294
2.99999999999999
4.59807621135331
4.96410161513776
4.00000000000002
1.96410161513777
-0.598076211353311
-2.99999999999998
-4.59807621135331
-4.96410161513776
-4.00000000000001
-1.96410161513779
0.598076211353328
2.99999999999999
4.5980762113533
4.96410161513776
4.00000000000002
1.96410161513781
-0.59807621135331
-2.99999999999998
-4.59807621135331
-4.96410161513776
-4.00000000000003
-1.96410161513776
0.598076211353292
2.99999999999999
4.5980762113533
4.96410161513776
4
1.96410161513777
-0.598076211353309
-2.99999999999998
-4.5980762113533
-4.96410161513775
-4.00000000000001
-1.96410161513776
0.59807621135329
2.99999999999996
4.5980762113533
4.96410161513776
4
1.96410161513778
-0.598076211353272
-2.99999999999998
-4.59807621135331
-4.96410161513775
-4.00000000000001
-1.96410161513779
0.598076211353289
2.99999999999996
4.59807621135332
4.96410161513776
4.00000000000002
1.96410161513778
-0.598076211353236
-3
-4.5980762113533
-4.96410161513776
-4.00000000000001
-1.96410161513783
0.598076211353323
2.99999999999996
4.5980762113533
4.96410161513776
4.00000000000005
1.96410161513775
-0.59807621135327
-2.99999999999997
-4.59807621135331
-4.96410161513776
-4.00000000000004
-1.9641016151378
0.598076211353287
2.99999999999999
4.59807621135329
4.96410161513776
4.00000000000002
1.96410161513778
-0.598076211353304
-2.99999999999994
-4.59807621135329
-4.96410161513776
-4.00000000000002
-1.96410161513776
0.59807621135325
2.99999999999996
4.5980762113533
4.96410161513776
4
1.96410161513781
-0.598076211353267
-2.99999999999997
-4.59807621135328
-4.96410161513776
-4.00000000000004
-1.96410161513773
0.598076211353284
2.99999999999999
4.59807621135332
4.96410161513776
4.00000000000003
1.96410161513778
-0.598076211353231
-2.99999999999994
-4.59807621135329
-4.96410161513777
-4.00000000000002
-1.96410161513777
0.598076211353319
2.99999999999996
4.5980762113533
4.96410161513776
4.00000000000005
1.96410161513782
-0.598076211353265
-2.99999999999991
-4.59807621135331
-4.96410161513776
-4
-1.9641016151378
0.598076211353282
2.99999999999998
4.59807621135329
4.96410161513776
4.00000000000003
1.96410161513785
-0.598076211353228
-3
-4.59807621135332
-4.96410161513776
-4.00000000000002
-1.96410161513777
0.598076211353245
2.99999999999995
4.5980762113533
4.96410161513777
4.00000000000005
1.96410161513775
-0.598076211353333
-2.99999999999997
-4.59807621135331
-4.96410161513776
-4.00000000000004
-1.9641016151378
0.59807621135328
2.99999999999993
4.59807621135328
4.96410161513776
3.99999999999999
1.96410161513779
-0.598076211353296
-3
-4.59807621135329
-4.96410161513776
-4.00000000000002
-1.96410161513784
0.598076211353243
2.99999999999995
4.59807621135327
4.96410161513776
4.00000000000001
1.96410161513775
-0.59807621135326
-2.99999999999997
-4.59807621135331
-4.96410161513776
-4.00000000000004
-1.9641016151378
0.598076211353206
2.99999999999992
4.59807621135331
4.96410161513775
4.00000000000003
1.96410161513779
-0.598076211353294
-2.99999999999994
-4.59807621135326
-4.96410161513776
-4.00000000000006
-1.9641016151379
0.598076211353241
3.00000000000001
-1.71660540010106
-2.51244077082016
-2.79289321881345
-2.3220340308179
-1.10151653659568
0.597904398716648
2.30585902963109
3.50000000000001
3.77889072147444
2.99705647422713
1.31272147505709
-0.868948974807245
-3.03553390593273
-4.73788717647417
-5.72868960032177
-6.01923203528293
-5.83638578902664
-5.50000000000001
-5.27114540178057
-5.23219203436273
-5.24668254627306
-5.01540172789994
-4.20710678118654
-2.61267756707291
-0.261433438279435
2.54802849764764
5.31800560177021
7.49999999999998
8.66825087409637
8.65538450565746
7.60069057024789
5.89383051644744
4.03553390593271
2.46735579894538
1.4333115437666
0.923175039987784
0.715482114705105
0.5
0.0292467816293334
-0.761920914091605
-1.71660540010102
-2.51244077082016
-2.79289321881345
-2.32203403081786
-1.10151653659568
0.597904398716646
2.30585902963109
3.50000000000001
3.77889072147443
2.99705647422719
1.31272147505718
-0.868948974807139
-3.03553390593282
-4.73788717647416
-5.72868960032177
-6.01923203528293
-5.83638578902664
-5.49999999999999
-5.27114540178057
-5.23219203436273
-5.24668254627307
-5.01540172789994
-4.20710678118654
-2.61267756707292
-0.26143343827944
2.54802849764764
5.31800560177032
7.49999999999998
8.66825087409637
8.65538450565746
7.60069057024789
5.89383051644744
4.03553390593279
2.46735579894544
1.4333115437666
0.923175039987784
0.715482114705105
0.500000000000015
0.0292467816293334
-0.761920914091646
-1.71660540010106
-2.51244077082016
-2.79289321881345
-2.32203403081786
-1.10151653659568
0.597904398716643
2.30585902963102
3.50000000000001
3.77889072147444
2.99705647422713
1.31272147505709
-0.868948974807135
-3.03553390593281
-4.73788717647416
-5.72868960032177
-6.01923203528293
-5.83638578902664
-5.50000000000001
-5.27114540178056
-5.23219203436273
-5.24668254627307
-5.01540172789992
-4.20710678118654
-2.61267756707292
-0.261433438279564
2.54802849764763
5.3180056017702
7.50000000000005
8.66825087409637
8.65538450565746
7.60069057024783
5.89383051644745
4.03553390593271
2.46735579894545
1.43331154376661
0.923175039987784
0.715482114705098
0.500000000000001
0.0292467816293351
-0.761920914091561
-1.71660540010106
-2.51244077082016
-2.79289321881345
-2.32203403081786
-1.10151653659569
0.597904398716721
2.30585902963109
3.50000000000001
3.77889072147444
2.99705647422714
1.31272147505719
-0.868948974807132
-3.03553390593281
-4.73788717647416
-5.7286896003218
-6.01923203528293
-5.83638578902664
-5.50000000000001
-5.27114540178056
-5.23219203436273
-5.24668254627307
-5.01540172789996
-4.20710678118655
-2.61267756707283
-0.261433438279448
2.54802849764763
5.3180056017702
7.50000000000005
8.66825087409637
8.65538450565746
7.60069057024796
5.89383051644745
4.0355339059328
2.46735579894539
1.43331154376661
0.92317503998777
0.715482114705105
0.500000000000016
0.0292467816293358
-0.76192091409156
-1.71660540010106
-2.51244077082013
-2.79289321881345
-2.32203403081782
-1.10151653659562
0.597904398716637
2.30585902963102
3.5
3.77889072147444
2.99705647422714
1.31272147505719
-0.868948974807231
-3.03553390593272
-4.73788717647422
-5.72868960032177
-6.01923203528293
-5.83638578902664
-5.50000000000001
-5.27114540178056
-5.23219203436273
-5.24668254627306
-5.01540172789994
-4.20710678118649
-2.61267756707292
-0.261433438279572
2.54802849764762
5.31800560177019
7.50000000000005
8.66825087409637
8.65538450565744
7.6006905702479
5.89383051644737
4.03553390593272
2.46735579894545
1.43331154376668
0.923175039987785
0.715482114705098
0.500000000000002
0.0292467816293083
-0.7619209140916
-1.7166054001011
-2.51244077082016
-2.79289321881345
-2.32203403081794
-1.10151653659569
0.597904398716554
2.30585902963108
3.50000000000004
3.77889072147443
2.99705647422708
1.3127214750571
-0.868948974807125
-3.03553390593262
-4.73788717647416
-5.72868960032174
-6.01923203528293
-5.83638578902666
-5.49999999999999
-5.27114540178056
-5.23219203436273
-5.24668254627307
-5.01540172789996
-4.20710678118655
-2.61267756707302
-0.261433438279456
2.54802849764749
5.3180056017703
7.49999999999997
8.66825087409639
8.65538450565746
7.60069057024796
5.89383051644746
4.0355339059328
2.46735579894539
1.43331154376664
0.923175039987772
0.715482114705106
0.499999999999989
0.0292467816292807
-0.76192091409164
-1.71660540010105
-2.51244077082013
-2.79289321881345
-2.3220340308179
-1.10151653659562
0.597904398716631
2.30585902963115
3.5
3.77889072147442
2.99705647422714
1.31272147505719
-0.868948974807223
-3.03553390593271
-4.73788717647422
-5.72868960032177
-6.01923203528293
-5.83638578902664
-5.49999999999998
-5.27114540178056
-5.23219203436273
-5.24668254627306
-5.01540172789994
-4.2071067811865
-2.61267756707293
-0.26143343827934
2.54802849764762
5.31800560177042
7.50000000000004
8.66825087409636
8.65538450565749
7.6006905702479
5.89383051644737
4.03553390593272
2.46735579894533
1.43331154376661
0.923175039987758
0.715482114705099
0.500000000000003
0.0292467816293678
-0.761920914091597
-1.71660540010101
-2.51244077082016
-2.79289321881345
-2.32203403081787
-1.10151653659556
0.59790439871671
2.30585902963108
3.49999999999997
3.77889072147443
2.9970564742272
1.31272147505711
-0.868948974807321
-3.0355339059328
-4.73788717647428
-5.7286896003218
-6.01923203528293
-5.83638578902666
-5.5
-5.27114540178057
-5.23219203436273
-5.24668254627307
-5.01540172789992
-4.20710678118645
-2.61267756707284
-0.261433438279464
2.54802849764748
5.3180056017703
7.49999999999996
8.66825087409639
8.65538450565747
7.60069057024784
5.89383051644746
4.03553390593265
2.4673557989454
1.43331154376665
0.923175039987772
0.715482114705106
0.49999999999999
0.0292467816293405
-0.761920914091637
-1.71660540010105
-2.51244077082018
-2.79289321881345
-2.32203403081791
-1.10151653659563
0.597904398716626
2.30585902963115
3.5
3.77889072147442
2.99705647422715
1.31272147505702
-0.868948974807216
-3.0355339059327
-4.73788717647409
-5.72868960032177
-6.01923203528293
-5.83638578902664
-5.49999999999998
-5.27114540178057
-5.23219203436273
-5.24668254627306
-5.01540172789995
-4.20710678118661
-2.61267756707294
-0.261433438279588
2.54802849764761
5.31800560177041
7.50000000000004
8.66825087409641
8.65538450565744
7.60069057024791
5.89383051644755
4.03553390593273
2.46735579894546
1.43331154376661
0.923175039987787
0.7154821147051
0.499999999999976
0.0292467816293114
-0.761920914091594
-1.71660540010101
-2.51244077082016
-2.79289321881345
-2.32203403081787
-1.1015165365957
0.597904398716704
2.30585902963121
3.50000000000003
3.77889072147443
2.99705647422721
1.31272147505711
-0.868948974807111
-3.03553390593279
-4.73788717647415
-5.72868960032179
-6.01923203528293
-5.83638578902663
-5.5
-5.27114540178057
-5.23219203436273
-5.24668254627307
-5.01540172789993
-4.20710678118656
-2.61267756707285
-0.261433438279472
2.54802849764773
5.31800560177029
7.49999999999996
8.66825087409639
8.65538450565747
7.60069057024784
5.89383051644747
4.03553390593265
2.4673557989454
1.43331154376658
0.923175039987773
0.715482114705106
0.500000000000019
0.0292467816293414
-0.761920914091551
-1.71660540010113
-2.51244077082018
-2.79289321881345
-2.32203403081791
-1.10151653659563
0.59790439871662
2.305859029631
3.49999999999993
3.77889072147442
2.99705647422715
1.31272147505721
-0.868948974807414
-3.03553390593288
-4.73788717647421
-5.72868960032176
-6.01923203528293
-5.83638578902665
-5.50000000000001
-5.27114540178058
-5.23219203436273
-5.24668254627306
-5.01540172789995
-4.20710678118651
-2.61267756707294
-0.261433438279596
2.54802849764734
5.3180056017704
7.50000000000003
8.66825087409636
8.6553845056575
7.60069057024778
5.89383051644739
4.03553390593274
2.46735579894534
1.43331154376662
0.923175039987788
0.715482114705114
0.499999999999976
0.0292467816293143
-0.761920914091591
-1.716605400101
-2.51244077082015
-2.79289321881345
-2.32203403081795
-1.10151653659557
0.597904398716699
2.30585902963107
3.49999999999996
3.77889072147441
2.9970564742271
1.31272147505712
-0.868948974807103
-3.03553390593278
-4.73788717647414
-5.72868960032173
-6.01923203528293
-5.83638578902663
-5.5
-5.27114540178057
-5.23219203436273
-5.24668254627307
-5.01540172789997
-4.20710678118645
-2.61267756707286
-0.261433438279481
2.54802849764746
5.31800560177051
7.50000000000011
8.66825087409639
8.65538450565747
7.60069057024785
5.89383051644747
4.03553390593282
2.46735579894528
1.43331154376658
0.923175039987775
0.715482114705108
0.499999999999991
0.0292467816293431
-0.761920914091549
-1.71660540010096
-2.51244077082018
-2.79289321881345
-2.32203403081791
-1.1015165365955
0.597904398716777
2.30585902963114
3.49999999999999
3.77889072147442
2.99705647422715
1.31272147505721
-0.868948974806998
-3.03553390593287
-4.7378871764742
-5.72868960032176
-6.01923203528293
-5.83638578902665
-5.50000000000001
-5.27114540178058
-5.23219203436273
-5.24668254627306
-5.01540172789995
-4.20710678118662
-2.61267756707277
-0.261433438279365
2.54802849764759
5.31800560177039
7.50000000000003
8.66825087409636
8.6553845056575
7.60069057024778
5.89383051644739
4.03553390593274
2.46735579894547
1.43331154376662
0.923175039987789
0.715482114705114
0.499999999999977
0.029246781629316
-0.761920914091588
-1.716605400101
-2.5124407708202
-2.79289321881345
-2.32203403081787
-1.10151653659571
0.597904398716693
2.30585902963106
3.49999999999996
3.77889072147441
2.9970564742271
1.31272147505713
-0.868948974807096
-3.03553390593278
-4.73788717647414
-5.72868960032173
-6.01923203528293
-5.83638578902663
-5.5
-5.27114540178057
-5.23219203436273
-5.24668254627306
-5.01540172789993
-4.20710678118656
-2.61267756707286
-0.261433438279489
2.54802849764745
5.31800560177004
7.5000000000001
8.66825087409638
8.65538450565747
7.60069057024785
5.89383051644748
4.03553390593282
2.46735579894553
1.43331154376658
0.923175039987775
0.715482114705108
0.500000000000021
0.0292467816292876
-0.761920914091628
-1.71660540010104
-2.51244077082018
-2.79289321881344
-2.32203403081784
-1.10151653659564
0.59790439871661
2.30585902963099
3.49999999999992
3.77889072147447
2.99705647422716
1.31272147505722
-0.86894897480699
-3.03553390593287
-4.7378871764742
-5.72868960032176
-6.01923203528293
-5.83638578902662
-5.49999999999999
-5.27114540178057
-5.23219203436273
-5.24668254627306
-5.01540172789991
-4.20710678118651
-2.61267756707296
-0.261433438279613
2.54802849764732
5.31800560176992
3.49999999999999
3.83933998420383
4.0108823879007
4.00712998489726
3.82824677321079
3.48205080756888
2.9836725129027
2.35489341217333
1.62319416929975
0.820553552278089
-0.017949192431028
-0.855667471301239
-1.65598897572729
-2.38393581559744
-3.00769322093283
-3.50000000000002
-3.83933998420382
-4.0108823879007
-4.00712998489726
-3.82824677321081
-3.4820508075689
-2.98367251290265
-2.35489341217336
-1.62319416929979
-0.820553552278019
0.017949192431099
0.855667471301197
1.65598897572736
2.3839358155974
3.0076932209328
3.5
3.83933998420381
4.01088238790069
4.00712998489726
3.82824677321079
3.48205080756892
2.9836725129026
2.35489341217331
1.62319416929983
0.820553552278062
-0.0179491924311703
-0.855667471301154
-1.65598897572732
-2.38393581559746
-3.00769322093277
-3.49999999999998
-3.83933998420383
-4.0108823879007
-4.00712998489727
-3.8282467732108
-3.48205080756895
-2.98367251290263
-2.35489341217334
-1.62319416929976
-0.820553552278104
0.0179491924311268
0.855667471301224
1.65598897572728
2.38393581559752
3.00769322093282
3.49999999999996
3.83933998420381
4.01088238790071
4.00712998489727
3.82824677321081
3.48205080756891
2.98367251290266
2.35489341217338
1.6231941692998
0.820553552277922
-0.0179491924310831
-0.855667471301181
-1.65598897572734
-2.38393581559748
-3.00769322093279
-3.49999999999999
-3.8393399842038
-4.0108823879007
-4.00712998489726
-3.82824677321083
-3.48205080756887
-2.98367251290261
-2.35489341217341
-1.62319416929984
-0.820553552277965
0.0179491924310398
0.855667471301139
1.6559889757273
2.38393581559754
3.00769322093276
3.49999999999997
3.83933998420386
4.0108823879007
4.00712998489727
3.82824677321081
3.4820508075689
2.98367251290264
2.35489341217335
1.62319416929988
0.820553552278007
-0.0179491924311108
-0.855667471301096
-1.65598897572737
-2.3839358155975
-3.00769322093273
-3.49999999999995
-3.83933998420384
-4.01088238790071
-4.00712998489727
-3.82824677321082
-3.48205080756886
-2.98367251290267
-2.35489341217339
-1.62319416929971
-0.82055355227805
0.0179491924310675
0.855667471301166
1.65598897572733
2.38393581559747
3.00769322093278
3.49999999999993
3.83933998420383
4.0108823879007
4.00712998489728
3.8282467732108
3.48205080756888
2.98367251290263
2.35489341217343
1.62319416929975
0.82055355227798
-0.017949192431024
-0.855667471301236
-1.65598897572739
-2.38393581559743
-3.00769322093275
-3.50000000000002
-3.83933998420382
-4.0108823879007
-4.00712998489727
-3.82824677321081
-3.4820508075689
-2.98367251290265
-2.35489341217337
-1.62319416929979
-0.820553552278023
0.0179491924309807
0.855667471301193
1.65598897572735
2.38393581559749
3.00769322093272
3.5
3.83933998420384
4.01088238790069
4.00712998489726
3.82824677321079
3.48205080756892
2.98367251290268
2.35489341217331
1.62319416929983
0.820553552278066
-0.0179491924310515
-0.855667471301151
-1.65598897572731
-2.38393581559746
-3.00769322093284
-3.49999999999998
-3.83933998420383
-4.0108823879007
-4.00712998489727
-3.8282467732108
-3.48205080756889
-2.98367251290271
-2.35489341217335
-1.62319416929977
-0.820553552278108
0.0179491924311228
0.85566747130122
1.65598897572727
2.38393581559742
3.00769322093281
3.49999999999995
3.83933998420381
4.0108823879007
4.00712998489726
3.82824677321081
3.48205080756891
2.98367251290259
2.35489341217338
1.62319416929981
0.820553552278038
-0.0179491924310793
-0.855667471301178
-1.65598897572734
-2.38393581559739
-3.00769322093278
-3.49999999999999
-3.8393399842038
-4.0108823879007
-4.00712998489726
-3.82824677321083
-3.48205080756893
-2.98367251290262
-2.35489341217332
-1.62319416929985
-0.820553552278081
0.0179491924311503
0.855667471301135
1.6559889757273
2.38393581559754
3.00769322093276
3.49999999999997
3.83933998420382
4.0108823879007
4.00712998489727
3.82824677321081
3.48205080756895
2.98367251290265
2.35489341217336
1.62319416929989
0.820553552278011
-0.017949192431107
-0.855667471301204
-1.65598897572726
-2.3839358155975
-3.0076932209328
-3.49999999999995
-3.83933998420381
-4.0108823879007
-4.00712998489727
-3.82824677321082
-3.48205080756886
-2.98367251290268
-2.35489341217339
-1.62319416929982
-0.820553552278054
0.0179491924310635
0.855667471301162
1.65598897572722
2.38393581559747
3.00769322093277
3.49999999999998
3.83933998420383
4.0108823879007
4.00712998489727
3.82824677321083
3.48205080756888
2.98367251290263
2.35489341217343
1.62319416929976
0.820553552277984
-0.0179491924310202
-0.855667471301119
-1.65598897572739
-2.38393581559743
-3.00769322093275
-3.49999999999996
-3.83933998420385
-4.0108823879007
-4.00712998489727
-3.82824677321077
-3.48205080756891
-2.98367251290266
-2.35489341217337
-1.6231941692998
-0.820553552278027
0.0179491924310911
0.855667471301077
1.65598897572735
2.38393581559749
3.00769322093272
3.5
3.83933998420384
4.01088238790069
4.00712998489727
3.82824677321079
3.48205080756887
2.98367251290269
2.35489341217341
1.62319416929973
0.820553552278069
-0.0179491924310478
-0.855667471301258
-1.65598897572731
-2.38393581559745
-3.00769322093276
-3.49999999999997
-3.83933998420382
-4.0108823879007
-4.00712998489728
-3.8282467732108
-3.48205080756889
-2.98367251290272
-2.35489341217335
-1.62319416929977
-0.820553552277999
0.017949192431004
0.855667471301216
1.65598897572737
2.38393581559742
3.00769322093273
3.50000000000001
3.83933998420381
4.0108823879007
4.00712998489726
3.82824677321082
3.48205080756891
2.98367251290267
2.35489341217338
1.62319416929981
0.820553552278042
-0.0179491924309607
-0.855667471301174
-1.65598897572734
-2.38393581559748
-3.00769322093278
-3.49999999999999
-3.83933998420383
-4.01088238790069
-4.00712998489726
-3.82824677321079
-3.48205080756893
-2.9836725129027
-2.35489341217333
-1.62319416929985
-0.820553552278085
0.0179491924311463
0.855667471301131
1.6559889757273
2.38393581559744
3.00769322093283
3.49999999999997
3.83933998420382
4.0108823879007
4.00712998489727
3.82824677321081
3.4820508075689
2.98367251290265
2.35489341217336
1.62319416929979
0.820553552278127
-0.017949192431103
-0.855667471301201
-1.65598897572726
-2.38393581559741
-3.0076932209328
-3.49999999999994
-1.96410161513832
0.598076211353357
2.99999999999965
4.59807621135318
4.96410161513779
4.00000000000011
1.96410161513784
-0.598076211352739
-2.9999999999996
-4.59807621135316
-4.96410161513779
-4.00000000000014
-1.96410161513789
0.59807621135325
2.99999999999956
4.59807621135313
4.9641016151378
4.00000000000017
1.96410161513794
-0.598076211352632
-2.99999999999997
-4.59807621135311
-4.96410161513781
-4.00000000000021
-1.96410161513799
0.598076211353143
2.99999999999947
4.59807621135332
4.96410161513781
4.00000000000024
1.96410161513804
-0.59807621135309
-2.99999999999989
-4.59807621135307
-4.96410161513775
-4.00000000000027
-1.96410161513809
0.598076211353036
2.99999999999984
4.59807621135327
4.96410161513783
3.99999999999996
1.96410161513814
-0.598076211352983
-2.9999999999998
-4.59807621135325
-4.96410161513776
-4.00000000000034
-1.96410161513819
0.598076211352929
2.99999999999976
4.59807621135323
4.96410161513777
4.00000000000003
1.96410161513824
-0.598076211352875
-2.99999999999971
-4.59807621135321
-4.96410161513778
-4.0000000000004
-1.96410161513777
0.598076211352822
2.99999999999967
4.59807621135319
4.96410161513778
4.00000000000009
1.96410161513834
-0.598076211353333
-2.99999999999963
-4.59807621135317
-4.96410161513779
-4.00000000000013
-1.96410161513787
0.598076211352715
3.00000000000004
4.59807621135315
4.9641016151378
4.00000000000016
1.96410161513792
-0.598076211353226
-2.99999999999954
-4.59807621135313
-4.9641016151378
-4.00000000000019
-1.96410161513797
0.598076211353173
2.99999999999995
4.5980762113531
4.96410161513781
4.00000000000022
1.96410161513802
-0.598076211353119
-2.99999999999946
-4.59807621135331
-4.96410161513782
-4.00000000000025
-1.96410161513807
0.598076211353065
2.99999999999987
4.59807621135306
4.96410161513775
4.00000000000029
1.96410161513812
-0.598076211353012
-2.99999999999982
-4.59807621135326
-4.96410161513783
-3.99999999999998
-1.96410161513816
0.598076211352958
2.99999999999978
4.59807621135324
4.96410161513777
4.00000000000035
1.96410161513821
-0.598076211352905
-2.99999999999974
-4.59807621135322
-4.96410161513784
-4.00000000000004
-1.96410161513774
0.598076211352851
2.99999999999969
4.59807621135298
4.96410161513778
4.00000000000007
1.96410161513831
-0.598076211352798
-3.00000000000011
-4.59807621135318
-4.96410161513779
-4.00000000000011
-1.96410161513836
0.598076211353309
2.99999999999961
4.59807621135316
4.96410161513779
4.00000000000048
1.96410161513789
-0.598076211353255
-2.99999999999956
-4.59807621135314
-4.96410161513773
-4.00000000000017
-1.96410161513794
0.598076211352637
2.99999999999952
4.59807621135334
4.96410161513781
4.0000000000002
1.96410161513799
-0.598076211352584
-2.99999999999993
-4.59807621135332
-4.96410161513781
-4.00000000000024
-1.96410161513856
0.598076211353095
2.99999999999989
4.59807621135307
4.96410161513782
3.99999999999993
1.96410161513809
-0.598076211353041
-2.99999999999985
-4.59807621135305
-4.96410161513776
-4.0000000000003
-1.96410161513814
0.598076211352988
2.99999999999935
4.59807621135325
4.96410161513776
4.00000000000033
1.96410161513819
-0.598076211353499
-2.99999999999976
-4.59807621135323
-4.96410161513784
-4.00000000000037
-1.96410161513771
0.59807621135288
2.99999999999972
4.59807621135321
4.96410161513784
4.00000000000006
1.96410161513776
-0.598076211352827
-2.99999999999967
-4.59807621135297
-4.96410161513778
-4.00000000000009
-1.96410161513834
0.598076211352773
3.00000000000009
4.59807621135317
4.96410161513779
4.00000000000012
1.96410161513839
-0.598076211353284
-2.99999999999959
-4.59807621135315
-4.9641016151378
-4.0000000000005
-1.96410161513791
0.598076211353231
2.99999999999955
4.59807621135313
4.96410161513773
4.00000000000019
1.96410161513796
-0.598076211352613
-2.9999999999995
-4.59807621135333
-4.96410161513781
-4.00000000000022
-1.96410161513801
0.598076211352559
2.99999999999991
4.59807621135331
4.96410161513781
4.00000000000025
1.96410161513858
-0.59807621135307
-2.99999999999987
-4.59807621135306
-4.96410161513782
-3.99999999999994
-1.96410161513811
0.598076211353017
2.99999999999983
4.59807621135304
4.96410161513776
3.99999999999998
1.96410161513816
-0.598076211352963
-2.99999999999933
-4.59807621135324
-4.96410161513777
-4.00000000000035
-1.96410161513821
0.598076211353474
2.99999999999974
4.59807621135322
4.96410161513777
4.00000000000038
1.96410161513774
-0.598076211352856
-2.9999999999997
-4.5980762113532
-4.96410161513785
-4.00000000000007
-1.96410161513779
0.598076211352803
2.99999999999965
4.5980762113534
4.96410161513779
4.0000000000001
1.96410161513836
-0.598076211352749
-3.00000000000007
-4.59807621135316
-4.96410161513779
-4.00000000000014
-1.96410161513841
0.59807621135326
3.00000000000002
4.59807621135314
4.9641016151378
4.00000000000051
1.96410161513793
-0.598076211353206
-2.99999999999953
-4.59807621135312
-4.96410161513774
-4.0000000000002
-1.96410161513798
0.598076211353153
2.99999999999948
4.59807621135332
4.96410161513781
4.00000000000023
1.96410161513803
-0.598076211352535
-2.99999999999989
-4.5980762113533
-4.96410161513782
-4.00000000000027
-1.96410161513756
0.598076211353046
2.99999999999985
4.59807621135305
4.96410161513782
3.99999999999996
1.96410161513813
-0.598076211352993
-2.99999999999981
-4.59807621135303
-4.96410161513776
-3.99999999999999
-1.96410161513818
0.598076211352939
2.99999999999931
4.59807621135323
4.96410161513777
4.00000000000036
1.96410161513823
-0.59807621135345
-2.99999999999972
-4.59807621135321
-4.96410161513778
-4.0000000000004
-1.96410161513776
0.598076211352832
2.99999999999968
4.59807621135319
4.96410161513785
4.00000000000009
1.96410161513781
-0.598076211352778
-2.99999999999964
-4.59807621135339
-4.96410161513779
-4.00000000000012
-1.96410161513838
0.598076211352725
3.00000000000005
4.59807621135315
4.96410161513779
4.00000000000015
1.96410161513843
-0.598076211353236
-3
-4.59807621135313
-4.9641016151378
-4.00000000000052
-1.96410161513796
0.598076211353182
2.99999999999951
4.59807621135311
4.96410161513774
4.00000000000022
1.96410161513801
-0.598076211353129
-2.99999999999946
-4.59807621135331
-4.96410161513781
-4.00000000000025
-1.96410161513806
0.598076211352511
2.99999999999987
4.59807621135329
4.96410161513782
4.00000000000028
1.96410161513758
-0.598076211353022
-2.99999999999983
-4.59807621135304
-4.96410161513783
-3.99999999999997
-1.96410161513816
0.598076211352968
2.99999999999979
4.59807621135302
4.96410161513777
4
1.96410161513821
-0.598076211352914
-2.99999999999929
-4.59807621135322
-4.96410161513777
-4.00000000000038
-1.96410161513825
0.598076211353425
2.9999999999997
4.5980762113532
4.96410161513778
4.00000000000041
1.96410161513778
-0.598076211352808
-2.99999999999966
-4.59807621135318
-4.96410161513785
-4.0000000000001
-1.96410161513783
0.598076211352754
2.99999999999962
4.59807621135338
4.96410161513779
4.00000000000013
1.9641016151384
-0.598076211352701
-3.00000000000003
-4.59807621135314
-4.9641016151378
-4.00000000000017
-1.96410161513845
0.598076211353212
2.99999999999998
4.59807621135312
4.9641016151378
4.00000000000054
1.96410161513798
-0.598076211353158
-2.99999999999949
-4.5980762113531
-4.96410161513774
-4.00000000000023
-1.96410161513803
0.598076211353105
2.99999999999944
4.5980762113533
4.96410161513782
4.00000000000026
1.96410161513808
-0.598076211352487
-2.99999999999985
-4.59807621135328
-4.96410161513782
-4.0000000000003
-1.96410161513761
0.598076211352997
2.99999999999981
4.59807621135303
4.96410161513783
3.99999999999999
1.96410161513818
-0.598076211352944
-2.99999999999977
-4.59807621135301
-4.96410161513777
-4.00000000000002
-1.96410161513823
0.59807621135289
2.99999999999927
4.59807621135321
4.96410161513777
4.00000000000039
1.96410161513828
-0.598076211353401
-2.99999999999968
-4.59807621135319
-4.96410161513778
-4.00000000000042
-1.9641016151378
0.598076211352783
2.99999999999964
4.59807621135317
4.96410161513786
4.00000000000012
1.96410161513785
-0.59807621135273
-2.9999999999996
-4.59807621135337
-4.96410161513779
-4.00000000000015
-1.96410161513843
0.598076211352676
3.00000000000001
4.59807621135313
4.9641016151378
4.00000000000018
1.96410161513848
-0.598076211353187
-2.99999999999996
-4.59807621135311
-4.96410161513781
-4.00000000000055
-1.964101615138
0.598076211353133
2.99999999999947
4.59807621135309
4.96410161513775
4.00000000000025
1.96410161513805
-0.59807621135308
-2.99999999999942
-4.59807621135329
-4.96410161513775
-4.00000000000028
-1.9641016151381
0.598076211352462
2.99999999999984
4.59807621135327
4.96410161513783
4.00000000000031
1.96410161513763
-0.598076211352973
-2.99999999999979
-4.59807621135325
-4.96410161513783
-4
-1.9641016151382
0.598076211352919
2.99999999999975
4.598076211353
4.96410161513777
4.00000000000003
1.96410161513825
-0.598076211352866
-3.00000000000016
-4.5980762113532
-4.96410161513778
-4.00000000000041
-1.9641016151383
0.598076211353377
2.99999999999966
4.59807621135318
4.96410161513778
4.00000000000044
1.96410161513783
-0.598076211353323
-2.99999999999962
-4.59807621135316
-4.96410161513786
-4.00000000000013
-1.96410161513788
0.598076211352706
2.99999999999958
4.59807621135337
4.9641016151378
4.00000000000016
1.96410161513793
-0.598076211352652
-2.99999999999999
-4.59807621135312
-4.9641016151378
-4.0000000000002
-1.9641016151385
0.598076211353162
2.99999999999995
4.5980762113531
4.96410161513781
3.99999999999989
1.96410161513802
-0.598076211353109
-2.99999999999945
-4.59807621135308
-4.96410161513775
-4.00000000000026
-1.96410161513807
0.598076211353055
2.9999999999994
4.59807621135328
4.96410161513776
4.00000000000029
1.96410161513812
-0.598076211352438
-2.99999999999982
-4.59807621135326
-4.96410161513783
-4.00000000000033
-1.96410161513765
0.598076211352949
2.99999999999977
4.59807621135324
4.96410161513784
4.00000000000002
1.96410161513822
-0.598076211352895
-2.99999999999973
-4.59807621135299
-4.96410161513777
-4.00000000000005
-1.96410161513827
0.598076211352842
3.00000000000014
4.5980762113532
4.96410161513778
4.00000000000042
1.96410161513832
-0.598076211353353
-2.99999999999964
-4.59807621135317
-4.96410161513779
-4.00000000000045
-1.96410161513785
0.598076211353299
2.9999999999996
4.59807621135315
4.96410161513786
4.00000000000015
1.9641016151379
-0.598076211352681
-2.99999999999956
-4.59807621135336
-4.9641016151378
-4.00000000000018
-1.96410161513795
0.598076211352628
2.99999999999997
4.59807621135311
4.96410161513781
4.00000000000021
1.96410161513852
-0.598076211353138
-2.99999999999993
-4.59807621135309
-4.96410161513781
-3.9999999999999
-1.96410161513805
0.598076211353085
2.99999999999943
4.59807621135307
4.96410161513775
4.00000000000027
1.9641016151381
-0.598076211353031
-2.99999999999938
-4.59807621135327
-4.96410161513776
-4.00000000000031
-1.96410161513815
0.598076211352414
2.9999999999998
4.59807621135325
4.96410161513783
4.00000000000034
1.96410161513767
-0.598076211352924
-2.99999999999975
-4.59807621135323
-4.96410161513784
-4.00000000000003
-1.96410161513825
0.598076211352871
2.99999999999971
4.59807621135298
4.96410161513778
4.00000000000006
1.9641016151383
-0.598076211352817
-3.00000000000012
-4.59807621135319
-4.96410161513778
-4.00000000000044
-1.96410161513835
0.598076211353328
2.99999999999962
4.59807621135317
4.96410161513779
4.00000000000047
1.96410161513787
-0.598076211353275
-2.99999999999958
-4.59807621135314
-4.96410161513787
-4.00000000000016
-1.96410161513792
0.598076211352657
2.99999999999954
4.59807621135335
4.9641016151378
4.00000000000019
1.96410161513797
-0.598076211352603
-2.99999999999995
-4.5980762113531
-4.96410161513781
-4.00000000000022
-1.96410161513854
0.598076211353114
2.99999999999991
4.59807621135308
4.96410161513782
3.99999999999992
1.96410161513807
-0.598076211353061
-2.99999999999941
-4.59807621135306
-4.96410161513776
-4.00000000000029
-1.96410161513812
0.598076211353007
2.99999999999936
4.59807621135326
4.96410161513776
4.00000000000032
1.96410161513817
-0.59807621135239
-2.99999999999978
-4.59807621135324
-4.96410161513784
-4.00000000000035
-1.9641016151377
0.5980762113529
2.99999999999973
4.59807621135322
4.96410161513784
4.00000000000005
1.96410161513827
-0.598076211352847
-2.99999999999969
-4.59807621135297
-4.96410161513778
-4.00000000000008
-1.96410161513832
0.598076211352793
3.0000000000001
4.59807621135318
4.96410161513779
4.00000000000045
1.96410161513837
-0.598076211353304
-2.9999999999996
-4.59807621135316
-4.96410161513779
-4.00000000000048
-1.96410161513789
0.59807621135325
2.99999999999956
4.59807621135313
4.96410161513787
4.00000000000017
1.96410161513794
-0.598076211352632
-2.99999999999952
-4.59807621135334
-4.96410161513781
-4.00000000000021
-1.96410161513799
0.598076211352579
2.99999999999993
4.59807621135309
4.96410161513781
4.00000000000024
1.96410161513857
-0.59807621135309
-2.99999999999989
-4.59807621135307
-4.96410161513782
-3.99999999999993
-1.96410161513809
0.598076211353037
2.99999999999939
4.59807621135305
4.96410161513776
4.0000000000003
1.96410161513814
-0.598076211352983
-2.99999999999935
-4.59807621135325
-4.96410161513776
-4.00000000000034
-1.96410161513819
0.598076211353494
2.99999999999976
4.59807621135323
4.96410161513784
4.00000000000037
1.96410161513772
-0.598076211352875
-2.99999999999971
-4.59807621135321
-4.96410161513784
-4.00000000000006
-1.96410161513777
0.598076211352822
2.99999999999967
4.59807621135296
4.96410161513778
4.00000000000009
1.96410161513834
-0.598076211352769
-3.00000000000008
-4.59807621135317
-4.96410161513779
-4.00000000000013
-1.96410161513839
0.59807621135328
2.99999999999958
4.59807621135292
4.9641016151378
4.0000000000005
1.96410161513792
-0.598076211352662
-2.99999999999909
-4.59807621135313
-4.96410161513773
-4.00000000000019
-1.96410161513849
0.598076211352044
2.9999999999995
4.59807621135333
4.96410161513781
4.00000000000056
1.96410161513802
-0.598076211352555
-2.99999999999991
-4.59807621135308
-4.96410161513788
-4.00000000000025
-1.96410161513859
0.598076211353065
2.99999999999941
7.99634077414983
9.02745668959101
8.93107692559722
7.70477069533189
5.50791457293331
2.63840127202889
-0.512228501817515
-3.51801096463422
-5.98258708560487
-7.59774211749197
-8.18714450800841
-7.72849536299258
-6.3509342641557
-4.30867252868456
-1.93574004039398
0.410224529792767
2.40554626301828
3.80984011755164
4.49909965483329
4.47751370282337
3.86674752277425
2.87535156180364
1.75436132182334
0.747441177044055
0.0447152565289475
-0.251404467614587
-0.142379118635264
0.270976162417429
0.812564279360495
1.26993100010439
1.44062539990233
1.17720001227267
0.422260053930314
-0.773272631623674
-2.25251455982562
-3.77570985124657
-5.06038847859012
-5.83175492253404
-5.87446924952893
-5.07652155151677
-3.45707550811316
-1.17277998874539
1.49932241316236
4.2001443429821
6.54230328656126
8.17065366255209
8.81965738629408
8.35800009432455
6.81284361273345
4.36939586674688
1.34552695679931
-1.85471743809191
-4.80135405242417
-7.10281550027407
-8.46410161513787
-8.72944779457008
-7.90280825139456
-6.14313496085853
-3.73559569741214
-1.04381295779592
1.54874323597914
3.6984205782486
5.15232905382632
5.78244274262363
5.59774211749229
4.73310702041993
3.4176548483655
1.92867421022532
0.539641873746999
-0.528361574743723
-1.14333155021281
-1.28089782482134
-1.02189815281371
-0.529924656914001
-0.0134120876860511
0.320396985233837
0.310840514627225
-0.120043232630955
-0.947585520025688
-2.04471525652886
-3.20263301997361
-4.16846139599205
-4.69323621634799
-4.58159493429841
-3.73403261524207
-2.17373242032307
-0.0525515740766029
2.36568191080809
4.74244762954313
6.71661617496364
7.96285435925531
8.24658055502091
7.46607301172583
5.67432490654663
3.07652155151674
0.00303802052437629
-3.13806052588183
-5.92158246709259
-7.9691749979197
-9.00640490169919
-8.9037606829722
-7.6950089480975
-5.57005812958585
-2.84366861481325
0.0947057483909692
2.84161755120934
5.04090951452285
6.43567214161604
6.90267115729216
6.46410161513765
5.27541030698207
3.5919677367675
1.72087490692825
-0.0334349575257993
-1.4202886573424
-2.28185025639942
-2.57377214005228
-2.36438708908769
-1.81326774470396
-1.13364050235452
-0.545962512411576
-0.231462771934361
-0.294356121033207
-0.739786216728764
-1.4716384252557
-2.31070593737517
-3.02994268980558
-3.40036190111739
-3.23910599802432
-2.45068952745234
-1.05350400565432
0.813807923569114
2.90798519736934
4.91676051794558
6.50881687166681
7.3897775279819
7.35465347242262
6.32755430553953
4.38145059131691
1.73403261524237
-1.28030506726502
-4.25828894055071
-6.78794196473833
-8.5114782844811
-9.18071779010145
-8.69596137967511
-7.12193211682481
-4.67813104698731
-1.70514990862728
1.38758006362059
4.18410648748366
6.32425260231294
7.55590055628509
7.76903065493792
7.00640490169986
5.44972319538412
3.38416843347029
1.1477980756556
-0.925362040124226
-2.55880736352866
-3.5747245716294
-3.91626107632631
-3.64773017687813
-2.93349615937284
-2.0000000000002
-1.08826579897332
-0.405775660336436
-0.0865568177361871
-0.166709385455899
-0.579711342657569
-1.17218723118915
-1.73706837457543
-2.05787296484337
-1.95576291023378
-1.33046111278325
-0.187144508008353
1.35611121013049
3.08229808577169
4.70896121464884
5.93574004039386
6.49785044538373
6.21613476623645
5.03467999030918
3.03896165504208
0.450689527452425
-2.40053348193435
-5.12464843819634
-7.3302452512997
-8.68579117288336
-8.97291848680452
-8.12288454840253
-6.23000503422636
-3.53961234080088
-0.412275593397179
2.7300689998955
5.46744957527448
7.44448101698163
8.42226005393057
8.31133394149939
7.18071779010185
5.24192389208697
2.8110916021979
0.255870993057143
-2.06388074631055
-3.85168167875903
-4.91721350790421
-5.19960416411683
-4.76795859154657
-3.79985565701814
-2.54230328656179
-1.26257868737537
-0.197976357039458
0.486520013536808
0.725217697142664
0.558807363528951
0.120687084041519
-0.394579438300929
-0.774529877052861
-0.835534495565229
-0.46410161513773
0.355158778552891
1.53042409853285
2.87449878247499
4.13588438337561
5.04381295779493
5.35933173919717
4.92326045100599
3.69219105403496
1.7556185672518
-0.669538887216414
-3.26689297958011
-5.66695172475742
-7.50455813970209
-8.47799186958657
-8.39984165553158
-7.23095746580379
-5.09148632803952
-2.24673802557125
0.930213342877224
4.01341208768585
6.58767798994247
8.31084051462725
8.96456334049213
8.48564682990177
6.97291848680464
4.66884706081434
1.91916451959904
-0.882647713129706
-3.35675506154078
-5.19417061503323
-6.2005565956943
-6.31983257878522
-5.63431808919193
-4.34215894357996
-2.71661617496383
-1.05477938407821
0.37510047423323
1.37844709613512
1.86373640332881
1.85168167875907
1.46317602031549
0.888763649489028
0.345698537615957
0.0308250020802485
0.0782016714238294
0.529471666955222
1.32262479523599
2.30142195120184
3.2439573007775
3.90529425160887
4.06645742396712
3.58077151473187
2.40884796624475
0.635390152583352
-1.53589838486247
-3.80919626614088
-5.8412646131599
-7.29675883640527
-7.90491503831356
-7.50791457293327
-6.09243875961747
-3.79861201281021
-0.90424908929686
2.21355643066762
5.13364050235421
7.4540374875885
8.85314380118874
9.13887622889423
8.27784752660468
6.39984165553218
3.77691997821582
0.780645813412589
-2.17552202835935
-4.69924399781507
-6.4775137028234
-7.32078501036302
-7.18619207643096
-6.17662137575378
-4.5164718319819
-2.50881687166668
-0.48170255280603
1.26702755683159
2.51696580232132
3.15661071855936
3.1941706150336
2.74651910810594
2.00899206415794
1.21205803526169
0.573128288641978
0.252514559825984
0.321672363658357
0.749547963963113
1.40949486860375
2.10543859459099
2.61241993637822
2.72396848769254
2.29742842694125
1.28861955157616
-0.230969345062283
-2.07820167142313
-3.98350915454328
-5.63346530986318
-6.72368200513238
-7.01298795571539
-6.36939586674707
-4.79956444438719
-2.45612307653534
0.379093998494024
3.33378484533598
5.99999999999993
7.99634077414965
9.02745668959099
8.93107692559736
7.70477069533189
5.50791457293332
2.6384012720289
-0.512228501817513
-3.51801096463423
-5.98258708560585
-7.59774211749203
-8.18714450800848
-7.72849536299252
-6.35093426415579
-4.30867252868478
-1.93574004039401
0.410224529792775
2.40554626301834
3.80984011755174
4.49909965483342
4.47751370282358
3.8667475227744
2.87535156180377
1.75436132182328
0.747441177044101
0.0447152565290869
-0.251404467614664
-0.142379118635389
0.270976162417271
0.812564279360324
1.26993100010423
1.44062539990252
1.17720001227299
0.422260053930568
-0.773272631623649
-2.25251455982554
-3.77570985124646
-5.06038847858999
-5.8317549225339
-5.87446924952881
-5.07652155151668
-3.4570755081131
-1.17277998874502
1.49932241316194
4.20014434298177
6.54230328656121
8.17065366255204
8.81965738629404
8.35800009432451
6.81284361273344
4.36939586674688
1.34552695679931
-1.85471743809191
-4.80135405242457
-7.10281550027369
-8.46410161513763
-8.72944779457013
-7.90280825139462
-6.14313496085859
-3.73559569741219
-1.04381295779594
1.54874323597916
3.69842057824813
5.15232905382589
5.78244274262348
5.59774211749242
4.73310702042007
3.41765484836561
1.92867421022539
0.539641873747015
-0.528361574743764
-1.1433315502129
-1.28089782482148
-1.02189815281334
-0.529924656913641
-0.01341208768575
0.320396985233719
0.310840514627158
-0.120043232630965
-0.94758552002564
-2.04471525652876
-3.20263301997348
-4.1684613959919
-4.69323621634784
-4.58159493429882
-3.73403261524251
-2.17373242032284
-0.052551574076602
2.36568191080805
4.74244762954307
6.71661617496356
7.96285435925523
8.24658055502114
7.46607301172618
5.67432490654709
3.07652155151673
0.00303802052438029
-3.13806052588279
-5.92158246709258
-7.9691749979197
-9.00640490169921
-8.90376068297223
-7.69500894809754
-5.57005812958618
-2.84366861481368
0.0947057483904765
2.84161755120937
5.0409095145229
6.43567214161653
6.90267115729227
6.46410161513776
5.27541030698218
3.59196773676759
1.72087490692829
-0.0334349575255084
-1.42028865734205
-2.28185025639904
-2.57377214005242
-2.36438708908785
-1.8132677447041
-1.13364050235466
-0.545962512411675
-0.231462771934263
-0.294356121033201
-0.73978621672885
-1.47163842525558
-2.31070593737502
-3.02994268980542
-3.40036190111723
-3.2391059980242
-2.4506895274518
-1.05350400565429
0.813807923569096
2.90798519736976
4.9167605179455
6.50881687166641
7.38977752798212
7.35465347242267
6.32755430553939
4.38145059131687
1.73403261524236
-1.280305067266
-4.2582889405502
-6.78794196473831
-8.51147828448132
-9.18071779010149
-8.69596137967545
-7.12193211682482
-4.67813104698733
-1.70514990862678
1.38758006362059
4.18410648748369
6.32425260231313
7.55590055628484
7.769030654938
7.00640490169953
5.4497231953837
3.38416843346986
1.14779807565562
-0.925362040124249
-2.55880736352873
-3.57472457162969
-3.91626107632645
-3.64773017687782
-2.93349615937208
-2.00000000000049
-1.0882657989734
-0.405775660336458
-0.0865568177362253
-0.166709385455807
-0.579711342657431
-1.17218723118899
-1.73706837457477
-2.05787296484282
-1.95576291023389
-1.33046111278362
-0.187144508008445
1.35611121013116
3.08229808577161
4.70896121464873
5.93574004039328
6.49785044538361
6.21613476623635
5.03467999030956
3.03896165504284
0.450689527452423
-2.40053348193432
-5.12464843819679
-7.33024525130059
-8.68579117288332
-8.97291848680449
-8.12288454840269
-6.23000503422672
-3.53961234080136
-0.412275593397207
2.73006899989542
5.46744957527434
7.44448101698167
8.42226005393062
8.31133394149933
7.18071779010193
5.24192389208703
2.81109160219745
0.255870993057546
-2.06388074631035
-3.85168167875858
-4.91721350790362
-5.19960416411613
-4.76795859154671
-3.79985565701827
-2.54230328656158
-1.26257868737575
-0.197976357039591
0.486520013536495
0.725217697142092
0.558807363528185
0.120687084041688
-0.394579438300762
-0.774529877052717
-0.835534495565127
-0.464101615137681
0.355158778553204
1.53042409853242
2.87449878247441
4.13588438337577
5.04381295779565
5.35933173919786
4.92326045100589
3.69219105403489
1.75561856725177
-0.669538887215978
-3.26689297957956
-5.66695172475799
-7.50455813970241
-8.47799186958674
-8.39984165553182
-7.23095746580417
-5.09148632804
-2.24673802557125
0.930213342877218
4.01341208768585
6.58767798994216
8.31084051462713
8.96456334049216
8.48564682990155
6.97291848680442
4.66884706081438
1.91916451959906
-0.882647713129715
-3.35675506154059
-5.19417061503328
-6.20055659569441
-6.31983257878499
-5.63431808919158
-4.34215894358007
-2.71661617496392
-1.0547793840784
0.375100474233252
1.3784470961352
1.86373640332893
1.85168167875965
1.46317602031616
0.888763649489681
0.34569853761569
0.0308250020800993
0.0782016714237965
0.529471666955198
1.32262479523606
2.30142195120123
3.24395730077684
3.90529425160872
4.0664574239673
3.5807715147319
2.40884796624477
0.635390152583738
-1.53589838486216
-3.80919626614182
-5.84126461315981
-7.29675883640517
-7.90491503831324
-7.50791457293317
-6.0924387596176
-3.79861201280983
-0.904249089296386
2.21355643066812
5.13364050235379
7.4540374875882
8.85314380118887
9.13887622889432
8.27784752660471
6.39984165553178
3.77691997821534
0.78064581341309
-2.17552202835936
-4.69924399781511
-6.4775137028235
-7.32078501036271
-7.18619207643079
-6.17662137575436
-4.51647183198249
-2.50881687166719
-0.481702552805422
1.26702755683217
2.51696580232099
3.15661071855896
3.19417061503323
2.74651910810562
2.00899206415759
1.21205803526152
0.573128288641806
0.252514559825958
0.321672363658124
0.74954796396271
1.40949486860319
2.10543859459081
2.61241993637859
2.72396848769293
2.29742842694164
1.28861955157604
-0.230969345061722
-2.0782016714235
-3.98350915454369
-5.63346530986356
-6.72368200513276
-7.01298795571487
-6.36939586674741
-4.79956444438785
-2.45612307653585
0.379093998493532
3.33378484533646
5.99999999999916
7.99634077414962
9.02745668959097
8.93107692559728
7.70477069533135
5.50791457293248
2.63840127203041
-0.512228501817018
-3.51801096463385
-5.98258708560566
-7.59774211749252
-8.18714450800845
-7.7284953629926
-6.35093426415587
-4.30867252868484
-1.93574004039359
0.410224529793429
2.4055462630179
3.80984011755176
4.49909965483382
4.47751370282415
3.86674752277495
2.8753515618041
1.75436132182337
0.74744117704414
0.0447152565290665
-0.251404467614562
-0.142379118635157
0.27097616241713
0.812564279360662
1.26993100010453
1.44062539990271
1.1772000122725
0.422260053930972
-0.773272631623207
-2.25251455982548
-3.77570985124651
-5.06038847859036
-5.83175492253417
-5.87446924952895
-5.07652155151659
-3.45707550811287
-1.17277998874465
1.49932241316327
4.20014434298042
6.54230328656055
8.17065366255166
8.81965738629401
8.3580000943244
6.81284361273315
4.36939586674779
1.34552695679932
-1.85471743809191
-4.80135405242458
-7.10281550027458
-8.46410161513738
-8.72944779456986
-7.90280825139505
-6.14313496085927
-3.73559569741223
-1.0438129577955
1.54874323597837
3.69842057824819
5.15232905382598
5.7824427426236
5.59774211749214
4.73310702042041
3.41765484836522
1.92867421022506
0.539641873746797
-0.528361574744101
-1.14333155021341
-1.28089782482184
-1.0218981528135
-0.529924656913811
-0.0134120876859034
0.320396985233924
0.310840514627239
-0.120043232630974
-0.947585520025865
-2.04471525652909
-3.20263301997406
-4.16846139599233
-4.69323621634739
-4.58159493429846
-3.73403261524239
-2.1737324203228
-0.052551574076245
2.36568191080725
4.742447629543
6.71661617496348
7.96285435925515
8.24658055502105
7.46607301172557
5.67432490654755
3.07652155151767
0.00303802052541591
-3.13806052588181
-5.92158246709297
-7.96917499791918
-9.00640490169923
-8.90376068297226
-7.69500894809757
-5.57005812958545
-2.84366861481279
0.0947057483899836
2.84161755120919
5.04090951452257
6.43567214161621
6.90267115729238
6.46410161513845
5.27541030698229
3.59196773676767
1.72087490692834
-0.0334349575260444
-1.42028865734255
-2.28185025639883
-2.57377214005168
-2.36438708908701
-1.81326774470327
-1.13364050235389
-0.545962512412137
-0.231462771934444
-0.29435612103311
-0.739786216728779
-1.47163842525589
-2.31070593737538
-3.02994268980526
-3.40036190111708
-3.23910599802408
-2.45068952745175
-1.0535040056535
0.813807923568795
2.90798519736861
4.91676051794491
6.50881687166631
7.38977752798201
7.35465347242259
6.32755430553997
4.38145059131684
1.73403261524235
-1.28030506726599
-4.25828894055156
-6.787941964738
-8.51147828448115
-9.18071779010148
-8.69596137967546
-7.12193211682484
-4.67813104698735
-1.7051499086283
1.38758006362059
4.18410648748372
6.32425260231318
7.55590055628516
7.7690306549378
7.00640490169948
5.4497231953838
3.38416843347008
1.14779807565485
-0.925362040124273
-2.55880736352825
-3.5747245716298
-3.91626107632659
-3.64773017687797
-2.93349615937263
-2.00000000000033
-1.08826579897333
-0.405775660336487
-0.0865568177363452
-0.166709385456261
-0.579711342658143
-1.17218723118831
-1.73706837457461
-2.05787296484267
-1.95576291023378
-1.33046111278315
-0.187144508009073
1.35611121013026
3.08229808577153
4.70896121464877
5.93574004039406
6.49785044538414
6.21613476623674
5.03467999030949
3.03896165504281
0.450689527452421
-2.4005334819343
-5.12464843819675
-7.3302452512996
-8.68579117288328
-8.97291848680446
-8.12288454840203
-6.23000503422559
-3.53961234080186
-0.412275593397212
2.73006899989543
5.46744957527435
7.44448101698171
8.42226005393068
8.3113339414998
7.180717790102
5.24192389208709
2.81109160219719
0.255870993056346
-2.06388074630989
-3.85168167875866
-4.91721350790373
-5.19960416411626
-4.76795859154591
-3.79985565701739
-2.54230328656245
-1.2625786873758
-0.19797635703959
0.48652001353685
0.725217697142612
0.558807363528692
0.120687084041326
-0.394579438301125
-0.774529877053059
-0.835534495565492
-0.464101615137693
0.355158778553053
1.53042409853236
2.8744987824743
4.13588438337535
5.0438129577951
5.35933173919757
4.92326045100631
3.69219105403535
1.75561856725223
-0.669538887216816
-3.26689297958053
-5.66695172475778
-7.50455813970235
-8.47799186958667
-8.39984165553147
-7.23095746580373
-5.09148632804119
-2.24673802557178
0.930213342876684
4.01341208768536
6.58767798994281
8.31084051462742
8.96456334049205
8.4856468299016
6.97291848680447
4.66884706081342
1.9191645195981
-0.882647713128436
-3.35675506154063
-5.19417061503335
-6.20055659569451
-6.31983257878551
-5.63431808919199
-4.34215894358004
-2.716616174964
-1.05477938407843
0.375100474233546
1.37844709613512
1.86373640332856
1.8516816787598
1.46317602031633
0.888763649489841
0.345698537616222
0.0308250020804675
0.0782016714237406
0.529471666955165
1.32262479523598
2.30142195120205
3.2439573007777
3.90529425160905
4.06645742396716
3.58077151473179
2.40884796624471
0.635390152583322
-1.53589838486241
-3.8091962661406
-5.84126461315973
-7.29675883640524
-7.90491503831363
-7.50791457293316
-6.09243875961805
-3.79861201280981
-0.904249089296386
2.2135564306681
5.13364050235508
7.45403748758847
8.85314380118846
9.13887622889434
8.27784752660489
6.39984165553181
3.77691997821536
0.780645813413589
-2.17552202835937
-4.69924399781515
-6.47751370282357
-7.32078501036285
-7.18619207643046
-6.17662137575432
-4.51647183198258
-2.5088168716674
-0.481702552805727
1.2670275568318
2.51696580232108
3.15661071855908
3.19417061503338
2.74651910810578
2.00899206415774
1.21205803526112
0.573128288641869
0.252514559825963
0.321672363658069
0.749547963962602
1.40949486860305
2.10543859459064
2.61241993637843
2.7239684876928
2.29742842694154
1.28861955157599
-0.230969345062551
-2.07820167142345
-3.9835091545436
-5.63346530986345
-6.72368200513265
-7.01298795571477
-6.36939586674733
-4.79956444438779
-2.45612307653583
0.379093998493526
3.33378484533643
6.00000000000032
7.99634077414958
9.02745668959094
8.93107692559726
7.70477069533135
5.50791457293249
2.63840127203091
-0.512228501816485
-3.51801096463333
-5.98258708560521
-7.59774211749218
-8.18714450800845
-7.72849536299269
-6.35093426415595
-4.3086725286849
-1.93574004039362
0.410224529793437
2.40554626301746
3.80984011755132
4.49909965483342
4.47751370282381
3.8667475227747
2.87535156180353
1.75436132182347
0.74744117704418
0.0447152565290478
-0.251404467614639
-0.142379118635282
0.270976162417464
0.812564279361024
1.2699310001049
1.44062539990306
1.17720001227282
0.422260053930505
-0.773272631623182
-2.2525145598254
-3.7757098512464
-5.06038847859022
-5.83175492253404
-5.87446924952884
-5.0765215515165
-3.45707550811282
-1.17277998874464
1.49932241316325
4.20014434298298
6.54230328656049
8.17065366255161
8.81965738629396
8.35800009432437
6.81284361273313
4.36939586674779
1.34552695679932
-1.8547174380919
-4.80135405242459
-7.1028155002746
-8.46410161513805
-8.72944779456992
-7.90280825139511
-6.14313496085933
-3.73559569741227
-1.04381295779551
1.54874323597839
3.69842057824825
5.15232905382608
5.78244274262372
5.59774211749227
-6.22517420977845
-6.69761378729146
-6.82046097829357
-7.59120389986214
-8.77752684541512
-9.02757711633605
-6.94544700218149
-2.31355103446094
3.48562293051768
8.20710678118594
10.1333060589844
9.11699729965745
6.53077260641822
4.18455492533362
3.03094757941784
2.61848296540559
1.67295956717035
-0.67351999193796
-3.97760040375231
-6.62724552850478
-6.95498499911629
-4.49747812156531
-0.448109459289647
3.06064132724654
4.340555987115
3.1978838687355
0.901617691712431
-0.872528777751423
-1.30783578950706
-0.967314150568799
-1.19394396270434
-2.87392977055266
-5.53580999721806
-7.50765763049657
-7.05233131265905
-3.65182075622373
1.51775192887229
6.28848929895678
8.87941291437861
8.95415948322528
7.6081862374472
6.340235212716
5.81808078998284
5.38773280458504
3.69615242270676
-0.060494756774286
-5.23854187445815
-9.92106258624011
-12.0825318899182
-10.9107474312828
-7.321913086988
-3.29467499923928
-0.518421090569278
0.651097505315958
1.18146156936254
2.35297343437181
4.5549512790615
6.8333108404198
7.55352147648808
5.68479699091513
1.72468161458618
-2.46221410196247
-4.8106144644602
-4.39192232218478
-1.95515778539051
0.707578890074609
2.08141489380954
1.94709382444601
1.35429309284006
1.60658730993932
3.06536740209051
4.71498596722061
4.84931103705591
2.38058568317898
-2.21534901892379
-7.04801629927579
-9.97744795684077
-9.96192380189903
-7.61933295886679
-4.61949613240882
-2.39222471826615
-1.13340873482822
0.152611510599106
2.63461419569663
6.46876975292559
10.3869824517657
12.4163085450572
11.225400930103
7.10612164999478
1.85387197238703
-2.38024987157785
-4.43492697020044
-4.71344093719332
-4.60333276223082
-5.221621839376
-6.46224370918194
-7.07767952394417
-5.72864774806161
-2.18852574251629
2.24135911624604
5.4626230529463
5.95047953293306
3.7679366143468
0.481512317225639
-1.95425510130553
-2.51806742859041
-1.68412200686595
-0.84224537827791
-1.0556699939294
-2.13006046877469
-2.72119211709646
-1.40991309624769
2.07389429037926
6.42598252597404
9.50000000000006
9.69062436490195
6.96890871856619
2.8236658252312
-0.82893685509068
-2.94726802059671
-3.91705094052533
-4.97450680947003
-6.97990499117737
-9.51313430968513
-11.0146908533453
-9.89534459457075
-5.79037134037864
-0.00542776520976562
5.20872990833984
8.04766276830141
8.21137564916129
6.87983329172807
5.66300512818194
5.33963058713463
5.33907084866981
4.3415899432281
1.51351555428613
-2.59545040176317
-6.21476441168144
-7.49501300674072
-5.79990933731544
-2.18935485231364
1.27499751853181
2.901197314363
2.41862557729112
0.960719860805918
0.0338502134770402
0.282546884050314
1.00028747974487
0.755792827252383
-1.35338797558876
-4.79586018037736
-7.77297400514736
-8.37542510873172
-5.89725565085739
-1.34369748697152
3.24085890669223
6.12904528607112
6.9574825045545
6.71699547529398
6.74041875921122
7.49531087451646
8.12620405923347
7.11083978240559
3.53670840982175
-1.98242516660046
-7.47570588238757
-10.7888300644755
-10.9274562281177
-8.60262416203216
-5.59880610916489
-3.45411901212486
-2.44035150039344
-1.58606650261436
0.31369409112583
3.50804909617279
6.86307454831364
8.55641781824128
7.39407746360331
3.76286658109115
-0.512482393343358
-3.32998158019997
-3.65553880265926
-2.08379905293383
-0.232050807569409
0.548134877189441
0.159484483984877
-0.290070183482878
0.486525614604475
2.76166297173978
5.37349067134156
6.43809294504154
4.68986702417028
0.458655273355996
-4.45251302685192
-7.91578377751015
-8.82237229503963
-7.65380053264673
-5.8962259810446
-4.77894014529386
-4.31415512808883
-3.37057274275818
-0.715155967635876
3.78968985749934
8.77689302217639
12.110089429588
12.2568645321723
9.3034705202805
4.86895764206643
0.986104494150053
-1.22517420977662
-2.12680370094873
-2.99033395937097
-4.76277677511609
-7.14355224919984
-8.69940771711115
-7.94544700217992
-4.57357208626053
0.119597526734966
3.9644660940674
5.30317904006178
4.02854912311009
1.53077260641778
-0.386255161009029
-0.799179439504319
-0.209944159339699
0.0389849709553303
-1.00168939116243
-2.97760040375224
-4.36722447670372
-3.58895959533141
-0.254837434445488
4.3820175596291
8.14908950379425
9.3405559871148
7.76869395507893
4.73174471063426
1.95589834699648
0.326138806709014
-0.639144751346232
-2.19394396270457
-5.13395082235534
-8.9018354010022
-11.7502983176146
-11.8824583315804
-8.74026893277136
-3.48224807112874
1.71767921261344
5.04928589545443
6.12573235847768
5.9742116412313
6.01206581349222
6.81808078998261
7.64775385638525
7.06217782649113
4.18214593034397
-0.408414855537481
-4.83261440969257
-7.08253188991808
-6.33993734494172
-3.49178606806493
-0.466247874493356
1.11555350564634
0.979266904538706
0.181461569361713
0.0929523825702332
1.18892587527682
2.5906701533011
2.72339445756542
0.596348814366509
-3.27531838541068
-7.03302418830574
-8.64074148338229
-7.22034944693179
-3.58913238160689
0.379409490850915
3.08141489380832
4.20711487624854
4.72031849662537
5.84922799705919
7.89549442101224
9.80343414376719
9.84931103705507
6.95139576952216
1.61477799999961
-4.21958917452869
-8.34347336062459
-9.63375440267488
-8.6193329588666
-6.87951718421056
-5.75825012204985
-5.37604942194718
-4.67751550832179
-2.45383398085039
1.46876975292665
5.81617236542384
8.58618152613459
8.39697380535734
5.47214705378074
1.52570257316294
-1.38024987157792
-2.17490591839917
-1.34741553340802
-0.360692075111994
-0.391494820453336
-1.37379553263315
-2.07767952394364
-1.15783766171774
1.64160127640623
5.06978624098983
7.09659764916248
6.27864893215748
2.76793661434778
-1.77850873457589
-5.32028050508938
-6.76070811571049
-6.51424902578924
-5.93069355482598
-6.05566999392961
-6.70087055511677
-6.55131913601806
-4.23834022099489
0.439919694163448
6.09781312674929
10.4999999999993
11.9506454167032
10.3349341223495
7.06630651235093
4.0011901638303
2.14118015595079
1.08294905947328
-0.403696723126947
-3.149777972255
-6.68470718493944
-9.38071625712912
-9.5671751953475
-6.79037134037842
-2.26544881701074
1.84270450455534
3.80502208118231
3.38124863023829
1.79138511517978
0.663005128181684
0.76882050079051
1.50894382974693
1.51316281848102
-0.120459041930029
-2.92361980098612
-5.21476441168265
-5.23499195493971
-2.43388393353196
2.05328583480436
6.10512453745377
7.98964549091033
7.41862557729242
5.53152994714957
3.86397723239915
3.1109740087958
2.63426207595907
1.08396222647697
-2.35338797558822
-7.05588123217769
-11.138999408931
-12.618065795851
-10.7273826697809
-6.43214566352023
-1.7591410933069
1.5582351997287
3.12735548563239
3.88856835054888
5.10644416299531
7.16714147529283
9.12620405923394
9.37086083420735
6.90273381360667
2.26021552052128
-2.64557886346595
-5.70038188792747
-5.92745622811805
-4.03181407568844
-1.76867909024206
-0.62569188737707
-0.806376904175772
-1.25789710339017
-0.686305908873292
1.24802804437074
3.49704914452775
4.31377713112287
2.56395044468185
-1.32558159545547
-5.51248239334352
-7.9007916665424
-7.48566582158287
-4.91222617768095
-1.86602540378465
0.219965477965892
1.15948448398629
1.9699508683178
3.85255101838818
7.00430365885888
10.203617690263
11.5265411215893
9.68986702416996
5.02946535969882
-0.622386007930135
-5.08735665276449
-7.18839769882407
-7.32563113342402
-6.89622598104493
-7.03896119709426
-7.68018053187391
-7.61321342987744
-5.54528298655829
-1.2987583190484
3.77689302217687
7.53927934324457
8.42673751325025
6.47504339553298
3.2349830458493
0.657935094926672
-0.225174209778679
0.133217350852546
0.375691444412875
-0.520136087996647
-2.31342523027725
-3.61095954056415
-2.94544700218019
-0.00276199991864923
3.94972454565651
6.7928932188136
6.93715363627872
4.3567185223345
0.53077260641814
-2.64627621281111
-4.1652048432891
-4.45258484646019
-4.79114204796654
-6.09013756771015
-7.97760040375306
-8.93803456304645
-7.41908661425379
-3.08326455919441
2.74804296341468
7.82092010457082
10.3405559871148
10.0287150068799
8.09777011441883
6.19853903411461
5.15626582563203
4.4493034252028
2.80605603729551
-0.563140736011752
-5.07170838207826
-8.92187119286833
-10.2484837353647
-8.41209953354723
-4.48224807112686
-0.542341839187043
1.68326049167168
1.88309167135974
1.1440846223092
0.923617636944464
1.81808078998239
3.07694377004183
3.23205080756929
1.35371880559762
-2.0423894517526
-5.16078380891652
-6.08253188991818
-4.07991629313963
-0.125760664280873
3.77639281262686
5.94568052456915
6.0677150810877
5.1814615693622
4.66376246891304
5.01905289420009
5.41909727804729
4.3573690537813
0.924518213590332
-4.27531838541159
-9.29304524010722
-12.006766887167
-11.4629901340502
-8.41925940052801
-4.70903868569826
-1.91858510619206
-0.363695210095675
0.890191477702185
3.02080087231238
6.26151982479715
9.47526474454361
10.8493110370551
9.21141682132278
4.98080340378213
0.0230515125891437
-3.51334634170201
-4.54530622612787
-3.61933295886611
-2.30870709786741
-1.92812310312763
-2.547622297201
-3.04354091210737
-2.12566458162669
0.468769752926427
3.5561513136217
5.22015612235052
4.1543331182385
0.642020034858667
-3.56274560338551
-6.38024987157891
-6.74571600474204
-5.17754255233064
-3.18911919985903
-2.02546941667006
-1.70196493185805
-1.07767952394403
1.10218339008331
5.0076266801886
9.31242692811004
11.9267246680846
11.3670971087046
7.76793661434665
2.79230135176652
-1.4901534861648
-3.93228099096284
-4.8802744295723
-5.60252415560203
-7.05566999392929
-8.96089160691826
-9.91734453980299
-8.48098090811281
-4.39020732475809
1.00936495020293
5.50000000000041
7.3798353303607
6.50480710342743
4.23787938760402
2.36721556761499
1.81301075672717
2.08294905947315
1.85632432867467
0.216247431528891
-2.44206649781973
-4.55058923820739
-4.47872701879886
-1.79037134037995
2.3053612693329
5.67283152347892
6.63344920592887
5.01522322645449
2.11955451440513
-0.336994871817289
-1.49120055100984
-1.8570815740371
-2.72947786863786
-4.95058606085225
-8.01206797753356
-10.2147644116825
-9.80580204128219
-6.26401095245316
-0.775141289940312
4.47114994123496
7.66147609168608
8.41862557729088
7.79155099895021
1.26702755683147
2.51696580232111
3.15661071855934
3.19417061503369
2.7465191081061
2.00899206415803
1.21205803526135
0.57312828864185
0.252514559825977
0.321672363658116
0.749547963962683
1.40949486860317
2.10543859459084
2.61241993637864
2.72396848769305
2.29742842694183
1.28861955157629
-0.23096934506226
-2.07820167142335
-3.98350915454343
-5.63346530986324
-6.72368200513242
-7.01298795571456
-6.36939586674625
-4.79956444438769
-2.45612307653579
0.379093998493513
3.33378484533638
6.00000000000025
7.99634077414937
9.0274566895909
8.9310769255974
7.70477069533165
5.50791457293291
2.63840127202843
-0.512228501815948
-3.51801096463283
-5.98258708560479
-7.59774211749189
-8.18714450800832
-7.72849536299285
-6.35093426415611
-4.30867252868503
-1.93574004039368
0.410224529793453
2.40554626301882
3.80984011755151
4.49909965483368
4.47751370282411
3.866747522775
2.87535156180379
1.7543613218235
0.747441177044266
0.0447152565291669
-0.251404467614497
-0.142379118635123
0.270976162417604
0.812564279361215
1.26993100010511
1.44062539990329
1.17720001227305
0.422260053930728
-0.773272631623132
-2.25251455982526
-3.77570985124618
-5.06038847858996
-5.83175492253377
-5.87446924952858
-5.07652155151686
-3.45707550811325
-1.1727799887451
1.49932241316281
4.20014434298261
6.54230328656024
8.1706536625515
8.81965738629403
8.3580000943246
6.81284361273351
4.36939586674693
1.34552695679933
-1.8547174380919
-4.8013540524246
-7.10281550027464
-8.46410161513813
-8.72944779457002
-7.90280825139523
-6.14313496085945
-3.73559569741235
-1.04381295779554
1.54874323597957
3.69842057824784
5.15232905382574
5.78244274262349
5.59774211749214
4.7331070204198
3.41765484836526
1.92867421022527
0.53964187374716
-0.528361574743631
-1.14333155021287
-1.28089782482154
-1.021898152814
-0.52992465691432
-0.0134120876863646
0.32039698523357
0.310840514627023
-0.120043232630858
-0.947585520025727
-2.04471525652896
-3.20263301997395
-4.16846139599229
-4.69323621634726
-4.58159493429862
-3.73403261524266
-2.17373242032315
-0.0525515740766433
2.36568191080809
4.74244762954252
6.71661617496326
7.96285435925522
8.24658055502143
7.46607301172624
5.67432490654692
3.07652155151764
0.00303802052542856
-3.13806052588178
-5.92158246709296
-7.96917499791995
-9.00640490169913
-8.90376068297236
-7.69500894809784
-5.57005812958585
-2.84366861481327
0.0947057483913767
2.84161755120874
5.04090951452222
6.43567214161599
6.90267115729231
6.46410161513795
5.27541030698262
3.59196773676792
1.72087490692847
-0.0334349575260608
-1.42028865734272
-2.28185025639978
-2.57377214005211
-2.3643870890875
-1.81326774470376
-1.13364050235431
-0.545962512412074
-0.231462771934436
-0.294356121033075
-0.739786216728721
-1.47163842525583
-2.31070593737534
-3.02994268980576
-3.40036190111769
-3.23910599802477
-2.45068952745248
-1.05350400565421
0.813807923569456
2.90798519736843
4.91676051794464
6.508816871666
7.38977752798171
7.35465347242233
6.32755430553914
4.38145059131726
1.73403261524285
-1.28030506726547
-4.25828894055109
-6.78794196473901
-8.51147828448095
-9.18071779010147
-8.69596137967564
-7.12193211682518
-4.67813104698781
-1.70514990862732
1.38758006361954
4.18410648748274
6.32425260231236
7.55590055628459
7.76903065493753
7.00640490169977
5.44972319538405
3.38416843347026
1.14779807565492
-0.925362040124343
-2.55880736352902
-3.57472457162961
-3.9162610763265
-3.64773017687796
-2.93349615937268
-2.00000000000007
-1.08826579897342
-0.405775660336561
-0.0865568177363913
-0.166709385456278
-0.579711342658143
-1.17218723118983
-1.7370683745741
-2.05787296484222
-1.95576291023343
-1.33046111278294
-0.187144508008108
1.35611121013015
3.08229808577129
4.70896121464844
5.93574004039369
6.49785044538378
6.21613476623622
5.03467999030982
3.03896165504323
0.4506895274529
-2.40053348193382
-5.12464843819634
-7.33024525129918
-8.68579117288317
-8.97291848680469
-8.12288454840257
-6.2300050342264
-3.53961234080093
-0.412275593397227
2.73006899989544
5.46744957527441
7.44448101698183
8.42226005393085
8.31133394149987
7.18071779010222
5.24192389208744
2.8110916021976
0.255870993056771
-2.06388074631096
-3.85168167875836
-4.91721350790354
-5.19960416411619
-4.76795859154594
-3.7998556570175
-2.54230328656246
-1.26257868737598
-0.197976357039902
0.486520013536436
0.725217697142126
0.558807363528291
0.120687084041832
-0.394579438300624
-0.774529877052628
-0.835534495565185
-0.464101615137545
0.355158778553529
1.53042409853218
2.87449878247414
4.13588438337524
5.04381295779508
5.35933173919733
4.92326045100653
3.69219105403567
1.75561856725263
-0.669538887216382
-3.26689297958011
-5.66695172475858
-7.50455813970214
-8.47799186958648
-8.39984165553132
-7.23095746580363
-5.09148632803945
-2.24673802557178
0.930213342876667
4.01341208768535
6.58767798994283
8.31084051462749
8.96456334049215
8.48564682990174
6.97291848680477
4.66884706081384
1.91916451959857
-0.882647713129254
-3.3567550615397
-5.19417061503253
-6.20055659569386
-6.31983257878508
-5.6343180891918
-4.34215894357935
-2.71661617496423
-1.05477938407853
0.375100474233613
1.37844709613535
1.86373640332888
1.85168167875974
1.4631760203163
0.888763649489836
0.345698537616213
0.0308250020804373
0.0782016714239075
0.529471666955077
1.32262479523588
2.30142195120197
3.24395730077766
3.9052942516095
4.06645742396781
3.58077151473253
2.40884796624549
0.635390152584079
-1.53589838486176
-3.80919626614141
-5.84126461315947
-7.29675883640496
-7.90491503831337
-7.50791457293295
-6.09243875961707
-3.79861201281028
-0.904249089296914
2.21355643066758
5.13364050235372
7.45403748758815
8.85314380118887
9.13887622889438
8.27784752660511
6.39984165553218
3.77691997821584
0.780645813412632
-2.17552202835942
-4.69924399781528
-6.47751370282378
-7.32078501036313
-7.18619207643078
-6.17662137575397
-4.51647183198284
-2.50881687166756
-0.481702552805757
1.26702755683192
2.51696580232169
3.15661071855894
3.19417061503332
2.74651910810578
2.00899206415778
1.21205803526118
0.573128288641588
0.252514559826049
0.321672363658217
0.749547963962871
1.40949486860343
2.10543859459117
2.61241993637795
-4.73788717647416
-5.72868960032174
-6.01923203528293
-5.83638578902646
-5.49999999999982
-5.27114540178059
-5.23219203436272
-5.24668254627304
-5.01540172789975
-4.20710678118612
-2.61267756707374
-0.261433438278736
2.54802849764827
5.31800560177077
7.50000000000028
8.66825087409644
8.65538450565741
7.60069057024783
5.89383051644746
4.0355339059328
2.46735579894456
1.43331154376671
0.923175039987828
0.715482114705135
0.499999999999845
0.0292467816290487
-0.761920914091972
-1.71660540010071
-2.51244077082034
-2.79289321881343
-2.32203403081767
-1.10151653659535
0.597904398716956
2.30585902963129
3.50000000000007
3.77889072147442
2.99705647422714
1.31272147505574
-0.868948974807019
-3.03553390593253
-4.73788717647397
-5.7286896003221
-6.01923203528293
-5.83638578902673
-5.5000000000001
-5.27114540178052
-5.23219203436274
-5.24668254627305
-5.01540172789982
-4.20710678118628
-2.61267756707257
-0.2614334382791
2.54802849764788
5.31800560177042
7.50000000000004
8.66825087409636
8.65538450565749
7.60069057024803
5.89383051644636
4.03553390593176
2.46735579894569
1.43331154376681
0.923175039987645
0.715482114705041
0.49999999999989
0.0292467816295985
-0.761920914091845
-1.71660540010126
-2.51244077082026
-2.79289321881344
-2.32203403081779
-1.10151653659556
0.59790439871671
2.30585902963108
3.49999999999997
3.77889072147427
2.99705647422732
1.31272147505747
-0.868948974806709
-3.0355339059337
-4.73788717647477
-5.72868960032202
-6.01923203528293
-5.83638578902654
-5.49999999999991
-5.27114540178053
-5.23219203436273
-5.24668254627306
-5.01540172789988
-4.20710678118645
-2.61267756707284
-0.261433438279464
2.54802849764957
5.31800560177006
7.49999999999981
8.66825087409628
8.65538450565715
7.60069057024718
5.89383051644797
4.03553390593329
2.46735579894492
1.43331154376637
0.923175039987689
0.715482114705063
0.499999999999933
0.0292467816292246
-0.76192091409172
-1.71660540010114
-2.51244077082018
-2.79289321881345
-2.32203403081791
-1.10151653659577
0.597904398716464
2.30585902963198
3.50000000000043
3.77889072147449
2.99705647422749
1.31272147505629
-0.868948974808034
-3.03553390593343
-4.73788717647359
-5.72868960032193
-6.01923203528293
-5.83638578902659
-5.49999999999995
-5.27114540178055
-5.23219203436273
-5.24668254627306
-5.01540172789995
-4.20710678118661
-2.61267756707167
-0.261433438279828
2.54802849764709
5.31800560176971
7.50000000000082
8.66825087409662
8.65538450565723
7.60069057024843
5.89383051644687
4.03553390593225
2.4673557989451
1.43331154376648
0.923175039987731
0.715482114705085
0.499999999999976
0.0292467816293114
-0.761920914091595
-1.71660540010169
-2.5124407708201
-2.79289321881346
-2.32203403081803
-1.10151653659487
0.597904398717515
2.30585902963066
3.49999999999975
3.77889072147434
2.99705647422674
1.31272147505657
-0.868948974807724
-3.03553390593315
-4.73788717647439
-5.72868960032185
-6.01923203528293
-5.83638578902663
-5.5
-5.27114540178057
-5.23219203436273
-5.24668254627307
-5.01540172789967
-4.20710678118591
-2.61267756707339
-0.261433438280191
2.54802849764878
5.31800560177122
7.50000000000058
8.66825087409612
8.65538450565731
7.60069057024758
5.89383051644713
4.03553390593249
2.46735579894528
1.43331154376658
0.923175039987773
0.715482114705106
0.500000000000019
0.0292467816289372
-0.761920914091468
-1.71660540010088
-2.51244077082002
-2.79289321881342
-2.32203403081752
-1.10151653659508
0.597904398715972
2.30585902963156
3.50000000000021
3.77889072147438
2.99705647422692
1.31272147505684
-0.868948974807414
-3.03553390593288
-4.73788717647421
-5.72868960032176
-6.01923203528293
-5.83638578902667
-5.50000000000004
-5.27114540178059
-5.23219203436274
-5.24668254627304
-5.01540172790008
-4.20710678118693
-2.61267756707222
-0.261433438278637
2.54802849764838
5.31800560177086
7.50000000000034
8.66825087409646
8.65538450565739
7.60069057024778
5.89383051644739
4.03553390593273
2.46735579894546
1.43331154376668
0.923175039987816
0.715482114705013
0.499999999999834
0.0292467816294875
-0.761920914091343
-1.71660540010143
-2.51244077082037
-2.79289321881343
-2.32203403081826
-1.10151653659529
0.597904398717023
2.30585902963135
3.5000000000001
3.77889072147441
2.9970564742271
1.31272147505712
-0.868948974807104
-3.0355339059326
-4.73788717647501
-5.72868960032168
-6.01923203528293
-5.83638578902672
-5.49999999999986
-5.27114540178051
-5.23219203436274
-5.24668254627308
-5.0154017278998
-4.20710678118624
-2.61267756707249
-0.261433438279001
2.54802849764798
5.31800560177051
7.50000000000011
8.66825087409639
8.65538450565747
7.60069057024692
5.89383051644764
4.03553390593298
2.46735579894564
1.43331154376624
0.923175039987635
0.715482114705151
0.500000000000105
0.0292467816291124
-0.761920914091881
-1.7166054001013
-2.51244077082029
-2.79289321881344
-2.32203403081775
-1.1015165365955
0.597904398716777
2.30585902963114
3.5
3.77889072147445
2.99705647422727
1.3127214750574
-0.868948974808429
-3.03553390593377
-4.73788717647383
-5.72868960032159
-6.01923203528293
-5.83638578902653
-5.4999999999999
-5.27114540178062
-5.23219203436273
-5.24668254627305
-5.01540172789986
-4.2071067811864
-2.61267756707277
-0.261433438279365
2.54802849764759
5.31800560177016
7.49999999999987
8.66825087409672
8.65538450565755
7.60069057024818
5.8938305164479
4.03553390593194
2.46735579894487
1.43331154376635
0.923175039987901
0.715482114705057
0.49999999999992
0.0292467816292004
-0.761920914091754
-1.71660540010117
-2.5124407708202
-2.79289321881345
-2.32203403081787
-1.10151653659571
0.597904398717828
2.30585902963093
3.49999999999989
3.77889072147448
2.99705647422652
1.31272147505621
-0.868948974806483
-3.03553390593206
-4.73788717647463
-5.72868960032196
-6.01923203528293
-5.83638578902658
-5.49999999999994
-5.27114540178055
-5.23219203436273
-5.24668254627306
-5.01540172789993
-4.20710678118656
-2.61267756707304
-0.261433438279729
2.54802849764719
5.31800560177166
7.50000000000088
8.66825087409623
8.65538450565763
7.60069057024732
5.8938305164468
4.03553390593218
2.46735579894601
1.43331154376645
0.92317503998772
0.715482114705078
0.499999999999963
0.0292467816292872
-0.761920914091628
-1.71660540010104
-2.51244077082012
-2.79289321881346
-2.32203403081736
-1.10151653659592
0.597904398716286
2.30585902963072
3.50000000000035
3.77889072147433
2.99705647422669
1.31272147505795
-0.868948974807808
-3.03553390593323
-4.73788717647445
-5.72868960032187
-6.01923203528293
-5.83638578902662
-5.49999999999998
-5.27114540178057
-5.23219203436273
-5.24668254627303
-5.01540172789999
-4.20710678118673
-2.61267756707332
-0.261433438278174
2.54802849764888
5.31800560176946
7.4999999999994
8.66825087409657
8.65538450565729
7.60069057024752
5.89383051644706
4.03553390593243
2.46735579894523
1.43331154376655
0.923175039987762
0.715482114705101
0.500000000000007
0.029246781629376
-0.761920914091503
-1.71660540010091
-2.51244077082047
-2.79289321881342
-2.32203403081811
-1.10151653659613
0.597904398717336
2.30585902963161
3.50000000000024
3.77889072147455
2.99705647422687
1.31272147505677
-0.868948974807498
-3.03553390593295
-4.73788717647426
-5.72868960032179
-6.01923203528293
-5.83638578902666
-5.50000000000003
-5.27114540178049
-5.23219203436274
-5.24668254627308
-5.01540172790006
-4.20710678118603
-2.61267756707214
-0.261433438278538
2.5480284976464
5.31800560177096
7.50000000000041
8.66825087409649
8.65538450565737
7.60069057024772
5.89383051644732
4.03553390593267
2.46735579894541
1.43331154376666
0.923175039987581
0.715482114705123
0.50000000000005
0.0292467816294635
-0.76192091409204
-1.71660540010146
-2.51244077082039
-2.79289321881348
-2.3220340308176
-1.10151653659523
0.59790439871709
2.3058590296314
3.50000000000013
3.7788907214744
2.99705647422705
1.31272147505704
-0.868948974807188
-3.03553390593412
-4.73788717647407
-5.7286896003217
-6.01923203528293
-5.83638578902648
-5.49999999999984
-5.2711454017806
-5.23219203436272
-5.24668254627305
-5.01540172789978
-4.20710678118619
-2.61267756707242
-0.261433438278902
2.54802849764809
5.31800560177061
7.50000000000017
8.66825087409641
8.65538450565745
7.60069057024792
5.89383051644757
4.03553390593291
2.46735579894464
1.43331154376622
0.923175039987846
0.715482114705145
0.499999999999866
0.0292467816290884
-0.761920914091915
-1.71660540010066
-2.51244077082031
-2.79289321881344
-2.32203403081772
-1.10151653659544
0.597904398716845
2.30585902963119
3.50000000000002
3.77889072147444
2.99705647422722
1.31272147505586
-0.868948974806878
-3.0355339059324
-4.73788717647388
-5.72868960032206
-6.01923203528293
-5.83638578902652
-5.50000000000011
-5.27114540178053
-5.23219203436274
-5.24668254627305
-5.01540172789985
-4.20710678118636
-2.61267756707269
-0.261433438279266
2.5480284976477
5.31800560177026
7.50000000000119
8.66825087409633
8.65538450565753
7.60069057024812
5.89383051644648
4.03553390593187
2.46735579894577
1.43331154376686
0.923175039987665
0.715482114705051
0.499999999999909
0.0292467816291766
-0.761920914091789
-1.71660540010121
-2.51244077082023
-2.79289321881345
-2.32203403081784
-1.10151653659565
0.597904398716598
2.30585902963098
3.49999999999992
3.77889072147429
2.99705647422647
1.3127214750576
-0.868948974806567
-3.03553390593357
-4.73788717647468
-5.72868960032198
-6.01923203528293
-5.83638578902656
-5.49999999999993
-5.27114540178054
-5.23219203436273
-5.24668254627306
-5.01540172789991
-4.20710678118652
-2.61267756707297
-0.26143343827963
2.54802849764939
5.3180056017699
7.4999999999997
8.66825087409625
8.65538450565719
7.60069057024727
5.89383051644673
4.0355339059334
2.467355798945
1.43331154376642
0.923175039987708
0.715482114705072
0.499999999999952
0.0292467816292645
-0.761920914091663
-1.71660540010108
-2.51244077082015
-2.7928932188134
-2.32203403081796
-1.10151653659586
0.597904398716352
2.30585902963188
3.50000000000038
3.77889072147451
2.99705647422758
1.31272147505641
-0.868948974807893
-3.0355339059333
-4.7378871764745
-5.72868960032189
-6.01923203528293
-5.83638578902661
-5.49999999999997
-5.27114540178056
-5.23219203436273
-5.24668254627307
-5.01540172789998
-4.20710678118668
-2.6126775670718
-0.261433438278075
2.54802849764691
5.31800560176955
7.50000000000071
8.66825087409659
8.65538450565727
7.60069057024853
5.89383051644699
4.03553390593236
2.46735579894518
1.43331154376652
0.92317503998775
0.715482114705095
0.499999999999995
0.0292467816293518
-0.761920914091538
-1.71660540010163
-2.51244077082006
-2.79289321881347
-2.32203403081808
-1.10151653659497
0.597904398717403
2.30585902963167
3.4999999999997
3.77889072147436
2.99705647422682
1.31272147505669
-0.868948974807583
-3.03553390593303
-4.73788717647431
-5.72868960032181
-6.01923203528293
-5.83638578902665
-5.49999999999979
-5.27114540178058
-5.23219203436272
-5.24668254627307
-5.0154017278997
-4.20710678118599
-2.61267756707352
-0.261433438280357
2.5480284976486
5.31800560177106
7.50000000000047
8.66825087409651
8.65538450565735
7.60069057024767
5.89383051644725
4.0355339059326
2.46735579894536
1.43331154376663
0.923175039987793
0.715482114705116
0.500000000000038
0.029246781628977
-0.761920914092075
-1.71660540010082
-2.51244077081998
-2.79289321881342
-2.32203403081757
-1.10151653659518
0.59790439871586
2.30585902963146
3.50000000000016
3.77889072147439
2.997056474227
1.31272147505697
-0.868948974807273
-3.03553390593275
-4.73788717647412
-5.72868960032173
-6.01923203528293
-5.83638578902669
-5.50000000000006
-5.2711454017806
-5.23219203436274
-5.24668254627304
-5.01540172789976
-4.20710678118701
-2.61267756707234
-0.261433438278803
2.5480284976482
5.3180056017707
7.50000000000024
8.66825087409643
8.65538450565743
7.60069057024787
5.8938305164475
4.03553390593156
2.46735579894554
1.43331154376673
0.923175039987836
0.715482114705022
0.499999999999854
0.0292467816295274
-0.761920914091286
-1.71660540010137
-2.51244077082033
-2.79289321881343
-2.32203403081769
-1.10151653659539
0.597904398716911
2.30585902963125
3.50000000000005
3.77889072147443
2.99705647422717
1.31272147505724
-0.868948974806962
-3.03553390593248
-4.73788717647492
-5.72868960032209
-6.01923203528293
-5.83638578902674
-5.49999999999988
-5.27114540178052
-5.23219203436274
-5.24668254627309
-5.01540172789983
-4.20710678118631
-2.61267756707262
-0.261433438279167
2.5480284976478
5.31800560177035
7.5
8.66825087409635
8.65538450565751
7.60069057024701
5.89383051644776
4.03553390593309
2.46735579894573
1.43331154376629
0.923175039987654
0.715482114705045
0.500000000000124
0.0292467816291522
-0.761920914091823
-1.71660540010124
-2.51244077082025
-2.79289321881344
-2.32203403081781
-1.1015165365956
0.597904398716666
2.30585902963104
3.50000000000051
3.77889072147446
2.99705647422735
1.31272147505752
-0.868948974808288
-3.03553390593365
-4.73788717647375
-5.72868960032156
-6.01923203528293
-5.83638578902655
-5.49999999999992
-5.27114540178054
-5.23219203436273
-5.24668254627306
-5.01540172789989
-4.20710678118648
-2.61267756707289
-0.26143343827953
2.54802849764741
5.31800560177
7.49999999999976
8.66825087409669
8.65538450565717
7.60069057024827
5.89383051644801
4.03553390593205
2.46735579894495
1.43331154376639
0.92317503998792
0.715482114705067
0.49999999999994
0.0292467816292405
-0.761920914091697
-1.71660540010111
-2.51244077082017
-2.79289321881345
-2.32203403081793
-1.1015165365958
0.597904398717717
2.30585902963083
3.49999999999984
3.7788907214745
2.9970564742266
1.31272147505634
-0.868948974807978
-3.03553390593193
-4.73788717647455
-5.72868960032192
-6.01923203528293
-5.8363857890266
-5.49999999999996
-5.27114540178056
-5.23219203436273
-5.24668254627306
-5.01540172789996
-4.20710678118578
-2.61267756707317
-0.261433438279894
2.54802849764701
5.3180056017715
7.50000000000078
8.66825087409619
8.65538450565766
7.60069057024741
5.89383051644692
4.03553390593229
2.46735579894513
1.4333115437665
0.923175039987739
0.715482114705089
0.499999999999983
0.029246781629328
-0.761920914091571
-1.71660540010098
-2.51244077082009
-2.79289321881346
-2.32203403081742
-1.10151653659491
0.597904398716173
2.30585902963062
3.5000000000003
3.77889072147435
2.99705647422677
1.31272147505807
-0.868948974807667
-3.0355339059331
-4.73788717647436
-5.72868960032183
-6.01923203528293
-5.83638578902664
-5.50000000000001
-5.27114540178057
-5.23219203436272
-5.24668254627304
-5.01540172790002
-4.2071067811868
-2.61267756707344
-0.598076211351426
-2.99999999999991
-4.59807621135308
-4.96410161513788
-4.00000000000094
-1.96410161513963
0.598076211353066
2.99999999999941
4.59807621135284
4.96410161513796
4.00000000000131
1.96410161513811
-0.598076211352448
-2.99999999999891
-4.59807621135259
-4.96410161513803
-4.00000000000032
-1.96410161513869
0.59807621135183
2.99999999999842
4.59807621135235
4.96410161513784
4.00000000000069
1.96410161513926
-0.598076211353469
-2.99999999999792
-4.598076211353
-4.96410161513791
-4.00000000000107
-1.96410161513774
0.598076211350594
2.99999999999924
4.59807621135275
4.96410161513798
4.00000000000007
1.96410161513831
-0.598076211352234
-2.99999999999874
-4.59807621135251
-4.96410161513779
-4.00000000000045
-1.96410161513889
0.598076211351616
2.99999999999824
4.59807621135316
4.96410161513786
4.00000000000082
1.96410161513946
-0.598076211350997
-2.99999999999956
-4.59807621135291
-4.96410161513793
-4.0000000000012
-1.96410161514003
0.598076211352637
2.99999999999907
4.59807621135267
4.96410161513774
4.00000000000157
1.96410161513851
-0.59807621135202
-2.99999999999857
-4.59807621135332
-4.96410161513808
-4.00000000000058
-1.96410161513908
0.598076211351402
2.99999999999989
4.59807621135307
4.96410161513789
4.00000000000095
1.96410161513966
-0.598076211353041
-2.99999999999939
-4.59807621135283
-4.96410161513796
-4.00000000000132
-1.96410161513814
0.598076211352423
2.99999999999889
4.59807621135258
4.96410161513804
4.00000000000033
1.96410161513871
-0.598076211351806
-2.9999999999984
-4.59807621135234
-4.96410161513784
-4.00000000000071
-1.96410161513928
0.598076211353445
2.9999999999979
4.59807621135299
4.96410161513791
4.00000000000108
1.96410161513776
-0.59807621135057
-2.99999999999922
-4.59807621135274
-4.96410161513799
-4.00000000000009
-1.96410161513834
0.598076211352209
2.99999999999872
4.5980762113525
4.96410161513779
4.00000000000046
1.96410161513891
-0.598076211351591
-2.99999999999822
-4.59807621135315
-4.96410161513786
-4.00000000000084
-1.96410161513948
0.598076211350973
2.99999999999955
4.5980762113529
4.96410161513794
3.99999999999985
1.96410161514005
-0.598076211352613
-2.99999999999905
-4.59807621135266
-4.96410161513774
-4.00000000000158
-1.96410161513853
0.598076211351995
2.99999999999855
4.59807621135331
4.96410161513781
4.00000000000059
1.96410161513911
-0.598076211351378
-2.99999999999987
-4.59807621135306
-4.96410161513789
-4.00000000000097
-1.96410161513968
0.598076211353017
2.99999999999937
4.59807621135282
4.96410161513796
4.00000000000134
1.96410161513816
-0.598076211352399
-2.99999999999888
-4.59807621135257
-4.96410161513804
-4.00000000000035
-1.96410161513873
0.598076211351781
3.0000000000002
4.59807621135233
4.96410161513784
4.00000000000072
1.9641016151393
-0.598076211353421
-2.99999999999788
-4.59807621135298
-4.96410161513792
-4.0000000000011
-1.96410161513779
0.598076211352803
2.9999999999992
4.59807621135273
4.96410161513799
4.0000000000001
1.96410161513836
-0.598076211352185
-2.9999999999987
-4.59807621135249
-4.96410161513779
-4.00000000000048
-1.96410161513893
0.598076211351567
2.9999999999982
4.59807621135314
4.96410161513787
4.00000000000085
1.9641016151395
-0.598076211350949
-2.99999999999953
-4.59807621135289
-4.96410161513794
-3.99999999999986
-1.96410161514008
0.598076211352589
2.99999999999903
4.59807621135265
4.96410161513774
4.0000000000016
1.96410161513856
-0.59807621135197
-2.99999999999853
-4.5980762113533
-4.96410161513782
-4.00000000000061
-1.96410161513913
0.598076211351353
2.99999999999985
4.59807621135305
4.96410161513789
4.00000000000098
1.9641016151397
-0.598076211352993
-2.99999999999935
-4.59807621135281
-4.96410161513797
-4.00000000000135
-1.96410161513818
0.598076211352375
2.99999999999886
4.59807621135256
4.96410161513804
4.00000000000036
1.96410161513875
-0.598076211351757
-3.00000000000018
-4.59807621135232
-4.96410161513784
-4.00000000000074
-1.96410161513933
0.598076211353396
2.99999999999786
4.59807621135297
4.96410161513792
4.00000000000111
1.96410161513781
-0.598076211352779
-2.99999999999918
-4.59807621135272
-4.96410161513799
-4.00000000000012
-1.96410161513838
0.598076211352161
2.99999999999868
4.59807621135248
4.96410161513779
4.00000000000049
1.96410161513895
-0.598076211351543
-2.99999999999819
-4.59807621135313
-4.96410161513787
