"x"
4.59807621135332
4.96410161513776
4
1.96410161513776
-0.598076211353314
-3
-4.59807621135332
-4.96410161513776
-4
-1.96410161513776
0.598076211353309
3
4.59807621135332
4.96410161513776
4
1.96410161513776
-0.598076211353317
-3
-4.59807621135331
-4.96410161513776
-4
-1.96410161513777
0.598076211353308
3
4.59807621135331
4.96410161513775
4.00000000000001
1.96410161513776
-0.598076211353316
-2.99999999999999
-4.59807621135331
-4.96410161513776
-4.00000000000001
-1.96410161513775
0.598076211353298
3
4.59807621135331
4.96410161513776
4.00000000000001
1.96410161513777
-0.598076211353297
-3
-4.59807621135331
-4.96410161513776
-4.00000000000001
-1.96410161513777
0.598076211353314
3
4.59807621135331
4.96410161513776
4.00000000000001
1.96410161513775
-0.598076211353313
-2.99999999999998
-4.59807621135331
-4.96410161513776
-4.00000000000001
-1.96410161513775
0.598076211353296
2.99999999999998
4.59807621135331
4.96410161513776
4
1.96410161513777
-0.598076211353277
-2.99999999999998
-4.59807621135331
-4.96410161513775
-4.00000000000001
-1.96410161513779
0.598076211353294
2.99999999999999
4.59807621135331
4.96410161513776
4.00000000000002
1.96410161513777
-0.598076211353311
-2.99999999999998
-4.59807621135331
-4.96410161513776
-4.00000000000001
-1.96410161513779
0.598076211353328
2.99999999999999
4.5980762113533
4.96410161513776
4.00000000000002
1.96410161513781
-0.59807621135331
-2.99999999999998
-4.59807621135331
-4.96410161513776
-4.00000000000003
-1.96410161513776
0.598076211353292
2.99999999999999
4.5980762113533
4.96410161513776
4
1.96410161513777
-0.598076211353309
-2.99999999999998
-4.5980762113533
-4.96410161513775
-4.00000000000001
-1.96410161513776
0.59807621135329
2.99999999999996
4.5980762113533
4.96410161513776
4
1.96410161513778
-0.598076211353272
-2.99999999999998
-4.59807621135331
-4.96410161513775
-4.00000000000001
-1.96410161513779
0.598076211353289
2.99999999999996
4.59807621135332
4.96410161513776
4.00000000000002
1.96410161513778
-0.598076211353236
-3
-4.5980762113533
-4.96410161513776
-4.00000000000001
-1.96410161513783
0.598076211353323
2.99999999999996
4.5980762113533
4.96410161513776
4.00000000000005
1.96410161513775
-0.59807621135327
-2.99999999999997
-4.59807621135331
-4.96410161513776
-4.00000000000004
-1.9641016151378
0.598076211353287
2.99999999999999
4.59807621135329
4.96410161513776
4.00000000000002
1.96410161513778
-0.598076211353304
-2.99999999999994
-4.59807621135329
-4.96410161513776
-4.00000000000002
-1.96410161513776
0.59807621135325
2.99999999999996
4.5980762113533
4.96410161513776
4
1.96410161513781
-0.598076211353267
-2.99999999999997
-4.59807621135328
-4.96410161513776
-4.00000000000004
-1.96410161513773
0.598076211353284
2.99999999999999
4.59807621135332
4.96410161513776
4.00000000000003
1.96410161513778
-0.598076211353231
-2.99999999999994
-4.59807621135329
-4.96410161513777
-4.00000000000002
-1.96410161513777
0.598076211353319
2.99999999999996
4.5980762113533
4.96410161513776
4.00000000000005
1.96410161513782
-0.598076211353265
-2.99999999999991
-4.59807621135331
-4.96410161513776
-4
-1.9641016151378
0.598076211353282
2.99999999999998
4.59807621135329
4.96410161513776
4.00000000000003
1.96410161513785
-0.598076211353228
-3
-4.59807621135332
-4.96410161513776
-4.00000000000002
-1.96410161513777
0.598076211353245
2.99999999999995
4.5980762113533
4.96410161513777
4.00000000000005
1.96410161513775
-0.598076211353333
-2.99999999999997
-4.59807621135331
-4.96410161513776
-4.00000000000004
-1.9641016151378
0.59807621135328
2.99999999999993
4.59807621135328
4.96410161513776
3.99999999999999
1.96410161513779
-0.598076211353296
-3
-4.59807621135329
-4.96410161513776
-4.00000000000002
-1.96410161513784
0.598076211353243
2.99999999999995
4.59807621135327
4.96410161513776
4.00000000000001
1.96410161513775
-0.59807621135326
-2.99999999999997
-4.59807621135331
-4.96410161513776
-4.00000000000004
-1.9641016151378
0.598076211353206
2.99999999999992
4.59807621135331
4.96410161513775
4.00000000000003
1.96410161513779
-0.598076211353294
-2.99999999999994
-4.59807621135326
-4.96410161513776
-4.00000000000006
-1.9641016151379
0.598076211353241
3.00000000000001
4.5980762113533
4.96410161513777
4.00000000000001
1.96410161513782
-0.598076211353187
-2.99999999999996
-4.59807621135328
-4.96410161513777
-4.00000000000004
-1.96410161513774
0.598076211353275
2.99999999999992
4.59807621135331
4.96410161513776
4.00000000000007
1.96410161513779
-0.598076211353221
-2.99999999999988
-4.59807621135329
-4.96410161513775
-4.00000000000002
-1.96410161513784
0.598076211353309
2.99999999999995
4.59807621135327
4.96410161513776
4.00000000000005
1.96410161513789
-0.598076211353255
-2.99999999999991
-4.5980762113533
-4.96410161513777
-4
-1.96410161513781
0.598076211353201
2.99999999999998
4.59807621135328
4.96410161513777
4.00000000000003
1.96410161513786
-0.598076211353148
-2.99999999999993
-4.59807621135332
-4.96410161513776
-4.00000000000007
-1.96410161513778
0.598076211353236
2.99999999999989
4.5980762113533
4.96410161513777
4.0000000000001
1.96410161513783
-0.598076211353323
-2.99999999999996
-4.59807621135327
-4.96410161513776
-4.00000000000005
-1.96410161513788
0.59807621135327
2.99999999999992
4.59807621135325
4.96410161513776
3.99999999999999
1.9641016151378
-0.598076211353216
-2.99999999999999
-4.59807621135329
-4.96410161513777
-4.00000000000002
-1.96410161513784
0.598076211353162
2.99999999999994
4.59807621135327
4.96410161513778
4.00000000000006
1.96410161513789
-0.59807621135325
-2.9999999999999
-4.5980762113533
-4.96410161513775
-4.00000000000009
-1.96410161513781
0.598076211353197
2.99999999999997
4.59807621135328
4.96410161513776
4.00000000000012
1.96410161513786
-0.598076211353143
-2.99999999999993
-4.59807621135332
-4.96410161513776
-3.99999999999998
-1.96410161513791
0.598076211353231
2.99999999999989
4.59807621135329
4.96410161513777
4.00000000000002
1.96410161513796
-0.598076211353177
-2.99999999999996
-4.59807621135327
-4.96410161513776
-4.00000000000005
-1.96410161513775
0.598076211353124
2.99999999999991
4.59807621135325
4.96410161513776
4
1.9641016151378
-0.598076211353353
-2.99999999999987
-4.59807621135329
-4.96410161513777
-4.00000000000003
-1.96410161513785
0.598076211353299
2.99999999999983
4.59807621135326
4.96410161513776
4.00000000000006
1.96410161513777
-0.598076211353245
-3.00000000000001
-4.59807621135324
-4.96410161513777
-4.00000000000009
-1.96410161513782
0.598076211353192
2.99999999999997
4.59807621135333
4.96410161513777
4.00000000000004
1.96410161513787
-0.59807621135328
-2.99999999999993
-4.59807621135331
-4.96410161513778
-4.00000000000007
-1.96410161513792
0.598076211353226
3
4.59807621135329
4.96410161513775
4.0000000000001
1.96410161513784
-0.598076211353172
-2.99999999999995
-4.59807621135327
-4.96410161513776
-4.00000000000014
-1.96410161513788
0.59807621135326
2.99999999999991
4.59807621135331
4.96410161513776
4
1.96410161513793
-0.598076211353206
-2.99999999999987
-4.59807621135328
-4.96410161513775
-4.00000000000003
-1.96410161513772
0.598076211353153
2.99999999999994
4.59807621135326
4.96410161513776
4.00000000000006
1.96410161513777
-0.598076211353099
-2.99999999999989
-4.5980762113533
-4.96410161513777
-4.00000000000001
-1.96410161513782
0.598076211353328
2.99999999999985
4.59807621135328
4.96410161513777
4.00000000000004
1.96410161513787
-0.598076211353275
-3.00000000000004
-4.59807621135326
-4.96410161513776
-4.00000000000007
-1.96410161513779
0.598076211353221
2.99999999999999
4.59807621135323
4.96410161513777
4.00000000000011
1.96410161513784
-0.598076211353309
-2.99999999999995
-4.59807621135332
-4.96410161513778
-4.00000000000005
-1.96410161513789
0.598076211353255
2.99999999999991
4.5980762113533
4.96410161513778
4.00000000000009
1.96410161513781
-0.598076211353201
-2.99999999999998
-4.59807621135328
-4.96410161513775
-4.00000000000012
-1.96410161513786
0.598076211353148
2.99999999999993
4.59807621135326
4.96410161513776
3.99999999999998
1.96410161513791
-0.598076211353236
-2.99999999999989
-4.5980762113533
-4.96410161513777
-4.00000000000001
-1.96410161513796
0.598076211353182
2.99999999999985
4.59807621135327
4.96410161513776
4.00000000000005
1.96410161513775
-0.598076211353129
-2.99999999999992
-4.59807621135325
-4.96410161513776
-4.00000000000008
-1.9641016151378
0.598076211353357
2.99999999999987
4.59807621135329
4.96410161513779
4.00000000000011
1.96410161513784
-0.598076211353304
-2.99999999999983
-4.59807621135327
-4.96410161513779
-4.00000000000014
-1.96410161513789
0.59807621135325
3.00000000000002
4.59807621135325
4.96410161513777
4.00000000000017
1.96410161513794
-0.598076211353197
-2.99999999999997
-4.59807621135322
-4.96410161513777
-4.00000000000004
-1.96410161513799
0.598076211353143
2.99999999999993
4.59807621135332
4.96410161513778
4.00000000000007
1.96410161513804
-0.59807621135309
-2.99999999999989
-4.59807621135329
-4.96410161513775
-4.0000000000001
-1.96410161513783
0.598076211353036
2.99999999999984
4.59807621135327
4.96410161513776
4.00000000000013
1.96410161513788
-0.598076211352983
-2.9999999999998
-4.59807621135325
-4.96410161513776
-4
-1.96410161513793
0.598076211353212
2.99999999999976
4.59807621135323
4.96410161513777
4.00000000000003
1.96410161513772
-0.598076211353158
-2.99999999999994
-4.59807621135321
-4.96410161513778
-4.00000000000006
-1.96410161513777
0.598076211353104
2.9999999999999
4.59807621135319
4.96410161513778
4.00000000000009
1.96410161513782
-0.598076211353333
-2.99999999999985
-4.59807621135328
-4.96410161513779
-4.00000000000013
-1.96410161513787
0.59807621135328
2.99999999999981
4.59807621135326
4.96410161513776
4.00000000000016
1.96410161513792
-0.598076211353226
-3
-4.59807621135324
-4.96410161513777
-4.00000000000019
-1.96410161513797
0.598076211353173
2.99999999999995
4.59807621135333
4.96410161513777
4.00000000000005
1.96410161513802
-0.598076211353119
-2.99999999999991
-4.59807621135331
-4.96410161513778
-4.00000000000008
-1.96410161513807
0.598076211353065
2.99999999999987
4.59807621135328
4.96410161513775
4.00000000000012
1.96410161513785
-0.598076211353012
-2.99999999999982
-4.59807621135326
-4.96410161513776
-4.00000000000015
-1.9641016151379
0.598076211353241
2.99999999999978
4.59807621135324
4.96410161513777
4.00000000000001
1.96410161513795
-0.598076211353187
-2.99999999999974
-4.59807621135322
-4.96410161513777
-4.00000000000004
-1.96410161513774
0.598076211353133
2.99999999999992
4.5980762113532
4.96410161513778
4.00000000000007
1.96410161513779
-0.59807621135308
-2.99999999999988
-4.59807621135329
-4.96410161513779
-4.00000000000011
-1.96410161513784
0.598076211353309
2.93153630102362
2.57423238001537
1.96982515071066
1.20673540015475
0.387819652763763
-0.38060322794886
-1.00000000000001
-1.39001751542761
-1.49698213645454
-1.29965173950221
-0.811641252945914
-0.0802731725804882
0.818040315118116
1.7854320341327
2.71247902668095
3.48938700205907
4.0173500003601
4.21895363034216
4.04658003153378
3.48796524058213
2.56833616355155
1.34888787287148
-0.0782801454286253
-1.59830289557543
-3.08399540373929
-4.40760805268978
-5.45276334448112
-6.12542390201143
-6.36283170757085
-6.13955208630092
-5.47003399599772
-4.40743373618537
-3.03880956812611
-1.4771448400765
0.149037066700796
1.7074710901089
3.0742323800153
4.14494687792051
4.84406278495089
5.13130574797223
5.00471610886198
4.49999999999994
3.68628482700822
2.65871870646144
1.52865865091888
0.412423957968699
-0.580273172580447
-1.35708141209166
-1.8518953506634
-2.03100706852755
-1.89593233475175
-1.48264999963986
-0.857348712093706
-0.109120811382224
0.659654850160966
1.34427095263696
1.84888787287152
2.09684158178115
2.03902448922072
1.65949069146913
0.977711284120984
0.0472366555188288
-1.04912155957562
-2.20713086465488
-3.31124169587979
-4.24596878508308
-4.90743373618543
-5.21393129533587
-5.11447222487266
-4.5944490285077
-3.67784824670184
-2.42576761998464
-0.931355464515518
0.688361942035013
2.30299535755114
3.78065089794736
4.99999999999993
5.86140655421809
6.29604609125751
6.27214474612737
5.79774329477954
4.91972682741949
3.71922093034417
2.30380549225266
0.797303321893461
-0.671867123837172
-1.98264999963985
-3.03247043930342
-3.74644819617827
-4.08383124504741
-4.04104838417391
-3.65111212712843
-2.97946076065468
-2.11667635369526
-1.16881969895199
-0.246353926793523
0.547236655518876
1.12600016763424
1.4301965201412
1.43224439932862
1.1393505517277
0.592566263814659
-0.137628952900052
-0.958771381956707
-1.76613863808653
-2.45378303578721
-2.92576761998458
-3.10647719172517
-2.94896544276116
-2.44049073765738
-1.60466843886337
-0.499999999999987
0.785104211782134
2.14034524834169
3.44383435570634
4.57367808386492
5.41972682741951
5.89434265755397
5.94113287704868
5.54078941710206
4.71345221297379
3.51735000036007
2.04383190313239
0.40925264673778
-1.25552085462633
-2.81698317325925
-4.15111212712843
-5.15458248786443
-5.75400373849135
-5.91230579416039
-5.63167326360444
-4.95276334448122
-3.95030217480155
-2.72550432277472
-1.39606599109251
-0.0847146591868713
1.09256626381464
2.03749277430979
2.67855600283939
2.97734745712193
2.93153630102358
2.57423238001539
1.96982515071069
1.20673540015481
0.387819652763825
-0.380603227948738
-1.00000000000004
-1.39001751542763
-1.49698213645454
-1.29965173950221
-0.811641252945875
-0.080273172580438
0.818040315118086
1.78543203413266
2.71247902668089
3.48938700205902
4.01735000036008
4.21895363034216
4.04658003153376
3.48796524058214
2.56833616355157
1.34888787287151
-0.0782801454285911
-1.59830289557526
-3.08399540373913
-4.40760805268985
-5.45276334448117
-6.12542390201142
-6.36283170757085
-6.13955208630094
-5.47003399599776
-4.40743373618542
-3.03880956812601
-1.47714484007657
0.149037066700727
1.70747109010883
3.07423238001545
4.14494687792046
4.84406278495085
5.13130574797224
5.00471610886203
4.50000000000003
3.68628482700833
2.65871870646137
1.52865865091891
0.412423957968728
-0.580273172580425
-1.35708141209176
-1.8518953506634
-2.03100706852755
-1.89593233475177
-1.4826499996398
-0.857348712093633
-0.109120811382145
0.659654850160972
1.34427095263684
1.84888787287143
2.0968415817811
2.03902448922068
1.65949069146917
0.977711284121063
0.0472366555187707
-1.04912155957559
-2.20713086465486
-3.31124169587978
-4.24596878508322
-4.90743373618543
-5.21393129533589
-5.11447222487264
-4.59444902850762
-3.67784824670184
-2.42576761998462
-0.931355464515414
0.688361942034833
2.30299535755097
3.78065089794721
5
5.86140655421802
6.29604609125749
6.27214474612736
5.7977432947795
4.91972682741952
3.71922093034422
2.30380549225245
0.797303321893496
-0.671867123837141
-1.98264999963983
-3.03247043930356
-3.74644819617827
-4.08383124504739
-4.04104838417393
-3.65111212712854
-2.97946076065481
-2.1166763536954
-1.16881969895195
-0.246353926793645
0.547236655518784
1.12600016763418
1.43019652014122
1.43224439932863
1.13935055172772
0.592566263814559
-0.137628952900022
-0.958771381956674
-1.7661386380865
-2.45378303578737
-2.9257676199847
3.83933998420381
4.01088238790069
4.00712998489726
3.82824677321079
3.48205080756892
2.9836725129026
2.35489341217331
1.62319416929983
0.820553552278062
-0.0179491924311703
-0.855667471301154
-1.65598897572732
-2.38393581559746
-3.00769322093277
-3.49999999999998
-3.83933998420383
-4.0108823879007
-4.00712998489727
-3.8282467732108
-3.48205080756895
-2.98367251290263
-2.35489341217334
-1.62319416929976
-0.820553552278104
0.0179491924311268
0.855667471301224
1.65598897572728
2.38393581559752
3.00769322093282
3.49999999999996
3.83933998420381
4.01088238790071
4.00712998489727
3.82824677321081
3.48205080756891
2.98367251290266
2.35489341217338
1.6231941692998
0.820553552277922
-0.0179491924310831
-0.855667471301181
-1.65598897572734
-2.38393581559748
-3.00769322093279
-3.49999999999999
-3.8393399842038
-4.0108823879007
-4.00712998489726
-3.82824677321083
-3.48205080756887
-2.98367251290261
-2.35489341217341
-1.62319416929984
-0.820553552277965
0.0179491924310398
0.855667471301139
1.6559889757273
2.38393581559754
3.00769322093276
3.49999999999997
3.83933998420386
4.0108823879007
4.00712998489727
3.82824677321081
3.4820508075689
2.98367251290264
2.35489341217335
1.62319416929988
0.820553552278007
-0.0179491924311108
-0.855667471301096
-1.65598897572737
-2.3839358155975
-3.00769322093273
-3.49999999999995
-3.83933998420384
-4.01088238790071
-4.00712998489727
-3.82824677321082
-3.48205080756886
-2.98367251290267
-2.35489341217339
-1.62319416929971
-0.82055355227805
0.0179491924310675
0.855667471301166
1.65598897572733
2.38393581559747
3.00769322093278
3.49999999999993
3.83933998420383
4.0108823879007
4.00712998489728
3.8282467732108
3.48205080756888
2.98367251290263
2.35489341217343
1.62319416929975
0.82055355227798
-0.017949192431024
-0.855667471301236
-1.65598897572739
-2.38393581559743
-3.00769322093275
-3.50000000000002
-3.83933998420382
-4.0108823879007
-4.00712998489727
-3.82824677321081
-3.4820508075689
-2.98367251290265
-2.35489341217337
-1.62319416929979
-0.820553552278023
0.0179491924309807
0.855667471301193
1.65598897572735
2.38393581559749
3.00769322093272
3.5
3.83933998420384
4.01088238790069
4.00712998489726
3.82824677321079
3.48205080756892
2.98367251290268
2.35489341217331
1.62319416929983
0.820553552278066
-0.0179491924310515
-0.855667471301151
-1.65598897572731
-2.38393581559746
-3.00769322093284
-3.49999999999998
-3.83933998420383
-4.0108823879007
-4.00712998489727
-3.8282467732108
-3.48205080756889
-2.98367251290271
-2.35489341217335
-1.62319416929977
-0.820553552278108
0.0179491924311228
0.85566747130122
1.65598897572727
2.38393581559742
3.00769322093281
3.49999999999995
3.83933998420381
4.0108823879007
4.00712998489726
3.82824677321081
3.48205080756891
2.98367251290259
2.35489341217338
1.62319416929981
0.820553552278038
-0.0179491924310793
-0.855667471301178
-1.65598897572734
-2.38393581559739
-3.00769322093278
-3.49999999999999
-3.8393399842038
-4.0108823879007
-4.00712998489726
-3.82824677321083
-3.48205080756893
-2.98367251290262
-2.35489341217332
-1.62319416929985
-0.820553552278081
0.0179491924311503
0.855667471301135
1.6559889757273
2.38393581559754
3.00769322093276
3.49999999999997
3.83933998420382
4.0108823879007
4.00712998489727
3.82824677321081
3.48205080756895
2.98367251290265
2.35489341217336
1.62319416929989
0.820553552278011
-0.017949192431107
-0.855667471301204
-1.65598897572726
-2.3839358155975
-3.0076932209328
-3.49999999999995
-3.83933998420381
-4.0108823879007
-4.00712998489727
-3.82824677321082
-3.48205080756886
-2.98367251290268
-2.35489341217339
-1.62319416929982
-0.820553552278054
0.0179491924310635
0.855667471301162
1.65598897572722
2.38393581559747
3.00769322093277
3.49999999999998
3.83933998420383
4.0108823879007
4.00712998489727
3.82824677321083
3.48205080756888
2.98367251290263
2.35489341217343
1.62319416929976
0.820553552277984
-0.0179491924310202
-0.855667471301119
-1.65598897572739
-2.38393581559743
-3.00769322093275
-3.49999999999996
-3.83933998420385
-4.0108823879007
-4.00712998489727
-3.82824677321077
-3.48205080756891
-2.98367251290266
-2.35489341217337
-1.6231941692998
-0.820553552278027
0.0179491924310911
0.855667471301077
1.65598897572735
2.38393581559749
3.00769322093272
3.5
3.83933998420384
4.01088238790069
4.00712998489727
3.82824677321079
3.48205080756887
2.98367251290269
2.35489341217341
1.62319416929973
0.820553552278069
-0.0179491924310478
-0.855667471301258
-1.65598897572731
-2.38393581559745
-3.00769322093276
-3.49999999999997
-3.83933998420382
-4.0108823879007
-4.00712998489728
-3.8282467732108
-3.48205080756889
-2.98367251290272
-2.35489341217335
-1.62319416929977
-0.820553552277999
0.017949192431004
0.855667471301216
1.65598897572737
2.38393581559742
3.00769322093273
3.50000000000001
3.83933998420381
4.0108823879007
4.00712998489726
3.82824677321082
3.48205080756891
2.98367251290267
2.35489341217338
1.62319416929981
0.820553552278042
-0.0179491924309607
-0.855667471301174
-1.65598897572734
-2.38393581559748
-3.00769322093278
-3.49999999999999
-3.83933998420383
-4.01088238790069
-4.00712998489726
-3.82824677321079
-3.48205080756893
-2.9836725129027
-2.35489341217333
-1.62319416929985
-0.820553552278085
0.0179491924311463
0.855667471301131
1.6559889757273
2.38393581559744
3.00769322093283
3.49999999999997
3.83933998420382
4.0108823879007
4.00712998489727
3.82824677321081
3.4820508075689
2.98367251290265
2.35489341217336
1.62319416929979
0.820553552278127
-0.017949192431103
-0.855667471301201
-1.65598897572726
-2.38393581559741
-3.0076932209328
-3.49999999999994
-3.83933998420381
-4.0108823879007
-4.00712998489726
-3.82824677321082
-3.48205080756892
-2.9836725129026
-2.3548934121734
-1.62319416929983
-0.820553552278058
0.0179491924310595
0.855667471301158
1.65598897572732
2.38393581559746
3.00769322093277
3.49999999999998
3.83933998420379
4.0108823879007
4.00712998489727
3.82824677321083
3.48205080756894
2.98367251290263
2.35489341217334
1.62319416929987
0.820553552277988
-0.0179491924311304
-0.855667471301116
-1.65598897572728
-2.38393581559752
-3.00769322093274
-3.49999999999996
-3.83933998420381
-4.0108823879007
-4.00712998489727
-3.82824677321081
-3.48205080756891
-2.98367251290266
-2.35489341217337
-1.6231941692998
-0.820553552277918
0.0179491924310871
0.855667471301073
1.65598897572735
2.38393581559739
3.00769322093279
3.49999999999994
3.83933998420384
4.01088238790069
4.00712998489726
3.82824677321083
3.48205080756887
2.98367251290269
2.35489341217332
1.62319416929984
0.820553552277961
-0.0179491924310435
-0.855667471301031
-1.65598897572731
-2.38393581559754
-3.00769322093276
-3.49999999999992
-3.83933998420382
-4.01088238790069
-4.00712998489727
-3.82824677321077
-3.48205080756889
-2.98367251290272
-2.35489341217335
-1.62319416929967
-0.820553552278003
0.0179491924310002
0.855667471301212
1.65598897572727
2.38393581559751
3.00769322093273
3.50000000000001
3.83933998420381
4.01088238790071
4.00712998489727
3.82824677321078
3.48205080756891
2.98367251290275
2.35489341217339
1.62319416929971
0.820553552278046
-0.0179491924309567
-0.85566747130117
-1.65598897572744
-2.38393581559747
-3.0076932209327
-3.49999999999999
-3.8393399842038
-4.0108823879007
-4.00712998489728
-3.82824677321079
-3.48205080756894
-2.98367251290262
-2.35489341217342
-1.62319416929975
-0.820553552278089
0.0179491924309134
0.855667471301127
1.6559889757274
2.38393581559744
3.00769322093267
3.49999999999996
3.83933998420385
4.0108823879007
4.00712998489726
3.82824677321081
3.48205080756896
2.98367251290265
2.35489341217327
1.62319416929979
0.820553552278131
-0.017949192431099
-0.855667471301085
-1.65598897572736
-2.3839358155974
-3.00769322093265
-3.49999999999994
-3.83933998420384
-4.01088238790069
-4.00712998489726
-3.82824677321082
-3.48205080756887
-2.98367251290268
-2.35489341217349
-1.62319416929983
-0.820553552277949
0.0179491924310555
0.855667471301266
1.65598897572732
2.38393581559737
3.00769322093277
3.49999999999992
3.83933998420383
4.01088238790071
4.00712998489729
3.82824677321084
3.48205080756889
2.98367251290271
2.35489341217334
1.62319416929966
0.820553552277992
-0.0179491924310122
-0.855667471301
-1.65598897572728
-2.38393581559752
-3.00769322093274
-3.50000000000001
-3.83933998420381
-4.01088238790068
-4.00712998489727
-3.82824677321078
-3.48205080756891
-2.98367251290259
-2.35489341217356
-1.62319416929991
-0.820553552278034
0.0179491924309685
0.855667471301181
1.65598897572745
2.38393581559748
3.00769322093271
3.49999999999999
3.8393399842038
4.0108823879007
4.00712998489727
3.82824677321079
3.48205080756893
2.98367251290277
2.35489341217341
1.62319416929974
0.820553552278077
-0.0179491924311543
-0.855667471301363
-1.6559889757272
-2.38393581559745
-3.00769322093268
-3.49999999999997
-3.83933998420386
-4.0108823879007
-4.00712998489728
-3.82824677321081
-3.48205080756895
-2.98367251290264
-2.35489341217326
-1.62319416929978
-0.82055355227812
0.0179491924308817
0.855667471301096
1.65598897572737
0.659654850160989
1.34427095263699
1.84888787287164
2.09684158178119
2.03902448922074
1.6594906914691
0.977711284121047
0.047236655518708
-1.04912155957546
-2.20713086465495
-3.31124169587984
-4.24596878508314
-4.90743373618535
-5.21393129533587
-5.11447222487269
-4.59444902850766
-3.67784824670173
-2.42576761998473
-0.931355464515346
0.688361942034621
2.30299535755104
3.78065089794752
4.99999999999986
5.86140655421804
6.29604609125753
6.27214474612738
5.79774329477945
4.91972682741944
3.71922093034414
2.3038054922526
0.797303321893687
-0.671867123837017
-1.98264999963994
-3.03247043930335
-3.74644819617825
-4.08383124504743
-4.04104838417393
-3.65111212712847
-2.97946076065452
-2.11667635369531
-1.16881969895183
-0.246353926793383
0.547236655518853
1.1260001676343
1.43019652014118
1.43224439932858
1.13935055172767
0.592566263814567
-0.137628952899957
-0.958771381956705
-1.76613863808644
-2.45378303578719
-2.92576761998469
-3.10647719172516
-2.94896544276118
-2.44049073765741
-1.60466843886347
-0.499999999999828
0.78510421178204
2.14034524834162
3.44383435570649
4.57367808386487
5.41972682741962
5.89434265755399
5.94113287704869
5.54078941710206
4.71345221297377
3.51735000036028
2.04383190313228
0.409252646738034
-1.25552085462626
-2.81698317325937
-4.15111212712838
-5.15458248786448
-5.7540037384914
-5.91230579416036
-5.63167326360437
-4.95276334448125
-3.95030217480161
-2.72550432277456
-1.39606599109257
-0.0847146591868713
1.09256626381471
2.03749277430975
2.67855600283944
2.97734745712191
2.93153630102366
2.57423238001534
1.96982515071084
1.2067354001548
0.387819652763719
-0.380603227948748
-1.00000000000001
-1.39001751542769
-1.49698213645454
-1.29965173950218
-0.811641252945794
-0.0802731725804637
0.81804031511821
1.78543203413265
2.71247902668094
3.48938700205907
4.01735000036012
4.21895363034218
4.04658003153384
3.48796524058226
2.56833616355163
1.34888787287133
-0.0782801454284681
-1.59830289557546
-3.08399540373902
-4.40760805268979
-5.45276334448127
-6.12542390201139
-6.36283170757086
-6.13955208630088
-5.47003399599783
-4.40743373618526
-3.03880956812598
-1.47714484007653
0.149037066700764
1.70747109010886
3.07423238001526
4.14494687792054
4.84406278495076
5.13130574797225
5.00471610886193
4.50000000000007
3.68628482700818
2.65871870646123
1.52865865091896
0.412423957968588
-0.580273172580364
-1.35708141209173
-1.8518953506634
-2.03100706852756
-1.89593233475168
-1.4826499996399
-0.857348712093608
-0.109120811382265
0.659654850161139
1.3442709526368
1.84888787287155
2.09684158178108
2.03902448922073
1.65949069146917
0.977711284121126
0.0472366555188337
-1.04912155957574
-2.20713086465481
-3.31124169587992
-4.24596878508336
-4.9074337361854
-5.21393129533596
-5.1144722248727
-4.59444902850772
-3.67784824670181
-2.42576761998475
-0.931355464515483
0.688361942034982
2.3029953575509
3.78065089794734
5.00000000000014
5.86140655421796
6.29604609125752
6.27214474612741
5.79774329477953
4.9197268274194
3.71922093034428
2.30380549225256
0.797303321893298
-0.671867123837021
-1.98264999963999
-3.03247043930352
-3.74644819617825
-4.08383124504739
-4.04104838417388
-3.65111212712851
-2.97946076065471
-2.1166763536954
-1.16881969895201
-0.246353926793505
0.547236655518747
1.12600016763424
1.43019652014124
1.43224439932861
1.13935055172766
0.592566263814676
-0.137628952899975
-0.958771381956845
-1.76613863808645
-2.45378303578733
-2.92576761998467
-3.10647719172526
-2.94896544276124
-2.44049073765727
-1.6046684388636
-0.499999999999984
0.785104211781872
2.14034524834146
3.44383435570635
4.57367808386475
5.41972682741954
5.89434265755399
5.94113287704872
5.54078941710199
4.71345221297355
3.51735000036016
2.04383190313228
0.409252646737889
-1.25552085462626
-2.81698317325931
-4.15111212712836
-5.15458248786448
-5.75400373849134
-5.91230579416044
-5.63167326360443
-4.95276334448106
-3.95030217480174
-2.72550432277469
-1.39606599109274
-0.0847146591869601
1.09256626381471
2.03749277430975
2.67855600283938
2.97734745712196
2.93153630102354
2.57423238001535
1.96982515071063
1.20673540015479
0.387819652763798
-0.380603227948762
-0.999999999999962
-1.39001751542767
-1.49698213645455
-1.29965173950222
-0.811641252945866
-0.0802731725805574
0.818040315118106
1.78543203413291
2.71247902668086
3.48938700205919
4.01735000036009
4.21895363034228
4.04658003153378
3.48796524058232
2.56833616355152
1.34888787287151
-0.078280145428594
-1.59830289557527
-3.08399540373942
-4.40760805268964
-5.45276334448133
-6.12542390201134
-6.36283170757086
-6.13955208630094
-5.47003399599776
-4.40743373618542
-3.03880956812606
-1.47714484007674
0.149037066700687
1.70747109010918
3.07423238001524
4.14494687792049
4.84406278495082
5.13130574797217
5.00471610886206
4.49999999999996
3.68628482700835
2.65871870646113
1.52865865091911
0.412423957968528
-0.580273172580572
-1.35708141209173
-1.85189535066335
-2.03100706852749
-1.89593233475169
-1.48264999963995
-0.857348712093671
-0.109120811382336
0.659654850161287
1.34427095263675
1.84888787287166
2.09684158178114
2.03902448922079
1.65949069146917
0.977711284120824
0.0472366555189323
-1.04912155957581
-2.20713086465466
-3.31124169588002
-4.24596878508321
-4.9074337361855
-5.21393129533585
-5.11447222487264
-4.59444902850769
-3.67784824670197
-2.42576761998431
-0.93135546451569
0.688361942035121
2.3029953575507
3.78065089794746
5
5.86140655421802
6.29604609125749
6.2721447461273
5.79774329477961
4.91972682741933
3.71922093034397
2.30380549225245
0.797303321893492
-0.671867123837143
-1.98264999963983
-3.0324704393034
-3.74644819617817
-4.08383124504735
-4.04104838417379
-3.65111212712856
-2.97946076065458
-2.11667635369515
-1.16881969895189
-0.246353926793601
0.54723665551881
1.12600016763419
1.43019652014123
1.43224439932863
1.13935055172758
0.592566263814492
-0.137628952900102
-0.958771381956765
-1.76613863808646
-2.45378303578728
-2.92576761998451
-3.10647719172527
-2.94896544276117
-2.44049073765732
-1.60466843886362
-0.499999999999969
0.785104211782244
2.14034524834151
3.44383435570621
4.57367808386518
5.41972682741943
5.89434265755405
5.94113287704867
5.54078941710202
4.71345221297357
3.51735000036017
2.04383190313235
0.409252646737745
-1.25552085462619
-2.81698317325912
-4.15111212712874
-5.15458248786437
-5.75400373849139
-5.91230579416043
-5.63167326360441
-4.95276334448116
-3.95030217480167
-2.72550432277485
-1.39606599109221
-0.08471465918712
1.09256626381471
2.03749277430991
2.67855600283932
2.97734745712192
2.93153630102343
2.57423238001539
1.96982515071069
1.20673540015486
0.387819652763877
-0.380603227948965
-0.999999999999913
-1.39001751542767
-1.49698213645455
-1.29965173950219
-0.811641252945938
-0.0802731725805157
0.818040315118002
1.78543203413295
2.71247902668077
3.4893870020592
4.01735000036022
4.21895363034224
4.04658003153384
3.48796524058209
2.56833616355167
1.34888787287156
-0.0782801454284008
-1.59830289557517
-3.08399540373946
-4.40760805268954
-5.45276334448122
-6.12542390201145
-6.36283170757086
-6.13955208630095
-5.47003399599756
-4.40743373618549
-3.03880956812584
-1.47714484007683
0.149037066700907
1.70747109010899
3.07423238001535
4.14494687792037
4.8440627849509
5.13130574797214
5.00471610886208
4.49999999999978
3.68628482700845
2.65871870646126
1.52865865091925
0.412423957968656
-0.580273172580497
-1.35708141209165
-1.85189535066338
-2.03100706852746
-1.89593233475183
-1.48264999963965
-0.8573487120936
-0.109120811381965
0.659654850161078
1.34427095263707
1.84888787287151
2.09684158178114
2.03902448922073
1.65949069146925
0.977711284120875
0.047236655519058
-1.04912155957568
-2.20713086465494
-3.31124169587985
-4.24596878508312
-4.90743373618536
-5.21393129533585
-5.1144722248726
-4.59444902850779
-3.67784824670174
-2.42576761998449
-0.931355464515346
0.688361942034909
2.30299535755105
3.78065089794728
4.99999999999986
5.86140655421793
6.29604609125746
6.27214474612733
5.79774329477969
4.91972682741946
3.71922093034414
2.30380549225263
0.797303321893685
-0.671867123837452
-1.98264999963967
-3.03247043930358
-3.74644819617809
-4.08383124504735
-4.0410483841738
-3.65111212712839
-2.97946076065466
-2.11667635369534
-1.16881969895199
-0.246353926793749
0.547236655518988
1.12600016763413
1.43019652014121
1.43224439932868
1.13935055172762
0.592566263814648
-0.137628952900024
-0.95877138195656
-1.76613863808682
-2.45378303578709
-2.92576761998478
-3.10647719172518
-2.94896544276126
-2.4404907376573
-1.60466843886352
-0.50000000000004
0.785104211782076
2.14034524834139
3.44383435570606
4.57367808386506
5.41972682741936
5.89434265755397
5.94113287704865
5.54078941710201
4.71345221297371
3.51735000036022
2.04383190313256
0.409252646737521
-1.25552085462598
-2.8169831732593
-4.15111212712858
-5.15458248786442
-5.75400373849133
-5.9123057941604
-5.63167326360446
-4.95276334448125
-3.95030217480181
-2.72550432277501
-1.39606599109233
-0.0847146591872794
1.09256626381466
2.0374927743098
2.67855600283937
2.97734745712189
2.93153630102348
2.57423238001543
1.96982515071048
1.20673540015494
0.387819652763645
-0.380603227948895
-1.00000000000006
-1.39001751542765
-1.49698213645452
-1.29965173950224
-0.811641252946021
-0.0802731725803034
0.818040315117838
1.78543203413284
2.71247902668058
3.48938700205914
4.01735000036007
4.21895363034226
4.04658003153376
3.48796524058209
2.56833616355168
1.3488878728714
-0.0782801454287321
-1.59830289557542
-3.08399540373928
-4.40760805268977
-5.45276334448112
-6.1254239020114
-6.36283170757086
-6.13955208630101
-5.47003399599768
-4.40743373618565
-3.03880956812603
-1.47714484007647
0.149037066700696
1.70747109010893
3.07423238001519
4.14494687792038
4.84406278495085
5.13130574797223
5.00471610886187
4.49999999999993
3.68628482700814
2.65871870646142
1.52865865091896
0.412423957968775
-0.580273172580385
-1.35708141209185
-1.85189535066332
-2.03100706852755
-1.89593233475184
-1.48264999963983
-0.857348712093663
-0.109120811382179
0.65965485016101
1.34427095263712
1.84888787287148
2.0968415817812
2.03902448922071
1.65949069146914
0.97771128412098
0.0472366555188155
-1.04912155957554
-2.20713086465481
-3.31124169587974
-4.24596878508303
-4.90743373618551
-5.21393129533585
-5.11447222487265
-4.59444902850765
-3.67784824670189
-2.42576761998468
-0.931355464515553
0.688361942034696
2.30299535755139
3.7806508979471
5.0000000000001
5.86140655421807
6.2960460912575
6.27214474612736
5.79774329477928
4.91972682741959
3.71922093034383
2.30380549225282
0.797303321893347
-0.671867123837268
-1.98264999963992
-3.03247043930345
-3.74644819617832
-4.08383124504731
-4.04104838417394
-3.65111212712822
-2.97946076065485
-2.116676353695
-1.16881969895217
-0.24635392679347
0.547236655518882
1.12600016763425
1.43019652014121
1.43224439932853
1.13935055172774
0.592566263814371
-0.137628952900248
-0.958771381956922
-1.76613863808675
-2.45378303578741
-2.92576761998476
-3.1064771917252
-2.94896544276131
-2.44049073765739
-1.60466843886331
-0.500000000000195
0.78510421178232
2.14034524834171
3.44383435570635
4.57367808386494
5.41972682741957
5.89434265755394
5.94113287704872
5.5407894171021
4.71345221297361
3.51735000035992
2.04383190313235
0.409252646737597
-1.25552085462634
-2.81698317325925
-4.15111212712842
-5.15458248786443
-5.75400373849127
-5.91230579416036
-5.63167326360451
-4.95276334448104
-3.95030217480153
-2.7255043227747
-1.3960659910925
-0.0847146591865457
1.09256626381452
2.03749277430996
2.6785560028393
2.97734745712188
2.93153630102349
2.57423238001527
1.96982515071055
1.20673540015484
0.387819652763724
-0.380603227948722
-1.00000000000021
-1.39001751542756
-1.49698213645456
-1.29965173950227
-0.811641252945857
-0.0802731725803967
0.818040315118146
1.78543203413274
2.71247902668125
3.48938700205908
4.01735000036033
4.2189536303423
4.04658003153386
3.4879652405822
2.56833616355159
1.34888787287157
-0.0782801454286512
-1.59830289557522
-3.08399540373917
-4.40760805269004
-5.45276334448104
-6.12542390201151
-6.36283170757085
-6.13955208630096
-5.47003399599772
-4.40743373618546
-3.03880956812611
-1.47714484007624
0.149037066700621
1.70747109010911
3.07423238001559
4.14494687792042
4.8440627849509
5.13130574797222
5.004716108862
4.5
3.6862848270083
2.65871870646155
1.52865865091868
0.412423957968903
-0.580273172580593
-1.35708141209176
-1.85189535066338
-2.03100706852753
-1.8959323347515
-1.48264999963987
-0.857348712093314
-0.109120811382251
0.659654850161373
1.34427095263707
1.84888787287174
2.09684158178121
2.03902448922075
1.65949069146921
0.977711284121085
0.0472366555185726
-1.0491215595754
-2.2071308646551
-3.31124169587962
-4.24596878508325
-4.90743373618546
-5.21393129533591
-5.11447222487271
-4.59444902850752
-3.67784824670204
-2.42576761998438
-0.931355464515208
0.688361942035057
2.30299535755119
3.7806508979474
4.99999999999996
5.86140655421805
6.29604609125747
6.2721447461274
5.79774329477937
4.91972682741968
3.719220930344
2.3038054922524
0.79730332189354
-0.671867123837201
-1.98264999963976
-3.03247043930346
-3.74644819617826
-4.08383124504741
-4.04104838417371
-3.65111212712827
-2.97946076065451
-2.11667635369509
-1.16881969895192
-0.246353926793565
0.547236655518803
1.12600016763419
1.43019652014119
1.43224439932854
1.13935055172778
0.592566263814435
-0.13762895290006
-0.958771381956841
-1.76613863808654
-2.4537830357876
-2.92576761998459
-3.10647719172538
-2.94896544276124
-2.44049073765738
-1.60466843886334
-0.50000000000001
0.785104211782216
2.14034524834154
3.44383435570621
4.57367808386482
5.4197268274197
5.89434265755392
5.94113287704867
5.54078941710218
4.71345221297364
3.5173500003601
2.04383190313242
0.409252646737815
-1.25552085462669
-2.81698317325905
-4.15111212712867
-5.15458248786459
-5.75400373849134
-5.91230579416036
-5.63167326360438
-4.95276334448114
-3.95030217480167
-2.72550432277485
-1.39606599109261
-0.0847146591867061
1.09256626381447
2.03749277430985
2.67855600283938
2.97734745712185
2.93153630102349
2.57423238001531
1.96982515071061
1.20673540015447
0.387819652763804
-0.380603227949029
-1.00000000000016
-1.39001751542771
-1.49698213645457
-1.29965173950218
-0.811641252945928
-0.0802731725805259
0.818040315118394
1.78543203413256
2.71247902668116
3.4893870020589
4.0173500003603
4.21895363034218
4.04658003153392
3.48796524058217
2.56833616355137
1.34888787287162
-0.0782801454288706
-1.59830289557566
-3.08399540373942
-4.40760805268995
-5.45276334448121
-6.12542390201145
-6.36283170757085
-6.13955208630098
-5.47003399599783
-4.4074337361851
-3.0388095681263
-1.47714484007632
0.149037066700975
1.70747109010905
3.07423238001542
4.14494687792043
4.84406278495083
5.13130574797208
5.00471610886202
4.49999999999972
3.68628482700806
2.65871870646123
1.52865865091882
0.412423957968645
-0.580273172580482
-1.35708141209168
-1.85189535066333
-2.03100706852752
-1.89593233475164
-1.48264999963992
-0.857348712093516
-0.109120811382021
0.659654850161163
1.34427095263702
1.84888787287174
2.09684158178121
2.03902448922072
1.65949069146929
0.9777112841209
0.0472366555186987
-1.04912155957568
-2.20713086465496
-3.31124169587984
-4.24596878508317
-4.90743373618532
-5.21393129533597
-5.11447222487264
-4.59444902850762
-3.67784824670205
-2.42576761998457
-0.931355464515277
0.688361942034844
2.30299535755111
3.78065089794771
4.99999999999991
5.86140655421813
6.29604609125751
6.27214474612732
5.79774329477945
4.91972682741947
3.71922093034417
2.30380549225259
0.797303321893734
-0.671867123837018
-1.98264999964001
-3.03247043930334
-3.74644819617818
-4.08383124504741
-4.04104838417372
-3.65111212712844
-2.97946076065459
-2.11667635369528
-1.16881969895159
-0.246353926793713
0.547236655519008
1.1260001676343
1.4301965201412
1.4322443993286
1.13935055172765
0.592566263814591
-0.137628952899982
-0.958771381956635
-1.76613863808647
-2.45378303578741
-2.92576761998457
-3.10647719172526
-2.9489654427612
-2.44049073765736
-1.60466843886347
-0.499999999999654
0.785104211782048
2.14034524834186
3.44383435570606
4.57367808386507
5.41972682741963
5.894342657554
5.9411328770487
5.54078941710206
4.71345221297377
3.51735000036028
2.04383190313208
0.409252646738034
-1.25552085462648
-2.81698317325886
-4.15111212712852
-5.15458248786448
-5.75400373849128
-5.91230579416035
-5.63167326360424
-4.95276334448123
-3.95030217480139
-2.72550432277455
-1.39606599109235
-0.0847146591868659
1.09256626381462
2.03749277430974
2.67855600283943
2.97734745712181
2.93153630102364
2.57423238001515
1.96982515071081
1.20673540015455
0.387819652763691
-0.38060322794896
-1.00000000000003
-1.39001751542769
-1.49698213645454
-1.29965173950212
-0.811641252946011
-0.0802731725802781
0.81804031511823
1.7854320341329
2.71247902668097
3.48938700205909
4.01735000036014
4.2189536303422
4.04658003153384
3.48796524058227
2.56833616355138
1.3488878728718
-0.0782801454287896
-1.59830289557547
-3.08399540373932
-4.4076080526898
-5.45276334448142
-6.1254239020114
-6.36283170757088
-6.13955208630104
-5.47003399599771
-4.40743373618526
-3.03880956812608
-1.47714484007653
0.149037066700764
1.70747109010886
3.07423238001526
4.14494687792061
4.84406278495075
5.13130574797218
5.00471610886204
4.49999999999987
3.68628482700816
2.65871870646139
1.52865865091895
0.412423957968388
-0.58027317258037
-1.35708141209182
-1.85189535066339
-2.03100706852749
-1.89593233475165
-1.48264999963975
-0.85734871209358
-0.109120811382235
0.659654850161095
1.34427095263683
1.84888787287171
2.0968415817811
2.03902448922076
1.6594906914691
0.977711284121005
0.0472366555187973
-1.04912155957555
-2.20713086465481
-3.31124169588015
-4.24596878508301
-4.90743373618556
-5.21393129533597
-5.11447222487272
-4.59444902850773
-3.67784824670182
-2.42576761998475
-0.931355464515484
0.688361942034631
2.3029953575509
3.78065089794753
4.99999999999977
5.86140655421804
6.29604609125752
6.27214474612735
5.79774329477952
4.91972682741923
3.71922093034427
2.30380549225233
0.797303321893825
-0.67186712383721
-1.98264999963998
-3.03247043930338
-3.74644819617824
-4.08383124504737
-4.04104838417386
-3.65111212712849
-2.97946076065448
-2.11667635369538
-1.16881969895177
-0.24635392679381
0.547236655518902
1.12600016763425
1.4301965201412
1.43224439932861
1.13935055172753
0.592566263814656
-0.137628952900206
-0.958771381956874
-1.76613863808669
-2.45378303578736
-2.9257676199847
-3.10647719172528
-2.94896544276125
-2.44049073765746
-1.6046684388636
-0.49999999999981
0.78510421178188
2.14034524834169
3.44383435570636
4.57367808386495
5.41972682741955
5.89434265755398
5.94113287704873
5.54078941710194
4.71345221297391
3.51735000035999
2.04383190313228
0.409252646737668
-1.25552085462627
-2.81698317325931
-4.15111212712836
-5.15458248786448
-5.75400373849122
-5.91230579416042
-5.63167326360429
-4.95276334448136
-3.95030217480152
-2.72550432277468
-1.39606599109251
-0.0847146591869543
1.09256626381485
2.03749277430974
2.67855600283939
2.97734745712194
2.9315363010234
2.57423238001533
1.96982515071046
1.20673540015476
0.387819652763771
-0.380603227948786
-0.999999999999981
-1.3900175154277
-1.49698213645456
-1.29965173950215
-0.811641252945857
-0.0802731725804069
0.818040315118126
1.78543203413271
2.71247902668088
3.48938700205941
4.01735000036012
4.21895363034238
4.04658003153379
3.48796524058227
2.56833616355153
1.34888787287151
-0.0782801454285966
-1.59830289557527
-3.08399540373914
-4.40760805268965
-5.45276334448134
-6.12542390201134
-6.36283170757086
-6.13955208630094
-5.47003399599776
-4.40743373618542
-3.03880956812564
-1.47714484007674
0.149037066701118
1.70747109010866
3.07423238001552
4.14494687792048
4.84406278495083
5.13130574797215
5.00471610886204
4.49999999999994
3.68628482700832
2.65871870646111
1.5286586509191
0.412423957968516
-0.580273172580294
-1.35708141209173
-1.85189535066342
-2.03100706852747
-1.89593233475179
-1.48264999963958
-0.857348712093781
-0.109120811381863
0.659654850161316
1.34427095263715
1.84888787287168
2.09684158178127
2.0390244892208
1.65949069146918
0.977711284121109
0.047236655518923
-1.04912155957582
-2.20713086465467
-3.31124169588004
-4.24596878508323
-4.90743373618552
-5.21393129533587
-5.11447222487278
-4.5944490285077
-3.67784824670173
-2.42576761998479
-0.931355464515278
0.688361942035124
2.30299535755113
3.78065089794746
5
5.86140655421802
6.29604609125749
6.27214474612739
5.7977432947796
4.91972682741932
3.71922093034444
2.30380549225244
0.797303321893487
-0.671867123837143
-1.98264999963982
-3.03247043930369
-3.74644819617815
-4.08383124504736
-4.04104838417387
-3.65111212712832
-2.97946076065456
-2.11667635369513
-1.16881969895187
-0.246353926793583
0.547236655518823
1.12600016763419
1.43019652014123
1.43224439932862
1.13935055172757
0.59256626381472
-0.137628952900128
-0.958771381956793
-1.76613863808662
-2.45378303578731
-2.92576761998482
-3.10647719172529
-2.94896544276121
-2.44049073765733
-1.60466843886339
-0.499999999999966
0.785104211782187
2.14034524834153
3.44383435570623
4.57367808386483
5.41972682741944
5.89434265755406
5.94113287704868
5.54078941710203
4.71345221297358
3.51735000036017
2.04383190313235
0.409252646737886
-1.25552085462619
-2.8169831732595
-4.15111212712832
-5.15458248786453
-5.75400373849138
-5.91230579416031
-5.6316732636044
-4.95276334448114
-3.95030217480166
-2.72550432277484
-1.39606599109263
-0.0847146591871137
1.09256626381471
2.03749277430963
2.67855600283931
2.9773474571219
2.93153630102341
2.57423238001536
1.96982515071025
1.20673540015483
0.387819652763419
-0.380603227948717
-1.00000000000022
-1.39001751542768
-1.4969821364546
-1.29965173950219
-0.811641252945929
-0.0802731725805006
0.818040315118022
1.78543203413297
2.71247902668079
3.48938700205923
4.01735000036009
4.21895363034226
4.04658003153386
3.48796524058224
2.56833616355167
1.34888787287122
-0.0782801454284034
-1.59830289557562
-3.08399540373896
-4.40760805268992
-5.45276334448123
-6.12542390201146
-6.36283170757087
-6.139552086301
-5.47003399599787
-4.40743373618548
-3.03880956812583
-1.47714484007626
0.149037066700343
1.70747109010861
3.07423238001535
4.1449468779205
4.84406278495092
5.13130574797214
5.00471610886196
4.5000000000001
3.68628482700801
2.65871870646124
1.52865865091881
0.41242395796902
-0.580273172580467
-1.35708141209165
-1.85189535066337
-2.03100706852745
-1.89593233475169
-1.48264999963984
-0.857348712093845
-0.109120811381935
0.659654850161107
1.34427095263734
1.84888787287137
2.09684158178127
2.03902448922074
1.65949069146914
0.977711284120873
0.0472366555186805
-1.04912155957528
-2.20713086465498
-3.31124169587987
-4.24596878508314
-4.90743373618557
-5.21393129533598
-5.11447222487271
-4.5944490285078
-3.67784824670174
-2.4257676199845
-0.931355464514795
0.688361942034336
2.30299535755105
3.78065089794728
5.00000000000024
5.86140655421816
6.29604609125746
6.27214474612742
5.79774329477944
4.91972682741945
3.71922093034413
2.3038054922521
0.79730332189368
-0.67186712383696
-1.98264999963966
-3.03247043930357
-3.74644819617824
-4.0838312450473
-4.04104838417388
-3.65111212712837
-2.97946076065463
-2.11667635369488
-1.16881969895162
-0.246353926793679
0.547236655518744
1.1260001676343
1.43019652014121
1.43224439932861
1.13935055172777
0.592566263814535
-0.137628952900049
-0.958771381956588
-1.76613863808685
-2.45378303578735
-2.92576761998466
-3.10647719172517
-2.94896544276127
-2.4404907376573
-1.60466843886318
-0.500000000000463
0.78510421178202
2.1403452483414
3.44383435570651
4.57367808386507
5.41972682741962
5.89434265755387
5.94113287704874
5.54078941710201
4.71345221297372
3.51735000035988
2.0438319031327
0.409252646737962
-1.25552085462598
-2.8169831732593
-4.15111212712858
-5.1545824878647
-5.7540037384912
-5.91230579416031
-5.63167326360445
-4.9527633444809
-3.95030217480138
-2.72550432277502
-1.3960659910928
-0.0847146591868975
1.09256626381466
2.03749277430979
2.67855600283951
2.97734745712174
2.93153630102355
2.5742323800154
1.96982515071046
1.2067354001546
0.387819652763929
-0.380603227948648
-1.00000000000008
-1.39001751542766
-1.49698213645456
-1.29965173950211
-0.811641252946001
-0.0802731725805934
0.81804031511827
1.78543203413287
2.71247902668093
3.48938700205891
4.01735000036022
4.21895363034228
4.04658003153378
3.4879652405821
2.56833616355131
1.34888787287186
-0.0782801454283226
-1.59830289557542
-3.08399540373936
-4.4076080526902
-5.45276334448084
-6.1254239020114
-6.36283170757084
-6.1395520863009
-5.47003399599768
-4.40743373618521
-3.03880956812655
-1.47714484007659
0.149037066700697
1.70747109010893
3.07423238001561
4.14494687792023
4.84406278495068
5.13130574797222
5.00471610886185
4.49999999999991
3.68628482700777
2.65871870646181
1.52865865091893
0.412423957968763
-0.580273172580676
-1.35708141209184
-1.85189535066323
-2.03100706852754
-1.89593233475159
-1.4826499996398
-0.857348712093634
-0.109120811381848
0.659654850161181
1.34427095263691
1.8488878728715
2.09684158178122
2.03902448922072
1.65949069146933
0.977711284121266
0.0472366555188062
-1.04912155957555
-2.20713086465525
-3.31124169588014
-4.24596878508305
-4.90743373618534
-5.21393129533593
-5.11447222487267
-4.59444902850766
-3.67784824670227
-2.42576761998468
-0.931355464515553
0.688361942034698
2.3029953575514
3.78065089794758
4.99999999999973
5.86140655421784
6.2960460912575
6.27214474612736
5.79774329477928
4.91972682741996
3.7192209303443
2.30380549225282
0.797303321893343
-0.671867123837269
-1.98264999964005
-3.03247043930314
-3.74644819617816
-4.08383124504729
-4.04104838417392
-3.6511121271282
-2.97946076065471
-2.11667635369532
-1.16881969895215
-0.246353926793451
0.547236655518894
1.12600016763441
1.43019652014116
1.43224439932858
1.13935055172772
0.59256626381435
-0.137628952900164
-0.958771381956826
-1.76613863808634
-2.45378303578744
-2.92576761998464
-3.10647719172522
-2.94896544276123
-2.44049073765752
-1.60466843886355
-0.500000000000193
0.785104211782328
2.14034524834172
3.4438343557068
4.57367808386459
5.41972682741958
5.89434265755396
5.94113287704872
5.54078941710189
4.71345221297397
3.5173500003604
2.04383190313235
0.409252646737596
-1.25552085462634
-2.81698317325976
-4.15111212712829
-5.15458248786442
-5.75400373849126
-5.91230579416027
-5.63167326360437
-4.95276334448134
-3.95030217480192
-2.72550432277471
-1.39606599109244
-0.0847146591865404
1.0925662638149
2.03749277430957
2.67855600283941
2.97734745712186
2.93153630102346
2.57423238001524
1.96982515071093
1.20673540015468
0.387819652763697
-0.38060322794885
-1.00000000000015
-1.39001751542768
-1.49698213645458
-1.29965173950228
-0.811641252945857
-0.0802731725804167
0.818040315118518
1.7854320341324
2.71247902668084
3.48938700205899
4.01735000036035
4.21895363034232
4.04658003153387
3.48796524058232
2.5683361635516
1.34888787287157
-0.0782801454285416
-1.59830289557586
-3.08399540373911
-4.40760805268962
-5.45276334448102
-6.12542390201151
-6.36283170757085
-6.13955208630081
-5.4700339959981
-4.40743373618537
-3.03880956812611
-1.47714484007623
0.149037066701052
1.70747109010873
3.07423238001516
4.14494687792041
4.84406278495076
5.13130574797232
5.00471610886185
4.49999999999989
3.68628482700822
2.65871870646157
1.52865865091867
0.412423957968505
-0.580273172580244
-1.35708141209159
-1.85189535066338
-2.03100706852752
-1.89593233475148
-1.48264999963951
-0.857348712093698
-0.109120811382221
0.659654850161401
1.34427095263723
1.84888787287151
2.09684158178117
2.03902448922085
1.65949069146929
0.97771128412103
0.0472366555185637
-1.04912155957583
-2.20713086465472
-3.31124169587959
-4.24596878508327
-4.90743373618548
-5.21393129533609
-5.11447222487269
-4.59444902850777
-3.67784824670204
-2.42576761998453
-0.931355464515069
0.68836194203519
2.30299535755064
3.7806508979473
5.00000000000005
5.86140655421805
6.29604609125754
6.27214474612737
5.7977432947796
4.91972682741967
3.71922093034399
2.30380549225248
0.797303321892903
-0.671867123836709
-1.98264999963976
-3.03247043930332
-3.74644819617839
-4.08383124504743
-4.04104838417379
-3.65111212712846
-2.9794607606546
-2.11667635369516
-1.1688196989519
-0.246353926793224
0.547236655518815
1.1260001676342
1.43019652014119
0.598076211353319
2.99999999999962
4.59807621135294
4.96410161513793
4.00000000000048
1.96410161513788
-0.598076211352701
-3.00000000000003
-4.59807621135269
-4.96410161513787
-4.00000000000017
-1.96410161513845
0.598076211353212
2.99999999999862
4.5980762113529
4.9641016151378
4.00000000000054
1.96410161513798
-0.598076211353722
-2.99999999999903
-4.5980762113531
-4.96410161513788
-4.00000000000023
-1.96410161513751
0.598076211351976
2.99999999999944
4.59807621135285
4.96410161513782
3.99999999999992
1.96410161513808
-0.598076211352487
-2.99999999999895
-4.59807621135305
-4.96410161513776
-4.0000000000003
-1.96410161513865
0.598076211351869
2.99999999999936
4.59807621135326
4.96410161513783
3.99999999999999
1.96410161513922
-0.59807621135238
-2.99999999999977
-4.59807621135301
-4.96410161513777
-4.00000000000104
-1.96410161513875
0.59807621135289
2.99999999999927
4.59807621135321
4.96410161513771
4.00000000000073
1.96410161513828
-0.598076211352272
-2.99999999999968
-4.59807621135342
-4.96410161513792
-4.00000000000042
-1.96410161513885
0.598076211352783
3.00000000000009
4.59807621135317
4.96410161513786
4.0000000000008
1.96410161513838
-0.598076211353294
-2.9999999999996
-4.59807621135293
-4.96410161513793
-4.00000000000049
-1.9641016151379
0.598076211352676
3.00000000000001
4.59807621135268
4.96410161513787
4.00000000000018
1.96410161513848
-0.598076211353187
-2.9999999999986
-4.59807621135289
-4.96410161513781
-4.00000000000055
-1.964101615138
0.598076211353698
2.99999999999901
4.59807621135309
4.96410161513788
4.00000000000025
1.96410161513753
-0.598076211351951
-2.99999999999942
-4.59807621135284
-4.96410161513782
-3.99999999999994
-1.9641016151381
0.598076211352462
2.99999999999893
4.59807621135305
4.96410161513776
4.00000000000031
1.96410161513867
-0.598076211351844
-2.99999999999934
-4.59807621135325
-4.96410161513783
-4
-1.96410161513925
0.598076211352355
2.99999999999975
4.598076211353
4.96410161513777
4.00000000000106
1.96410161513877
-0.598076211352866
-2.99999999999925
-4.5980762113532
-4.96410161513771
-4.00000000000075
-1.9641016151383
0.598076211352248
2.99999999999966
4.59807621135341
4.96410161513792
4.00000000000044
1.96410161513887
-0.598076211352759
-3.00000000000007
-4.59807621135316
-4.96410161513786
-4.00000000000081
-1.9641016151384
0.59807621135327
2.99999999999958
4.59807621135292
4.96410161513793
4.0000000000005
1.96410161513793
-0.598076211352652
-2.99999999999999
-4.59807621135267
-4.96410161513787
-4.0000000000002
-1.9641016151385
0.598076211353163
2.99999999999858
4.59807621135288
4.96410161513781
4.00000000000057
1.96410161513802
-0.598076211353674
-2.99999999999899
-4.59807621135308
-4.96410161513788
-4.00000000000026
-1.96410161513755
0.598076211351927
2.9999999999994
4.59807621135283
4.96410161513782
3.99999999999995
1.96410161513812
-0.598076211352438
-2.99999999999891
-4.59807621135304
-4.96410161513776
-4.00000000000033
-1.9641016151387
0.59807621135182
2.99999999999932
4.59807621135324
4.96410161513784
4.00000000000002
1.96410161513927
-0.598076211352331
-2.99999999999973
-4.59807621135299
-4.96410161513777
-4.00000000000107
-1.9641016151388
0.598076211352842
2.99999999999923
4.5980762113532
4.96410161513771
4.00000000000076
1.96410161513832
-0.598076211352224
-2.99999999999964
-4.5980762113534
-4.96410161513792
-4.00000000000045
-1.96410161513889
0.598076211352735
3.00000000000006
4.59807621135315
4.96410161513786
4.00000000000083
1.96410161513842
-0.598076211353245
-2.99999999999956
-4.59807621135291
-4.96410161513794
-4.00000000000052
-1.96410161513795
0.598076211352628
2.99999999999997
4.59807621135266
4.96410161513787
4.00000000000021
1.96410161513852
-0.598076211353138
-2.99999999999856
-4.59807621135287
-4.96410161513781
-4.00000000000058
-1.96410161513805
0.59807621135365
2.99999999999897
4.59807621135307
4.96410161513789
4.00000000000027
1.96410161513757
-0.598076211351902
-2.99999999999938
-4.59807621135282
-4.96410161513783
-3.99999999999997
-1.96410161513815
0.598076211352414
2.99999999999889
4.59807621135303
4.96410161513777
4.00000000000034
1.96410161513872
-0.598076211351795
-2.9999999999993
-4.59807621135323
-4.96410161513784
-4.00000000000003
-1.96410161513929
0.598076211352307
2.99999999999971
4.59807621135298
4.96410161513778
4.00000000000109
1.96410161513882
-0.598076211352817
-2.99999999999921
-4.59807621135319
-4.96410161513772
-4.00000000000078
-1.96410161513835
0.5980762113522
2.99999999999962
4.59807621135339
4.96410161513793
4.00000000000047
1.96410161513892
-0.59807621135271
-3.00000000000004
-4.59807621135314
-4.96410161513787
-4.00000000000084
-1.96410161513844
0.598076211353221
2.99999999999954
4.5980762113529
4.96410161513794
4.00000000000053
1.96410161513797
-0.598076211352603
-2.99999999999995
-4.59807621135265
-4.96410161513788
-4.00000000000022
-1.96410161513854
0.598076211353114
2.99999999999854
4.59807621135286
4.96410161513782
4.0000000000006
1.96410161513807
-0.598076211353625
-2.99999999999895
-4.59807621135306
-4.96410161513789
-4.00000000000029
-1.9641016151376
0.598076211351878
2.99999999999936
4.59807621135281
4.96410161513783
3.99999999999998
1.96410161513817
-0.59807621135239
-2.99999999999887
-4.59807621135302
-4.96410161513777
-4.00000000000035
-1.96410161513874
0.598076211351771
2.99999999999928
4.59807621135322
4.96410161513784
4.00000000000005
1.96410161513931
-0.598076211352283
-2.99999999999969
-4.59807621135297
-4.96410161513778
-4.0000000000011
-1.96410161513884
0.598076211352793
2.99999999999919
4.59807621135318
4.96410161513772
4.00000000000079
1.96410161513837
-0.598076211352175
-2.9999999999996
-4.59807621135338
-4.96410161513793
-4.00000000000048
-1.96410161513894
0.598076211352686
3.00000000000002
4.59807621135313
4.96410161513787
4.00000000000086
1.96410161513847
-0.598076211353197
-2.99999999999952
-4.59807621135289
-4.96410161513794
-4.00000000000055
-1.96410161513799
0.598076211352579
2.99999999999993
4.59807621135265
4.96410161513788
4.00000000000024
1.96410161513857
-0.59807621135309
-2.99999999999852
-4.59807621135285
-4.96410161513782
-4.00000000000061
-1.96410161513809
0.598076211353601
2.99999999999893
4.59807621135305
4.96410161513789
4.0000000000003
1.96410161513762
-0.598076211351854
-2.99999999999935
-4.5980762113528
-4.96410161513783
-4
-1.96410161513819
0.598076211352365
2.99999999999885
4.59807621135301
4.96410161513777
4.00000000000037
1.96410161513772
-0.598076211351747
-2.99999999999926
-4.59807621135321
-4.96410161513784
-4.00000000000006
-1.96410161513934
0.598076211352258
2.99999999999967
4.59807621135296
4.96410161513778
3.99999999999975
1.96410161513886
-0.598076211352769
-2.99999999999917
-4.59807621135317
-4.96410161513772
-4.00000000000081
-1.96410161513839
0.598076211352151
2.99999999999958
4.59807621135337
4.9641016151378
4.0000000000005
1.96410161513896
-0.598076211352662
-3
-4.59807621135313
-4.96410161513787
-4.00000000000087
-1.96410161513849
0.598076211353173
2.9999999999995
4.59807621135333
4.96410161513795
4.00000000000056
1.96410161513802
-0.598076211352555
-2.99999999999991
-4.59807621135264
-4.96410161513788
-4.00000000000025
-1.96410161513859
0.598076211353065
3.00000000000032
4.59807621135284
4.96410161513782
4.00000000000063
1.96410161513811
-0.598076211353576
-2.99999999999891
-4.59807621135304
-4.9641016151379
-4.00000000000032
-1.96410161513764
0.598076211352958
2.99999999999933
4.5980762113528
4.96410161513784
4.00000000000001
1.96410161513821
-0.59807621135234
-2.99999999999883
-4.598076211353
-4.96410161513777
-4.00000000000038
-1.96410161513774
0.598076211351723
2.99999999999924
4.5980762113532
4.96410161513785
4.00000000000007
1.96410161513936
-0.598076211352234
-2.99999999999965
-4.59807621135296
-4.96410161513779
-3.99999999999977
-1.96410161513889
0.598076211352744
2.99999999999915
4.59807621135316
4.96410161513773
4.00000000000082
1.96410161513841
-0.598076211352126
-2.99999999999956
-4.59807621135336
-4.9641016151378
-4.00000000000051
-1.96410161513898
0.598076211352637
2.99999999999998
4.59807621135312
4.96410161513787
4.00000000000089
1.96410161513851
-0.598076211353148
-2.99999999999948
-4.59807621135332
-4.96410161513795
-4.00000000000058
-1.96410161513804
0.598076211352531
2.99999999999989
4.59807621135263
4.96410161513789
4.00000000000027
1.96410161513861
-0.598076211353041
-3.0000000000003
-4.59807621135283
-4.96410161513782
-4.00000000000064
-1.96410161513814
0.598076211353552
2.99999999999889
4.59807621135303
4.9641016151379
4.00000000000033
1.96410161513766
-0.598076211352934
-2.99999999999931
-4.59807621135279
-4.96410161513784
-4.00000000000002
-1.96410161513824
0.598076211352316
2.99999999999881
4.59807621135299
4.96410161513778
4.0000000000004
1.96410161513776
-0.598076211351698
-2.99999999999922
-4.59807621135319
-4.96410161513785
-4.00000000000009
-1.96410161513938
0.598076211352209
2.99999999999963
4.59807621135295
4.96410161513779
3.99999999999978
1.96410161513891
-0.59807621135272
-2.99999999999913
-4.59807621135315
-4.96410161513773
-4.00000000000084
-1.96410161513843
0.598076211352102
2.99999999999955
4.59807621135335
4.9641016151378
4.00000000000053
1.96410161513901
-0.598076211352613
-2.99999999999996
-4.5980762113531
-4.96410161513788
-4.0000000000009
-1.96410161513853
0.598076211353124
2.99999999999946
4.59807621135331
4.96410161513795
4.00000000000059
1.96410161513806
-0.598076211352506
-2.99999999999987
-4.59807621135262
-4.96410161513789
-4.00000000000028
-1.96410161513863
0.598076211353017
3.00000000000028
4.59807621135282
4.96410161513783
4.00000000000066
1.96410161513816
-0.598076211353528
-2.99999999999888
-4.59807621135302
-4.9641016151379
-4.00000000000035
-1.96410161513769
0.59807621135291
2.99999999999929
4.59807621135278
4.96410161513784
4.00000000000004
1.96410161513826
-0.598076211352292
-2.99999999999879
-4.59807621135298
-4.96410161513778
-4.00000000000041
-1.96410161513779
0.598076211351674
2.9999999999992
4.59807621135318
4.96410161513785
4.0000000000001
1.9641016151394
-0.598076211352185
-2.99999999999961
-4.59807621135294
-4.96410161513779
-3.9999999999998
-1.96410161513893
0.598076211352696
2.99999999999911
4.59807621135314
4.96410161513773
4.00000000000085
1.96410161513846
-0.598076211352078
-2.99999999999953
-4.59807621135334
-4.96410161513781
-4.00000000000054
-1.96410161513903
0.598076211352589
2.99999999999994
4.5980762113531
4.96410161513788
4.00000000000092
1.96410161513856
-0.598076211353099
-2.99999999999944
-4.5980762113533
-4.96410161513795
-4.00000000000061
-1.96410161513808
0.598076211352482
2.99999999999985
4.59807621135261
4.96410161513789
4.0000000000003
1.96410161513866
-0.598076211352993
-3.00000000000026
-4.59807621135281
-4.96410161513783
-4.00000000000067
-1.96410161513818
0.598076211353504
2.99999999999886
4.59807621135301
4.96410161513791
4.00000000000036
1.96410161513771
-0.598076211352886
-2.99999999999927
-4.59807621135277
-4.96410161513784
-4.00000000000005
-1.96410161513828
0.598076211352268
2.99999999999877
4.59807621135297
4.96410161513778
4.00000000000043
1.96410161513781
-0.59807621135165
-2.99999999999918
-4.59807621135317
-4.96410161513786
-4.00000000000012
-1.96410161513943
0.598076211352161
2.99999999999959
4.59807621135293
4.96410161513779
3.99999999999981
1.96410161513895
-0.598076211352672
-2.99999999999909
-4.59807621135313
-4.96410161513773
-4.00000000000087
-1.96410161513848
0.598076211352053
2.99999999999951
4.59807621135333
4.96410161513781
4.00000000000056
1.96410161513905
-0.598076211352565
-2.99999999999992
-4.59807621135309
-4.96410161513788
-4.00000000000093
-1.96410161513858
0.598076211353075
2.99999999999942
4.59807621135329
4.96410161513796
4.00000000000062
1.96410161513811
-0.598076211352458
-2.99999999999983
-4.5980762113526
-4.9641016151379
-4.00000000000031
-1.96410161513868
0.598076211352968
3.00000000000024
4.5980762113528
4.96410161513783
4.00000000000069
1.96410161513821
-0.598076211353479
-2.99999999999884
-4.598076211353
-4.96410161513791
-4.00000000000038
-1.96410161513773
0.598076211352861
2.99999999999925
4.59807621135276
4.96410161513785
4.00000000000007
1.9641016151383
-0.598076211352244
-2.99999999999875
-4.59807621135296
-4.96410161513779
-4.00000000000044
-1.96410161513783
0.598076211351626
2.99999999999916
4.59807621135316
4.96410161513786
4.00000000000013
1.96410161513945
-0.598076211352136
-2.99999999999957
-4.59807621135292
-4.9641016151378
-5.83638578902661
-5.49999999999998
-5.27114540178056
-5.23219203436273
-5.24668254627307
-5.01540172789998
-4.2071067811867
-2.61267756707327
-0.261433438280027
2.54802849764687
5.31800560177138
7.50000000000069
8.66825087409616
8.6553845056577
7.60069057024749
5.89383051644701
4.03553390593238
2.46735579894615
1.43331154376653
0.923175039987754
0.715482114705096
0.499999999999999
0.02924678162936
-0.761920914091526
-1.71660540010094
-2.51244077082006
-2.79289321881347
-2.32203403081746
-1.10151653659609
0.597904398716084
2.30585902963054
3.50000000000026
3.77889072147436
2.99705647422684
1.31272147505818
-0.868948974807555
-3.035533905933
-4.73788717647429
-5.7286896003218
-6.01923203528293
-5.83638578902665
-5.50000000000002
-5.27114540178058
-5.23219203436272
-5.24668254627304
-5.01540172790005
-4.20710678118686
-2.61267756707354
-0.261433438278472
2.54802849764856
5.31800560176917
7.4999999999992
8.6682508740965
8.65538450565735
7.60069057024769
5.89383051644727
4.03553390593262
2.46735579894538
1.43331154376664
0.923175039987796
0.715482114705119
0.500000000000042
0.0292467816294479
-0.7619209140914
-1.71660540010081
-2.5124407708204
-2.79289321881342
-2.32203403081821
-1.1015165365963
0.597904398717135
2.30585902963144
3.50000000000015
3.77889072147458
2.99705647422701
1.31272147505699
-0.868948974807245
-3.03553390593273
-4.7378871764741
-5.72868960032172
-6.01923203528293
-5.8363857890267
-5.50000000000006
-5.2711454017805
-5.23219203436272
-5.24668254627308
-5.01540172790011
-4.20710678118617
-2.61267756707237
-0.261433438278836
2.54802849764608
5.31800560177067
7.50000000000021
8.66825087409642
8.65538450565743
7.60069057024789
5.89383051644753
4.03553390593287
2.46735579894556
1.43331154376674
0.923175039987615
0.71548211470514
0.500000000000085
0.0292467816295356
-0.761920914091937
-1.71660540010136
-2.51244077081989
-2.79289321881349
-2.3220340308177
-1.10151653659541
0.597904398716889
2.30585902963123
3.50000000000004
3.77889072147443
2.99705647422719
1.31272147505727
-0.868948974806935
-3.03553390593245
-4.73788717647392
-5.72868960032163
-6.01923203528293
-5.83638578902651
-5.49999999999988
-5.27114540178062
-5.23219203436272
-5.24668254627305
-5.01540172789984
-4.20710678118633
-2.61267756707409
-0.261433438279199
2.54802849764777
5.31800560177032
7.49999999999998
8.66825087409634
8.65538450565751
7.60069057024809
5.89383051644778
4.03553390593311
2.46735579894479
1.43331154376684
0.923175039987881
0.715482114705163
0.499999999999901
0.0292467816291611
-0.761920914091811
-1.71660540010055
-2.51244077082024
-2.79289321881344
-2.32203403081782
-1.10151653659561
0.597904398716643
2.30585902963102
3.49999999999994
3.77889072147447
2.99705647422737
1.31272147505609
-0.868948974806624
-3.03553390593218
-4.73788717647373
-5.72868960032199
-6.01923203528293
-5.83638578902678
-5.50000000000015
-5.27114540178054
-5.23219203436273
-5.24668254627306
-5.0154017278999
-4.20710678118649
-2.61267756707292
-0.261433438279563
2.54802849764737
5.31800560176997
7.49999999999974
8.66825087409626
8.65538450565759
7.60069057024829
5.89383051644669
4.03553390593207
2.46735579894592
1.43331154376695
0.9231750399877
0.715482114705069
0.499999999999944
0.0292467816292485
-0.761920914091686
-1.7166054001011
-2.51244077082016
-2.79289321881345
-2.32203403081794
-1.10151653659582
0.597904398716397
2.30585902963081
3.49999999999983
3.77889072147432
2.99705647422661
1.31272147505782
-0.868948974806314
-3.03553390593335
-4.73788717647453
-5.72868960032191
-6.01923203528293
-5.8363857890266
-5.49999999999997
-5.27114540178056
-5.23219203436273
-5.24668254627307
-5.01540172789996
-4.20710678118665
-2.61267756707319
-0.261433438279927
2.54802849764906
5.31800560176962
7.4999999999995
8.66825087409618
8.65538450565725
7.60069057024743
5.89383051644694
4.0355339059336
2.46735579894515
1.43331154376651
0.923175039987743
0.715482114705091
0.499999999999987
0.0292467816293356
-0.761920914091561
-1.71660540010097
-2.51244077082008
-2.79289321881341
-2.32203403081806
-1.10151653659603
0.59790439871615
2.30585902963171
3.50000000000029
3.77889072147453
2.99705647422772
1.31272147505664
-0.868948974807639
-3.03553390593308
-4.73788717647434
-5.72868960032183
-6.01923203528293
-5.83638578902664
-5.50000000000001
-5.27114540178058
-5.23219203436272
-5.24668254627307
-5.01540172790003
-4.20710678118596
-2.61267756707202
-0.261433438278373
2.54802849764658
5.31800560177112
7.50000000000052
8.66825087409652
8.65538450565733
7.60069057024763
5.8938305164472
4.03553390593256
2.46735579894533
1.43331154376661
0.923175039987561
0.715482114705113
0.50000000000003
0.0292467816294237
-0.761920914092098
-1.71660540010152
-2.51244077082
-2.79289321881347
-2.32203403081755
-1.10151653659514
0.597904398717202
2.3058590296315
3.50000000000018
3.77889072147439
2.99705647422697
1.31272147505692
-0.86894897480733
-3.0355339059328
-4.73788717647416
-5.72868960032174
-6.01923203528293
-5.83638578902646
-5.49999999999982
-5.27114540178059
-5.23219203436272
-5.24668254627304
-5.01540172789975
-4.20710678118612
-2.61267756707374
-0.261433438278736
2.54802849764827
5.31800560177077
7.50000000000028
8.66825087409644
8.65538450565741
7.60069057024783
5.89383051644746
4.0355339059328
2.46735579894456
1.43331154376671
0.923175039987828
0.715482114705135
0.499999999999845
0.0292467816290487
-0.761920914091972
-1.71660540010071
-2.51244077082034
-2.79289321881343
-2.32203403081767
-1.10151653659535
0.597904398716956
2.30585902963129
3.50000000000007
3.77889072147442
2.99705647422714
1.31272147505574
-0.868948974807019
-3.03553390593253
-4.73788717647397
-5.7286896003221
-6.01923203528293
-5.83638578902673
-5.5000000000001
-5.27114540178052
-5.23219203436274
-5.24668254627305
-5.01540172789982
-4.20710678118628
-2.61267756707257
-0.2614334382791
2.54802849764788
5.31800560177042
7.50000000000004
8.66825087409636
8.65538450565749
7.60069057024803
5.89383051644636
4.03553390593176
2.46735579894569
1.43331154376681
0.923175039987645
0.715482114705041
0.49999999999989
0.0292467816295985
-0.761920914091845
-1.71660540010126
-2.51244077082026
-2.79289321881344
-2.32203403081779
-1.10151653659556
0.59790439871671
2.30585902963108
3.49999999999997
3.77889072147427
2.99705647422732
1.31272147505747
-0.868948974806709
-3.0355339059337
-4.73788717647477
-5.72868960032202
-6.01923203528293
-5.83638578902654
-5.49999999999991
-5.27114540178053
-5.23219203436273
-5.24668254627306
-5.01540172789988
-4.20710678118645
-2.61267756707284
-0.261433438279464
2.54802849764957
5.31800560177006
7.49999999999981
8.66825087409628
8.65538450565715
7.60069057024718
5.89383051644797
4.03553390593329
2.46735579894492
1.43331154376637
0.923175039987689
0.715482114705063
0.499999999999933
0.0292467816292246
-0.76192091409172
-1.71660540010114
-2.51244077082018
-2.79289321881345
-2.32203403081791
-1.10151653659577
0.597904398716464
2.30585902963198
3.50000000000043
3.77889072147449
2.99705647422749
1.31272147505629
-0.868948974808034
-3.03553390593343
-4.73788717647359
-5.72868960032193
-6.01923203528293
-5.83638578902659
-5.49999999999995
-5.27114540178055
-5.23219203436273
-5.24668254627306
-5.01540172789995
-4.20710678118661
-2.61267756707167
-0.261433438279828
2.54802849764709
5.31800560176971
7.50000000000082
8.66825087409662
8.65538450565723
7.60069057024843
5.89383051644687
-1.47163842525541
-2.31070593737478
-3.02994268980511
-3.40036190111701
-3.23910599802412
-2.45068952745192
-1.05350400565377
0.813807923569723
2.90798519736946
4.91676051794456
6.50881687166606
7.3897775279819
7.35465347242265
6.32755430553956
4.38145059131776
1.73403261524337
-1.28030506726497
-4.25828894055067
-6.7879419647387
-8.51147828448155
-9.18071779010139
-8.69596137967548
-7.1219321168249
-4.67813104698742
-1.70514990862684
1.38758006362008
4.18410648748329
6.3242526023129
7.55590055628506
7.76903065493791
7.00640490169916
5.44972319538414
3.38416843347048
1.14779807565603
-0.925362040123956
-2.5588073635286
-3.57472457162919
-3.91626107632611
-3.64773017687763
-2.93349615937243
-1.99999999999991
-1.088265798973
-0.405775660336576
-0.0865568177361951
-0.166709385455889
-0.579711342657597
-1.17218723118817
-1.73706837457447
-2.0578729648426
-1.9557629102338
-1.33046111278328
-0.187144508008379
1.35611121013096
3.08229808577121
4.70896121464848
5.93574004039386
6.49785044538407
6.21613476623661
5.03467999030937
3.03896165504267
0.450689527452413
-2.4005334819342
-5.12464843819659
-7.33024525130036
-8.68579117288312
-8.9729184868045
-8.12288454840226
-6.23000503422599
-3.53961234080044
-0.412275593397764
2.73006899989491
5.4674495752733
7.44448101698146
8.42226005393063
8.31133394149953
7.1807177901023
5.24192389208766
2.81109160219794
0.255870993057185
-2.0638807463105
-3.85168167875897
-4.91721350790418
-5.19960416411681
-4.76795859154648
-3.79985565701893
-2.54230328656208
-1.26257868737603
-0.197976357039744
0.48652001353679
0.725217697142646
0.558807363528931
0.12068708404147
-0.394579438300986
-0.774529877052969
-0.835534495565483
-0.464101615137779
0.355158778553376
1.53042409853213
2.8744987824742
4.1358843833754
5.04381295779535
5.35933173919769
4.92326045100589
3.69219105403508
1.75561856725212
-0.669538887216773
-3.26689297958036
-5.66695172475866
-7.50455813970207
-8.4779918695861
-8.39984165553157
-7.23095746580401
-5.09148632803992
-2.24673802557231
0.930213342876132
4.01341208768486
6.58767798994243
8.31084051462722
8.96456334049205
8.48564682990178
6.97291848680466
4.66884706081358
1.91916451959917
-0.882647713129752
-3.35675506154027
-5.19417061503313
-6.20055659569445
-6.31983257878561
-5.63431808919221
-4.3421589435796
-2.71661617496431
-1.05477938407872
0.37510047423334
1.37844709613502
1.86373640332851
1.85168167875936
1.46317602031594
0.888763649489511
0.345698537615943
0.030825002080237
0.0782016714237903
0.529471666955039
1.32262479523563
2.30142195120154
3.2439573007771
3.90529425160885
4.06645742396714
3.58077151473163
2.40884796624494
0.635390152583663
-1.53589838486201
-3.8091962661415
-5.8412646131594
-7.29675883640502
-7.90491503831358
-7.5079145729333
-6.09243875961751
-3.79861201281079
-0.904249089297443
2.21355643066708
5.13364050235331
7.45403748758786
8.85314380118872
9.13887622889439
8.27784752660498
6.39984165553192
3.77691997821545
0.780645813412149
-2.1755220283589
-4.69924399781479
-6.47751370282336
-7.32078501036282
-7.1861920764306
-6.17662137575393
-4.51647183198294
-2.50881687166777
-0.481702552806062
1.26702755683156
2.51696580232128
3.1566107185596
3.194170615034
2.74651910810643
2.00899206415833
1.21205803526157
0.573128288641796
0.252514559826047
0.321672363658005
0.749547963962469
1.40949486860288
2.10543859459051
2.61241993637832
2.72396848769277
2.29742842694163
1.28861955157619
-0.230969345062254
-2.0782016714241
-3.98350915454326
-5.63346530986333
-6.72368200513199
-7.01298795571517
-6.36939586674707
-4.79956444438759
-2.45612307653575
0.3790939984935
3.33378484533633
6.00000000000018
7.99634077415024
9.02745668959085
8.93107692559738
7.70477069533165
5.50791457293293
2.63840127202945
-0.512228501815943
-3.51801096463286
-5.98258708560486
-7.597742117492
-8.18714450800847
-7.72849536299231
-6.35093426415629
-4.30867252868547
-1.93574004039434
0.410224529792649
2.40554626301794
3.80984011755185
4.49909965483394
4.47751370282441
3.86674752277529
2.87535156180405
1.75436132182318
0.747441177044344
0.0447152565291287
-0.25140446761465
-0.142379118635373
0.270976162417288
0.812564279360875
1.26993100010478
1.44062539990238
1.17720001227288
0.422260053930665
-0.77327263162363
-2.25251455982511
-3.77570985124595
-5.0603884785897
-5.83175492253351
-5.87446924952835
-5.07652155151668
-3.45707550811315
-1.17277998874507
1.49932241316278
4.20014434298151
6.54230328656133
8.17065366255139
8.81965738629393
8.35800009432453
6.81284361273348
4.36939586674692
1.3455269568004
-1.85471743809083
-4.80135405242364
-7.10281550027388
-8.46410161513764
-8.72944779456977
-7.90280825139535
-6.14313496085956
-3.73559569741244
-1.04381295779557
1.54874323597961
3.69842057824929
5.15232905382593
5.78244274262373
5.59774211749241
4.73310702042006
3.41765484836478
1.92867421022541
0.53964187374766
-0.528361574743712
-1.14333155021306
-1.28089782482181
-1.02189815281338
-0.5299246569136
-0.013412087685702
0.320396985234136
0.310840514627457
-0.120043232631027
-0.94758552002563
-2.04471525652876
-3.20263301997369
-4.16846139599101
-4.69323621634697
-4.58159493429778
-3.73403261524248
-2.17373242032306
-0.052551574076642
2.36568191080801
4.74244762954369
6.7166161749631
7.96285435925506
8.24658055502129
7.46607301172614
5.67432490654686
3.07652155151678
0.00303802052543722
-3.13806052588176
-5.92158246709294
-7.96917499791996
-9.00640490169952
-8.90376068297241
-7.69500894809792
-5.57005812958593
-2.84366861481332
0.0947057483913725
2.8416175512105
5.04090951452206
6.43567214161617
6.90267115729253
6.46410161513818
5.27541030698183
3.5919677367681
1.72087490692887
-0.0334349575254809
-1.42028865734202
-2.28185025639901
-2.57377214005168
-2.36438708908783
-1.81326774470409
-1.1336405023555
-0.545962512412274
-0.231462771934546
-0.294356121033046
-0.739786216728578
-1.47163842525559
-2.31070593737504
-3.02994268980544
-3.40036190111712
-3.23910599802453
-2.45068952745232
-1.05350400565414
0.813807923569421
2.90798519736926
4.91676051794448
6.50881687166611
7.3897775279821
7.35465347242297
6.32755430553999
4.38145059131664
1.73403261524283
-1.28030506726544
-4.25828894055105
-6.78794196473896
-8.51147828448168
-9.18071779010139
-8.69596137967565
-7.12193211682521
-4.67813104698785
-1.70514990862734
1.38758006362152
4.18410648748279
6.32425260231247
7.55590055628474
7.76903065493771
7.00640490169911
5.44972319538422
3.38416843347038
1.14779807565576
-0.925362040124388
-2.55880736352916
-3.57472457163054
-3.91626107632678
-3.64773017687827
-2.93349615937298
-2.00000000000032
-1.08826579897322
-0.405775660336605
-0.086556817736315
-0.166709385456091
-0.57971134265787
-1.1721872311885
-1.73706837457475
-2.05787296484298
-1.95576291023417
-1.33046111278361
-0.187144508008649
1.35611121013078
3.08229808577112
4.70896121464821
5.93574004039344
6.49785044538354
6.21613476623602
5.03467999030846
3.03896165504316
0.450689527452895
-2.40053348193378
-5.12464843819626
-7.33024525130017
-8.68579117288308
-8.97291848680463
-8.12288454840254
-6.2300050342264
-3.53961234080094
-0.412275593396221
2.73006899989439
5.46744957527284
7.4444810169811
8.4222600539304
8.31133394149946
7.18071779010237
5.24192389208756
2.81109160219768
0.25587099305678
-2.06388074631103
-3.85168167875964
-4.91721350790376
-5.19960416411646
-4.76795859154623
-0.246353926793039
0.547236655519231
1.1260001676341
1.43019652014115
1.43224439932845
1.13935055172738
0.592566263814399
-0.137628952900215
-0.95877138195713
-1.76613863808697
-2.45378303578736
-2.92576761998469
-3.10647719172526
-2.94896544276149
-2.44049073765742
-1.60466843886355
-0.500000000000187
0.785104211782755
2.14034524834222
3.44383435570595
4.57367808386462
5.41972682741989
5.89434265755408
5.94113287704866
5.54078941710233
4.71345221297374
3.51735000035993
2.04383190313221
0.409252646737595
-1.25552085462634
-2.81698317325924
-4.15111212712841
-5.15458248786441
-5.75400373849125
-5.91230579416014
-5.63167326360447
-4.95276334448131
-3.9503021748019
-2.72550432277424
-1.39606599109199
-0.0847146591865293
1.09256626381415
2.03749277430973
2.67855600283942
2.97734745712183
2.93153630102342
2.5742323800149
1.96982515071046
1.20673540015462
0.387819652763643
-0.380603227948898
-1.00000000000047
-1.39001751542766
-1.49698213645459
-1.29965173950227
-0.811641252945603
-0.080273172580045
0.818040315117854
1.78543203413245
2.71247902668132
3.48938700205941
4.01735000036039
4.21895363034236
4.0465800315339
3.48796524058223
2.56833616355161
1.34888787287158
-0.0782801454285469
-1.59830289557524
-3.08399540373912
-4.40760805268964
-5.45276334448103
-6.12542390201169
-6.36283170757089
-6.13955208630112
-5.4700339959981
-4.40743373618502
-3.03880956812569
-1.47714484007623
0.149037066699924
1.70747109010911
3.07423238001543
4.14494687792039
4.84406278495074
5.13130574797229
5.00471610886184
4.49999999999985
3.68628482700818
2.65871870646153
1.5286586509182
0.412423957968878
-0.580273172580256
-1.35708141209159
-1.85189535066339
-2.03100706852738
-1.89593233475144
-1.48264999964014
-0.857348712093229
-0.109120811381718
0.659654850161461
1.34427095263701
1.8488878728718
2.09684158178137
2.03902448922087
1.65949069146915
0.977711284121024
0.0472366555182053
-1.04912155957544
-2.20713086465471
-3.31124169587963
-4.24596878508369
-4.9074337361858
-5.2139312953358
-5.11447222487272
-4.59444902850768
-3.67784824670182
-2.42576761998453
-0.93135546451507
0.688361942034931
2.30299535755108
3.78065089794731
5.00000000000005
5.86140655421804
6.29604609125742
6.27214474612736
5.79774329477958
4.91972682741966
3.71922093034356
2.30380549225202
0.797303321893957
-0.671867123836711
-1.98264999964003
-3.03247043930346
-3.74644819617836
-4.08383124504732
-4.04104838417351
-3.65111212712807
-2.97946076065455
-2.11667635369511
-1.16881969895185
-0.246353926793458
0.54723665551884
1.12600016763421
1.43019652014118
1.4322443993284
1.13935055172773
0.592566263814712
-0.137628952899835
-0.958771381957368
-1.76613863808692
-2.45378303578754
-2.92576761998453
-3.10647719172558
-2.94896544276118
-2.44049073765729
-1.60466843886334
-0.500000000000087
0.785104211782238
2.14034524834157
3.44383435570625
4.57367808386486
5.41972682742006
5.89434265755396
5.94113287704875
5.5407894171022
4.71345221297353
3.51735000035964
2.04383190313297
0.409252646738398
-1.25552085462641
-2.81698317325956
-4.15111212712866
-5.15458248786457
-5.75400373849112
-5.91230579416032
-5.63167326360434
-4.95276334448109
-3.95030217480162
-2.72550432277482
-1.39606599109263
-0.0847146591871351
1.09256626381438
2.03749277431011
2.6785560028395
2.97734745712177
2.93153630102352
2.57423238001503
1.96982515071025
1.20673540015438
0.387819652764033
-0.380603227949099
-1.00000000000022
-1.39001751542774
-1.49698213645459
-1.29965173950219
-0.811641252945901
-0.0802731725804433
0.818040315118103
1.78543203413271
2.71247902668157
3.48938700205909
4.01735000036021
4.21895363034235
4.04658003153386
3.48796524058209
2.99999999999893
4.5980762113526
4.96410161513803
4.0000000000003
1.96410161513866
-0.598076211351854
-2.99999999999844
-4.59807621135236
-4.96410161513783
-4.00000000000068
-1.96410161513924
0.598076211353494
2.99999999999794
4.59807621135301
4.96410161513791
4.00000000000105
1.96410161513772
-0.598076211350618
-2.99999999999926
-4.59807621135276
-4.96410161513798
-4.00000000000006
-1.96410161513829
0.598076211352258
2.99999999999876
4.59807621135252
4.96410161513778
4.00000000000043
1.96410161513886
-0.59807621135164
-2.99999999999826
-4.59807621135317
-4.96410161513786
-4.00000000000081
-1.96410161513944
0.598076211351023
2.99999999999958
4.59807621135292
4.96410161513793
4.00000000000118
1.96410161514001
-0.598076211352662
-2.99999999999909
-4.59807621135268
-4.96410161513773
-4.00000000000155
-1.96410161513849
0.598076211352044
2.99999999999859
4.59807621135333
4.96410161513808
4.00000000000056
1.96410161513906
-0.598076211351426
-2.99999999999991
-4.59807621135308
-4.96410161513788
-4.00000000000094
-1.96410161513963
0.598076211353066
2.99999999999941
4.59807621135284
4.96410161513796
4.00000000000131
1.96410161513811
-0.598076211352448
-2.99999999999891
-4.59807621135259
-4.96410161513803
-4.00000000000032
-1.96410161513869
0.59807621135183
2.99999999999842
4.59807621135235
4.96410161513784
4.00000000000069
1.96410161513926
-0.598076211353469
-2.99999999999792
-4.598076211353
-4.96410161513791
-4.00000000000107
-1.96410161513774
0.598076211350594
2.99999999999924
4.59807621135275
4.96410161513798
4.00000000000007
1.96410161513831
-0.598076211352234
-2.99999999999874
-4.59807621135251
-4.96410161513779
-4.00000000000045
-1.96410161513889
0.598076211351616
2.99999999999824
4.59807621135316
4.96410161513786
4.00000000000082
1.96410161513946
-0.598076211350997
-2.99999999999956
-4.59807621135291
-4.96410161513793
-4.0000000000012
-1.96410161514003
0.598076211352637
2.99999999999907
4.59807621135267
4.96410161513774
4.00000000000157
1.96410161513851
-0.59807621135202
-2.99999999999857
-4.59807621135332
-4.96410161513808
-4.00000000000058
-1.96410161513908
0.598076211351402
2.99999999999989
4.59807621135307
4.96410161513789
4.00000000000095
1.96410161513966
-0.598076211353041
-2.99999999999939
-4.59807621135283
-4.96410161513796
-4.00000000000132
-1.96410161513814
0.598076211352423
2.99999999999889
4.59807621135258
4.96410161513804
4.00000000000033
1.96410161513871
-0.598076211351806
-2.9999999999984
-4.59807621135234
-4.96410161513784
-4.00000000000071
-1.96410161513928
0.598076211353445
2.9999999999979
4.59807621135299
4.96410161513791
4.00000000000108
1.96410161513776
-0.59807621135057
-2.99999999999922
-4.59807621135274
-4.96410161513799
-4.00000000000009
-1.96410161513834
0.598076211352209
2.99999999999872
4.5980762113525
4.96410161513779
4.00000000000046
1.96410161513891
-0.598076211351591
-2.99999999999822
-4.59807621135315
-4.96410161513786
-4.00000000000084
-1.96410161513948
0.598076211350973
2.99999999999955
4.5980762113529
4.96410161513794
3.99999999999985
1.96410161514005
-0.598076211352613
-2.99999999999905
-4.59807621135266
-4.96410161513774
-4.00000000000158
-1.96410161513853
0.598076211351995
2.99999999999855
4.59807621135331
4.96410161513781
4.00000000000059
1.96410161513911
-0.598076211351378
-2.99999999999987
-4.59807621135306
-4.96410161513789
-4.00000000000097
-1.96410161513968
0.598076211353017
2.99999999999937
4.59807621135282
4.96410161513796
4.00000000000134
1.96410161513816
-0.598076211352399
-2.99999999999888
-4.59807621135257
-4.96410161513804
-4.00000000000035
-1.96410161513873
0.598076211351781
3.0000000000002
4.59807621135233
4.96410161513784
4.00000000000072
1.9641016151393
-0.598076211353421
-2.99999999999788
-4.59807621135298
-4.96410161513792
-4.0000000000011
-1.96410161513779
0.598076211352803
2.9999999999992
4.59807621135273
4.96410161513799
4.0000000000001
1.96410161513836
-0.598076211352185
-2.9999999999987
-4.59807621135249
-4.96410161513779
-4.00000000000048
-1.96410161513893
0.598076211351567
2.9999999999982
4.59807621135314
4.96410161513787
4.00000000000085
1.9641016151395
-0.598076211350949
-2.99999999999953
-4.59807621135289
-4.96410161513794
-3.99999999999986
-1.96410161514008
0.598076211352589
2.99999999999903
4.59807621135265
4.96410161513774
4.0000000000016
1.96410161513856
-0.59807621135197
-2.99999999999853
-4.5980762113533
-4.96410161513782
-4.00000000000061
-1.96410161513913
0.598076211351353
2.99999999999985
4.59807621135305
4.96410161513789
4.00000000000098
1.9641016151397
-0.598076211352993
-2.99999999999935
-4.59807621135281
-4.96410161513797
-4.00000000000135
-1.96410161513818
0.598076211352375
2.99999999999886
4.59807621135256
4.96410161513804
4.00000000000036
1.96410161513875
-0.598076211351757
-3.00000000000018
-4.59807621135232
-4.96410161513784
-4.00000000000074
-1.96410161513933
0.598076211353396
2.99999999999786
4.59807621135297
4.96410161513792
4.00000000000111
1.96410161513781
-0.598076211352779
-2.99999999999918
-4.59807621135272
-4.96410161513799
-4.00000000000012
-1.96410161513838
0.598076211352161
2.99999999999868
4.59807621135248
4.96410161513779
4.00000000000049
1.96410161513895
-0.598076211351543
-2.99999999999819
-4.59807621135313
-4.96410161513787
