"x"
8.66825087409637
8.65538450565746
7.6006905702479
5.89383051644746
4.03553390593274
2.46735579894541
1.43331154376662
0.923175039987779
0.715482114705104
0.5
0.0292467816293367
-0.761920914091595
-1.71660540010105
-2.51244077082015
-2.79289321881345
-2.32203403081789
-1.10151653659567
0.597904398716645
2.30585902963108
3.5
3.77889072147443
2.99705647422716
1.31272147505715
-0.868948974807163
-3.03553390593274
-4.73788717647417
-5.72868960032177
-6.01923203528293
-5.83638578902665
-5.5
-5.27114540178057
-5.23219203436273
-5.24668254627306
-5.01540172789994
-4.20710678118655
-2.61267756707294
-0.26143343827947
2.54802849764757
5.31800560177025
7.5
8.66825087409637
8.65538450565746
7.6006905702479
5.89383051644747
4.03553390593273
2.46735579894541
1.43331154376662
0.92317503998778
0.715482114705103
0.499999999999998
0.0292467816293347
-0.761920914091604
-1.71660540010105
-2.51244077082015
-2.79289321881345
-2.32203403081789
-1.10151653659568
0.597904398716642
2.30585902963109
3.5
3.77889072147443
2.99705647422716
1.31272147505714
-0.86894897480716
-3.03553390593274
-4.73788717647418
-5.72868960032177
-6.01923203528293
-5.83638578902664
-5.5
-5.27114540178057
-5.23219203436273
-5.24668254627306
-5.01540172789994
-4.20710678118654
-2.61267756707294
-0.261433438279475
2.54802849764757
5.31800560177026
7.49999999999999
8.66825087409637
8.65538450565746
7.60069057024788
5.89383051644745
4.03553390593273
2.46735579894542
1.43331154376663
0.923175039987781
0.715482114705103
0.499999999999997
0.0292467816293354
-0.761920914091591
-1.71660540010104
-2.51244077082015
-2.79289321881345
-2.32203403081789
-1.10151653659567
0.597904398716639
2.3058590296311
3.50000000000001
3.77889072147444
2.99705647422715
1.31272147505716
-0.868948974807207
-3.03553390593274
-4.73788717647418
-5.72868960032176
-6.01923203528293
-5.83638578902665
-5.5
-5.27114540178057
-5.23219203436273
-5.24668254627306
-5.01540172789995
-4.20710678118653
-2.61267756707295
-0.261433438279479
2.5480284976476
5.31800560177022
7.49999999999999
8.66825087409637
8.65538450565746
7.60069057024788
5.89383051644747
4.03553390593274
2.4673557989454
1.43331154376662
0.923175039987782
0.715482114705103
0.499999999999999
0.0292467816293294
-0.761920914091612
-1.71660540010105
-2.51244077082015
-2.79289321881345
-2.32203403081787
-1.10151653659567
0.597904398716657
2.3058590296311
3.5
3.77889072147444
2.99705647422715
1.31272147505712
-0.868948974807153
-3.03553390593274
-4.73788717647417
-5.72868960032178
-6.01923203528293
-5.83638578902665
-5.5
-5.27114540178057
-5.23219203436273
-5.24668254627306
-5.01540172789994
-4.20710678118654
-2.61267756707295
-0.261433438279483
2.54802849764759
5.31800560177028
7.49999999999999
8.66825087409637
8.65538450565746
7.60069057024791
5.89383051644748
4.03553390593278
2.46735579894538
1.43331154376662
0.923175039987774
0.715482114705103
0.499999999999999
0.0292467816293298
-0.761920914091589
-1.71660540010104
-2.51244077082014
-2.79289321881345
-2.32203403081789
-1.10151653659564
0.597904398716654
2.3058590296311
3.50000000000001
3.77889072147444
2.99705647422716
1.31272147505717
-0.868948974807149
-3.03553390593273
-4.73788717647414
-5.72868960032178
-6.01923203528293
-5.83638578902664
-5.5
-5.27114540178057
-5.23219203436273
-5.24668254627306
-5.01540172789994
-4.20710678118656
-2.61267756707295
-0.261433438279547
2.54802849764765
5.31800560177027
7.50000000000002
8.66825087409637
8.65538450565746
7.60069057024788
5.89383051644744
4.03553390593278
2.46735579894544
1.43331154376664
0.923175039987768
0.715482114705103
0.499999999999999
0.0292467816293309
-0.761920914091609
-1.71660540010106
-2.51244077082014
-2.79289321881345
-2.32203403081789
-1.10151653659568
0.597904398716651
2.3058590296311
3.50000000000001
3.77889072147443
2.99705647422713
1.31272147505717
-0.868948974807145
-3.03553390593273
-4.73788717647417
-5.72868960032178
-6.01923203528293
-5.83638578902665
-5.49999999999999
-5.27114540178056
-5.23219203436273
-5.24668254627306
-5.01540172789994
-4.20710678118654
-2.61267756707291
-0.261433438279551
2.54802849764752
5.31800560177021
7.49999999999998
8.66825087409637
8.65538450565746
7.60069057024789
5.89383051644744
4.0355339059327
2.46735579894538
1.43331154376664
0.923175039987782
0.715482114705104
0.5
0.0292467816293325
-0.761920914091607
-1.71660540010106
-2.51244077082016
-2.79289321881345
-2.3220340308179
-1.10151653659568
0.597904398716648
2.30585902963109
3.50000000000001
3.77889072147444
2.99705647422713
1.31272147505709
-0.868948974807245
-3.03553390593273
-4.73788717647417
-5.72868960032177
-6.01923203528293
-5.83638578902664
-5.50000000000001
-5.27114540178057
-5.23219203436273
-5.24668254627306
-5.01540172789994
-4.20710678118654
-2.61267756707291
-0.261433438279435
2.54802849764764
5.31800560177021
7.49999999999998
8.66825087409637
8.65538450565746
7.60069057024789
5.89383051644744
4.03553390593271
2.46735579894538
1.4333115437666
0.923175039987784
0.715482114705105
0.5
0.0292467816293334
-0.761920914091605
-1.71660540010102
-2.51244077082016
-2.79289321881345
-2.32203403081786
-1.10151653659568
0.597904398716646
2.30585902963109
3.50000000000001
3.77889072147443
2.99705647422719
1.31272147505718
-0.868948974807139
-3.03553390593282
-4.73788717647416
-5.72868960032177
-6.01923203528293
-5.83638578902664
-5.49999999999999
-5.27114540178057
-5.23219203436273
-5.24668254627307
-5.01540172789994
-4.20710678118654
-2.61267756707292
-0.26143343827944
2.54802849764764
5.31800560177032
7.49999999999998
8.66825087409637
8.65538450565746
7.60069057024789
5.89383051644744
4.03553390593279
2.46735579894544
1.4333115437666
0.923175039987784
0.715482114705105
0.500000000000015
0.0292467816293334
-0.761920914091646
-1.71660540010106
-2.51244077082016
-2.79289321881345
-2.32203403081786
-1.10151653659568
0.597904398716643
2.30585902963102
3.50000000000001
3.77889072147444
2.99705647422713
1.31272147505709
-0.868948974807135
-3.03553390593281
-4.73788717647416
-5.72868960032177
-6.01923203528293
-5.83638578902664
-5.50000000000001
-5.27114540178056
-5.23219203436273
-5.24668254627307
-5.01540172789992
-4.20710678118654
-2.61267756707292
-0.261433438279564
2.54802849764763
5.3180056017702
7.50000000000005
8.66825087409637
8.65538450565746
7.60069057024783
5.89383051644745
4.03553390593271
2.46735579894545
1.43331154376661
0.923175039987784
0.715482114705098
0.500000000000001
0.0292467816293351
-0.761920914091561
-1.71660540010106
-2.51244077082016
-2.79289321881345
-2.32203403081786
-1.10151653659569
0.597904398716721
2.30585902963109
3.50000000000001
3.77889072147444
2.99705647422714
1.31272147505719
-0.868948974807132
-3.03553390593281
-4.73788717647416
-5.7286896003218
-6.01923203528293
-5.83638578902664
-5.50000000000001
-5.27114540178056
-5.23219203436273
-5.24668254627307
-5.01540172789996
-4.20710678118655
-2.61267756707283
-0.261433438279448
2.54802849764763
5.3180056017702
7.50000000000005
8.66825087409637
8.65538450565746
7.60069057024796
5.89383051644745
4.0355339059328
2.46735579894539
1.43331154376661
0.92317503998777
0.715482114705105
0.500000000000016
0.0292467816293358
-0.76192091409156
-1.71660540010106
-2.51244077082013
-2.79289321881345
-2.32203403081782
-1.10151653659562
0.597904398716637
2.30585902963102
3.5
3.77889072147444
2.99705647422714
1.31272147505719
-0.868948974807231
-3.03553390593272
-4.73788717647422
-5.72868960032177
-6.01923203528293
-5.83638578902664
-5.50000000000001
-5.27114540178056
-5.23219203436273
-5.24668254627306
-5.01540172789994
-4.20710678118649
-2.61267756707292
-0.261433438279572
2.54802849764762
5.31800560177019
7.50000000000005
8.66825087409637
8.65538450565744
7.6006905702479
5.89383051644737
4.03553390593272
2.46735579894545
1.43331154376668
0.923175039987785
0.715482114705098
0.500000000000002
0.0292467816293083
-0.7619209140916
-1.7166054001011
-2.51244077082016
-2.79289321881345
-2.32203403081794
-1.10151653659569
0.597904398716554
2.30585902963108
3.50000000000004
3.77889072147443
2.99705647422708
1.3127214750571
-0.868948974807125
-3.03553390593262
-4.73788717647416
-5.72868960032174
-6.01923203528293
-5.83638578902666
-5.49999999999999
-5.27114540178056
-5.23219203436273
-5.24668254627307
-5.01540172789996
-4.20710678118655
-2.61267756707302
-0.261433438279456
2.54802849764749
5.3180056017703
7.49999999999997
8.66825087409639
8.65538450565746
7.60069057024796
5.89383051644746
4.0355339059328
2.46735579894539
1.43331154376664
0.923175039987772
0.715482114705106
0.499999999999989
0.0292467816292807
-0.76192091409164
-1.71660540010105
-2.51244077082013
-2.79289321881345
-2.3220340308179
-1.10151653659562
0.597904398716631
2.30585902963115
3.5
3.77889072147442
2.99705647422714
1.31272147505719
-0.868948974807223
-3.03553390593271
-4.73788717647422
-5.72868960032177
-6.01923203528293
-5.83638578902664
-5.49999999999998
-5.27114540178056
-5.23219203436273
-5.24668254627306
-5.01540172789994
-4.2071067811865
-2.61267756707293
-0.26143343827934
2.54802849764762
5.31800560177042
7.50000000000004
8.66825087409636
8.65538450565749
7.6006905702479
5.89383051644737
4.03553390593272
2.46735579894533
1.43331154376661
0.923175039987758
0.715482114705099
3.03094757941841
2.61848296540672
1.67295956717086
-0.67351999193924
-3.97760040375335
-6.62724552850552
-6.95498499911616
-4.49747812156513
-0.448109459289908
3.06064132724759
4.34055598711495
3.19788386873508
0.901617691712222
-0.872528777750996
-1.3078357895067
-0.967314150569158
-1.19394396270493
-2.8739297705536
-5.53580999721787
-7.50765763049644
-7.05233131265808
-3.65182075622201
1.5177519288728
6.28848929895664
8.879412914378
8.95415948322381
7.60818623744665
6.34023521271595
5.81808078998274
5.38773280458409
3.69615242270678
-0.0604947567762812
-5.23854187445992
-9.92106258624065
-12.0825318899182
-10.9107474312827
-7.32191308698591
-3.29467499923869
-0.518421090569301
0.651097505315121
1.1814615693616
2.35297343437191
4.55495127906238
6.83331084042058
7.55352147648808
5.68479699091513
1.72468161458629
-2.46221410196409
-4.81061446446036
-4.39192232218452
-1.95515778539022
0.707578890074311
2.08141489380904
1.94709382444631
1.35429309284032
1.60658730993983
3.06536740209029
4.71498596722041
4.84931103705543
2.38058568317753
-2.21534901892432
-7.0480162992757
-9.97744795684049
-9.9619238018985
-7.61933295886613
-4.61949613240855
-2.39222471826541
-1.13340873482825
0.15261151059941
2.63461419569826
6.46876975292712
10.3869824517672
12.4163085450572
11.2254009301031
7.10612164999521
1.85387197238504
-2.38024987157821
-4.43492697020006
-4.71344093719262
-4.6033327622312
-5.22162183937627
-6.46224370918245
-7.07767952394414
-5.72864774806135
-2.18852574251633
2.24135911624582
5.4626230529472
5.95047953293316
3.76793661434652
0.481512317226
-1.95425510130472
-2.51806742859093
-1.68412200686599
-0.842245378277855
-1.05566999392978
-2.13006046877435
-2.72119211709638
-1.40991309624675
2.07389429038089
6.42598252597411
9.5
9.69062436490177
6.96890871856402
2.8236658252308
-0.828936855092109
-2.94726802059689
-3.91705094052613
-4.97450680947006
-6.97990499117833
-9.51313430968608
-11.0146908533452
-9.89534459457084
-5.79037134037887
-0.0054277652072382
5.20872990834069
8.04766276830142
8.21137564916076
6.87983329172758
5.66300512818174
5.3396305871345
5.33907084866981
4.34158994322785
1.51351555428624
-2.59545040176325
-6.21476441168293
-7.49501300674076
-5.79990933731551
-2.18935485231373
1.27499751853143
2.90119731436253
2.41862557729137
0.960719860805467
0.033850213476982
0.282546884049999
1.00028747974471
0.755792827252204
-1.35338797558987
-4.79586018037729
-7.77297400514743
-8.3754251087317
-5.89725565085731
-1.34369748697109
3.24085890669402
6.12904528607182
6.95748250455437
6.71699547529427
6.74041875921147
7.49531087451681
8.12620405923415
7.11083978240534
3.53670840982164
-1.9824251665997
-7.47570588238916
-10.7888300644759
-10.9274562281174
-8.60262416203161
-5.59880610916453
-3.45411901212398
-2.44035150039327
-1.5860665026145
0.313694091126538
3.5080490961729
6.86307454831356
8.55641781824179
7.39407746360305
3.76286658109114
-0.51248239334316
-3.3299815801993
-3.65553880265943
-2.08379905293326
-0.232050807569089
0.548134877189278
0.159484483985372
-0.290070183483242
0.48652561460493
2.76166297174078
5.37349067134146
6.43809294504167
4.68986702417025
0.458655273353752
-4.45251302685358
-7.91578377751104
-8.82237229503954
-7.65380053264695
-5.89622598104471
-4.77894014529347
-4.3141551280893
-3.37057274275794
-0.715155967635819
3.7896898574993
8.77689302217865
12.1100894295884
12.2568645321722
9.30347052027919
4.86895764206536
0.986104494150275
-1.2251742097775
-2.12680370094869
-2.99033395937126
-4.76277677511604
-7.14355224919992
-8.69940771711177
-7.94544700217968
-4.57357208626068
0.11959752673524
3.96446609406702
5.30317904006229
4.02854912310906
1.53077260641689
-0.386255161009328
-0.79917943950379
-0.209944159339355
0.0389849709553858
-1.001689391163
-2.97760040375344
-4.36722447670402
-3.5889595953317
-0.254837434445936
4.3820175596324
8.14908950379547
9.34055598711502
7.76869395507815
4.73174471063431
1.95589834699523
0.326138806708975
-0.639144751345582
-2.193943962705
-5.13395082235504
-8.9018354010019
-11.7502983176158
-11.8824583315804
-8.74026893277009
-3.48224807112772
1.71767921261441
5.04928589545561
6.12573235847748
5.97421164123106
6.0120658134924
6.81808078998271
7.64775385638574
7.06217782649114
4.18214593034282
-0.408414855537865
-4.83261440969246
-7.0825318899182
-6.33993734493987
-3.49178606806404
-0.466247874492677
1.11555350564641
0.979266904538709
0.181461569361607
0.0929523825703873
1.18892587527777
2.59067015330125
2.72339445756591
0.596348814366819
-3.27531838541345
-7.03302418830672
-8.64074148338264
-7.22034944693063
-3.58913238160577
0.379409490850581
3.08141489380887
4.20711487624792
4.72031849662466
5.84922799705889
7.89549442101246
9.80343414376832
9.84931103705558
6.95139576952078
1.61477799999777
-4.21958917452977
-8.34347336062461
-9.63375440267494
-8.61933295886595
-6.87951718421015
-5.75825012204981
-5.37604942194732
-4.6775155083227
-2.45383398084975
1.4687697529268
5.81617236542416
8.5861815261348
8.39697380535696
5.47214705377913
1.52570257316173
-1.38024987157844
-2.17490591839846
-1.34741553340789
-0.360692075111894
-0.391494820453921
-1.37379553263456
-2.07767952394433
-1.15783766171824
1.64160127640573
5.06978624099228
7.09659764916293
6.27864893215676
2.76793661434691
-1.77850873457594
-5.32028050508894
-6.76070811571024
-6.51424902578826
-5.93069355482579
-6.05566999392965
-6.70087055511709
-6.55131913601844
-4.23834022099312
0.439919694164911
6.09781312675019
10.4999999999998
11.9506454167035
10.3349341223486
7.06630651234955
4.00119016383014
2.14118015595085
1.08294905947418
-0.403696723127381
-3.14977797225629
-6.68470718493987
-9.38071625712933
-9.56717519534706
-6.79037134037882
-2.2654488170092
1.84270450455658
3.80502208118228
3.38124863023851
1.79138511517986
0.663005128181626
0.768820500791525
1.50894382974748
1.51316281848156
-0.120459041929613
-2.92361980098658
-5.2147644116829
-5.23499195493915
-2.43388393353093
2.05328583480528
6.10512453745308
7.98964549091031
7.41862557729112
5.53152994714842
3.86397723239927
3.11097400879621
2.63426207596018
1.08396222647587
-2.35338797559008
-7.05588123217917
-11.1389994089316
-12.618065795851
-10.7273826697793
-6.43214566351858
-1.75914109330623
1.55823519972887
3.12735548563196
3.88856835054806
5.1064441629958
7.1671414752933
9.12620405923398
9.37086083420699
6.90273381360656
2.2602155205192
-2.64557886346731
-5.70038188792796
-5.92745622811753
-4.03181407568836
-1.76867909024243
-0.625691887377636
-0.806376904177532
-1.25789710339068
-0.686305908873764
1.24802804437111
3.49704914452929
4.31377713112268
2.56395044468105
-1.32558159545644
-5.51248239334312
-7.90079166654209
-7.48566582158185
-4.91222617767936
-1.8660254037846
0.219965477965647
1.15948448398541
1.96995086831851
3.85255101838944
7.00430365885981
10.2036176902634
11.5265411215895
9.68986702417048
5.02946535969725
-0.62238600793189
-5.08735665276503
-7.18839769882371
-7.32563113342339
-6.89622598104463
-7.03896119709515
-7.68018053187361
-7.61321342987713
-5.54528298655763
-1.29875831904888
3.7768930221783
7.53927934324564
8.42673751324988
6.47504339553322
3.23498304584991
0.657935094926423
-0.225174209777591
0.13321735085276
0.375691444413276
-0.520136087996903
-2.31342523027752
-3.61095954056405
-2.94544700217952
-0.00276199991751369
3.94972454565692
6.79289321881315
6.93715363627781
4.35671852233282
0.530772606417193
-2.64627621281077
-4.16520484328832
-4.45258484645871
-4.79114204796682
-6.09013756771099
-7.97760040375347
-8.9380345630468
-7.41908661425414
-3.08326455919219
2.74804296341642
7.8209201045717
10.3405559871147
10.0287150068797
8.09777011441891
6.19853903411472
5.156265825631
4.44930342520209
2.80605603729508
-0.56314073601193
-5.07170838207993
-8.92187119286936
-10.2484837353647
-8.41209953354602
-4.48224807112697
-0.542341839187828
1.68326049167124
1.88309167135838
1.14408462230883
0.923617636944502
1.81808078998254
3.07694377004308
3.23205080756894
1.35371880559664
-2.04238945175345
-5.16078380891634
-6.08253188991831
-4.07991629313859
-0.125760664279422
3.77639281262673
5.94568052456866
6.06771508108671
5.18146156936177
4.66376246891325
5.01905289419993
5.41909727804745
4.35736905378137
0.924518213591078
-4.27531838541298
-9.29304524010879
-12.0067668871669
-11.4629901340501
-8.41925940052825
-4.70903868569722
-1.91858510619127
-0.36369521009491
0.890191477702517
3.02080087231276
6.26151982479666
9.4752647445444
10.8493110370554
9.21141682132206
4.98080340378246
0.0230515125901136
-3.51334634170267
-4.54530622612716
-3.61933295886598
-2.30870709786726
-1.92812310312734
-2.54762229720124
-3.04354091210701
-2.12566458162589
0.468769752926956
3.55615131362235
5.22015612235041
4.15433311823738
0.642020034857227
-3.56274560338613
-6.38024987157865
-6.74571600474111
-5.17754255233042
-3.18911919985833
-2.02546941666971
-1.70196493185817
-1.07767952394432
1.1021833900828
5.00762668019033
9.31242692811131
11.9267246680849
11.3670971087046
7.76793661434668
-3.82824677321083
-3.48205080756893
-2.98367251290262
-2.35489341217332
-1.62319416929985
-0.820553552278081
0.0179491924311503
0.855667471301135
1.6559889757273
2.38393581559754
3.00769322093276
3.49999999999997
3.83933998420382
4.0108823879007
4.00712998489727
3.82824677321081
3.48205080756895
2.98367251290265
2.35489341217336
1.62319416929989
0.820553552278011
-0.017949192431107
-0.855667471301204
-1.65598897572726
-2.3839358155975
-3.0076932209328
-3.49999999999995
-3.83933998420381
-4.0108823879007
-4.00712998489727
-3.82824677321082
-3.48205080756886
-2.98367251290268
-2.35489341217339
-1.62319416929982
-0.820553552278054
0.0179491924310635
0.855667471301162
1.65598897572722
2.38393581559747
3.00769322093277
3.49999999999998
3.83933998420383
4.0108823879007
4.00712998489727
3.82824677321083
3.48205080756888
2.98367251290263
2.35489341217343
1.62319416929976
0.820553552277984
-0.0179491924310202
-0.855667471301119
-1.65598897572739
-2.38393581559743
-3.00769322093275
-3.49999999999996
-3.83933998420385
-4.0108823879007
-4.00712998489727
-3.82824677321077
-3.48205080756891
-2.98367251290266
-2.35489341217337
-1.6231941692998
-0.820553552278027
0.0179491924310911
0.855667471301077
1.65598897572735
2.38393581559749
3.00769322093272
3.5
3.83933998420384
4.01088238790069
4.00712998489727
3.82824677321079
3.48205080756887
2.98367251290269
2.35489341217341
1.62319416929973
0.820553552278069
-0.0179491924310478
-0.855667471301258
-1.65598897572731
-2.38393581559745
-3.00769322093276
-3.49999999999997
-3.83933998420382
-4.0108823879007
-4.00712998489728
-3.8282467732108
-3.48205080756889
-2.98367251290272
-2.35489341217335
-1.62319416929977
-0.820553552277999
0.017949192431004
0.855667471301216
1.65598897572737
2.38393581559742
3.00769322093273
3.50000000000001
3.83933998420381
4.0108823879007
4.00712998489726
3.82824677321082
3.48205080756891
2.98367251290267
2.35489341217338
1.62319416929981
0.820553552278042
-0.0179491924309607
-0.855667471301174
-1.65598897572734
-2.38393581559748
-3.00769322093278
-3.49999999999999
-3.83933998420383
-4.01088238790069
-4.00712998489726
-3.82824677321079
-3.48205080756893
-2.9836725129027
-2.35489341217333
-1.62319416929985
-0.820553552278085
0.0179491924311463
0.855667471301131
1.6559889757273
2.38393581559744
3.00769322093283
3.49999999999997
3.83933998420382
4.0108823879007
4.00712998489727
3.82824677321081
3.4820508075689
2.98367251290265
2.35489341217336
1.62319416929979
0.820553552278127
-0.017949192431103
-0.855667471301201
-1.65598897572726
-2.38393581559741
-3.0076932209328
-3.49999999999994
-3.83933998420381
-4.0108823879007
-4.00712998489726
-3.82824677321082
-3.48205080756892
-2.9836725129026
-2.3548934121734
-1.62319416929983
-0.820553552278058
0.0179491924310595
0.855667471301158
1.65598897572732
2.38393581559746
3.00769322093277
3.49999999999998
3.83933998420379
4.0108823879007
4.00712998489727
3.82824677321083
3.48205080756894
2.98367251290263
2.35489341217334
1.62319416929987
0.820553552277988
-0.0179491924311304
-0.855667471301116
-1.65598897572728
-2.38393581559752
-3.00769322093274
-3.49999999999996
-3.83933998420381
-4.0108823879007
-4.00712998489727
-3.82824677321081
-3.48205080756891
-2.98367251290266
-2.35489341217337
-1.6231941692998
-0.820553552277918
0.0179491924310871
0.855667471301073
1.65598897572735
2.38393581559739
3.00769322093279
3.49999999999994
3.83933998420384
4.01088238790069
4.00712998489726
3.82824677321083
3.48205080756887
2.98367251290269
2.35489341217332
1.62319416929984
0.820553552277961
-0.0179491924310435
-0.855667471301031
-1.65598897572731
-2.38393581559754
-3.00769322093276
-3.49999999999992
-3.83933998420382
-4.01088238790069
-4.00712998489727
-3.82824677321077
-3.48205080756889
-2.98367251290272
-0.0501474106506327
-0.514075979054503
-2.05566999392959
-4.39008152057598
-6.08721752088067
-5.65255378336632
-2.75623272854153
1.33753434942578
4.50000000000001
5.11981427855886
3.13878169964182
-0.00476129951550397
-2.46291145130781
-3.27543741982077
-2.91705094052624
-2.71448575766884
-3.6138795873942
-5.27049362256686
-6.18456383442291
-4.80689641802294
-0.790371340378255
4.56538232113552
9.03885692726264
10.8760898930477
9.8453502453764
7.20800269095146
4.66300512818214
3.0796095353328
1.97304544488588
0.0989492561086751
-3.31661146463591
-7.68389857831074
-11.2147644116827
-12.0658230930838
-9.63003635623756
-5.01778197705993
-0.358977077684583
2.57302791513854
3.41862557729129
3.22074091260755
3.39987561726115
4.52518757116909
5.83041449866672
5.84424100380021
3.64661202441031
-0.225050094035004
-3.94284698622519
-5.54699798398544
-4.2632810546416
-1.01552808774734
2.24085890669403
3.86902423427008
3.59145710076989
2.47435478817481
1.91029174028927
2.40686269796906
3.12620405923387
2.54002969606277
-0.293418609100498
-4.81085229134626
-9.10968047860443
-11.1169994636994
-9.92745622811747
-6.34260311023012
-2.2327807053804
0.788521674995295
2.38977551852901
3.50238167393347
5.31369409112592
8.07885918251546
10.6932015672361
11.3848449429884
9.02805205981899
4.09103598031471
-1.5124823933426
-5.59000263200086
-7.02156420644388
-6.32643974005278
-5.06217782649114
-4.54031329935862
-4.84051551601482
-4.86088026982575
-3.34360140431739
-0.0667641530057188
3.73951607512605
6.10992354581784
5.6898670241704
2.71867632515542
-1.08648762306932
-3.67314309039225
-3.99224527611732
-2.56535235609954
-0.896225981044698
-0.208130058950482
-0.484028109166784
-0.542145618011533
0.918818628579929
4.11785925672258
7.77689302217875
9.85006837778684
8.89083912838776
5.06082983316059
0.0388306231434947
-4.10234368239759
-6.22517420977717
-6.69761378729132
-6.8204609782935
-7.59120389986236
-8.7775268454152
-9.02757711633522
-6.94544700218017
-2.31355103445885
3.48562293051819
8.2071067811861
10.1333060589846
9.11699729965746
6.5307726064175
4.18455492533354
3.03094757941827
2.61848296540655
1.67295956717076
-0.673519991939131
-3.97760040375351
-6.62724552850517
-6.95498499911629
-4.49747812156517
-0.448109459290256
3.06064132724765
4.34055598711504
3.19788386873547
0.901617691712185
-0.872528777751065
-1.30783578950678
-0.967314150569623
-1.19394396270495
-2.87392977055311
-5.53580999721788
-7.50765763049627
-7.05233131265818
-3.65182075622197
1.51775192887226
6.28848929895621
8.87941291437789
8.95415948322422
7.60818623744676
6.34023521271614
5.81808078998263
5.38773280458403
3.69615242270732
-0.0604947567760019
-5.23854187446002
-9.92106258624016
-12.0825318899182
-10.9107474312823
-7.32191308698686
-3.29467499923892
-0.518421090569706
0.651097505315084
1.18146156936178
2.35297343437172
4.55495127906185
6.83331084042084
7.55352147648821
5.68479699091496
1.72468161458622
-2.46221410196393
-4.8106144644605
-4.39192232218447
-1.95515778539081
0.707578890074314
2.08141489380927
1.94709382444669
1.3542930928404
1.60658730993955
3.06536740209033
4.71498596722035
4.84931103705552
2.38058568317758
-2.21534901892515
-7.04801629927512
-9.97744795684026
-9.96192380189877
-7.61933295886609
-4.61949613240848
-2.39222471826562
-1.13340873482772
0.152611510599308
2.63461419569771
6.4687697529271
10.3869824517671
12.4163085450571
11.225400930103
7.10612164999605
1.85387197238599
-2.38024987157842
-4.43492697020024
-4.71344093719253
-4.60333276223103
-5.221621839376
-6.46224370918276
-7.0776795239443
-5.72864774806141
-2.18852574251627
2.24135911624549
5.46262305294715
5.95047953293301
3.76793661434717
0.481512317225868
-1.95425510130484
-2.51806742859109
-1.68412200686648
-0.84224537827783
-1.05566999392958
-2.13006046877444
-2.72119211709631
-1.40991309624684
2.073894290381
6.42598252597333
9.49999999999956
9.69062436490167
6.96890871856478
2.82366582523065
-0.828936855092449
-2.94726802059731
-3.91705094052559
-4.97450680946986
-6.97990499117832
-9.51313430968613
-11.0146908533451
-9.8953445945707
-5.79037134037868
-0.00542776520845223
5.20872990834069
8.0476627683016
8.21137564916061
6.87983329172767
5.66300512818203
5.33963058713442
5.33907084866997
4.34158994322812
1.51351555428601
-2.59545040176318
-6.21476441168271
-7.49501300674088
-5.79990933731504
-2.18935485231441
1.27499751853133
2.90119731436276
2.4186255772915
0.960719860805317
0.0338502134770358
0.282546884050117
1.00028747974454
0.755792827252099
-1.35338797559006
-4.79586018037802
-7.77297400514689
-8.37542510873175
-5.89725565085806
-1.34369748697087
3.24085890669422
6.12904528607183
6.95748250455419
6.71699547529417
6.74041875921143
7.49531087451686
8.12620405923374
7.11083978240548
3.53670840982226
-1.98242516659878
-7.47570588238897
-10.7888300644758
-10.9274562281178
-8.60262416203143
-5.59880610916431
-3.45411901212414
-2.44035150039346
-1.58606650261428
0.313694091126023
3.50804909617282
6.86307454831329
8.55641781824189
7.39407746360304
3.76286658109192
-0.512482393343104
-3.32998158019954
-3.65553880265959
-2.08379905293345
-0.232050807568912
0.548134877189262
0.159484483985263
-0.290070183482782
0.486525614605238
2.76166297174071
5.37349067134118
6.43809294504164
4.68986702417029
0.458655273354748
-4.45251302685391
-7.91578377751159
-8.82237229503943
-7.65380053264688
-5.89622598104511
-4.77894014529357
-4.31415512808893
-3.370572742758
-0.715155967636337
3.78968985749931
8.77689302217782
12.1100894295883
12.2568645321721
9.30347052027952
4.86895764206528
0.986104494150743
-1.22517420977737
-2.1268037009485
1.62319416929988
0.820553552277999
-0.0179491924312332
-0.855667471300992
-1.65598897572727
-2.38393581559751
-3.00769322093273
-3.50000000000001
-3.83933998420381
-4.01088238790068
-4.00712998489727
-3.82824677321085
-3.48205080756891
-2.98367251290259
-2.35489341217338
-1.62319416929971
-0.820553552278042
0.0179491924309607
0.855667471301174
1.65598897572723
2.38393581559748
3.00769322093286
3.49999999999987
3.8393399842038
4.0108823879007
4.00712998489728
3.82824677321079
3.48205080756882
2.98367251290277
2.35489341217342
1.62319416929996
0.820553552278085
-0.0179491924311463
-0.855667471301131
-1.6559889757274
-2.38393581559744
-3.00769322093268
-3.49999999999997
-3.83933998420385
-4.0108823879007
-4.00712998489726
-3.82824677321088
-3.48205080756896
-2.98367251290265
-2.35489341217345
-1.62319416929979
-0.820553552277903
0.0179491924308739
0.855667471301089
1.65598897572736
2.38393581559741
3.0076932209328
3.49999999999994
3.83933998420384
4.01088238790069
4.00712998489729
3.82824677321082
3.48205080756886
2.98367251290268
2.3548934121733
1.62319416929983
0.82055355227817
-0.0179491924310595
-0.855667471301046
-1.65598897572732
-2.38393581559756
-3.00769322093262
-3.49999999999992
-3.83933998420383
-4.01088238790069
-4.00712998489727
-3.82824677321076
-3.48205080756889
-2.98367251290271
-2.35489341217352
-1.62319416929987
-0.820553552277988
0.017949192431016
0.855667471301228
1.65598897572728
2.38393581559734
3.00769322093274
3.50000000000002
3.83933998420381
4.01088238790071
4.00712998489729
3.82824677321085
3.48205080756891
2.98367251290274
2.35489341217337
1.6231941692997
0.820553552278031
-0.0179491924309727
-0.855667471301185
-1.65598897572724
-2.38393581559749
-3.00769322093287
-3.49999999999999
-3.8393399842038
-4.01088238790068
-4.00712998489727
-3.82824677321079
-3.48205080756893
-2.98367251290261
-2.35489341217322
-1.62319416929995
-0.820553552278073
0.0179491924311583
0.855667471301142
1.65598897572741
2.38393581559745
3.00769322093268
3.49999999999997
3.83933998420379
4.0108823879007
4.00712998489725
3.8282467732108
3.48205080756895
2.98367251290264
2.35489341217344
1.62319416929978
0.820553552278116
-0.017949192431115
-0.855667471301324
-1.65598897572716
-2.38393581559742
-3.00769322093281
-3.49999999999995
-3.83933998420384
-4.01088238790072
-4.00712998489728
-3.82824677321082
-3.48205080756897
-2.98367251290267
-2.35489341217329
-1.62319416929982
-0.820553552278158
0.0179491924310713
0.855667471301057
1.65598897572733
2.38393581559757
3.00769322093278
3.50000000000004
3.83933998420376
4.01088238790069
4.00712998489726
3.82824677321083
3.48205080756888
2.98367251290255
2.35489341217352
1.62319416929986
0.820553552277977
-0.017949192431028
-0.855667471301239
-1.65598897572729
-2.38393581559735
-3.00769322093275
-3.49999999999991
-3.83933998420382
-4.01088238790071
-4.00712998489727
-3.82824677321077
-3.4820508075689
-2.98367251290273
-2.35489341217336
-1.62319416929989
-0.820553552278019
0.0179491924312136
0.855667471300973
1.65598897572725
2.3839358155975
3.00769322093272
3.5
3.83933998420387
4.01088238790068
4.00712998489727
3.82824677321086
3.48205080756892
2.9836725129026
2.3548934121734
1.62319416929972
0.820553552278062
-0.0179491924309412
-0.855667471301154
-1.65598897572742
-2.38393581559746
-3.00769322093285
-3.49999999999986
-3.83933998420379
-4.0108823879007
-4.00712998489728
-3.8282467732108
-3.48205080756883
-2.98367251290279
-2.35489341217344
-1.62319416929976
-0.820553552278104
0.0179491924311268
0.855667471301112
1.65598897572738
2.38393581559743
3.00769322093266
3.49999999999996
3.83933998420385
4.0108823879007
4.00712998489726
3.82824677321081
3.48205080756897
2.98367251290266
2.35489341217347
1.6231941692998
0.820553552277922
-0.0179491924308539
-0.855667471301069
-1.65598897572734
-2.38393581559739
-3.00769322093279
-3.50000000000005
-3.83933998420384
-4.01088238790069
-4.00712998489729
-3.82824677321083
-3.48205080756887
-2.98367251290269
-2.35489341217332
-1.62319416929984
-0.820553552278189
0.0179491924310398
0.855667471301251
1.6559889757273
2.38393581559754
3.00769322093261
3.49999999999991
3.83933998420382
4.01088238790069
4.00712998489727
3.82824677321077
3.4820508075689
2.98367251290272
2.35489341217335
1.62319416929988
0.820553552278007
-0.0179491924309962
-0.855667471301208
-1.65598897572726
-2.38393581559732
-3.00769322093273
-3.50000000000001
-3.83933998420381
-4.01088238790071
-4.00712998489725
-3.82824677321085
-3.48205080756892
-2.98367251290275
-2.35489341217339
-1.62319416929971
-0.82055355227805
0.0179491924309529
0.855667471301166
1.65598897572722
2.38393581559747
3.00769322093285
3.49999999999998
3.8393399842038
4.01088238790068
4.00712998489728
3.8282467732108
3.48205080756894
2.98367251290263
2.35489341217324
1.62319416929996
0.820553552278092
-0.0179491924311386
-0.855667471301123
-1.65598897572739
-2.38393581559743
-3.00769322093267
-3.49999999999996
-3.83933998420378
-4.0108823879007
-4.00712998489726
-3.82824677321081
-3.48205080756896
-2.98367251290265
-2.35489341217346
-1.62319416929979
-0.820553552278135
0.0179491924310951
0.855667471301305
1.65598897572714
2.3839358155974
3.0076932209328
3.49999999999994
3.83933998420384
4.01088238790072
4.00712998489729
3.82824677321082
3.48205080756898
2.98367251290268
2.35489341217331
1.62319416929983
0.820553552278178
-0.0179491924310515
-0.855667471301039
-1.65598897572731
-2.38393581559755
-3.00769322093277
-3.50000000000003
-3.83933998420376
-4.01088238790069
-4.00712998489727
-3.82824677321084
-3.48205080756889
-2.98367251290256
-2.35489341217353
-1.62319416929987
-0.820553552277996
0.0179491924310082
0.85566747130122
1.65598897572727
2.38393581559733
3.00769322093274
3.4999999999999
3.83933998420381
4.01088238790071
4.00712998489727
3.82824677321078
3.48205080756891
2.98367251290274
2.35489341217338
1.62319416929991
0.820553552278038
-0.0179491924311941
-0.855667471300954
-1.65598897572723
-2.38393581559748
-3.00769322093271
-3.49999999999999
-3.83933998420387
-4.01088238790068
-4.00712998489727
-3.82824677321086
-3.48205080756893
-2.98367251290262
-2.35489341217342
-1.62319416929974
-0.820553552278081
0.0179491924309212
0.855667471301135
1.6559889757274
2.38393581559744
3.00769322093283
3.49999999999985
3.83933998420379
4.0108823879007
4.00712998489728
3.82824677321081
3.48205080756884
2.9836725129028
2.35489341217345
1.62319416929978
0.820553552278124
-0.017949192431107
-0.855667471301317
-1.65598897572736
-2.38393581559741
-3.00769322093265
-3.49999999999995
-3.83933998420384
-4.01088238790069
-4.00712998489726
-3.82824677321082
-3.48205080756898
-2.98367251290268
-2.3548934121733
-1.62319416929982
-0.820553552277941
0.0179491924308344
0.85566747130105
1.65598897572732
2.38393581559737
3.00769322093277
3.50000000000004
3.83933998420383
4.01088238790069
4.00712998489727
3.82824677321083
3.48205080756888
2.9836725129027
2.35489341217334
1.62319416929986
0.820553552278209
-0.0179491924310202
-0.855667471301232
-1.65598897572728
-2.38393581559752
-3.00769322093275
-3.4999999999999
-3.83933998420382
-4.01088238790069
-4.00712998489727
-3.82824677321077
-3.48205080756902
-2.98367251290273
-2.35489341217337
-1.6231941692999
-0.820553552278027
0.0179491924312059
0.855667471301189
1.65598897572725
2.3839358155973
3.00769322093272
3.5
3.8393399842038
4.0108823879007
4.00712998489727
3.82824677321086
3.48205080756893
2.98367251290261
2.35489341217341
-4.96410161513776
-4.00000000000032
-1.96410161513869
0.598076211352958
2.99999999999933
4.59807621135324
4.96410161513784
4.00000000000069
1.96410161513821
-0.598076211353469
-2.99999999999974
-4.598076211353
-4.96410161513791
-4.00000000000038
-1.96410161513774
0.598076211352851
2.99999999999924
4.5980762113532
4.96410161513785
4.00000000000007
1.96410161513831
-0.598076211352233
-2.99999999999965
-4.59807621135295
-4.96410161513779
-4.00000000000045
-1.96410161513889
0.598076211352744
3.00000000000006
4.59807621135316
4.96410161513786
4.00000000000014
1.96410161513841
-0.598076211353255
-2.99999999999956
-4.59807621135291
-4.9641016151378
-4.00000000000051
-1.96410161513794
0.598076211352637
2.99999999999907
4.59807621135312
4.96410161513774
4.0000000000002
1.96410161513851
-0.59807621135202
-2.99999999999948
-4.59807621135332
-4.96410161513781
-4.00000000000058
-1.96410161513804
0.59807621135253
2.99999999999989
4.59807621135307
4.96410161513789
4.00000000000027
1.96410161513861
-0.598076211353041
-2.99999999999939
-4.59807621135283
-4.96410161513782
-3.99999999999996
-1.96410161513814
0.598076211352423
2.9999999999998
4.59807621135303
4.96410161513776
4.00000000000033
1.96410161513871
-0.598076211352934
-2.99999999999931
-4.59807621135323
-4.96410161513784
-4.00000000000071
-1.96410161513824
0.598076211353445
2.99999999999972
4.59807621135299
4.96410161513791
4.0000000000004
1.96410161513776
-0.598076211352827
-2.99999999999922
-4.59807621135319
-4.96410161513785
-4.00000000000009
-1.96410161513834
0.598076211352209
2.99999999999963
4.59807621135295
4.96410161513779
4.00000000000046
1.96410161513891
-0.59807621135272
-3.00000000000004
-4.59807621135315
-4.96410161513786
-4.00000000000015
-1.96410161513844
0.598076211353231
2.99999999999955
4.5980762113529
4.9641016151378
4.00000000000053
1.96410161513796
-0.598076211352613
-2.99999999999905
-4.5980762113531
-4.96410161513774
-4.00000000000022
-1.96410161513853
0.598076211351995
2.99999999999946
4.59807621135331
4.96410161513781
4.00000000000059
1.96410161513806
-0.598076211352506
-2.99999999999987
-4.59807621135306
-4.96410161513789
-4.00000000000028
-1.96410161513863
0.598076211353017
2.99999999999937
4.59807621135282
4.96410161513783
3.99999999999998
1.96410161513816
-0.598076211352399
-2.99999999999978
-4.59807621135302
-4.96410161513777
-4.00000000000035
-1.96410161513873
0.59807621135291
2.99999999999929
4.59807621135322
4.96410161513784
4.00000000000072
1.96410161513826
-0.598076211353421
-2.9999999999997
-4.59807621135298
-4.96410161513792
-4.00000000000041
-1.96410161513779
0.598076211352803
2.9999999999992
4.59807621135318
4.96410161513785
4.0000000000001
1.96410161513836
-0.598076211352185
-2.99999999999961
-4.59807621135294
-4.96410161513779
-4.00000000000048
-1.96410161513893
0.598076211352696
3.00000000000002
4.59807621135314
4.96410161513787
4.00000000000017
1.96410161513846
-0.598076211353206
-2.99999999999953
-4.59807621135289
-4.96410161513781
-4.00000000000054
-1.96410161513798
0.598076211352589
2.99999999999903
4.5980762113531
4.96410161513774
4.00000000000023
1.96410161513856
-0.59807621135197
-2.99999999999944
-4.5980762113533
-4.96410161513782
-4.00000000000061
-1.96410161513808
0.598076211352482
2.99999999999985
4.59807621135305
4.96410161513789
4.0000000000003
1.96410161513761
-0.598076211352993
-2.99999999999935
-4.59807621135281
-4.96410161513783
-3.99999999999999
-1.96410161513818
0.598076211352375
2.99999999999976
4.59807621135301
4.96410161513777
4.00000000000036
1.96410161513875
-0.598076211352886
-2.99999999999927
-4.59807621135321
-4.96410161513784
-4.00000000000074
-1.96410161513828
0.598076211353396
2.99999999999968
4.59807621135297
4.96410161513778
4.00000000000043
1.96410161513781
-0.598076211352778
-2.99999999999918
-4.59807621135317
-4.96410161513786
-4.00000000000012
-1.96410161513838
0.59807621135216
2.99999999999959
4.59807621135337
4.96410161513779
4.00000000000049
1.96410161513895
-0.598076211352672
-3
-4.59807621135313
-4.96410161513787
-4.00000000000018
-1.96410161513848
0.598076211353182
2.99999999999951
4.59807621135288
4.96410161513781
4.00000000000056
1.96410161513801
-0.598076211352565
-2.99999999999901
-4.59807621135309
-4.96410161513775
-4.00000000000025
-1.96410161513858
0.598076211353075
2.99999999999942
4.59807621135329
4.96410161513782
4.00000000000062
1.96410161513811
-0.598076211352457
-2.99999999999983
-4.59807621135304
-4.9641016151379
-4.00000000000031
-1.96410161513763
0.598076211352968
2.99999999999933
4.5980762113528
4.96410161513783
4
1.96410161513821
-0.59807621135235
-2.99999999999975
-4.598076211353
-4.96410161513777
-4.00000000000038
-1.96410161513878
0.598076211352861
2.99999999999925
4.5980762113532
4.96410161513785
4.00000000000075
1.9641016151383
-0.598076211353372
-2.99999999999966
-4.59807621135296
-4.96410161513779
-4.00000000000044
-1.96410161513783
0.598076211352754
2.99999999999916
4.59807621135316
4.96410161513786
4.00000000000013
1.9641016151384
-0.598076211352136
-2.99999999999957
-4.59807621135336
-4.9641016151378
-4.00000000000051
-1.96410161513898
0.598076211352647
2.99999999999998
4.59807621135312
4.96410161513787
4.0000000000002
1.9641016151385
-0.598076211353158
-2.99999999999949
-4.59807621135287
-4.96410161513781
-4.00000000000057
-1.96410161513803
0.59807621135254
2.99999999999899
4.59807621135308
4.96410161513775
4.00000000000026
1.9641016151386
-0.598076211353051
-2.9999999999994
-4.59807621135328
-4.96410161513782
-4.00000000000064
-1.96410161513813
0.598076211352433
2.99999999999981
4.59807621135303
4.9641016151379
4.00000000000033
1.96410161513766
-0.598076211352944
-2.99999999999931
-4.59807621135279
-4.96410161513784
-4.00000000000002
-1.96410161513823
0.598076211352326
2.99999999999973
4.59807621135299
4.96410161513777
4.00000000000039
1.9641016151388
-0.598076211352837
-2.99999999999923
-4.59807621135319
-4.96410161513785
-4.00000000000077
-1.96410161513833
0.598076211353348
2.99999999999964
4.59807621135295
4.96410161513779
4.00000000000046
1.96410161513785
-0.59807621135273
-2.99999999999914
-4.59807621135315
-4.96410161513786
-4.00000000000015
-1.96410161513843
0.598076211352112
2.99999999999955
4.59807621135335
4.9641016151378
4.00000000000052
1.964101615139
-0.598076211352623
-2.99999999999996
-4.59807621135311
-4.96410161513788
-4.00000000000021
-1.96410161513852
0.598076211353133
2.99999999999947
4.59807621135286
4.96410161513781
4.00000000000059
1.96410161513805
-0.598076211352516
-2.99999999999897
-4.59807621135307
-4.96410161513775
-4.00000000000028
-1.96410161513862
0.598076211353026
2.99999999999938
4.59807621135327
4.96410161513783
4.00000000000065
1.96410161513815
-0.598076211352408
-2.99999999999979
-4.59807621135302
-4.9641016151379
-4.00000000000034
-1.96410161513768
0.598076211352919
2.99999999999929
4.59807621135278
4.96410161513784
4.00000000000003
1.96410161513825
-0.598076211352302
-2.99999999999971
-4.59807621135298
-4.96410161513778
-4.00000000000041
-1.96410161513882
0.598076211352813
2.99999999999921
4.59807621135318
4.96410161513785
4.00000000000078
1.96410161513835
-0.598076211353323
-2.99999999999962
-4.59807621135294
-4.96410161513779
-4.00000000000047
-1.96410161513788
0.598076211352706
2.99999999999912
4.59807621135314
4.96410161513787
4.00000000000016
1.96410161513845
-0.598076211352088
-2.99999999999953
-4.59807621135334
-4.9641016151378
-4.00000000000054
-1.96410161513902
0.598076211352599
2.99999999999995
4.5980762113531
4.96410161513788
4.00000000000023
1.96410161513855
-0.598076211353109
-2.99999999999945
-4.59807621135285
-4.96410161513782
-4.0000000000006
-1.96410161513807
0.598076211352491
2.99999999999895
4.59807621135306
4.96410161513776
4.00000000000029
1.96410161513865
-0.598076211353002
-2.99999999999936
-4.59807621135326
-4.96410161513783
-4.00000000000067
-1.96410161513817
0.598076211352384
2.99999999999977
4.59807621135301
4.9641016151379
4.00000000000036
1.9641016151377
-0.598076211352895
-2.99999999999927
-4.59807621135322
-4.96410161513784
-4.00000000000005
-1.96410161513827
0.598076211352277
2.99999999999969
4.59807621135297
4.96410161513778
4.00000000000042
1.96410161513885
-0.598076211352788
-3.0000000000001
-4.59807621135317
-4.96410161513785
-4.00000000000079
-1.96410161513837
0.598076211353299
2.9999999999996
4.59807621135293
4.96410161513779
4.00000000000049
1.9641016151379
-0.598076211352681
-2.9999999999991
-4.59807621135313
-4.96410161513787
-4.00000000000018
-1.96410161513847
0.598076211352064
2.99999999999951
4.59807621135333
4.96410161513781
4.00000000000055
1.964101615138
-0.598076211352574
-2.99999999999993
-4.59807621135309
-4.96410161513788
-4.00000000000024
-1.96410161513857
0.598076211353085
2.99999999999943
4.59807621135285
4.96410161513782
3.99999999999993
1.9641016151381
-0.598076211352467
-2.99999999999893
-4.59807621135305
-4.96410161513776
-4.00000000000031
-1.96410161513867
0.598076211352978
2.99999999999934
4.59807621135325
4.96410161513783
4.00000000000068
1.9641016151382
-0.59807621135236
-2.99999999999975
-4.59807621135301
-4.96410161513791
-4.00000000000037
-1.96410161513772
0.598076211352871
2.99999999999926
4.59807621135321
4.96410161513785
4.00000000000006
1.9641016151383
-0.598076211352253
-2.99999999999967
-4.59807621135296
-4.96410161513778
-4.00000000000044
-1.96410161513887
0.598076211352764
3.00000000000008
4.59807621135317
4.96410161513786
4.00000000000081
1.96410161513839
-0.598076211353275
-2.99999999999958
-4.59807621135292
-4.9641016151378
-4.0000000000005
-1.96410161513792
0.598076211352657
2.99999999999908
4.59807621135312
4.96410161513787
4.00000000000019
1.96410161513849
-0.598076211352039
-2.99999999999949
-4.59807621135332
-4.96410161513781
-4.00000000000057
-1.96410161513802
0.59807621135255
2.99999999999991
4.59807621135308
4.96410161513788
4.00000000000026
1.96410161513859
-0.598076211353061
-2.99999999999941
-4.59807621135284
-4.96410161513782
-3.99999999999995
-1.96410161513812
0.598076211352443
2.99999999999891
4.59807621135304
4.96410161513776
4.00000000000032
1.96410161513869
-0.598076211352954
-2.99999999999932
-4.59807621135324
-4.96410161513784
-4.0000000000007
-1.96410161513822
0.598076211352336
2.99999999999973
4.598076211353
4.96410161513791
4.00000000000039
1.96410161513775
-0.598076211352847
-2.99999999999924
-4.5980762113532
-4.96410161513785
-4.00000000000008
-1.96410161513832
0.598076211352229
2.99999999999965
4.59807621135295
4.96410161513779
4.00000000000045
1.96410161513889
-0.59807621135274
-3.00000000000006
-4.59807621135316
-4.96410161513786
-4.00000000000082
-1.96410161513842
0.59807621135325
2.99999999999956
4.59807621135291
4.9641016151378
4.00000000000052
1.96410161513794
-0.598076211352632
-2.99999999999906
-4.59807621135311
-4.96410161513787
-4.00000000000021
-1.96410161513852
0.598076211352014
2.99999999999947
4.59807621135332
4.96410161513781
4.00000000000058
1.96410161513909
-0.598076211352526
-2.99999999999989
-4.59807621135307
-4.96410161513775
-4.00000000000095
-1.96410161513862
0.598076211353037
2.99999999999939
4.59807621135327
4.96410161513796
4.00000000000065
1.96410161513814
-0.598076211352419
-2.9999999999998
-4.59807621135347
-4.9641016151379
-4.00000000000034
-1.96410161513871
0.598076211352929
3.00000000000021
4.59807621135278
4.96410161513784
4.00000000000071
1.96410161513824
-0.59807621135344
-2.99999999999971
-4.59807621135299
-4.96410161513791
-4.0000000000004
-1.96410161513777
0.598076211352822
2.99999999999922
4.59807621135274
4.96410161513785
4.00000000000009
1.96410161513834
-0.598076211353333
-2.99999999999872
-4.59807621135294
-4.96410161513779
-4.00000000000047
-1.96410161513787
0.598076211351586
2.99999999999913
4.59807621135315
4.96410161513786
4.00000000000016
1.96410161513739
-0.598076211352097
-2.99999999999954
-4.5980762113529
-4.9641016151378
-3.99999999999985
-1.96410161513901
0.598076211352608
2.99999999999904
4.5980762113531
4.96410161513774
4.00000000000022
1.96410161513854
-0.59807621135199
-2.99999999999946
-4.59807621135331
-4.96410161513782
-4.0000000000006
-1.96410161513911
0.598076211352501
2.99999999999987
4.59807621135306
4.96410161513775
4.00000000000097
1.96410161513864
-0.598076211353012
-2.99999999999937
-4.59807621135326
-4.96410161513796
-4.00000000000066
-1.96410161513816
0.598076211352394
2.99999999999978
4.59807621135347
4.9641016151379
4.00000000000035
1.96410161513874
-0.598076211352905
-3.00000000000019
-4.59807621135277
-4.96410161513784
-4.00000000000072
-1.96410161513826
0.598076211353416
2.99999999999969
4.59807621135298
4.96410161513792
4.00000000000042
1.96410161513779
-0.598076211352798
-2.9999999999992
-4.59807621135273
-4.96410161513785
-4.00000000000011
-1.96410161513836
0.598076211353309
2.9999999999987
4.59807621135293
4.96410161513779
4.00000000000048
1.96410161513789
-0.598076211351562
-2.99999999999911
-4.59807621135314
-4.96410161513787
-4.00000000000017
-1.96410161513742
0.598076211352073
2.99999999999952
4.59807621135289
4.96410161513781
3.99999999999986
1.96410161513903
-0.598076211352584
-2.99999999999902
-4.59807621135309
-4.96410161513774
-4.00000000000024
-1.96410161513856
0.598076211351966
2.99999999999944
4.5980762113533
4.96410161513782
4.00000000000061
1.96410161513913
-0.598076211352477
-2.99999999999985
-4.59807621135305
-4.96410161513776
-4.00000000000098
-1.96410161513866
0.598076211352988
2.99999999999935
4.59807621135325
4.96410161513797
4.00000000000068
1.96410161513819
-0.59807621135237
-2.99999999999976
-4.59807621135346
-4.96410161513791
-4.00000000000037
-1.96410161513876
0.598076211352881
3.00000000000017
4.59807621135276
4.96410161513784
4.00000000000074
1.96410161513829
-0.598076211353391
-2.99999999999967
-4.59807621135297
-4.96410161513792
-4.00000000000043
-1.96410161513781
0.598076211352773
2.99999999999918
4.59807621135272
4.96410161513786
4.00000000000012
1.96410161513839
-0.598076211353284
-2.99999999999868
-4.59807621135292
-4.9641016151378
-4.0000000000005
-1.96410161513791
0.598076211351538
2.99999999999909
4.59807621135313
4.96410161513787
4.00000000000019
1.96410161513744
-0.598076211352049
-2.9999999999995
-4.59807621135288
-4.96410161513781
-3.99999999999988
-1.96410161513906
0.598076211352559
2.999999999999
4.59807621135308
4.96410161513775
4.00000000000025
1.96410161513858
-0.598076211351942
-2.99999999999942
-4.59807621135329
-4.96410161513782
-4.00000000000062
-1.96410161513916
0.598076211352452
2.99999999999983
4.59807621135304
4.96410161513776
4.000000000001
1.96410161513868
-0.598076211352963
-2.99999999999933
-4.59807621135324
-4.96410161513797
-4.00000000000069
-1.96410161513821
0.598076211352346
2.99999999999974
4.59807621135345
4.96410161513791
4.00000000000038
1.96410161513878
-0.598076211352856
-3.00000000000015
-4.5980762113532
-4.96410161513785
-4.00000000000075
-1.96410161513831
0.598076211353367
2.99999999999965
4.59807621135296
4.96410161513792
4.00000000000044
1.96410161513784
-0.598076211352749
-3.00000000000007
-4.59807621135271
-4.96410161513786
-4.00000000000014
-1.96410161513841
0.59807621135326
2.99999999999866
4.59807621135291
4.9641016151378
4.00000000000051
1.96410161513793
-0.598076211353771
-2.99999999999907
-4.59807621135312
-4.96410161513787
-4.0000000000002
-1.96410161513746
0.598076211352024
2.99999999999948
4.59807621135287
4.96410161513781
3.99999999999989
1.96410161513803
-0.598076211352535
-2.99999999999898
-4.59807621135307
-4.96410161513775
-4.00000000000027
-1.96410161513861
0.598076211351917
2.9999999999994
4.59807621135328
4.96410161513782
3.99999999999996
1.96410161513918
-0.598076211352428
-2.99999999999981
-4.59807621135303
-4.96410161513776
-4.00000000000101
-1.96410161513871
0.598076211352939
2.99999999999931
4.59807621135323
4.9641016151377
4.0000000000007
1.96410161513823
-0.598076211352321
-2.99999999999972
-4.59807621135344
-4.96410161513791
-4.0000000000004
-1.9641016151388
0.598076211352832
3.00000000000013
4.59807621135319
4.96410161513785
4.00000000000077
1.96410161513833
-0.598076211353343
-2.99999999999964
-4.59807621135295
-4.96410161513792
-4.00000000000046
-1.96410161513786
0.598076211352725
3.00000000000005
4.5980762113527
4.96410161513786
4.00000000000015
1.96410161513843
-0.598076211353236
-2.99999999999864
-4.59807621135291
-4.9641016151378
-4.00000000000052
-1.96410161513796
0.598076211353747
2.99999999999905
4.59807621135311
4.96410161513788
4.00000000000022
1.96410161513748
-0.598076211352
-2.99999999999946
-4.59807621135286
-4.96410161513781
-3.99999999999991
-1.96410161513806
0.598076211352511
2.99999999999897
4.59807621135306
4.96410161513775
4.00000000000028
1.96410161513863
-0.598076211351893
-2.99999999999938
-4.59807621135327
-4.96410161513783
-3.99999999999997
-1.9641016151392
0.598076211352404
2.99999999999979
4.59807621135302
4.96410161513777
4.00000000000103
1.96410161513873
-0.598076211352914
-2.99999999999929
-4.59807621135322
-4.9641016151377
-4.00000000000072
-1.96410161513825
0.598076211352297
2.9999999999997
4.59807621135343
4.96410161513792
4.00000000000041
1.96410161513883
-0.598076211352808
-3.00000000000011
-4.59807621135318
-4.96410161513785
-4.00000000000078
-1.96410161513835
0.598076211353319
2.99999999999962
4.59807621135294
4.96410161513793
4.00000000000048
1.96410161513788
-0.598076211352701
-3.00000000000003
-4.59807621135269
-4.96410161513787
-4.00000000000017
-1.96410161513845
0.598076211353212
2.99999999999862
4.5980762113529
4.9641016151378
4.00000000000054
1.96410161513798
-0.598076211353722
-2.99999999999903
-4.5980762113531
-4.96410161513788
-4.00000000000023
-1.96410161513751
0.598076211351976
2.99999999999944
4.59807621135285
4.96410161513782
3.99999999999992
1.96410161513808
-0.598076211352487
-2.99999999999895
-4.59807621135305
-4.96410161513776
-4.0000000000003
-1.96410161513865
0.598076211351869
2.99999999999936
4.59807621135326
4.96410161513783
3.99999999999999
1.96410161513922
-0.59807621135238
-2.99999999999977
-4.59807621135301
-4.96410161513777
-4.00000000000104
-1.96410161513875
0.59807621135289
2.99999999999927
4.59807621135321
4.96410161513771
4.00000000000073
1.96410161513828
-0.598076211352272
-2.99999999999968
-4.59807621135342
-4.96410161513792
-4.00000000000042
-1.96410161513885
0.598076211352783
3.00000000000009
4.59807621135317
4.96410161513786
4.0000000000008
1.96410161513838
-0.598076211353294
-2.9999999999996
-4.59807621135293
-4.96410161513793
-4.00000000000049
-1.9641016151379
0.598076211352676
3.00000000000001
4.59807621135268
4.96410161513787
4.00000000000018
1.96410161513848
-0.598076211353187
-2.9999999999986
-4.59807621135289
-4.96410161513781
-4.00000000000055
-1.964101615138
0.598076211353698
2.99999999999901
4.59807621135309
4.96410161513788
4.00000000000025
1.96410161513753
-0.598076211351951
-2.99999999999942
-4.59807621135284
-4.96410161513782
-3.99999999999994
-1.9641016151381
0.598076211352462
2.99999999999893
4.59807621135305
4.96410161513776
4.00000000000031
1.96410161513867
-0.598076211351844
-2.99999999999934
-4.59807621135325
-4.96410161513783
-4
-1.96410161513925
0.598076211352355
2.99999999999975
4.598076211353
4.96410161513777
4.00000000000106
1.96410161513877
-0.598076211352866
-2.99999999999925
-4.5980762113532
-4.96410161513771
-4.00000000000075
-1.9641016151383
0.598076211352248
2.99999999999966
4.59807621135341
4.96410161513792
4.00000000000044
1.96410161513887
-0.598076211352759
-3.00000000000007
-4.59807621135316
-4.96410161513786
-4.00000000000081
-1.9641016151384
0.59807621135327
2.99999999999958
4.59807621135292
4.96410161513793
4.0000000000005
1.96410161513793
-0.598076211352652
-2.99999999999999
-4.59807621135267
-4.96410161513787
-4.0000000000002
-1.9641016151385
0.598076211353163
2.99999999999858
4.59807621135288
4.96410161513781
4.00000000000057
1.96410161513802
-0.598076211353674
-2.99999999999899
-4.59807621135308
-4.96410161513788
-4.00000000000026
-1.96410161513755
0.598076211351927
2.9999999999994
4.59807621135283
4.96410161513782
3.99999999999995
1.96410161513812
-0.598076211352438
-2.99999999999891
-4.59807621135304
-4.96410161513776
-4.00000000000033
-1.9641016151387
0.59807621135182
2.99999999999932
4.59807621135324
4.96410161513784
4.00000000000002
1.96410161513927
-0.598076211352331
-2.99999999999973
-4.59807621135299
-4.96410161513777
-4.00000000000107
-1.9641016151388
0.598076211352842
2.99999999999923
4.5980762113532
4.96410161513771
4.00000000000076
1.96410161513832
-0.598076211352224
-2.99999999999964
-4.5980762113534
-4.96410161513792
-4.00000000000045
-1.96410161513889
0.598076211352735
3.00000000000006
4.59807621135315
4.96410161513786
4.00000000000083
1.96410161513842
-0.598076211353245
-2.99999999999956
-4.59807621135291
-4.96410161513794
-4.00000000000052
-1.96410161513795
0.598076211352628
2.99999999999997
4.59807621135266
4.96410161513787
4.00000000000021
1.96410161513852
-0.598076211353138
-2.99999999999856
-4.59807621135287
-4.96410161513781
-4.00000000000058
-1.96410161513805
0.59807621135365
2.99999999999897
4.59807621135307
4.96410161513789
4.00000000000027
1.96410161513757
-0.598076211351902
-2.99999999999938
-4.59807621135282
-4.96410161513783
-3.99999999999997
-1.96410161513815
0.598076211352414
2.99999999999889
4.59807621135303
4.96410161513777
4.00000000000034
1.96410161513872
-0.598076211351795
-2.9999999999993
-4.59807621135323
-4.96410161513784
-4.00000000000003
-1.96410161513929
0.598076211352307
2.99999999999971
4.59807621135298
4.96410161513778
4.00000000000109
1.96410161513882
-0.598076211352817
-2.99999999999921
-4.59807621135319
-4.96410161513772
-4.00000000000078
-1.96410161513835
0.5980762113522
2.99999999999962
4.59807621135339
4.96410161513793
4.00000000000047
1.96410161513892
-0.59807621135271
-3.00000000000004
-4.59807621135314
-4.96410161513787
-4.00000000000084
-1.96410161513844
0.598076211353221
2.99999999999954
4.5980762113529
4.96410161513794
4.00000000000053
1.96410161513797
-0.598076211352603
-2.99999999999995
-4.59807621135265
-4.96410161513788
-4.00000000000022
-1.96410161513854
0.598076211353114
2.99999999999854
4.59807621135286
4.96410161513782
4.0000000000006
1.96410161513807
-0.598076211353625
-2.99999999999895
-4.59807621135306
-4.96410161513789
-4.00000000000029
-1.9641016151376
0.598076211351878
2.99999999999936
4.59807621135281
4.96410161513783
3.99999999999998
1.96410161513817
-0.59807621135239
-2.99999999999887
-4.59807621135302
-4.96410161513777
-4.00000000000035
-1.96410161513874
0.598076211351771
2.99999999999928
4.59807621135322
4.96410161513784
4.00000000000005
1.96410161513931
-0.598076211352283
-2.99999999999969
-4.59807621135297
-4.96410161513778
-4.0000000000011
-1.96410161513884
0.598076211352793
2.99999999999919
4.59807621135318
4.96410161513772
4.00000000000079
1.96410161513837
-0.598076211352175
-2.9999999999996
-4.59807621135338
-4.96410161513793
6.12573235847768
5.9742116412313
6.01206581349222
6.81808078998261
7.64775385638525
7.06217782649113
4.18214593034397
-0.408414855537481
-4.83261440969257
-7.08253188991808
-6.33993734494172
-3.49178606806493
-0.466247874493356
1.11555350564634
0.979266904538706
0.181461569361713
0.0929523825702332
1.18892587527682
2.5906701533011
2.72339445756542
0.596348814366509
-3.27531838541068
-7.03302418830574
-8.64074148338229
-7.22034944693179
-3.58913238160689
0.379409490850915
3.08141489380832
4.20711487624854
4.72031849662537
5.84922799705919
7.89549442101224
9.80343414376719
9.84931103705507
6.95139576952216
1.61477799999961
-4.21958917452869
-8.34347336062459
-9.63375440267488
-8.6193329588666
-6.87951718421056
-5.75825012204985
-5.37604942194718
-4.67751550832179
-2.45383398085039
1.46876975292665
5.81617236542384
8.58618152613459
8.39697380535734
5.47214705378074
1.52570257316294
-1.38024987157792
-2.17490591839917
-1.34741553340802
-0.360692075111994
-0.391494820453336
-1.37379553263315
-2.07767952394364
-1.15783766171774
1.64160127640623
5.06978624098983
7.09659764916248
6.27864893215748
2.76793661434778
-1.77850873457589
-5.32028050508938
-6.76070811571049
-6.51424902578924
-5.93069355482598
-6.05566999392961
-6.70087055511677
-6.55131913601806
-4.23834022099489
0.439919694163448
6.09781312674929
10.4999999999993
11.9506454167032
10.3349341223495
7.06630651235093
4.0011901638303
2.14118015595079
1.08294905947328
-0.403696723126947
-3.149777972255
-6.68470718493944
-9.38071625712912
-9.5671751953475
-6.79037134037842
-2.26544881701074
1.84270450455534
3.80502208118231
3.38124863023829
1.79138511517978
0.663005128181684
0.76882050079051
1.50894382974693
1.51316281848102
-0.120459041930029
-2.92361980098612
-5.21476441168265
-5.23499195493971
-2.43388393353196
2.05328583480436
6.10512453745377
7.98964549091033
7.41862557729242
5.53152994714957
3.86397723239915
3.1109740087958
2.63426207595907
1.08396222647697
-2.35338797558822
-7.05588123217769
-11.138999408931
-12.618065795851
-10.7273826697809
-6.43214566352023
-1.7591410933069
1.5582351997287
3.12735548563239
3.88856835054888
5.10644416299531
7.16714147529283
9.12620405923394
9.37086083420735
6.90273381360667
2.26021552052128
-2.64557886346595
-5.70038188792747
-5.92745622811805
-4.03181407568844
-1.76867909024206
-0.62569188737707
-0.806376904175772
-1.25789710339017
-0.686305908873292
1.24802804437074
3.49704914452775
4.31377713112287
2.56395044468185
-1.32558159545547
-5.51248239334352
-7.9007916665424
-7.48566582158287
-4.91222617768095
-1.86602540378465
0.219965477965892
1.15948448398629
1.9699508683178
3.85255101838818
7.00430365885888
10.203617690263
11.5265411215893
9.68986702416996
5.02946535969882
-0.622386007930135
-5.08735665276449
-7.18839769882407
-7.32563113342402
-6.89622598104493
-7.03896119709426
-7.68018053187391
-7.61321342987744
-5.54528298655829
-1.2987583190484
3.77689302217687
7.53927934324457
8.42673751325025
6.47504339553298
3.2349830458493
0.657935094926672
-0.225174209778679
0.133217350852546
0.375691444412875
-0.520136087996647
-2.31342523027725
-3.61095954056415
-2.94544700218019
-0.00276199991864923
3.94972454565651
6.7928932188136
6.93715363627872
4.3567185223345
0.53077260641814
-2.64627621281111
-4.1652048432891
-4.45258484646019
-4.79114204796654
-6.09013756771015
-7.97760040375306
-8.93803456304645
-7.41908661425379
-3.08326455919441
2.74804296341468
7.82092010457082
10.3405559871148
10.0287150068799
8.09777011441883
6.19853903411461
5.15626582563203
4.4493034252028
2.80605603729551
-0.563140736011752
-5.07170838207826
-8.92187119286833
-10.2484837353647
-8.41209953354723
-4.48224807112686
-0.542341839187043
1.68326049167168
1.88309167135974
1.1440846223092
0.923617636944464
1.81808078998239
3.07694377004183
3.23205080756929
1.35371880559762
-2.0423894517526
-5.16078380891652
-6.08253188991818
-4.07991629313963
-0.125760664280873
3.77639281262686
5.94568052456915
6.0677150810877
5.1814615693622
4.66376246891304
5.01905289420009
5.41909727804729
4.3573690537813
0.924518213590332
-4.27531838541159
-9.29304524010722
-12.006766887167
-11.4629901340502
-8.41925940052801
-4.70903868569826
1.4301965201412
1.43224439932856
1.13935055172759
0.592566263814514
-0.137628952899856
-0.95877138195674
-1.76613863808658
-2.45378303578728
-2.9257676199844
-3.10647719172538
-2.94896544276139
-2.44049073765766
-1.60466843886366
-0.499999999999692
0.785104211782503
2.14034524834185
3.44383435570566
4.57367808386509
5.41972682741967
5.89434265755405
5.94113287704859
5.54078941710212
4.71345221297384
3.51735000036035
2.04383190313242
0.40925264673782
-1.25552085462698
-2.81698317325879
-4.15111212712829
-5.15458248786436
-5.75400373849134
-5.91230579416026
-5.63167326360467
-4.95276334448157
-3.95030217480136
-2.72550432277454
-1.39606599109236
-0.0847146591867509
1.09256626381457
2.03749277430968
2.67855600283923
2.97734745712199
2.93153630102367
2.57423238001523
1.96982515071056
1.20673540015501
0.387819652764021
-0.380603227949319
-1.00000000000038
-1.39001751542751
-1.49698213645454
-1.29965173950212
-0.811641252945755
-0.0802731725803083
0.818040315117527
1.78543203413297
2.71247902668116
3.48938700205907
4.01735000036011
4.21895363034216
4.04658003153408
3.48796524058222
2.56833616355169
1.34888787287174
-0.0782801454291495
-1.59830289557498
-3.08399540373886
-4.40760805268941
-5.45276334448141
-6.12542390201157
-6.36283170757085
-6.13955208630117
-5.47003399599775
-4.40743373618521
-3.03880956812591
-1.47714484007646
0.149037066700564
1.70747109010893
3.07423238001532
4.14494687792036
4.8440627849508
5.13130574797198
5.00471610886207
4.50000000000014
3.68628482700851
2.6587187064609
1.52865865091852
0.412423957969137
-0.580273172580077
-1.35708141209172
-1.85189535066342
-2.03100706852752
-1.89593233475168
-1.48264999963952
-0.857348712093606
-0.109120811382119
0.659654850161068
1.34427095263694
1.84888787287152
2.09684158178118
2.03902448922079
1.65949069146933
0.977711284120686
0.0472366555184287
-1.04912155957515
-2.20713086465443
-3.31124169588016
-4.24596878508338
-4.90743373618555
-5.21393129533583
-5.11447222487268
-4.59444902850767
-3.6778482467019
-2.42576761998468
-0.931355464515553
0.688361942034699
2.30299535755085
3.78065089794711
4.99999999999973
5.8614065542183
6.29604609125742
6.27214474612744
5.79774329477976
4.9197268274192
3.71922093034382
2.30380549225228
0.797303321894401
-0.67186712383727
-1.98264999963991
-3.03247043930343
-3.74644819617815
-4.08383124504727
-4.04104838417376
-3.65111212712839
-2.97946076065468
-2.11667635369548
-1.16881969895134
-0.246353926793756
0.547236655518677
1.12600016763409
1.43019652014124
1.43224439932851
1.1393505517278
0.592566263815011
-0.137628952900299
-0.958771381956978
-1.7661386380868
-2.45378303578719
-2.9257676199848
-3.10647719172538
-2.94896544276134
-2.44049073765729
-1.60466843886345
-0.500000000000275
0.78510421178186
2.14034524834128
3.44383435570596
4.57367808386534
5.41972682741984
5.8943426575538
5.94113287704868
5.540789417102
4.71345221297362
3.51735000036006
2.04383190313318
0.409252646737737
-1.25552085462619
-2.81698317325911
-4.15111212712854
-5.15458248786453
-5.75400373849116
-5.91230579416029
-5.63167326360454
-4.95276334448135
-3.95030217480109
-2.72550432277516
-1.39606599109291
-0.0847146591873571
1.09256626381481
2.03749277430984
2.67855600283955
2.97734745712193
2.9315363010233
2.57423238001507
1.96982515071063
1.20673540015478
0.38781965276355
-0.380603227948978
-0.999999999999966
-1.39001751542759
-1.49698213645454
-1.29965173950204
-0.811641252946075
-0.0802731725807067
0.818040315117775
1.78543203413323
2.7124790266812
3.48938700205875
4.01735000035993
4.21895363034248
4.04658003153375
3.48796524058208
2.56833616355147
1.3488878728717
-0.0782801454286566
-1.59830289557533
-3.08399540373919
-4.40760805268968
-5.45276334448105
-6.12542390201135
-6.36283170757085
-6.13955208630107
-5.47003399599755
-4.40743373618493
-3.03880956812663
-1.47714484007724
0.149037066700918
1.70747109010925
3.07423238001558
4.14494687791993
4.84406278495062
5.13130574797218
5.00471610886196
4.49999999999995
3.68628482700826
2.65871870646151
1.52865865091906
0.412423957968879
-0.580273172580286
-1.35708141209198
-1.85189535066326
-2.03100706852751
-1.89593233475182
-1.48264999963961
-0.857348712093396
-0.109120811381889
0.659654850160711
1.34427095263712
1.84888787287166
2.09684158178124
2.03902448922077
1.65949069146922
0.977711284121079
0.047236655518923
-1.04912155957543
-2.20713086465471
-3.31124169588043
-4.24596878508299
-4.90743373618531
-5.21393129533589
-5.11447222487264
-4.59444902850754
-3.67784824670243
-2.42576761998535
-0.931355464515209
0.688361942035061
2.30299535755119
3.78065089794741
4.99999999999996
5.86140655421798
6.29604609125746
6.27214474612738
5.79774329477958
4.9197268274197
3.71922093034446
2.303805492253
0.797303321893861
-0.671867123837579
-1.98264999964017
-3.032470439303
-3.74644819617818
-4.08383124504727
-4.04104838417367
-3.65111212712822
-2.97946076065528
-2.11667635369504
-1.1688196989518
-0.246353926793529
0.5472366555188
1.1260001676342
1.43019652014116
1.43224439932858
1.13935055172782
0.592566263814826
-0.137628952900524
-0.958771381956578
-1.76613863808617
-2.4537830357869
-2.92576761998493
-3.10647719172542
-2.9489654427613
-2.44049073765762
-1.60466843886345
-0.500000000000004
0.785104211782167
2.1403452483416
3.44383435570622
4.57367808386486
5.41972682741952
5.89434265755389
5.94113287704866
5.54078941710188
4.71345221297411
3.51735000036045
2.04383190313283
0.409252646737371
-1.25552085462655
-2.81698317325867
-4.15111212712797
-5.15458248786447
-5.75400373849123
-5.91230579416041
-5.6316732636044
-4.95276334448108
-3.95030217480163
-2.72550432277481
-1.39606599109259
-0.0847146591870702
1.09256626381429
2.03749277430968
2.67855600283933
2.97734745712192
2.93153630102321
2.57423238001491
1.96982515071097
1.20673540015517
0.387819652763319
-0.38060322794918
-1.00000000000012
-1.39001751542767
-1.49698213645462
-1.29965173950221
-0.81164125294592
-0.0802731725804953
0.818040315118023
1.78543203413277
2.71247902668078
3.48938700205895
4.01735000036006
4.21895363034252
4.0465800315337
3.48796524058244
2.56833616355199
1.34888787287141
-0.0782801454289881
-1.59830289557567
-3.0839954037385
-4.40760805268986
-5.45276334448126
-6.12542390201147
-6.36283170757086
-6.13955208630098
-5.47003399599783
-4.40743373618553
-3.0388095681263
-1.47714484007688
0.149037066701542
1.70747109010854
3.07423238001499
4.14494687792011
4.84406278495096
5.13130574797217
5.00471610886185
4.50000000000028
3.68628482700801
2.65871870646123
1.52865865091878
0.412423957968622
-0.580273172580494
-1.35708141209167
-1.85189535066332
-2.03100706852749
-1.89593233475172
-1.48264999963944
-0.857348712093734
-0.109120811382262
0.659654850160933
1.34427095263731
1.84888787287179
2.09684158178119
2.03902448922087
1.65949069146911
0.977711284120895
0.0472366555186809
-1.04912155957571
-2.207130864655
-3.31124169587993
-4.24596878508321
-4.90743373618545
-5.21393129533573
-5.11447222487279
-4.59444902850788
-3.6778482467022
-2.42576761998409
-0.931355464514864
0.688361942035422
2.30299535755044
3.78065089794771
5.00000000000019
5.86140655421812
6.2960460912575
6.27214474612731
5.79774329477944
4.91972682741946
3.71922093034415
2.30380549225249
0.797303321892661
-0.671867123836902
-1.98264999963959
-3.03247043930346
-3.74644819617832
-4.08383124504726
-4.04104838417377
-3.65111212712873
-2.97946076065424
-2.11667635369479
-1.16881969895154
-0.246353926793302
0.547236655519033
1.12600016763431
1.43019652014119
1.43224439932853
1.13935055172769
0.592566263814457
-0.137628952900143
-0.958771381956816
-1.76613863808639
-2.45378303578784
-2.92576761998505
-3.10647719172541
-2.9489654427612
-2.44049073765727
-1.60466843886324
-0.499999999999734
0.78510421178165
2.14034524834184
3.44383435570652
4.57367808386511
5.41972682741962
5.89434265755397
5.9411328770488
5.54078941710218
4.71345221297366
3.51735000036015
2.04383190313166
0.409252646738174
-1.25552085462605
-2.81698317325899
-4.15111212712879
-5.15458248786463
-5.75400373849129
-5.91230579416044
-5.63167326360416
-4.95276334448086
-3.95030217480136
-2.7255043227745
-1.39606599109238
-0.084714659186925
1.09256626381453
2.03749277430984
2.67855600283941
2.97734745712169
2.93153630102331
2.57423238001543
1.96982515071076
1.20673540015405
0.387819652763087
-0.380603227948631
-0.999999999999868
-1.39001751542788
-1.49698213645462
-1.2996517395021
-0.811641252945766
-0.080273172580211
0.818040315118391
1.78543203413286
2.71247902668102
3.48938700205914
4.01735000036045
4.21895363034224
4.04658003153387
3.4879652405823
2.56833616355129
1.34888787287087
-0.07828014542827
-1.59830289557494
-3.08399540373969
-4.40760805269024
-5.45276334448146
-6.12542390201124
-6.36283170757091
-6.13955208630088
-5.47003399599764
-4.40743373618525
-3.03880956812597
-1.47714484007653
0.149037066700766
1.70747109010886
3.07423238001525
4.14494687792062
4.84406278495072
5.13130574797213
5.00471610886201
4.49999999999941
3.68628482700777
2.65871870646095
1.52865865091933
0.412423957968385
-0.580273172580703
-1.35708141209181
-1.85189535066338
-2.03100706852726
-1.89593233475161
-1.4826499996397
-0.857348712093523
-0.109120811382033
0.659654850161733
1.34427095263702
1.8488878728716
2.09684158178125
2.03902448922072
1.659490691469
0.977711284121288
0.0472366555191757
-1.04912155957599
-2.20713086465528
-3.31124169588019
-4.24596878508342
-4.9074337361856
-5.21393129533601
-5.11447222487275
-4.59444902850775
-3.67784824670169
-2.42576761998476
-0.931355464515623
0.688361942034635
2.30299535755103
3.78065089794801
5.00000000000043
5.86140655421781
6.29604609125748
6.27214474612725
5.79774329477927
4.91972682741921
3.71922093034467
2.30380549225232
0.797303321893386
-0.671867123837211
-1.98264999963985
-3.03247043930364
-3.74644819617807
-4.08383124504719
-4.04104838417368
-3.65111212712856
-2.97946076065401
-2.11667635369523
-1.168819698952
-0.246353926793826
0.547236655519211
1.12600016763442
1.43019652014122
1.4322443993287
1.13935055172742
0.592566263814272
-0.137628952900367
-0.958771381956806
-1.76613863808688
-2.45378303578755
-2.92576761998489
-3.10647719172518
-2.94896544276115
-2.44049073765714
-1.60466843886371
-0.500000000000146
0.785104211781958
2.14034524834216
3.44383435570682
4.5736780838646
5.4197268274193
5.89434265755417
5.94113287704878
5.54078941710205
4.71345221297345
3.51735000036012
2.04383190313242
0.409252646737808
-1.25552085462641
-2.81698317325931
-4.15111212712822
-5.15458248786424
-5.7540037384913
-5.9123057941604
-5.63167326360403
-4.95276334448065
-3.9503021748019
-2.72550432277512
-1.39606599109206
-0.0847146591866377
1.09256626381495
2.03749277430945
2.67855600283924
2.97734745712163
2.9315363010235
2.57423238001527
1.96982515071055
1.20673540015444
0.387819652763716
-0.380603227948833
-1.00000000000002
-1.39001751542796
-1.49698213645457
-1.29965173950227
-0.811641252946064
-0.0802731725799992
0.81804031511852
1.78543203413312
2.7124790266806
3.48938700205958
4.01735000036032
4.21895363034228
4.04658003153383
3.48796524058244
2.56833616355154
1.34888787287151
-0.0782801454286017
-1.59830289557528
-3.08399540374002
-4.40760805268966
-5.45276334448104
-6.12542390201135
-6.36283170757092
-6.13955208630079
-5.47003399599806
-4.40743373618584
-3.03880956812586
-1.47714484007617
0.14903706670112
1.70747109010918
3.07423238001522
4.14494687792047
4.84406278495081
5.13130574797212
5.0047161088619
4.4999999999999
3.68628482700822
2.65871870646148
1.52865865091905
0.412423957968106
-0.580273172580911
-1.3570814120915
-1.85189535066321
-2.03100706852744
-1.89593233475151
-1.48264999963953
-0.857348712093861
-0.109120811381804
0.659654850161375
1.3442709526372
1.84888787287173
2.09684158178108
2.03902448922082
1.65949069146926
0.977711284121103
0.0472366555188777
-1.04912155957627
-2.20713086465473
-3.31124169587969
-4.24596878508289
-4.90743373618575
-5.21393129533607
-5.11447222487271
-4.59444902850783
-3.67784824670175
-2.42576761998446
-0.931355464515278
0.688361942034996
2.30299535755114
3.78065089794736
4.99999999999992
5.86140655421795
6.29604609125752
6.27214474612718
5.7977432947796
4.91972682741972
3.71922093034436
2.30380549225198
0.797303321893048
-0.671867123836534
-1.98264999963953
-3.03247043930354
-3.74644819617816
-4.08383124504719
-4.04104838417386
-3.65111212712814
-2.97946076065439
-2.11667635369498
-1.1688196989519
-0.246353926793598
0.547236655518875
1.12600016763421
1.43019652014119
1.43224439932865
1.1393505517273
0.592566263814087
-0.137628952899767
-0.958771381956407
-1.76613863808711
-2.45378303578774
-2.92576761998501
-3.10647719172517
-2.94896544276137
-2.44049073765746
-1.6046684388635
-0.499999999999875
0.785104211782267
2.14034524834151
3.44383435570622
4.57367808386485
5.41972682741947
5.89434265755425
5.94113287704886
5.54078941710215
4.71345221297394
3.51735000035983
2.04383190313208
0.409252646737158
-1.25552085462562
-2.81698317325936
-4.15111212712848
-5.15458248786463
-5.75400373849136
-5.91230579416021
-5.63167326360426
-4.95276334448111
-3.95030217480163
-2.72550432277481
-1.39606599109175
-0.0847146591871031
1.09256626381443
2.03749277430962
2.67855600283932
2.97734745712189
2.9315363010236
2.57423238001551
1.96982515071006
1.20673540015446
0.387819652763485
-0.380603227949036
-1.00000000000034
-1.39001751542771
-1.49698213645457
-1.29965173950219
-0.811641252945911
-0.0802731725804695
0.818040315118063
1.78543203413266
2.71247902668084
3.48938700205977
4.01735000036045
4.21895363034227
4.046580031534
3.4879652405823
2.56833616355131
1.34888787287122
-0.0782801454278834
-1.59830289557544
-3.08399540373948
-4.40760805268994
-5.45276334448124
-6.12542390201147
-6.36283170757087
-6.139552086301
-5.47003399599787
-4.40743373618557
-3.03880956812531
-1.47714484007694
0.149037066700345
1.70747109010847
3.07423238001577
4.14494687792064
4.84406278495089
5.13130574797208
5.00471610886179
4.49999999999971
3.68628482700797
2.6587187064612
1.52865865091877
0.412423957968621
-0.580273172580479
-1.35708141209164
-1.85189535066344
-2.03100706852741
-1.89593233475165
-1.48264999963979
-0.857348712093926
-0.109120811381574
0.659654850161597
1.34427095263691
1.84888787287129
2.09684158178136
2.0390244892208
1.65949069146915
0.977711284120919
0.0472366555186903
-1.04912155957572
-2.20713086465502
-3.31124169587996
-4.24596878508311
-4.90743373618551
-5.21393129533601
-5.11447222487286
-4.59444902850769
-3.67784824670152
-2.42576761998416
-0.931355464516036
0.688361942034471
2.30299535755148
3.78065089794766
5.00000000000015
5.86140655421776
6.29604609125748
6.2721447461273
5.79774329477944
4.9197268274194
3.71922093034406
2.3038054922527
0.797303321893773
-0.671867123837079
-1.98264999963979
-3.03247043930371
-3.74644819617824
-4.0838312450474
-4.04104838417397
-3.65111212712798
-2.97946076065417
-2.11667635369473
-1.16881969895236
-0.246353926793266
0.547236655519053
1.12600016763432
1.43019652014123
1.4322443993286
1.13935055172751
0.5925662638144
-0.137628952899991
-0.958771381956644
-1.76613863808733
-2.45378303578745
-2.92576761998456
-3.10647719172521
-2.94896544276133
-2.44049073765733
-1.60466843886308
-0.500000000000457
0.785104211782448
2.14034524834182
3.44383435570655
4.5736780838651
5.41972682741972
5.89434265755412
5.94113287704868
5.54078941710203
4.71345221297373
3.51735000035954
2.04383190313256
0.409252646737961
-1.25552085462598
-2.81698317325968
-4.15111212712898
-5.15458248786424
-5.75400373849118
-5.91230579416018
-5.63167326360424
-4.9527633444809
-3.95030217480135
-2.72550432277455
-1.3960659910923
-0.0847146591868158
1.09256626381466
2.03749277430978
2.67855600283934
2.97734745712183
2.93153630102351
2.57423238001535
1.96982515070985
1.20673540015423
0.387819652763875
-0.380603227948695
-1.00000000000049
-1.39001751542779
-1.49698213645457
-1.29965173950235
-0.811641252945735
-0.0802731725802572
0.818040315118311
1.78543203413291
2.71247902668108
3.48938700205922
4.01735000036027
4.21895363034232
4.04658003153395
3.48796524058187
2.56833616355183
1.34888787287187
-0.0782801454282154
-1.59830289557597
-3.08399540373981
-4.40760805269022
-5.45276334448083
-6.12542390201158
-6.36283170757088
-6.13955208630091
-5.47003399599767
-4.4074337361853
-3.03880956812602
-1.47714484007659
0.149037066700699
1.70747109010879
3.07423238001603
4.14494687792021
4.84406278495065
5.13130574797206
5.00471610886168
4.49999999999953
3.68628482700842
2.65871870646173
1.52865865091848
0.412423957968363
-0.580273172580688
-1.35708141209178
-1.85189535066333
-2.0310070685274
-1.89593233475155
-1.48264999963962
-0.857348712093715
-0.109120811381947
0.659654850161239
1.3442709526371
1.84888787287142
2.09684158178142
2.03902448922077
1.65949069146941
0.977711284121208
0.0472366555184474
-1.04912155957599
-2.20713086465531
-3.31124169587937
-4.24596878508347
-4.90743373618566
-5.21393129533607
-5.11447222487257
-4.59444902850755
-3.67784824670205
-2.42576761998483
-0.931355464515414
0.688361942034832
2.30299535755183
3.780650897947
4.99999999999982
5.8614065542179
6.29604609125752
6.27214474612724
5.79774329477927
4.91972682741991
3.71922093034387
2.30380549225236
0.797303321893434
-0.671867123837388
-1.98264999963978
-3.03247043930329
-3.74644819617799
-4.08383124504739
-4.04104838417387
-3.65111212712781
-2.97946076065455
-2.11667635369536
-1.1688196989521
-0.246353926793039
0.547236655519231
1.1260001676341
1.43019652014115
1.43224439932845
1.13935055172738
0.592566263814399
-0.137628952900215
-0.95877138195713
-1.76613863808697
-2.45378303578736
-2.92576761998469
-3.10647719172526
-2.94896544276149
-2.44049073765742
-1.60466843886355
4.00000000000063
1.96410161513917
-0.598076211353566
-2.999999999998
-4.59807621135304
-4.9641016151379
-4.00000000000101
-1.96410161513765
0.598076211350691
2.99999999999932
4.59807621135279
4.96410161513797
4.00000000000002
1.96410161513822
-0.598076211352331
-2.99999999999882
-4.59807621135255
-4.96410161513777
-4.00000000000039
-1.9641016151388
0.598076211351713
2.99999999999832
4.5980762113532
4.96410161513785
4.00000000000076
1.96410161513937
-0.598076211351095
-2.99999999999964
-4.59807621135295
-4.96410161513792
-4.00000000000114
-1.96410161513994
0.598076211352735
2.99999999999915
4.59807621135271
4.96410161513773
4.00000000000151
1.96410161513842
-0.598076211352117
-2.99999999999865
-4.59807621135336
-4.96410161513807
-4.00000000000052
-1.96410161513899
0.598076211351499
2.99999999999997
4.59807621135311
4.96410161513787
4.00000000000089
1.96410161513957
-0.598076211353139
-2.99999999999947
-4.59807621135287
-4.96410161513795
-4.00000000000127
-1.96410161513805
0.598076211352521
2.99999999999897
4.59807621135262
4.96410161513802
4.00000000000027
1.96410161513862
-0.598076211351902
-2.99999999999847
-4.59807621135238
-4.96410161513783
-4.00000000000065
-1.96410161513919
0.598076211353542
2.99999999999798
4.59807621135303
4.9641016151379
4.00000000000102
1.96410161513767
-0.598076211350667
-2.9999999999993
-4.59807621135278
-4.96410161513797
-4.00000000000003
-1.96410161513825
0.598076211352307
2.9999999999988
4.59807621135254
4.96410161513778
4.0000000000004
1.96410161513882
-0.598076211351688
-2.9999999999983
-4.59807621135319
-4.96410161513785
-4.00000000000078
-1.96410161513939
0.598076211351071
2.99999999999962
4.59807621135294
4.96410161513793
4.00000000000115
1.96410161513996
-0.59807621135271
-2.99999999999913
-4.5980762113527
-4.96410161513773
-4.00000000000152
-1.96410161513844
0.598076211352093
2.99999999999863
4.59807621135335
4.96410161513808
4.00000000000053
1.96410161513902
-0.598076211351475
-2.99999999999995
-4.5980762113531
-4.96410161513788
-4.00000000000091
-1.96410161513959
0.598076211353114
2.99999999999945
4.59807621135286
4.96410161513795
4.00000000000128
1.96410161513807
-0.598076211352496
-2.99999999999895
-4.59807621135261
-4.96410161513803
-4.00000000000029
-1.96410161513864
0.598076211351878
2.99999999999846
4.59807621135237
4.96410161513783
4.00000000000066
1.96410161513921
-0.598076211353518
-2.99999999999796
-4.59807621135302
-4.9641016151379
-4.00000000000104
-1.9641016151377
0.598076211350643
2.99999999999928
4.59807621135277
4.96410161513798
4.00000000000005
1.96410161513827
-0.598076211352283
-2.99999999999878
-4.59807621135253
-4.96410161513778
-4.00000000000042
-1.96410161513884
0.598076211351664
2.99999999999828
4.59807621135318
4.96410161513785
4.00000000000079
1.96410161513941
-0.598076211351047
-2.9999999999996
-4.59807621135293
-4.96410161513793
-4.00000000000117
-1.96410161513999
0.598076211352686
2.99999999999911
4.59807621135269
4.96410161513773
4.00000000000154
1.96410161513847
-0.598076211352068
-2.99999999999861
-4.59807621135334
-4.96410161513808
-4.00000000000055
-1.96410161513904
0.59807621135145
2.99999999999993
4.59807621135309
4.96410161513788
4.00000000000092
1.96410161513961
-0.59807621135309
-2.99999999999943
-4.59807621135285
-4.96410161513796
-4.00000000000129
-1.96410161513809
0.598076211352472
2.99999999999893
4.5980762113526
4.96410161513803
4.0000000000003
1.96410161513866
-0.598076211351854
-2.99999999999844
-4.59807621135236
-4.96410161513783
-4.00000000000068
-1.96410161513924
0.598076211353494
2.99999999999794
4.59807621135301
4.96410161513791
4.00000000000105
1.96410161513772
-0.598076211350618
-2.99999999999926
-4.59807621135276
-4.96410161513798
-4.00000000000006
-1.96410161513829
0.598076211352258
2.99999999999876
4.59807621135252
4.96410161513778
4.00000000000043
1.96410161513886
-0.59807621135164
-2.99999999999826
-4.59807621135317
-4.96410161513786
-4.00000000000081
-1.96410161513944
0.598076211351023
2.99999999999958
4.59807621135292
4.96410161513793
4.00000000000118
1.96410161514001
-0.598076211352662
-2.99999999999909
-4.59807621135268
-4.96410161513773
-4.00000000000155
-1.96410161513849
0.598076211352044
2.99999999999859
4.59807621135333
4.96410161513808
4.00000000000056
1.96410161513906
-0.598076211351426
-2.99999999999991
-4.59807621135308
-4.96410161513788
-4.00000000000094
-1.96410161513963
0.598076211353066
2.99999999999941
4.59807621135284
4.96410161513796
4.00000000000131
1.96410161513811
-0.598076211352448
-2.99999999999891
-4.59807621135259
-4.96410161513803
-4.00000000000032
-1.96410161513869
0.59807621135183
2.99999999999842
4.59807621135235
4.96410161513784
4.00000000000069
1.96410161513926
-0.598076211353469
-2.99999999999792
-4.598076211353
-4.96410161513791
-4.00000000000107
-1.96410161513774
0.598076211350594
2.99999999999924
4.59807621135275
4.96410161513798
4.00000000000007
1.96410161513831
-0.598076211352234
-2.99999999999874
-4.59807621135251
-4.96410161513779
-4.00000000000045
-1.96410161513889
0.598076211351616
2.99999999999824
4.59807621135316
4.96410161513786
4.00000000000082
1.96410161513946
-0.598076211350997
-2.99999999999956
-4.59807621135291
-4.96410161513793
-4.0000000000012
-1.96410161514003
0.598076211352637
2.99999999999907
4.59807621135267
4.96410161513774
4.00000000000157
1.96410161513851
-0.59807621135202
-2.99999999999857
-4.59807621135332
-4.96410161513808
-4.00000000000058
-1.96410161513908
0.598076211351402
2.99999999999989
4.59807621135307
4.96410161513789
4.00000000000095
1.96410161513966
-0.598076211353041
-2.99999999999939
-4.59807621135283
-4.96410161513796
-4.00000000000132
-1.96410161513814
0.598076211352423
2.99999999999889
4.59807621135258
4.96410161513804
4.00000000000033
1.96410161513871
-0.598076211351806
-2.9999999999984
-4.59807621135234
-4.96410161513784
-4.00000000000071
-1.96410161513928
0.598076211353445
2.9999999999979
4.59807621135299
4.96410161513791
4.00000000000108
1.96410161513776
-0.59807621135057
-2.99999999999922
-4.59807621135274
-4.96410161513799
-4.00000000000009
-1.96410161513834
0.598076211352209
2.99999999999872
4.5980762113525
4.96410161513779
4.00000000000046
1.96410161513891
-0.598076211351591
-2.99999999999822
-4.59807621135315
-4.96410161513786
-4.00000000000084
-1.96410161513948
0.598076211350973
2.99999999999955
4.5980762113529
4.96410161513794
3.99999999999985
1.96410161514005
-0.598076211352613
-2.99999999999905
-4.59807621135266
-4.96410161513774
-4.00000000000158
-1.96410161513853
0.598076211351995
2.99999999999855
4.59807621135331
4.96410161513781
4.00000000000059
1.96410161513911
-0.598076211351378
-2.99999999999987
-4.59807621135306
-4.96410161513789
-4.00000000000097
-1.96410161513968
0.598076211353017
2.99999999999937
4.59807621135282
4.96410161513796
4.00000000000134
1.96410161513816
-0.598076211352399
-2.99999999999888
-4.59807621135257
-4.96410161513804
-4.00000000000035
-1.96410161513873
0.598076211351781
3.0000000000002
4.59807621135233
4.96410161513784
4.00000000000072
1.9641016151393
-0.598076211353421
-2.99999999999788
-4.59807621135298
-4.96410161513792
-4.0000000000011
-1.96410161513779
0.598076211352803
2.9999999999992
4.59807621135273
4.96410161513799
4.0000000000001
1.96410161513836
-0.598076211352185
-2.9999999999987
-4.59807621135249
-4.96410161513779
-4.00000000000048
-1.96410161513893
0.598076211351567
2.9999999999982
4.59807621135314
4.96410161513787
4.00000000000085
1.9641016151395
-0.598076211350949
-2.99999999999953
-4.59807621135289
-4.96410161513794
-3.99999999999986
-1.96410161514008
0.598076211352589
2.99999999999903
4.59807621135265
4.96410161513774
4.0000000000016
1.96410161513856
-0.59807621135197
-2.99999999999853
-4.5980762113533
-4.96410161513782
-4.00000000000061
-1.96410161513913
0.598076211351353
2.99999999999985
4.59807621135305
4.96410161513789
4.00000000000098
1.9641016151397
-0.598076211352993
-2.99999999999935
-4.59807621135281
-4.96410161513797
-4.00000000000135
-1.96410161513818
0.598076211352375
2.99999999999886
4.59807621135256
4.96410161513804
4.00000000000036
1.96410161513875
-0.598076211351757
-3.00000000000018
-4.59807621135232
-4.96410161513784
-4.00000000000074
-1.96410161513933
0.598076211353396
2.99999999999786
4.59807621135297
4.96410161513792
4.00000000000111
1.96410161513781
-0.598076211352779
-2.99999999999918
-4.59807621135272
-4.96410161513799
-4.00000000000012
-1.96410161513838
0.598076211352161
2.99999999999868
4.59807621135248
4.96410161513779
4.00000000000049
1.96410161513895
-0.598076211351543
-2.99999999999819
-4.59807621135313
-4.96410161513787
