"x"
3.83933998420384
4.0108823879007
4.00712998489726
3.82824677321079
3.48205080756888
2.98367251290262
2.35489341217333
1.62319416929976
0.820553552277992
-0.0179491924311217
-0.855667471301214
-1.65598897572737
-2.3839358155975
-3.0076932209328
-3.5
-3.83933998420384
-4.0108823879007
-4.00712998489726
-3.82824677321079
-3.48205080756888
-2.98367251290262
-2.35489341217334
-1.62319416929976
-0.820553552277992
0.0179491924311233
0.855667471301217
1.65598897572737
2.3839358155975
3.0076932209328
3.5
3.83933998420384
4.0108823879007
4.00712998489726
3.82824677321079
3.48205080756888
2.98367251290262
2.35489341217333
1.62319416929976
0.820553552277992
-0.017949192431119
-0.855667471301209
-1.65598897572737
-2.3839358155975
-3.0076932209328
-3.5
-3.83933998420384
-4.0108823879007
-4.00712998489726
-3.82824677321079
-3.48205080756888
-2.98367251290262
-2.35489341217333
-1.62319416929976
-0.820553552277993
0.0179491924311257
0.855667471301216
1.65598897572737
2.38393581559751
3.0076932209328
3.5
3.83933998420384
4.0108823879007
4.00712998489726
3.82824677321079
3.48205080756888
2.98367251290262
2.35489341217334
1.62319416929976
0.820553552277993
-0.0179491924311179
-0.855667471301215
-1.65598897572737
-2.3839358155975
-3.0076932209328
-3.5
-3.83933998420384
-4.0108823879007
-4.00712998489726
-3.82824677321079
-3.48205080756888
-2.98367251290263
-2.35489341217334
-1.62319416929975
-0.820553552277994
0.0179491924311248
0.855667471301208
1.65598897572737
2.38393581559749
3.00769322093281
3.5
3.83933998420384
4.0108823879007
4.00712998489726
3.82824677321079
3.48205080756888
2.98367251290263
2.35489341217334
1.62319416929977
0.820553552277994
-0.0179491924311241
-0.855667471301207
-1.65598897572737
-2.38393581559749
-3.00769322093281
-3.5
-3.83933998420384
-4.0108823879007
-4.00712998489726
-3.8282467732108
-3.48205080756887
-2.98367251290263
-2.35489341217333
-1.62319416929977
-0.820553552277995
0.0179491924311239
0.855667471301221
1.65598897572737
2.38393581559749
3.0076932209328
3.49999999999999
3.83933998420384
4.0108823879007
4.00712998489726
3.8282467732108
3.48205080756888
2.98367251290263
2.35489341217333
1.62319416929977
0.820553552277995
-0.0179491924311088
-0.85566747130122
-1.65598897572737
-2.3839358155975
-3.00769322093279
-3.5
-3.83933998420384
-4.0108823879007
-4.00712998489726
-3.8282467732108
-3.48205080756888
-2.98367251290264
-2.35489341217333
-1.62319416929977
-0.820553552277996
0.0179491924311086
0.855667471301206
1.65598897572737
2.3839358155975
3.00769322093279
3.5
3.83933998420383
4.0108823879007
4.00712998489726
3.8282467732108
3.48205080756888
2.98367251290263
2.35489341217333
1.62319416929976
0.820553552277982
-0.0179491924311079
-0.855667471301205
-1.65598897572736
-2.38393581559748
-3.00769322093278
-3.49999999999999
-3.83933998420384
-4.0108823879007
-4.00712998489726
-3.82824677321079
-3.48205080756888
-2.98367251290264
-2.35489341217335
-1.62319416929977
-0.820553552277997
0.0179491924310928
0.855667471301191
1.65598897572738
2.38393581559751
3.00769322093279
3.5
3.83933998420384
4.0108823879007
4.00712998489726
3.8282467732108
3.48205080756888
2.98367251290265
2.35489341217334
1.62319416929976
0.820553552277983
-0.017949192431107
-0.855667471301204
-1.65598897572736
-2.3839358155975
-3.00769322093278
-3.49999999999999
-3.83933998420383
-4.0108823879007
-4.00712998489726
-3.82824677321079
-3.48205080756888
-2.98367251290262
-2.35489341217335
-1.62319416929977
-0.820553552277998
0.0179491924311206
0.85566747130119
1.65598897572735
2.38393581559751
3.00769322093281
3.5
3.83933998420384
4.0108823879007
4.00712998489727
3.8282467732108
3.48205080756888
2.98367251290263
2.35489341217336
1.62319416929978
0.820553552277984
-0.0179491924311346
-0.855667471301204
-1.65598897572736
-2.3839358155975
-3.0076932209328
-3.49999999999999
-3.83933998420383
-4.0108823879007
-4.00712998489726
-3.8282467732108
-3.48205080756888
-2.98367251290262
-2.35489341217332
-1.62319416929977
-0.820553552277999
0.0179491924311197
0.855667471301189
1.65598897572735
2.38393581559749
3.00769322093279
3.49999999999998
3.83933998420384
4.0108823879007
4.00712998489726
3.8282467732108
3.48205080756888
2.98367251290263
2.35489341217334
1.62319416929978
0.820553552278013
-0.017949192431105
-0.855667471301231
-1.65598897572736
-2.3839358155975
-3.0076932209328
-3.49999999999999
-3.83933998420383
-4.0108823879007
-4.00712998489726
-3.8282467732108
-3.48205080756889
-2.98367251290264
-2.35489341217333
-1.62319416929977
-0.820553552277999
0.0179491924311188
0.855667471301216
1.65598897572735
2.38393581559749
3.00769322093279
3.5
3.83933998420383
4.0108823879007
4.00712998489726
3.82824677321079
3.48205080756888
2.98367251290263
2.35489341217334
1.62319416929979
0.820553552278014
-0.0179491924311039
-0.855667471301202
-1.65598897572734
-2.3839358155975
-3.0076932209328
-3.5
-3.83933998420383
-4.0108823879007
-4.00712998489726
-3.82824677321079
-3.48205080756889
-2.98367251290264
-2.35489341217335
-1.62319416929977
-0.820553552278001
0.0179491924311177
0.855667471301215
1.65598897572737
2.38393581559749
3.00769322093279
3.5
3.83933998420383
4.0108823879007
4.00712998489727
3.8282467732108
3.48205080756888
2.98367251290261
2.35489341217336
1.62319416929979
0.820553552278015
-0.017949192431103
-0.855667471301201
-1.65598897572736
-2.3839358155975
-3.0076932209328
-3.5
-3.83933998420384
-4.0108823879007
-4.00712998489726
-3.8282467732108
-3.48205080756889
-2.98367251290264
-2.35489341217335
-1.62319416929977
-0.820553552278002
0.0179491924311168
0.855667471301158
1.65598897572737
2.38393581559746
3.00769322093281
3.49999999999998
3.83933998420383
4.01088238790071
4.00712998489727
3.8282467732108
3.48205080756889
2.98367251290263
2.35489341217334
1.62319416929976
4.00000000000012
1.96410161513786
-0.598076211353143
-2.99999999999993
-4.59807621135332
-4.96410161513776
-3.99999999999998
-1.96410161513791
0.598076211353231
2.99999999999989
4.59807621135329
4.96410161513777
4.00000000000002
1.96410161513796
-0.598076211353177
-2.99999999999996
-4.59807621135327
-4.96410161513776
-4.00000000000005
-1.96410161513775
0.598076211353124
2.99999999999991
4.59807621135325
4.96410161513776
4
1.9641016151378
-0.598076211353353
-2.99999999999987
-4.59807621135329
-4.96410161513777
-4.00000000000003
-1.96410161513785
0.598076211353299
2.99999999999983
4.59807621135326
4.96410161513776
4.00000000000006
1.96410161513777
-0.598076211353245
-3.00000000000001
-4.59807621135324
-4.96410161513777
-4.00000000000009
-1.96410161513782
0.598076211353192
2.99999999999997
4.59807621135333
4.96410161513777
4.00000000000004
1.96410161513787
-0.59807621135328
-2.99999999999993
-4.59807621135331
-4.96410161513778
-4.00000000000007
-1.96410161513792
0.598076211353226
3
4.59807621135329
4.96410161513775
4.0000000000001
1.96410161513784
-0.598076211353172
-2.99999999999995
-4.59807621135327
-4.96410161513776
-4.00000000000014
-1.96410161513788
0.59807621135326
2.99999999999991
4.59807621135331
4.96410161513776
4
1.96410161513793
-0.598076211353206
-2.99999999999987
-4.59807621135328
-4.96410161513775
-4.00000000000003
-1.96410161513772
0.598076211353153
2.99999999999994
4.59807621135326
4.96410161513776
4.00000000000006
1.96410161513777
-0.598076211353099
-2.99999999999989
-4.5980762113533
-4.96410161513777
-4.00000000000001
-1.96410161513782
0.598076211353328
2.99999999999985
4.59807621135328
4.96410161513777
4.00000000000004
1.96410161513787
-0.598076211353275
-3.00000000000004
-4.59807621135326
-4.96410161513776
-4.00000000000007
-1.96410161513779
0.598076211353221
2.99999999999999
4.59807621135323
4.96410161513777
4.00000000000011
1.96410161513784
-0.598076211353309
-2.99999999999995
-4.59807621135332
-4.96410161513778
-4.00000000000005
-1.96410161513789
0.598076211353255
2.99999999999991
4.5980762113533
4.96410161513778
4.00000000000009
1.96410161513781
-0.598076211353201
-2.99999999999998
-4.59807621135328
-4.96410161513775
-4.00000000000012
-1.96410161513786
0.598076211353148
2.99999999999993
4.59807621135326
4.96410161513776
3.99999999999998
1.96410161513791
-0.598076211353236
-2.99999999999989
-4.5980762113533
-4.96410161513777
-4.00000000000001
-1.96410161513796
0.598076211353182
2.99999999999985
4.59807621135327
4.96410161513776
4.00000000000005
1.96410161513775
-0.598076211353129
-2.99999999999992
-4.59807621135325
-4.96410161513776
-4.00000000000008
-1.9641016151378
0.598076211353357
2.99999999999987
4.59807621135329
4.96410161513779
4.00000000000011
1.96410161513784
-0.598076211353304
-2.99999999999983
-4.59807621135327
-4.96410161513779
-4.00000000000014
-1.96410161513789
0.59807621135325
3.00000000000002
4.59807621135325
4.96410161513777
4.00000000000017
1.96410161513794
-0.598076211353197
-2.99999999999997
-4.59807621135322
-4.96410161513777
-4.00000000000004
-1.96410161513799
0.598076211353143
2.99999999999993
4.59807621135332
4.96410161513778
4.00000000000007
1.96410161513804
-0.59807621135309
-2.99999999999989
-4.59807621135329
-4.96410161513775
-4.0000000000001
-1.96410161513783
0.598076211353036
2.99999999999984
4.59807621135327
4.96410161513776
4.00000000000013
1.96410161513788
-0.598076211352983
-2.9999999999998
-4.59807621135325
-4.96410161513776
-4
-1.96410161513793
0.598076211353212
2.99999999999976
4.59807621135323
4.96410161513777
4.00000000000003
1.96410161513772
-0.598076211353158
-2.99999999999994
-4.59807621135321
-4.96410161513778
-4.00000000000006
-1.96410161513777
0.598076211353104
2.9999999999999
4.59807621135319
4.96410161513778
4.00000000000009
1.96410161513782
-0.598076211353333
-2.99999999999985
-4.59807621135328
-4.96410161513779
-4.00000000000013
-1.96410161513787
0.59807621135328
2.99999999999981
4.59807621135326
4.96410161513776
4.00000000000016
1.96410161513792
-0.598076211353226
-3
-4.59807621135324
-4.96410161513777
-4.00000000000019
-1.96410161513797
0.598076211353173
2.99999999999995
4.59807621135333
4.96410161513777
4.00000000000005
1.96410161513802
-0.598076211353119
-2.99999999999991
-4.59807621135331
-4.96410161513778
-4.00000000000008
-1.96410161513807
0.598076211353065
2.99999999999987
4.59807621135328
4.96410161513775
4.00000000000012
1.96410161513785
-0.598076211353012
-2.99999999999982
-4.59807621135326
-4.96410161513776
-4.00000000000015
-1.9641016151379
0.598076211353241
2.99999999999978
4.59807621135324
4.96410161513777
4.00000000000001
1.96410161513795
-0.598076211353187
-2.99999999999974
-4.59807621135322
-4.96410161513777
-4.00000000000004
-1.96410161513774
0.598076211353133
2.99999999999992
4.5980762113532
4.96410161513778
4.00000000000007
1.96410161513779
-0.59807621135308
-2.99999999999988
-4.59807621135329
-4.96410161513779
-4.00000000000011
-1.96410161513784
0.598076211353309
2.99999999999984
4.59807621135327
4.96410161513779
4.00000000000014
1.96410161513789
-0.598076211353255
-3.00000000000002
-4.59807621135325
-4.96410161513777
-4.00000000000017
-1.96410161513794
0.598076211353201
2.99999999999998
4.59807621135323
4.96410161513777
4.0000000000002
1.96410161513799
-0.598076211353148
-2.99999999999993
-4.59807621135332
-4.96410161513778
-4.00000000000007
-1.96410161513804
0.598076211353095
2.99999999999989
4.5980762113533
4.96410161513778
4.0000000000001
1.96410161513809
-0.598076211353323
-2.99999999999985
-4.59807621135327
-4.96410161513779
-3.99999999999996
-1.96410161513788
0.598076211352988
2.9999999999998
4.59807621135325
4.96410161513776
4.00000000000016
1.96410161513766
-0.598076211353216
-2.99999999999976
-4.59807621135323
-4.96410161513777
-4.00000000000002
-1.96410161513798
0.59807621135288
2.99999999999994
4.59807621135321
4.96410161513778
4.00000000000006
1.96410161513776
-0.598076211353109
-2.99999999999967
-4.5980762113533
-4.96410161513778
-4.00000000000009
-1.96410161513807
0.598076211353338
2.99999999999986
4.59807621135317
4.96410161513776
4.00000000000012
1.96410161513786
-0.598076211353002
-3.00000000000004
-4.59807621135326
-4.9641016151378
-4.00000000000015
-1.96410161513791
0.598076211353231
2.99999999999977
4.59807621135335
4.96410161513777
4.00000000000019
1.96410161513796
-0.598076211353177
-2.99999999999996
-4.59807621135322
-4.96410161513781
-4.00000000000005
-1.96410161513801
0.598076211353124
2.99999999999991
4.59807621135331
4.96410161513778
4.00000000000025
1.9641016151378
-0.59807621135307
-2.99999999999987
-4.59807621135329
-4.96410161513775
-4.00000000000011
-1.96410161513811
0.598076211353299
2.99999999999983
4.59807621135326
4.96410161513779
3.99999999999998
1.9641016151379
-0.598076211352963
-3.00000000000001
-4.59807621135324
-4.96410161513777
-4.00000000000018
-1.96410161513769
0.598076211353192
2.99999999999974
4.59807621135322
4.96410161513777
4.00000000000004
1.964101615138
-0.598076211353421
-2.99999999999993
-4.5980762113532
-4.96410161513778
-4.00000000000007
-1.96410161513779
0.598076211353085
2.99999999999965
4.59807621135329
4.96410161513779
4.0000000000001
1.96410161513784
-0.598076211353313
-2.99999999999984
-4.59807621135316
-4.96410161513776
-4.00000000000014
-1.96410161513788
0.598076211352978
3.00000000000002
4.59807621135325
4.9641016151378
4
1.96410161513793
-0.598076211353206
-2.99999999999975
-4.59807621135334
-4.96410161513777
-4.0000000000002
-1.96410161513798
0.598076211353153
2.99999999999994
4.59807621135321
4.96410161513774
4.00000000000006
1.96410161513803
-0.598076211353099
-2.99999999999989
-4.5980762113533
-4.96410161513778
-4.00000000000027
-1.96410161513782
0.598076211353046
2.99999999999985
4.59807621135328
4.96410161513776
4.00000000000013
1.96410161513813
-0.598076211353275
-2.99999999999981
-4.59807621135326
-4.9641016151378
-3.99999999999999
-1.96410161513792
0.598076211352939
2.99999999999999
4.59807621135323
4.96410161513777
4.00000000000019
1.96410161513771
-0.598076211353168
-2.99999999999972
-4.59807621135321
-4.96410161513778
-4.00000000000005
-1.96410161513802
0.598076211353396
2.99999999999991
4.59807621135319
4.96410161513778
4.00000000000009
1.96410161513781
-0.598076211353061
-2.99999999999964
-4.59807621135328
-4.96410161513779
-4.00000000000012
-1.96410161513786
0.598076211353289
2.99999999999982
4.59807621135315
4.96410161513776
4.00000000000015
1.96410161513791
-0.598076211352954
-3
-4.59807621135324
-4.9641016151378
-4.00000000000001
-1.96410161513796
0.598076211353182
2.99999999999973
4.59807621135333
4.96410161513777
4.00000000000022
1.96410161513775
-0.598076211353129
-2.99999999999992
-4.5980762113532
-4.96410161513775
-4.00000000000008
-1.96410161513806
0.598076211353075
2.99999999999987
4.59807621135329
4.96410161513779
3.99999999999994
1.96410161513784
-0.598076211353022
-2.99999999999983
-4.59807621135327
-4.96410161513776
-4.00000000000014
-1.96410161513816
0.59807621135325
2.99999999999979
4.59807621135325
4.96410161513777
4
1.96410161513794
-0.598076211352914
-2.99999999999997
-4.59807621135322
-4.96410161513777
-4.00000000000021
-1.96410161513773
0.598076211353143
2.9999999999997
4.59807621135332
4.96410161513778
4.00000000000007
1.96410161513804
-0.598076211353372
-2.99999999999989
-4.59807621135318
-4.96410161513779
-4.0000000000001
-1.96410161513783
0.598076211353036
3.00000000000007
4.59807621135327
4.96410161513779
4.00000000000013
1.96410161513788
-0.598076211353265
-2.9999999999998
-4.59807621135314
-4.96410161513776
-4.00000000000017
-1.96410161513793
0.598076211353212
2.99999999999998
4.59807621135323
4.9641016151378
4.00000000000003
1.96410161513798
-0.598076211353158
-2.99999999999971
-4.59807621135332
-4.96410161513778
-4.00000000000023
-1.96410161513777
0.598076211353105
2.9999999999999
4.59807621135319
4.96410161513775
4.00000000000009
1.96410161513808
-0.598076211353051
-2.99999999999985
-4.59807621135328
-4.96410161513779
-3.99999999999995
-1.96410161513787
0.598076211352997
2.99999999999981
4.59807621135326
4.96410161513776
4.00000000000016
1.96410161513818
-0.598076211353226
-2.99999999999977
-4.59807621135324
-4.96410161513777
-4.00000000000002
-1.96410161513797
0.59807621135289
2.99999999999995
4.59807621135321
4.96410161513777
4.00000000000022
1.96410161513775
-0.598076211353119
-2.99999999999968
-4.59807621135331
-4.96410161513778
-4.00000000000008
-1.96410161513807
0.598076211353347
2.99999999999987
4.59807621135317
4.96410161513779
4.00000000000012
1.96410161513785
-0.598076211353012
-3.00000000000005
-4.59807621135326
-4.96410161513779
-4.00000000000015
-1.9641016151379
0.598076211353241
2.99999999999978
4.59807621135313
4.96410161513777
4.00000000000018
1.96410161513795
-0.598076211353187
-2.99999999999996
-4.59807621135322
-4.96410161513781
-4.00000000000004
-1.964101615138
0.598076211353133
2.99999999999969
4.59807621135331
4.96410161513778
4.00000000000025
1.96410161513779
-0.59807621135308
-2.99999999999988
-4.59807621135318
-4.96410161513775
-4.00000000000011
-1.9641016151381
0.598076211353309
2.99999999999984
4.59807621135327
4.96410161513779
3.99999999999997
1.96410161513789
-0.598076211352973
-2.99999999999979
-4.59807621135325
-4.96410161513777
-4.00000000000034
-1.96410161513768
0.598076211352919
2.99999999999975
4.59807621135323
4.96410161513777
4.00000000000003
1.96410161513825
-0.598076211352866
-2.99999999999971
-4.5980762113532
-4.96410161513778
-4.00000000000007
-1.96410161513778
0.598076211352813
2.99999999999966
4.59807621135318
4.96410161513778
4.0000000000001
1.96410161513835
-0.598076211353323
-2.99999999999962
-4.59807621135316
-4.96410161513779
-4.00000000000013
-1.96410161513788
0.598076211352706
3.00000000000003
4.59807621135314
4.9641016151378
4.00000000000016
1.96410161513793
-0.598076211353216
-2.99999999999953
-4.59807621135334
-4.9641016151378
-4.0000000000002
-1.96410161513798
0.598076211353162
2.99999999999994
4.5980762113531
4.96410161513781
4.00000000000023
1.96410161513802
-0.598076211353109
-2.9999999999999
-4.5980762113533
-4.96410161513782
-4.00000000000026
-1.96410161513807
0.598076211353055
2.99999999999986
4.59807621135306
4.96410161513776
4.00000000000029
1.96410161513812
-0.598076211353002
-2.99999999999982
-4.59807621135326
-4.96410161513783
-3.99999999999998
-1.96410161513817
0.598076211352949
2.99999999999977
4.59807621135324
4.96410161513777
4.00000000000036
1.9641016151377
-0.598076211352895
-2.99999999999973
-4.59807621135322
-4.96410161513777
-4.00000000000005
-1.96410161513827
0.598076211352842
2.99999999999969
4.5980762113532
4.96410161513778
4.00000000000008
1.9641016151378
-0.598076211352788
-2.99999999999964
-4.59807621135317
-4.96410161513779
-4.00000000000011
-1.96410161513837
0.598076211353299
2.9999999999996
4.59807621135315
4.96410161513779
4.00000000000015
1.9641016151379
-0.598076211352681
-3.00000000000001
-4.59807621135313
-4.9641016151378
-4.00000000000018
-1.96410161513795
0.598076211353192
2.99999999999951
4.59807621135333
4.96410161513781
4.00000000000021
1.964101615138
-0.598076211353138
-2.99999999999993
-4.59807621135309
-4.96410161513774
-4.00000000000024
-1.96410161513805
0.598076211353085
2.99999999999988
4.59807621135329
4.96410161513782
4.00000000000027
1.9641016151381
-0.598076211353031
-2.99999999999984
-4.59807621135327
-4.96410161513776
-4.00000000000031
-1.96410161513815
0.598076211352978
2.9999999999998
4.59807621135325
4.96410161513783
4
1.9641016151382
-0.598076211352924
-2.99999999999975
-4.59807621135323
-4.96410161513777
-4.00000000000037
-1.96410161513772
0.598076211352871
2.99999999999971
4.59807621135321
4.96410161513778
4.00000000000006
1.9641016151383
-0.598076211353382
-2.99999999999967
-4.59807621135319
-4.96410161513778
-4.0000000000001
-1.96410161513782
0.598076211352764
2.99999999999962
4.59807621135317
4.96410161513779
4.00000000000013
1.96410161513787
-0.598076211353275
-2.99999999999958
-4.59807621135314
-4.9641016151378
-4.00000000000016
-1.96410161513792
0.598076211352657
2.99999999999999
4.59807621135312
4.9641016151378
4.00000000000019
1.96410161513797
-0.598076211353168
-2.99999999999949
-4.59807621135332
-4.96410161513781
-4.00000000000022
-1.96410161513802
0.598076211353114
2.99999999999991
4.59807621135308
4.96410161513775
4.00000000000026
1.96410161513807
-0.598076211353061
-2.99999999999986
-4.59807621135328
-4.96410161513782
-4.00000000000029
-1.96410161513812
0.598076211353007
2.99999999999982
4.59807621135326
4.96410161513776
4.00000000000032
1.96410161513817
-0.598076211352954
-2.99999999999978
-4.59807621135324
-4.96410161513784
-4.00000000000001
-1.96410161513822
0.5980762113529
2.99999999999973
4.59807621135322
4.96410161513777
4.00000000000039
1.96410161513775
-0.598076211352847
-2.99999999999969
-4.5980762113532
-4.96410161513778
-4.00000000000008
-1.96410161513832
0.598076211353357
2.99999999999965
4.59807621135318
-5.50000000000003
-5.27114540178056
-5.23219203436273
-5.24668254627307
-5.01540172789998
-4.20710678118648
-2.61267756707289
-0.26143343827953
2.54802849764793
5.31800560177046
7.50000000000008
8.66825087409637
8.65538450565738
7.60069057024774
5.89383051644734
4.03553390593269
2.46735579894543
1.43331154376666
0.923175039987808
0.715482114705095
0.499999999999997
0.0292467816293551
-0.761920914091532
-1.71660540010111
-2.51244077082017
-2.79289321881345
-2.32203403081793
-1.10151653659553
0.597904398716743
2.30585902963111
3.50000000000012
3.77889072147441
2.99705647422706
1.31272147505707
-0.86894897480716
-3.03553390593265
-4.73788717647405
-5.72868960032181
-6.01923203528293
-5.83638578902665
-5.50000000000002
-5.27114540178056
-5.23219203436273
-5.24668254627306
-5.01540172789996
-4.20710678118642
-2.61267756707281
-0.261433438279415
2.54802849764806
5.31800560177058
7.50000000000015
8.6682508740964
8.65538450565746
7.60069057024794
5.8938305164476
4.03553390593293
2.46735579894537
1.43331154376663
0.923175039987795
0.715482114705089
0.499999999999983
0.029246781629328
-0.761920914091571
-1.71660540010115
-2.51244077082019
-2.79289321881345
-2.32203403081789
-1.10151653659546
0.597904398716822
2.30585902963117
3.50000000000001
3.77889072147444
2.99705647422724
1.31272147505735
-0.868948974807259
-3.03553390593274
-4.73788717647411
-5.72868960032172
-6.01923203528293
-5.83638578902664
-5.50000000000001
-5.27114540178055
-5.23219203436273
-5.24668254627306
-5.01540172789994
-4.20710678118637
-2.61267756707272
-0.261433438279299
2.54802849764766
5.31800560177022
7.49999999999991
8.66825087409632
8.65538450565743
7.60069057024788
5.89383051644751
4.03553390593286
2.46735579894531
1.4333115437666
0.923175039987782
0.715482114705111
0.49999999999997
0.0292467816293001
-0.761920914091612
-1.71660540010119
-2.51244077082022
-2.79289321881345
-2.32203403081785
-1.10151653659567
0.597904398716576
2.30585902963096
3.49999999999991
3.77889072147443
2.99705647422718
1.31272147505726
-0.868948974806948
-3.03553390593283
-4.73788717647442
-5.72868960032175
-6.01923203528293
-5.83638578902668
-5.49999999999999
-5.27114540178054
-5.23219203436273
-5.24668254627306
-5.01540172789992
-4.20710678118653
-2.61267756707299
-0.261433438279183
2.54802849764726
5.31800560177034
7.49999999999968
8.66825087409634
8.65538450565741
7.60069057024808
5.89383051644743
4.03553390593246
2.46735579894549
1.43331154376657
0.923175039987711
0.715482114705103
0.499999999999956
0.0292467816293884
-0.761920914091652
-1.71660540010107
-2.51244077082014
-2.79289321881346
-2.32203403081781
-1.10151653659588
0.597904398716654
2.30585902963131
3.49999999999994
3.77889072147442
2.99705647422736
1.31272147505717
-0.868948974807456
-3.03553390593255
-4.73788717647423
-5.72868960032189
-6.01923203528293
-5.83638578902661
-5.49999999999998
-5.27114540178056
-5.23219203436273
-5.24668254627307
-5.01540172789998
-4.20710678118648
-2.61267756707327
-0.261433438279547
2.54802849764791
5.31800560176998
7.50000000000006
8.66825087409648
8.65538450565748
7.60069057024775
5.89383051644769
4.0355339059327
2.4673557989452
1.43331154376667
0.923175039987754
0.715482114705096
0.499999999999999
0.02924678162936
-0.761920914091691
-1.71660540010094
-2.51244077082016
-2.79289321881347
-2.32203403081793
-1.10151653659554
0.597904398716408
2.3058590296311
3.50000000000012
3.77889072147445
2.99705647422707
1.31272147505672
-0.868948974807146
-3.035533905933
-4.73788717647404
-5.7286896003218
-6.01923203528293
-5.83638578902665
-5.50000000000002
-5.27114540178056
-5.23219203436272
-5.24668254627306
-5.01540172789988
-4.20710678118665
-2.61267756707282
-0.261433438279911
2.54802849764752
5.31800560177056
7.49999999999983
8.66825087409639
8.65538450565735
7.60069057024795
5.89383051644727
4.03553390593262
2.46735579894538
1.43331154376664
0.923175039987797
0.715482114705119
0.499999999999985
0.0292467816294486
-0.761920914091566
-1.71660540010115
-2.51244077082008
-2.79289321881345
-2.32203403081774
-1.10151653659575
0.597904398716811
2.30585902963144
3.50000000000001
3.7788907214744
2.99705647422725
1.31272147505699
-0.868948974807245
-3.03553390593273
-4.7378871764741
-5.72868960032183
-6.01923203528293
-5.83638578902664
-5.49999999999995
-5.27114540178057
-5.23219203436273
-5.24668254627307
-5.01540172789994
-4.20710678118638
-2.61267756707309
-0.261433438279315
2.54802849764816
5.31800560177021
7.50000000000021
8.66825087409642
8.65538450565743
7.60069057024789
5.89383051644753
4.03553390593287
2.46735579894532
1.43331154376674
0.923175039987784
0.715482114705083
0.500000000000028
0.0292467816293036
-0.761920914091772
-1.71660540010102
-2.51244077082022
-2.79289321881346
-2.32203403081786
-1.10151653659541
0.597904398716565
2.30585902963123
3.50000000000004
3.77889072147443
2.99705647422719
1.31272147505691
-0.868948974806935
-3.03553390593282
-4.73788717647392
-5.72868960032174
-6.01923203528293
-5.83638578902668
-5.49999999999999
-5.27114540178054
-5.23219203436273
-5.24668254627306
-5.01540172789984
-4.20710678118654
-2.61267756707264
-0.261433438279679
2.54802849764777
5.31800560177032
7.49999999999998
8.66825087409634
8.65538450565741
7.60069057024809
5.89383051644744
4.03553390593247
2.4673557989455
1.43331154376657
0.923175039987825
0.715482114705105
0.499999999999958
0.029246781629392
-0.761920914091646
-1.71660540010123
-2.51244077082013
-2.79289321881344
-2.32203403081782
-1.10151653659561
0.597904398716643
2.30585902963102
3.49999999999994
3.77889072147442
2.99705647422737
1.31272147505718
-0.868948974807441
-3.03553390593254
-4.73788717647422
-5.72868960032188
-6.01923203528293
-5.83638578902661
-5.50000000000004
-5.27114540178056
-5.23219203436273
-5.24668254627307
-5.0154017278999
-4.20710678118649
-2.61267756707292
-0.261433438279564
2.54802849764789
5.31800560176997
7.50000000000005
8.66825087409626
8.65538450565749
7.60069057024776
5.8938305164477
4.03553390593271
2.46735579894521
1.43331154376667
0.923175039987757
0.715482114705069
0.500000000000001
0.0292467816292485
-0.76192091409152
-1.7166054001011
-2.51244077082016
-2.79289321881345
-2.32203403081794
-1.10151653659555
0.597904398716397
2.30585902963109
3.50000000000011
3.77889072147445
2.99705647422708
1.31272147505746
-0.868948974807132
-3.03553390593299
-4.73788717647404
-5.7286896003218
-6.01923203528293
-5.83638578902666
-5.49999999999997
-5.27114540178056
-5.23219203436273
-5.24668254627307
-5.01540172789996
-4.20710678118665
-2.61267756707283
-0.261433438279927
2.5480284976475
5.31800560177054
7.49999999999982
8.66825087409639
8.65538450565736
7.60069057024796
5.89383051644728
4.03553390593296
2.46735579894539
1.43331154376651
0.923175039987799
0.715482114705091
0.499999999999987
0.0292467816293358
-0.76192091409156
-1.71660540010114
-2.51244077082008
-2.79289321881345
-2.32203403081806
-1.10151653659576
0.597904398716799
2.30585902963088
3.5
3.7788907214744
2.99705647422725
1.31272147505701
-0.868948974807639
-3.03553390593272
-4.73788717647434
-5.72868960032171
-6.01923203528293
-5.83638578902664
-5.50000000000001
-5.27114540178058
-5.23219203436273
-5.24668254627307
-5.01540172789994
-4.20710678118639
-2.61267756707311
-0.261433438279332
2.5480284976471
5.31800560177019
7.50000000000021
8.66825087409631
8.65538450565744
7.60069057024763
5.89383051644754
4.03553390593256
2.46735579894533
1.43331154376661
0.923175039987785
0.715482114705113
0.50000000000003
0.0292467816293083
-0.761920914091434
-1.71660540010101
-2.51244077082021
-2.79289321881346
-2.32203403081786
-1.10151653659542
0.597904398716554
2.30585902963122
3.4999999999999
3.77889072147443
2.99705647422697
1.31272147505728
-0.86894897480733
-3.0355339059328
-4.73788717647416
-5.72868960032174
-6.01923203528293
-5.83638578902669
-5.49999999999994
-5.27114540178059
-5.23219203436273
-5.24668254627306
-5.01540172789992
-4.20710678118655
-2.61267756707302
-0.261433438279696
2.54802849764723
5.31800560177077
7.49999999999966
8.66825087409644
8.65538450565762
7.60069057024783
5.89383051644746
4.0355339059328
2.46735579894551
1.43331154376644
0.923175039987828
0.715482114705076
0.499999999999959
0.0292467816292807
-0.76192091409164
-1.71660540010105
-2.51244077082013
-2.79289321881346
-2.32203403081798
-1.1015165365959
0.597904398716956
2.30585902963073
3.50000000000007
3.77889072147442
2.99705647422714
1.31272147505719
-0.868948974807837
-3.03553390593253
-4.73788717647446
-5.72868960032166
-6.01923203528293
-5.83638578902661
-5.49999999999998
-5.27114540178056
-5.23219203436273
-5.24668254627307
-5.01540172789999
-4.20710678118628
-4.96410161513783
-4
-1.9641016151382
0.598076211352919
2.99999999999975
4.598076211353
4.96410161513777
4.00000000000003
1.96410161513825
-0.598076211352866
-3.00000000000016
-4.5980762113532
-4.96410161513778
-4.00000000000041
-1.9641016151383
0.598076211353377
2.99999999999966
4.59807621135318
4.96410161513778
4.00000000000044
1.96410161513783
-0.598076211353323
-2.99999999999962
-4.59807621135316
-4.96410161513786
-4.00000000000013
-1.96410161513788
0.598076211352706
2.99999999999958
4.59807621135337
4.9641016151378
4.00000000000016
1.96410161513793
-0.598076211352652
-2.99999999999999
-4.59807621135312
-4.9641016151378
-4.0000000000002
-1.9641016151385
0.598076211353162
2.99999999999995
4.5980762113531
4.96410161513781
3.99999999999989
1.96410161513802
-0.598076211353109
-2.99999999999945
-4.59807621135308
-4.96410161513775
-4.00000000000026
-1.96410161513807
0.598076211353055
2.9999999999994
4.59807621135328
4.96410161513776
4.00000000000029
1.96410161513812
-0.598076211352438
-2.99999999999982
-4.59807621135326
-4.96410161513783
-4.00000000000033
-1.96410161513765
0.598076211352949
2.99999999999977
4.59807621135324
4.96410161513784
4.00000000000002
1.96410161513822
-0.598076211352895
-2.99999999999973
-4.59807621135299
-4.96410161513777
-4.00000000000005
-1.96410161513827
0.598076211352842
3.00000000000014
4.5980762113532
4.96410161513778
4.00000000000042
1.96410161513832
-0.598076211353353
-2.99999999999964
-4.59807621135317
-4.96410161513779
-4.00000000000045
-1.96410161513785
0.598076211353299
2.9999999999996
4.59807621135315
4.96410161513786
4.00000000000015
1.9641016151379
-0.598076211352681
-2.99999999999956
-4.59807621135336
-4.9641016151378
-4.00000000000018
-1.96410161513795
0.598076211352628
2.99999999999997
4.59807621135311
4.96410161513781
4.00000000000021
1.96410161513852
-0.598076211353138
-2.99999999999993
-4.59807621135309
-4.96410161513781
-3.9999999999999
-1.96410161513805
0.598076211353085
2.99999999999943
4.59807621135307
4.96410161513775
4.00000000000027
1.9641016151381
-0.598076211353031
-2.99999999999938
-4.59807621135327
-4.96410161513776
-4.00000000000031
-1.96410161513815
0.598076211352414
2.9999999999998
4.59807621135325
4.96410161513783
4.00000000000034
1.96410161513767
-0.598076211352924
-2.99999999999975
-4.59807621135323
-4.96410161513784
-4.00000000000003
-1.96410161513825
0.598076211352871
2.99999999999971
4.59807621135298
4.96410161513778
4.00000000000006
1.9641016151383
-0.598076211352817
-3.00000000000012
-4.59807621135319
-4.96410161513778
-4.00000000000044
-1.96410161513835
0.598076211353328
2.99999999999962
4.59807621135317
4.96410161513779
4.00000000000047
1.96410161513787
-0.598076211353275
-2.99999999999958
-4.59807621135314
-4.96410161513787
-4.00000000000016
-1.96410161513792
0.598076211352657
2.99999999999954
4.59807621135335
4.9641016151378
4.00000000000019
1.96410161513797
-0.598076211352603
-2.99999999999995
-4.5980762113531
-4.96410161513781
-4.00000000000022
-1.96410161513854
0.598076211353114
2.99999999999991
4.59807621135308
4.96410161513782
3.99999999999992
1.96410161513807
-0.598076211353061
-2.99999999999941
-4.59807621135306
-4.96410161513776
-4.00000000000029
-1.96410161513812
0.598076211353007
2.99999999999936
4.59807621135326
4.96410161513776
4.00000000000032
1.96410161513817
-0.59807621135239
-2.99999999999978
-4.59807621135324
-4.96410161513784
-4.00000000000035
-1.9641016151377
0.5980762113529
2.99999999999973
4.59807621135322
4.96410161513784
4.00000000000005
1.96410161513827
-0.598076211352847
-2.99999999999969
-4.59807621135297
-4.96410161513778
-4.00000000000008
-1.96410161513832
0.598076211352793
3.0000000000001
4.59807621135318
4.96410161513779
4.00000000000045
1.96410161513837
-0.598076211353304
-2.9999999999996
-4.59807621135316
-4.96410161513779
-4.00000000000048
-1.96410161513789
0.59807621135325
2.99999999999956
4.59807621135313
4.96410161513787
4.00000000000017
1.96410161513794
-0.598076211352632
-2.99999999999952
-4.59807621135334
-4.96410161513781
-4.00000000000021
-1.96410161513799
0.598076211352579
2.99999999999993
4.59807621135309
4.96410161513781
4.00000000000024
1.96410161513857
-0.59807621135309
-2.99999999999989
-4.59807621135307
-4.96410161513782
-3.99999999999993
-1.96410161513809
0.598076211353037
2.99999999999939
4.59807621135305
4.96410161513776
4.0000000000003
1.96410161513814
-0.598076211352983
-2.99999999999935
-4.59807621135325
-4.96410161513776
-4.00000000000034
-1.96410161513819
0.598076211353494
2.99999999999976
4.59807621135323
4.96410161513784
4.00000000000037
1.96410161513772
-0.598076211352875
-2.99999999999971
-4.59807621135321
-4.96410161513784
-4.00000000000006
-1.96410161513777
0.598076211352822
2.99999999999967
4.59807621135296
4.96410161513778
4.00000000000009
1.96410161513834
-0.598076211352769
-3.00000000000008
-4.59807621135317
-4.96410161513779
-4.00000000000013
-1.96410161513839
0.59807621135328
2.99999999999958
4.59807621135292
4.9641016151378
4.0000000000005
1.96410161513792
-0.598076211352662
-2.99999999999909
-4.59807621135313
-4.96410161513773
-4.00000000000019
-1.96410161513849
0.598076211352044
2.9999999999995
4.59807621135333
4.96410161513781
4.00000000000056
1.96410161513802
-0.598076211352555
-2.99999999999991
-4.59807621135308
-4.96410161513788
-4.00000000000025
-1.96410161513859
0.598076211353065
2.99999999999941
4.59807621135284
4.96410161513782
3.99999999999995
1.96410161513811
-0.598076211352448
-2.99999999999982
-4.59807621135304
-4.96410161513776
-4.00000000000032
-1.96410161513869
0.598076211352958
2.99999999999933
4.59807621135324
4.96410161513784
4.00000000000069
1.96410161513821
-0.598076211353469
-2.99999999999974
-4.598076211353
-4.96410161513791
-4.00000000000038
-1.96410161513774
0.598076211352851
2.99999999999924
4.5980762113532
4.96410161513785
4.00000000000007
1.96410161513831
-0.598076211352233
-2.99999999999965
-4.59807621135295
-4.96410161513779
-4.00000000000045
-1.96410161513889
0.598076211352744
3.00000000000006
4.59807621135316
4.96410161513786
4.00000000000014
1.96410161513841
-0.598076211353255
-2.99999999999956
-4.59807621135291
-4.9641016151378
-4.00000000000051
-1.96410161513794
0.598076211352637
2.99999999999907
4.59807621135312
4.96410161513774
4.0000000000002
1.96410161513851
-0.59807621135202
-2.99999999999948
-4.59807621135332
-4.96410161513781
-4.00000000000058
-1.96410161513804
0.59807621135253
2.99999999999989
4.59807621135307
4.96410161513789
4.00000000000027
1.96410161513861
-0.598076211353041
-2.99999999999939
-4.59807621135283
-4.96410161513782
-3.99999999999996
-1.96410161513814
0.598076211352423
2.9999999999998
4.59807621135303
4.96410161513776
4.00000000000033
1.96410161513871
-0.598076211352934
-2.99999999999931
-4.59807621135323
-4.96410161513784
-4.00000000000071
-1.96410161513824
0.598076211353445
2.99999999999972
4.59807621135299
4.96410161513791
4.0000000000004
1.96410161513776
-0.598076211352827
-2.99999999999922
-4.59807621135319
-4.96410161513785
-4.00000000000009
-1.96410161513834
0.598076211352209
2.99999999999963
4.59807621135295
4.96410161513779
4.00000000000046
1.96410161513891
-0.59807621135272
-3.00000000000004
-4.59807621135315
-4.96410161513786
-4.00000000000015
-1.96410161513844
0.598076211353231
2.99999999999955
4.5980762113529
4.9641016151378
4.00000000000053
1.96410161513796
-0.598076211352613
-2.99999999999905
-4.5980762113531
-4.96410161513774
-4.00000000000022
-1.96410161513853
0.598076211351995
2.99999999999946
4.59807621135331
4.96410161513781
4.00000000000059
1.96410161513806
-0.598076211352506
-2.99999999999987
-4.59807621135306
-4.96410161513789
-4.00000000000028
-1.96410161513863
0.598076211353017
2.99999999999937
4.59807621135282
4.96410161513783
3.99999999999998
1.96410161513816
-0.598076211352399
-2.99999999999978
-4.59807621135302
-4.96410161513777
-4.00000000000035
-1.96410161513873
0.59807621135291
2.99999999999929
4.59807621135322
4.96410161513784
4.00000000000072
1.96410161513826
-0.598076211353421
-2.9999999999997
-4.59807621135298
-4.96410161513792
-4.00000000000041
-1.96410161513779
0.598076211352803
2.9999999999992
4.59807621135318
4.96410161513785
4.0000000000001
1.96410161513836
-0.598076211352185
-2.99999999999961
-4.59807621135294
-4.96410161513779
-4.00000000000048
-1.96410161513893
0.598076211352696
3.00000000000002
4.59807621135314
4.96410161513787
4.00000000000017
1.96410161513846
-0.598076211353206
-2.99999999999953
-4.59807621135289
-4.96410161513781
-4.00000000000054
-1.96410161513798
0.598076211352589
2.99999999999903
4.5980762113531
4.96410161513774
4.00000000000023
1.96410161513856
-0.59807621135197
-2.99999999999944
-4.5980762113533
-4.96410161513782
-4.00000000000061
-1.96410161513808
0.598076211352482
2.99999999999985
4.59807621135305
4.96410161513789
4.0000000000003
1.96410161513761
-0.598076211352993
-2.99999999999935
-4.59807621135281
-4.96410161513783
-3.99999999999999
-1.96410161513818
0.598076211352375
2.99999999999976
4.59807621135301
4.96410161513777
4.00000000000036
1.96410161513875
-0.598076211352886
-2.99999999999927
-4.59807621135321
-4.96410161513784
-6.13955208630098
-5.47003399599783
-4.4074337361851
-3.0388095681263
-1.47714484007632
0.149037066700975
1.70747109010905
3.07423238001542
4.14494687792043
4.84406278495083
5.13130574797208
5.00471610886202
4.49999999999972
3.68628482700806
2.65871870646123
1.52865865091882
0.412423957968645
-0.580273172580482
-1.35708141209168
-1.85189535066333
-2.03100706852752
-1.89593233475164
-1.48264999963992
-0.857348712093516
-0.109120811382021
0.659654850161163
1.34427095263702
1.84888787287174
2.09684158178121
2.03902448922072
1.65949069146929
0.9777112841209
0.0472366555186987
-1.04912155957568
-2.20713086465496
-3.31124169587984
-4.24596878508317
-4.90743373618532
-5.21393129533597
-5.11447222487264
-4.59444902850762
-3.67784824670205
-2.42576761998457
-0.931355464515277
0.688361942034844
2.30299535755111
3.78065089794771
4.99999999999991
5.86140655421813
6.29604609125751
6.27214474612732
5.79774329477945
4.91972682741947
3.71922093034417
2.30380549225259
0.797303321893734
-0.671867123837018
-1.98264999964001
-3.03247043930334
-3.74644819617818
-4.08383124504741
-4.04104838417372
-3.65111212712844
-2.97946076065459
-2.11667635369528
-1.16881969895159
-0.246353926793713
0.547236655519008
1.1260001676343
1.4301965201412
1.4322443993286
1.13935055172765
0.592566263814591
-0.137628952899982
-0.958771381956635
-1.76613863808647
-2.45378303578741
-2.92576761998457
-3.10647719172526
-2.9489654427612
-2.44049073765736
-1.60466843886347
-0.499999999999654
0.785104211782048
2.14034524834186
3.44383435570606
4.57367808386507
5.41972682741963
5.894342657554
5.9411328770487
5.54078941710206
4.71345221297377
3.51735000036028
2.04383190313208
0.409252646738034
-1.25552085462648
-2.81698317325886
-4.15111212712852
-5.15458248786448
-5.75400373849128
-5.91230579416035
-5.63167326360424
-4.95276334448123
-3.95030217480139
-2.72550432277455
-1.39606599109235
-0.0847146591868659
1.09256626381462
2.03749277430974
2.67855600283943
2.97734745712181
2.93153630102364
2.57423238001515
1.96982515071081
1.20673540015455
0.387819652763691
-0.38060322794896
-1.00000000000003
-1.39001751542769
-1.49698213645454
-1.29965173950212
-0.811641252946011
-0.0802731725802781
0.81804031511823
1.7854320341329
2.71247902668097
3.48938700205909
4.01735000036014
4.2189536303422
4.04658003153384
3.48796524058227
2.56833616355138
1.3488878728718
-0.0782801454287896
-1.59830289557547
-3.08399540373932
-4.4076080526898
-5.45276334448142
-6.1254239020114
-6.36283170757088
-6.13955208630104
-5.47003399599771
-4.40743373618526
-3.03880956812608
-1.47714484007653
0.149037066700764
1.70747109010886
3.07423238001526
4.14494687792061
4.84406278495075
5.13130574797218
5.00471610886204
4.49999999999987
3.68628482700816
2.65871870646139
1.52865865091895
0.412423957968388
-0.58027317258037
-1.35708141209182
-1.85189535066339
-2.03100706852749
-1.89593233475165
-1.48264999963975
-0.85734871209358
-0.109120811382235
0.659654850161095
1.34427095263683
1.84888787287171
2.0968415817811
2.03902448922076
1.6594906914691
0.977711284121005
0.0472366555187973
-1.04912155957555
-2.20713086465481
-3.31124169588015
-4.24596878508301
-4.90743373618556
-5.21393129533597
-5.11447222487272
-4.59444902850773
-3.67784824670182
-2.42576761998475
-0.931355464515484
0.688361942034631
2.3029953575509
3.78065089794753
4.99999999999977
5.86140655421804
6.29604609125752
6.27214474612735
5.79774329477952
4.91972682741923
3.71922093034427
2.30380549225233
0.797303321893825
-0.67186712383721
-1.98264999963998
-3.03247043930338
-3.74644819617824
-4.08383124504737
-4.04104838417386
-3.65111212712849
-2.97946076065448
-2.11667635369538
-1.16881969895177
-0.24635392679381
0.547236655518902
1.12600016763425
1.4301965201412
1.43224439932861
1.13935055172753
0.592566263814656
-0.137628952900206
-0.958771381956874
-1.76613863808669
-2.45378303578736
-2.9257676199847
-3.10647719172528
-2.94896544276125
-2.44049073765746
-1.6046684388636
-0.49999999999981
0.78510421178188
2.14034524834169
3.44383435570636
4.57367808386495
5.41972682741955
5.89434265755398
5.94113287704873
5.54078941710194
4.71345221297391
3.51735000035999
2.04383190313228
0.409252646737668
-1.25552085462627
-2.81698317325931
-4.15111212712836
-5.15458248786448
-5.75400373849122
-5.91230579416042
-5.63167326360429
-4.95276334448136
-3.95030217480152
-2.72550432277468
-1.39606599109251
-0.0847146591869543
1.09256626381485
2.03749277430974
2.67855600283939
2.97734745712194
2.9315363010234
2.57423238001533
1.96982515071046
1.20673540015476
0.387819652763771
-0.380603227948786
-0.999999999999981
-1.3900175154277
-1.49698213645456
-1.29965173950215
-0.811641252945857
-0.0802731725804069
0.818040315118126
1.78543203413271
2.71247902668088
3.48938700205941
4.01735000036012
4.21895363034238
4.04658003153379
3.48796524058227
2.56833616355153
1.34888787287151
-0.0782801454285966
-1.59830289557527
-3.08399540373914
-4.40760805268965
-5.45276334448134
-6.12542390201134
-6.36283170757086
-6.13955208630094
-5.47003399599776
-4.40743373618542
-3.03880956812564
-1.47714484007674
0.149037066701118
1.70747109010866
3.07423238001552
4.14494687792048
4.84406278495083
5.13130574797215
5.00471610886204
4.49999999999994
3.68628482700832
2.65871870646111
1.5286586509191
0.412423957968516
-0.580273172580294
-1.35708141209173
-1.85189535066342
-2.03100706852747
-1.89593233475179
-1.48264999963958
-0.857348712093781
-0.109120811381863
0.659654850161316
1.34427095263715
1.84888787287168
2.09684158178127
2.0390244892208
1.65949069146918
0.977711284121109
0.047236655518923
-1.04912155957582
-2.20713086465467
-3.31124169588004
-4.24596878508323
-4.90743373618552
-5.21393129533587
-5.11447222487278
-4.5944490285077
-3.67784824670173
-2.42576761998479
-0.931355464515278
0.688361942035124
2.30299535755113
3.78065089794746
5
5.86140655421802
6.29604609125749
6.27214474612739
5.7977432947796
4.91972682741932
3.71922093034444
2.30380549225244
0.797303321893487
-0.671867123837143
-1.98264999963982
-3.03247043930369
-3.74644819617815
-4.08383124504736
-4.04104838417387
-3.65111212712832
-2.97946076065456
-2.11667635369513
-1.16881969895187
-0.246353926793583
0.547236655518823
1.12600016763419
1.43019652014123
1.43224439932862
1.13935055172757
0.59256626381472
-0.137628952900128
-0.958771381956793
-1.76613863808662
-2.45378303578731
-2.92576761998482
-3.10647719172529
-2.94896544276121
-2.44049073765733
-1.60466843886339
-0.499999999999966
0.785104211782187
2.14034524834153
3.44383435570623
4.57367808386483
5.41972682741944
5.89434265755406
5.94113287704868
5.54078941710203
4.71345221297358
3.51735000036017
2.04383190313235
0.409252646737886
-1.25552085462619
-2.8169831732595
-4.15111212712832
-5.15458248786453
-5.75400373849138
-5.91230579416031
-5.6316732636044
-4.95276334448114
-3.95030217480166
-2.72550432277484
-1.39606599109263
-0.0847146591871137
1.09256626381471
2.03749277430963
2.67855600283931
2.9773474571219
2.93153630102341
2.57423238001536
1.96982515071025
1.20673540015483
0.387819652763419
-0.380603227948717
-1.00000000000022
-1.39001751542768
-1.4969821364546
-1.29965173950219
-0.811641252945929
-0.0802731725805006
0.818040315118022
1.78543203413297
2.71247902668079
3.48938700205923
4.01735000036009
4.21895363034226
4.04658003153386
3.48796524058224
2.56833616355167
1.34888787287122
-0.0782801454284034
-1.59830289557562
-3.08399540373896
-4.40760805268992
-5.45276334448123
-6.12542390201146
-6.36283170757087
-6.139552086301
-5.47003399599787
-4.40743373618548
-3.03880956812583
-1.47714484007626
0.149037066700343
1.70747109010861
3.07423238001535
4.1449468779205
4.84406278495092
5.13130574797214
5.00471610886196
4.5000000000001
3.68628482700801
2.65871870646124
1.52865865091881
0.41242395796902
-0.580273172580467
-1.35708141209165
-1.85189535066337
-2.03100706852745
-1.89593233475169
-1.48264999963984
-0.857348712093845
-0.109120811381935
0.659654850161107
1.34427095263734
1.84888787287137
2.09684158178127
2.03902448922074
1.65949069146914
0.977711284120873
0.0472366555186805
-1.04912155957528
-2.20713086465498
-3.31124169587987
-4.24596878508314
-4.90743373618557
-5.21393129533598
-5.11447222487271
-4.5944490285078
-3.67784824670174
-2.4257676199845
-0.931355464514795
0.688361942034336
2.30299535755105
3.78065089794728
5.00000000000024
5.86140655421816
6.29604609125746
6.27214474612742
5.79774329477944
4.91972682741945
3.71922093034413
2.3038054922521
0.79730332189368
-0.67186712383696
-1.98264999963966
-3.03247043930357
-3.74644819617824
-4.0838312450473
-4.04104838417388
-3.65111212712837
-2.97946076065463
-2.11667635369488
-1.16881969895162
-0.246353926793679
0.547236655518744
1.1260001676343
1.43019652014121
1.43224439932861
1.13935055172777
0.592566263814535
-0.137628952900049
-0.958771381956588
-1.76613863808685
-2.45378303578735
-2.92576761998466
-3.10647719172517
-2.94896544276127
-2.4404907376573
-1.60466843886318
-0.500000000000463
0.78510421178202
2.1403452483414
3.44383435570651
4.57367808386507
5.41972682741962
5.89434265755387
5.94113287704874
5.54078941710201
4.71345221297372
3.51735000035988
2.0438319031327
0.409252646737962
-1.25552085462598
-2.8169831732593
-4.15111212712858
-5.1545824878647
-5.7540037384912
-5.91230579416031
-5.63167326360445
-4.9527633444809
-3.95030217480138
-2.72550432277502
-1.3960659910928
-0.0847146591868975
1.09256626381466
2.03749277430979
2.67855600283951
2.97734745712174
5.89383051644762
4.03553390593296
2.46735579894515
1.43331154376651
0.923175039987855
0.715482114705148
0.499999999999987
0.0292467816293358
-0.761920914091891
-1.71660540010131
-2.51244077082008
-2.79289321881346
-2.32203403081774
-1.10151653659548
0.597904398716799
2.3058590296306
3.5
3.77889072147444
2.99705647422725
1.31272147505664
-0.868948974807639
-3.03553390593235
-4.73788717647385
-5.72868960032183
-6.01923203528293
-5.83638578902653
-5.50000000000012
-5.27114540178058
-5.23219203436272
-5.24668254627305
-5.01540172789986
-4.20710678118639
-2.61267756707347
-0.261433438279332
2.54802849764762
5.31800560177019
7.50000000000052
8.66825087409631
8.65538450565754
7.60069057024816
5.8938305164472
4.03553390593256
2.46735579894485
1.43331154376688
0.923175039987785
0.715482114705113
0.499999999999916
0.0292467816291926
-0.761920914091434
-1.71660540010084
-2.51244077082021
-2.79289321881345
-2.32203403081786
-1.10151653659514
0.597904398716554
2.30585902963094
3.4999999999999
3.77889072147439
2.99705647422697
1.31272147505765
-0.868948974806511
-3.0355339059328
-4.73788717647416
-5.72868960032196
-6.01923203528293
-5.83638578902669
-5.50000000000005
-5.27114540178055
-5.23219203436273
-5.24668254627306
-5.01540172790009
-4.20710678118655
-2.61267756707302
-0.261433438279696
2.54802849764827
5.31800560177077
7.49999999999966
8.66825087409623
8.65538450565741
7.60069057024783
5.89383051644678
4.03553390593344
2.46735579894551
1.43331154376671
0.923175039987716
0.715482114705076
0.499999999999959
0.029246781629511
-0.76192091409164
-1.71660540010105
-2.51244077082013
-2.79289321881343
-2.32203403081798
-1.1015165365959
0.597904398716307
2.30585902963129
3.50000000000007
3.77889072147433
2.99705647422761
1.31272147505719
-0.868948974807019
-3.03553390593325
-4.73788717647446
-5.72868960032188
-6.01923203528293
-5.83638578902661
-5.49999999999998
-5.27114540178056
-5.23219203436274
-5.24668254627307
-5.01540172789999
-4.20710678118671
-2.61267756707257
-0.2614334382791
2.54802849764892
5.31800560176949
7.50000000000004
8.66825087409636
8.65538450565728
7.6006905702475
5.89383051644771
4.03553390593305
2.46735579894521
1.43331154376654
0.923175039987758
0.715482114705041
0.500000000000003
0.0292467816293678
-0.761920914091514
-1.71660540010126
-2.51244077082026
-2.79289321881347
-2.3220340308181
-1.10151653659556
0.59790439871671
2.30585902963163
3.50000000000025
3.77889072147446
2.99705647422732
1.31272147505674
-0.868948974807527
-3.03553390593298
-4.73788717647378
-5.7286896003218
-6.01923203528293
-5.83638578902666
-5.49999999999991
-5.27114540178053
-5.23219203436272
-5.24668254627307
-5.01540172789988
-4.20710678118645
-2.61267756707212
-0.261433438280424
2.54802849764748
5.31800560177006
7.50000000000043
8.66825087409649
8.65538450565736
7.60069057024823
5.89383051644729
4.03553390593265
2.4673557989454
1.43331154376637
0.923175039987801
0.71548211470512
0.500000000000046
0.0292467816292246
-0.76192091409172
-1.71660540010147
-2.51244077081997
-2.79289321881345
-2.32203403081791
-1.10151653659522
0.597904398717113
2.30585902963087
3.49999999999986
3.7788907214744
2.99705647422703
1.31272147505702
-0.868948974808034
-3.0355339059327
-4.73788717647409
-5.72868960032171
-6.01923203528293
-5.83638578902659
-5.50000000000007
-5.2711454017806
-5.23219203436273
-5.24668254627306
-5.01540172789978
-4.20710678118618
-2.61267756707312
-0.261433438279828
2.54802849764813
5.31800560177064
7.50000000000019
8.6682508740962
8.65538450565744
7.60069057024791
5.89383051644755
4.03553390593225
2.4673557989451
1.43331154376675
0.923175039987843
0.715482114705085
0.499999999999976
0.0292467816290807
-0.761920914091264
-1.71660540010101
-2.5124407708201
-2.79289321881343
-2.32203403081771
-1.10151653659542
0.597904398716218
2.30585902963121
3.50000000000003
3.77889072147443
2.99705647422674
1.3127214750573
-0.868948974806906
-3.03553390593243
-4.73788717647439
-5.72868960032185
-6.01923203528293
-5.83638578902674
-5.5
-5.27114540178057
-5.23219203436274
-5.24668254627305
-5.01540172790001
-4.20710678118677
-2.61267756707267
-0.261433438279233
2.54802849764773
5.31800560177122
7.49999999999996
8.66825087409633
8.65538450565752
7.60069057024758
5.89383051644713
4.03553390593313
2.46735579894576
1.43331154376658
0.923175039987773
0.715482114705048
0.499999999999905
0.0292467816294004
-0.761920914091468
-1.71660540010122
-2.51244077082023
-2.79289321881344
-2.32203403081815
-1.10151653659563
0.59790439871662
2.305859029631
3.50000000000021
3.77889072147438
2.99705647422738
1.31272147505757
-0.868948974807414
-3.03553390593288
-4.7378871764747
-5.72868960032154
-6.01923203528293
-5.83638578902667
-5.49999999999993
-5.27114540178054
-5.23219203436273
-5.24668254627308
-5.01540172789991
-4.20710678118651
-2.61267756707294
-0.261433438278637
2.54802849764734
5.31800560176994
7.49999999999972
8.66825087409646
8.65538450565739
7.60069057024725
5.89383051644806
4.03553390593273
2.46735579894546
1.43331154376641
0.923175039987704
0.715482114705129
0.500000000000062
0.0292467816292568
-0.761920914091674
-1.71660540010109
-2.51244077082037
-2.79289321881345
-2.32203403081795
-1.10151653659584
0.597904398717023
2.30585902963135
3.49999999999982
3.7788907214745
2.9970564742271
1.31272147505712
-0.868948974807921
-3.03553390593333
-4.73788717647402
-5.72868960032168
-6.01923203528293
-5.8363857890266
-5.49999999999997
-5.27114540178061
-5.23219203436273
-5.24668254627307
-5.01540172789997
-4.20710678118624
-2.61267756707249
-0.26143343827996
2.54802849764694
5.31800560177051
7.50000000000011
8.66825087409659
8.65538450565768
7.60069057024798
5.89383051644764
4.03553390593234
2.46735579894517
1.43331154376651
0.923175039987859
0.715482114705092
0.499999999999991
0.0292467816293431
-0.76192091409188
-1.71660540010096
-2.51244077082007
-2.79289321881346
-2.32203403081775
-1.1015165365955
0.597904398717426
2.30585902963058
3.49999999999999
3.77889072147445
2.99705647422681
1.31272147505667
-0.868948974806794
-3.03553390593233
-4.73788717647433
-5.72868960032182
-6.01923203528293
-5.83638578902653
-5.50000000000001
-5.27114540178058
-5.23219203436272
-5.24668254627305
-5.01540172789986
-4.20710678118683
-2.61267756707349
-0.261433438279365
2.54802849764759
5.31800560177109
7.5000000000005
8.66825087409631
8.65538450565755
7.60069057024765
5.89383051644722
4.03553390593258
2.46735579894583
1.43331154376662
0.923175039987789
0.715482114705114
0.49999999999992
0.0292467816292004
-0.761920914091422
-1.71660540010083
-2.5124407708202
-2.79289321881345
-2.32203403081756
-1.10151653659626
0.597904398716531
2.30585902963093
3.50000000000017
3.77889072147439
2.99705647422698
1.31272147505767
-0.868948974807301
-3.03553390593278
-4.73788717647414
-5.72868960032196
-6.01923203528293
-5.83638578902669
-5.50000000000006
-5.27114540178055
-5.23219203436273
-5.24668254627304
-5.0154017279001
-4.20710678118656
-2.61267756707304
-0.26143343827877
2.54802849764824
5.31800560176981
7.49999999999963
8.66825087409644
8.65538450565742
7.60069057024785
5.8938305164468
4.03553390593282
2.46735579894553
1.43331154376672
0.923175039987719
0.715482114705078
0.500000000000077
0.0292467816295192
-0.761920914091628
-1.71660540010104
-2.51244077082034
-2.79289321881343
-2.32203403081799
-1.10151653659592
0.597904398716934
2.30585902963127
3.50000000000006
3.77889072147452
2.99705647422716
1.31272147505722
-0.868948974806991
-3.03553390593323
-4.73788717647445
-5.72868960032165
-6.01923203528293
-5.83638578902662
-5.49999999999998
-5.27114540178052
-5.23219203436272
-5.24668254627307
-5.01540172789999
-4.2071067811863
-2.61267756707259
-0.261433438279133
2.5480284976468
5.31800560177038
7.50000000000002
8.66825087409636
8.65538450565729
7.60069057024805
5.89383051644774
4.03553390593307
2.46735579894523
1.43331154376655
0.92317503998765
0.715482114705158
0.500000000000007
0.029246781629376
-0.761920914091835
-1.71660540010125
-2.51244077082004
-2.79289321881347
-2.3220340308178
-1.10151653659558
0.597904398716688
2.30585902963161
3.49999999999996
3.77889072147446
2.99705647422733
1.31272147505677
-0.868948974807498
-3.03553390593223
-4.73788717647376
-5.72868960032179
-6.01923203528293
-5.83638578902655
-5.49999999999991
-5.27114540178058
-5.23219203436272
-5.24668254627306
-5.01540172789989
-4.20710678118646
-2.61267756707359
-0.261433438279498
2.54802849764744
5.31800560177003
7.50000000000041
8.66825087409649
8.65538450565758
7.60069057024825
5.89383051644732
4.03553390593267
2.46735579894493
1.43331154376693
0.923175039987804
0.715482114705123
0.499999999999937
0.0292467816292321
-0.761920914091708
-1.71660540010078
-2.51244077082018
-2.79289321881345
-2.32203403081792
-1.10151653659523
0.597904398716442
2.30585902963085
3.49999999999985
3.7788907214744
2.99705647422705
1.31272147505631
-0.86894897480637
-3.03553390593268
-4.73788717647407
-5.72868960032193
-6.01923203528293
-5.83638578902671
-5.50000000000007
-5.27114540178055
-5.23219203436273
-5.24668254627306
-5.01540172789978
-4.20710678118662
-2.61267756707314
-0.261433438279861
2.54802849764809
5.31800560177061
7.49999999999955
8.66825087409619
8.65538450565745
7.60069057024792
5.8938305164469
4.03553390593227
2.46735579894559
1.43331154376676
0.923175039987735
0.715482114705086
0.49999999999998
0.0292467816295514
-0.761920914091583
-1.716605400101
-2.51244077082009
-2.79289321881344
-2.32203403081772
-1.101516536596
0.597904398716196
2.30585902963119
3.50000000000031
3.77889072147435
2.99705647422769
1.31272147505805
-0.868948974807695
-3.03553390593313
-4.73788717647438
-5.72868960032184
-6.01923203528293
-5.83638578902664
-5.5
-5.27114540178057
-5.23219203436273
-5.24668254627307
-5.01540172790002
-4.20710678118679
-2.61267756707342
-0.261433438278307
2.54802849764874
5.31800560176933
7.49999999999931
8.66825087409654
8.65538450565732
7.6006905702476
5.8938305164485
4.03553390593251
2.4673557989453
1.43331154376659
0.923175039987778
0.715482114705109
0.500000000000022
0.0292467816294071
-0.761920914091457
-1.71660540010087
-2.51244077082044
-2.79289321881347
-2.32203403081816
-1.1015165365962
0.597904398717247
2.30585902963154
3.5000000000002
3.77889072147456
2.99705647422693
1.31272147505687
-0.868948974807386
-3.03553390593285
-4.73788717647419
-5.72868960032176
-6.01923203528293
-5.83638578902668
-5.50000000000004
-5.2711454017805
-5.23219203436272
-5.24668254627308
-5.01540172790008
-4.20710678118609
-2.61267756707224
-0.261433438280589
2.54802849764626
5.31800560177083
7.50000000000032
8.66825087409646
8.6553845056574
7.6006905702478
5.89383051644741
4.03553390593276
2.46735579894548
1.43331154376669
0.923175039987595
0.715482114705131
0.500000000000066
0.0292467816294955
-0.761920914091994
-1.71660540010142
-2.51244077081993
-2.79289321881348
-2.32203403081765
-1.10151653659531
0.597904398717001
2.30585902963133
3.50000000000009
3.77889072147441
2.99705647422711
1.31272147505714
-0.868948974807075
-3.03553390593258
-4.737887176474
-5.72868960032167
-6.01923203528293
-5.83638578902649
-5.49999999999986
-5.27114540178061
-5.23219203436272
-5.24668254627305
-5.01540172789981
-4.20710678118625
-2.61267756707397
-0.261433438279034
2.54802849764795
5.31800560177048
7.50000000000009
8.66825087409638
8.65538450565748
7.600690570248
5.89383051644767
4.035533905933
2.4673557989447
1.4333115437668
0.923175039987862
0.715482114705153
0.499999999999881
0.0292467816291211
-0.761920914091868
-1.71660540010061
-2.51244077082028
-2.79289321881344
1.96410161513811
-0.598076211353576
-2.99999999999891
-4.59807621135304
-4.9641016151379
-4.00000000000032
-1.96410161513764
0.598076211352958
2.99999999999933
4.5980762113528
4.96410161513784
4.00000000000001
1.96410161513821
-0.59807621135234
-2.99999999999883
-4.598076211353
-4.96410161513777
-4.00000000000038
-1.96410161513774
0.598076211351723
2.99999999999924
4.5980762113532
4.96410161513785
4.00000000000007
1.96410161513936
-0.598076211352234
-2.99999999999965
-4.59807621135296
-4.96410161513779
-3.99999999999977
-1.96410161513889
0.598076211352744
2.99999999999915
4.59807621135316
4.96410161513773
4.00000000000082
1.96410161513841
-0.598076211352126
-2.99999999999956
-4.59807621135336
-4.9641016151378
-4.00000000000051
-1.96410161513898
0.598076211352637
2.99999999999998
4.59807621135312
4.96410161513787
4.00000000000089
1.96410161513851
-0.598076211353148
-2.99999999999948
-4.59807621135332
-4.96410161513795
-4.00000000000058
-1.96410161513804
0.598076211352531
2.99999999999989
4.59807621135263
4.96410161513789
4.00000000000027
1.96410161513861
-0.598076211353041
-3.0000000000003
-4.59807621135283
-4.96410161513782
-4.00000000000064
-1.96410161513814
0.598076211353552
2.99999999999889
4.59807621135303
4.9641016151379
4.00000000000033
1.96410161513766
-0.598076211352934
-2.99999999999931
-4.59807621135279
-4.96410161513784
-4.00000000000002
-1.96410161513824
0.598076211352316
2.99999999999881
4.59807621135299
4.96410161513778
4.0000000000004
1.96410161513776
-0.598076211351698
-2.99999999999922
-4.59807621135319
-4.96410161513785
-4.00000000000009
-1.96410161513938
0.598076211352209
2.99999999999963
4.59807621135295
4.96410161513779
3.99999999999978
1.96410161513891
-0.59807621135272
-2.99999999999913
-4.59807621135315
-4.96410161513773
-4.00000000000084
-1.96410161513843
0.598076211352102
2.99999999999955
4.59807621135335
4.9641016151378
4.00000000000053
1.96410161513901
-0.598076211352613
-2.99999999999996
-4.5980762113531
-4.96410161513788
-4.0000000000009
-1.96410161513853
0.598076211353124
2.99999999999946
4.59807621135331
4.96410161513795
4.00000000000059
1.96410161513806
-0.598076211352506
-2.99999999999987
-4.59807621135262
-4.96410161513789
-4.00000000000028
-1.96410161513863
0.598076211353017
3.00000000000028
4.59807621135282
4.96410161513783
4.00000000000066
1.96410161513816
-0.598076211353528
-2.99999999999888
-4.59807621135302
-4.9641016151379
-4.00000000000035
-1.96410161513769
0.59807621135291
2.99999999999929
4.59807621135278
4.96410161513784
4.00000000000004
1.96410161513826
-0.598076211352292
-2.99999999999879
-4.59807621135298
-4.96410161513778
-4.00000000000041
-1.96410161513779
0.598076211351674
2.9999999999992
4.59807621135318
4.96410161513785
4.0000000000001
1.9641016151394
-0.598076211352185
-2.99999999999961
-4.59807621135294
-4.96410161513779
-3.9999999999998
-1.96410161513893
0.598076211352696
2.99999999999911
4.59807621135314
4.96410161513773
4.00000000000085
1.96410161513846
-0.598076211352078
-2.99999999999953
-4.59807621135334
-4.96410161513781
-4.00000000000054
-1.96410161513903
0.598076211352589
2.99999999999994
4.5980762113531
4.96410161513788
4.00000000000092
1.96410161513856
-0.598076211353099
-2.99999999999944
-4.5980762113533
-4.96410161513795
-4.00000000000061
-1.96410161513808
0.598076211352482
2.99999999999985
4.59807621135261
4.96410161513789
4.0000000000003
1.96410161513866
-0.598076211352993
-3.00000000000026
-4.59807621135281
-4.96410161513783
-4.00000000000067
-1.96410161513818
0.598076211353504
2.99999999999886
4.59807621135301
4.96410161513791
4.00000000000036
1.96410161513771
-0.598076211352886
-2.99999999999927
-4.59807621135277
-4.96410161513784
-4.00000000000005
-1.96410161513828
0.598076211352268
2.99999999999877
4.59807621135297
4.96410161513778
4.00000000000043
1.96410161513781
-0.59807621135165
-2.99999999999918
-4.59807621135317
-4.96410161513786
-4.00000000000012
-1.96410161513943
0.598076211352161
2.99999999999959
4.59807621135293
4.96410161513779
3.99999999999981
1.96410161513895
-0.598076211352672
-2.99999999999909
-4.59807621135313
-4.96410161513773
-4.00000000000087
-1.96410161513848
0.598076211352053
2.99999999999951
4.59807621135333
4.96410161513781
4.00000000000056
1.96410161513905
-0.598076211352565
-2.99999999999992
-4.59807621135309
-3.482050807569
-2.98367251290271
-2.35489341217335
-1.62319416929966
-0.82055355227822
0.0179491924310082
0.855667471300772
1.65598897572707
2.38393581559733
3.00769322093274
3.50000000000001
3.83933998420374
4.01088238790068
4.00712998489727
3.82824677321078
3.4820508075688
2.98367251290243
2.35489341217375
1.62319416930012
0.820553552278263
-0.0179491924309647
-0.855667471301178
-1.65598897572703
-2.38393581559729
-3.00769322093271
-3.49999999999999
-3.83933998420387
-4.01088238790073
-4.00712998489727
-3.82824677321094
-3.48205080756905
-2.98367251290277
-2.35489341217342
-1.62319416930016
-0.820553552278305
0.0179491924309212
0.855667471301135
1.6559889757274
2.38393581559763
3.00769322093268
3.49999999999997
3.83933998420386
4.01088238790067
4.00712998489728
3.82824677321095
3.48205080756907
2.9836725129028
2.35489341217345
1.62319416929978
0.820553552277899
-0.0179491924308777
-0.855667471301092
-1.65598897572736
-2.38393581559759
-3.00769322093296
-3.49999999999972
-3.8393399842037
-4.01088238790067
-4.00712998489728
-3.82824677321082
-3.48205080756886
-2.98367251290283
-2.35489341217349
-1.62319416929982
-0.820553552277941
0.0179491924312927
0.85566747130105
1.65598897572691
2.38393581559719
3.00769322093262
3.49999999999993
3.83933998420383
4.01088238790067
4.00712998489729
3.82824677321083
3.48205080756888
2.98367251290255
2.35489341217352
1.62319416929986
0.820553552277984
-0.0179491924307909
-0.855667471301008
-1.65598897572728
-2.38393581559715
-3.00769322093259
-3.4999999999999
-3.83933998420382
-4.01088238790071
-4.00712998489729
-3.82824677321085
-3.48205080756891
-2.98367251290258
-2.35489341217319
-1.6231941692999
-0.820553552278475
0.0179491924307476
0.855667471300965
1.65598897572725
2.38393581559749
3.00769322093256
3.49999999999988
3.8393399842038
4.0108823879007
4.00712998489725
3.82824677321072
3.48205080756916
2.98367251290292
2.35489341217359
1.62319416929994
0.820553552278069
-0.017949192430704
-0.855667471300923
-1.65598897572721
-2.38393581559745
-3.00769322093284
-3.50000000000009
-3.83933998420379
-4.0108823879007
-4.0071299848973
-3.82824677321087
-3.48205080756895
-2.98367251290295
-2.35489341217363
-1.62319416929998
-0.820553552278112
0.0179491924311188
0.855667471301328
1.65598897572717
2.38393581559742
3.00769322093281
3.50000000000007
3.83933998420378
4.01088238790065
4.00712998489731
3.82824677321089
3.48205080756897
2.98367251290267
2.35489341217329
1.62319416930002
0.820553552278154
-0.0179491924310755
-0.855667471301286
-1.65598897572754
-2.38393581559701
-3.00769322093248
-3.49999999999982
-3.83933998420376
-4.01088238790069
-4.00712998489726
-3.8282467732109
-3.48205080756899
-2.9836725129027
-2.35489341217333
-1.62319416929964
-0.820553552278197
0.017949192431032
0.855667471300795
1.65598897572709
2.38393581559735
3.00769322093275
3.4999999999998
3.83933998420375
4.01088238790069
4.00712998489727
3.82824677321077
3.48205080756901
2.98367251290273
2.35489341217336
1.62319416929968
0.820553552278239
-0.0179491924309885
-0.855667471300753
-1.65598897572705
-2.38393581559731
-3.00769322093272
-3.5
-3.83933998420374
-4.01088238790068
-4.00712998489727
-3.82824677321079
-3.48205080756881
-2.98367251290245
-2.35489341217377
-1.62319416930014
-0.820553552278282
0.0179491924309449
0.855667471301158
1.65598897572701
2.38393581559728
3.0076932209327
3.49999999999998
3.83933998420386
4.01088238790072
4.00712998489728
3.82824677321094
3.48205080756906
2.98367251290278
2.35489341217343
1.62319416930018
0.820553552278324
-0.0179491924309014
-0.855667471301116
-1.65598897572739
-2.38393581559761
-3.00769322093267
-3.49999999999996
-3.83933998420385
-4.01088238790067
-4.00712998489728
-3.82824677321096
-3.48205080756908
-2.98367251290281
-2.35489341217347
-1.6231941692998
-0.820553552277918
0.0179491924308581
0.855667471301073
1.65598897572735
2.38393581559758
3.00769322093294
3.49999999999971
3.8393399842037
4.01088238790067
4.00712998489729
3.82824677321083
3.48205080756887
2.98367251290284
2.3548934121735
1.62319416929984
0.820553552277961
-0.0179491924312729
-0.855667471301478
-1.65598897572689
-2.38393581559717
-3.00769322093261
-3.49999999999992
-3.83933998420382
-4.01088238790066
-4.00712998489729
-3.82824677321084
-3.48205080756889
-2.98367251290256
-2.35489341217317
-1.62319416929988
-0.820553552278003
0.0179491924307711
0.855667471300988
1.65598897572727
2.38393581559714
3.00769322093258
3.49999999999989
3.83933998420381
4.01088238790071
4.00712998489725
3.82824677321085
3.48205080756891
2.98367251290259
2.3548934121732
1.62319416929992
0.820553552278495
-0.0179491924307276
-0.855667471300946
-1.65598897572723
-2.38393581559747
-3.00769322093286
-3.49999999999987
-3.8393399842038
-4.0108823879007
-4.00712998489725
-3.82824677321072
-3.48205080756917
-2.98367251290293
-2.35489341217361
-1.62319416929996
-0.820553552278088
0.0179491924311423
0.855667471300903
1.65598897572719
2.38393581559744
3.00769322093283
3.50000000000008
3.83933998420378
4.0108823879007
4.00712998489731
3.82824677321088
3.48205080756896
2.98367251290265
2.35489341217364
1.6231941693
0.820553552278131
-0.017949192431099
-0.855667471301309
-1.65598897572715
-2.3839358155974
-3.0076932209328
-3.49999999999983
-3.83933998420377
-4.01088238790069
-4.00712998489731
-3.82824677321089
-3.48205080756898
-2.98367251290268
-2.35489341217331
-1.62319416930004
-0.820553552278174
0.0179491924310555
0.855667471301266
1.65598897572753
2.38393581559737
3.00769322093246
3.49999999999981
3.83933998420376
4.01088238790069
4.00712998489727
3.82824677321091
3.482050807569
2.98367251290271
2.35489341217334
1.62319416929966
0.820553552277768
-0.0179491924305537
-0.855667471300776
-1.65598897572707
-2.38393581559733
-3.00769322093274
-3.49999999999979
-3.83933998420374
-4.01088238790068
-4.00712998489727
-3.82824677321078
-3.48205080756879
-2.98367251290274
-2.35489341217338
-1.62319416930012
-0.820553552278259
0.0179491924309685
0.855667471300733
1.65598897572703
2.3839358155973
3.00769322093271
3.49999999999999
3.83933998420387
4.01088238790068
4.00712998489727
3.82824677321079
3.48205080756882
2.98367251290277
2.35489341217378
1.62319416930016
0.820553552278301
-0.0179491924309254
-0.855667471301139
-1.65598897572741
-2.38393581559726
-3.00769322093268
-3.49999999999997
-3.83933998420386
-4.01088238790072
-4.00712998489733
-3.82824677321095
1.09256626381453
2.03749277430984
2.67855600283941
2.97734745712169
2.93153630102331
2.57423238001543
1.96982515071076
1.20673540015405
0.387819652763087
-0.380603227948631
-0.999999999999868
-1.39001751542788
-1.49698213645462
-1.2996517395021
-0.811641252945766
-0.080273172580211
0.818040315118391
1.78543203413286
2.71247902668102
3.48938700205914
4.01735000036045
4.21895363034224
4.04658003153387
3.4879652405823
2.56833616355129
1.34888787287087
-0.07828014542827
-1.59830289557494
-3.08399540373969
-4.40760805269024
-5.45276334448146
-6.12542390201124
-6.36283170757091
-6.13955208630088
-5.47003399599764
-4.40743373618525
-3.03880956812597
-1.47714484007653
0.149037066700766
1.70747109010886
3.07423238001525
4.14494687792062
4.84406278495072
5.13130574797213
5.00471610886201
4.49999999999941
3.68628482700777
2.65871870646095
1.52865865091933
0.412423957968385
-0.580273172580703
-1.35708141209181
-1.85189535066338
-2.03100706852726
-1.89593233475161
-1.4826499996397
-0.857348712093523
-0.109120811382033
0.659654850161733
1.34427095263702
1.8488878728716
2.09684158178125
2.03902448922072
1.659490691469
0.977711284121288
0.0472366555191757
-1.04912155957599
-2.20713086465528
-3.31124169588019
-4.24596878508342
-4.9074337361856
-5.21393129533601
-5.11447222487275
-4.59444902850775
-3.67784824670169
-2.42576761998476
-0.931355464515623
0.688361942034635
2.30299535755103
3.78065089794801
5.00000000000043
5.86140655421781
6.29604609125748
6.27214474612725
5.79774329477927
4.91972682741921
3.71922093034467
2.30380549225232
0.797303321893386
-0.671867123837211
-1.98264999963985
-3.03247043930364
-3.74644819617807
-4.08383124504719
-4.04104838417368
-3.65111212712856
-2.97946076065401
-2.11667635369523
-1.168819698952
-0.246353926793826
0.547236655519211
1.12600016763442
1.43019652014122
1.4322443993287
1.13935055172742
0.592566263814272
-0.137628952900367
-0.958771381956806
-1.76613863808688
-2.45378303578755
-2.92576761998489
-3.10647719172518
-2.94896544276115
-2.44049073765714
-1.60466843886371
-0.500000000000146
0.785104211781958
2.14034524834216
3.44383435570682
4.5736780838646
5.4197268274193
5.89434265755417
5.94113287704878
5.54078941710205
4.71345221297345
3.51735000036012
2.04383190313242
0.409252646737808
-1.25552085462641
-2.81698317325931
-4.15111212712822
-5.15458248786424
-5.7540037384913
-5.9123057941604
-5.63167326360403
-4.95276334448065
-3.9503021748019
-2.72550432277512
-1.39606599109206
-0.0847146591866377
1.09256626381495
2.03749277430945
2.67855600283924
2.97734745712163
2.9315363010235
2.57423238001527
1.96982515071055
1.20673540015444
0.387819652763716
-0.380603227948833
-1.00000000000002
-1.39001751542796
-1.49698213645457
-1.29965173950227
-0.811641252946064
-0.0802731725799992
0.81804031511852
1.78543203413312
2.7124790266806
3.48938700205958
4.01735000036032
4.21895363034228
4.04658003153383
3.48796524058244
2.56833616355154
1.34888787287151
-0.0782801454286017
-1.59830289557528
-3.08399540374002
-4.40760805268966
-5.45276334448104
-6.12542390201135
-6.36283170757092
-6.13955208630079
-5.47003399599806
-4.40743373618584
-3.03880956812586
-1.47714484007617
0.14903706670112
1.70747109010918
3.07423238001522
4.14494687792047
4.84406278495081
5.13130574797212
5.0047161088619
4.4999999999999
3.68628482700822
2.65871870646148
1.52865865091905
0.412423957968106
-0.580273172580911
-1.3570814120915
-1.85189535066321
-2.03100706852744
-1.89593233475151
-1.48264999963953
-0.857348712093861
-0.109120811381804
0.659654850161375
1.3442709526372
1.84888787287173
2.09684158178108
2.03902448922082
1.65949069146926
0.977711284121103
0.0472366555188777
-1.04912155957627
-2.20713086465473
-3.31124169587969
-4.24596878508289
-4.90743373618575
-5.21393129533607
-5.11447222487271
-4.59444902850783
-3.67784824670175
-2.42576761998446
-0.931355464515278
0.688361942034996
2.30299535755114
3.78065089794736
4.99999999999992
5.86140655421795
6.29604609125752
6.27214474612718
5.7977432947796
4.91972682741972
3.71922093034436
2.30380549225198
0.797303321893048
-0.671867123836534
-1.98264999963953
-3.03247043930354
-3.74644819617816
-4.08383124504719
-4.04104838417386
-3.65111212712814
-2.97946076065439
-2.11667635369498
-1.1688196989519
-0.246353926793598
0.547236655518875
1.12600016763421
1.43019652014119
1.43224439932865
1.1393505517273
0.592566263814087
-0.137628952899767
-0.958771381956407
-1.76613863808711
-2.45378303578774
-2.92576761998501
-3.10647719172517
-2.94896544276137
-2.44049073765746
-1.6046684388635
-0.499999999999875
0.785104211782267
2.14034524834151
3.44383435570622
4.57367808386485
5.41972682741947
5.89434265755425
5.94113287704886
5.54078941710215
4.71345221297394
3.51735000035983
2.04383190313208
0.409252646737158
-1.25552085462562
-2.81698317325936
-4.15111212712848
-5.15458248786463
-5.75400373849136
-5.91230579416021
-5.63167326360426
-4.95276334448111
-3.95030217480163
-2.72550432277481
-1.39606599109175
-0.0847146591871031
1.09256626381443
2.03749277430962
2.67855600283932
2.97734745712189
2.9315363010236
2.57423238001551
1.96982515071006
1.20673540015446
0.387819652763485
-0.380603227949036
-1.00000000000034
-1.39001751542771
-1.49698213645457
-1.29965173950219
-0.811641252945911
-0.0802731725804695
0.818040315118063
1.78543203413266
2.71247902668084
3.48938700205977
4.01735000036045
4.21895363034227
4.046580031534
3.4879652405823
2.56833616355131
1.34888787287122
-0.0782801454278834
-1.59830289557544
-3.08399540373948
-4.40760805268994
-5.45276334448124
-6.12542390201147
-6.36283170757087
-6.139552086301
-5.47003399599787
-4.40743373618557
-3.03880956812531
-1.47714484007694
0.149037066700345
1.70747109010847
3.07423238001577
4.14494687792064
4.84406278495089
5.13130574797208
5.00471610886179
4.49999999999971
3.68628482700797
2.6587187064612
1.52865865091877
0.412423957968621
-0.580273172580479
-1.35708141209164
-1.85189535066344
-2.03100706852741
-1.89593233475165
-1.48264999963979
-0.857348712093926
-0.109120811381574
0.659654850161597
1.34427095263691
1.84888787287129
2.09684158178136
2.0390244892208
1.65949069146915
0.977711284120919
0.0472366555186903
-1.04912155957572
-2.20713086465502
-3.31124169587996
-4.24596878508311
-4.90743373618551
-5.21393129533601
-5.11447222487286
-4.59444902850769
-3.67784824670152
-2.42576761998416
-0.931355464516036
0.688361942034471
2.30299535755148
3.78065089794766
5.00000000000015
5.86140655421776
6.29604609125748
6.2721447461273
5.79774329477944
4.9197268274194
3.71922093034406
2.3038054922527
0.797303321893773
-0.671867123837079
-1.98264999963979
-3.03247043930371
-3.74644819617824
-4.0838312450474
-4.04104838417397
-3.65111212712798
-2.97946076065417
-2.11667635369473
-1.16881969895236
-0.246353926793266
0.547236655519053
1.12600016763432
1.43019652014123
1.4322443993286
1.13935055172751
0.5925662638144
-0.137628952899991
-0.958771381956644
-1.76613863808733
-2.45378303578745
-2.92576761998456
-3.10647719172521
-2.94896544276133
-2.44049073765733
-1.60466843886308
-0.500000000000457
0.785104211782448
2.14034524834182
3.44383435570655
4.5736780838651
5.41972682741972
5.89434265755412
5.94113287704868
5.54078941710203
4.71345221297373
3.51735000035954
2.04383190313256
0.409252646737961
-1.25552085462598
-2.81698317325968
-4.15111212712898
-5.15458248786424
-5.75400373849118
-5.91230579416018
-5.63167326360424
-4.9527633444809
-3.95030217480135
-2.72550432277455
-1.3960659910923
-0.0847146591868158
1.09256626381466
2.03749277430978
2.67855600283934
2.97734745712183
2.93153630102351
2.57423238001535
1.96982515070985
1.20673540015423
0.387819652763875
-0.380603227948695
-1.00000000000049
-1.39001751542779
-1.49698213645457
-1.29965173950235
-0.811641252945735
-0.0802731725802572
0.818040315118311
1.78543203413291
2.71247902668108
3.48938700205922
4.01735000036027
4.21895363034232
4.04658003153395
3.48796524058187
2.56833616355183
1.34888787287187
-0.0782801454282154
-1.59830289557597
-3.08399540373981
-4.40760805269022
-5.45276334448083
-6.12542390201158
-6.36283170757088
-6.13955208630091
-5.47003399599767
-4.4074337361853
-3.03880956812602
-1.47714484007659
0.149037066700699
1.70747109010879
3.07423238001603
4.14494687792021
4.84406278495065
5.13130574797206
5.00471610886168
4.49999999999953
3.68628482700842
2.65871870646173
1.52865865091848
0.412423957968363
-0.580273172580688
-1.35708141209178
-1.85189535066333
-2.0310070685274
-1.89593233475155
-1.48264999963962
-0.857348712093715
-0.109120811381947
0.659654850161239
1.3442709526371
1.84888787287142
2.09684158178142
2.03902448922077
1.65949069146941
0.977711284121208
0.0472366555184474
-1.04912155957599
-2.20713086465531
-3.31124169587937
-4.24596878508347
-4.90743373618566
-5.21393129533607
-5.11447222487257
-4.59444902850755
-3.67784824670205
-2.42576761998483
-0.931355464515414
0.688361942034832
2.30299535755183
3.780650897947
4.99999999999982
5.8614065542179
6.29604609125752
6.27214474612724
5.79774329477927
4.91972682741991
3.71922093034387
2.30380549225236
0.797303321893434
-0.671867123837388
-1.98264999963978
-3.03247043930329
-3.74644819617799
-4.08383124504739
-4.04104838417387
-3.65111212712781
-2.97946076065455
-2.11667635369536
-1.1688196989521
-0.246353926793039
0.547236655519231
1.1260001676341
1.43019652014115
1.43224439932845
1.13935055172738
0.592566263814399
-0.137628952900215
-0.95877138195713
-1.76613863808697
-2.45378303578736
-2.92576761998469
-3.10647719172526
-2.94896544276149
-2.44049073765742
-1.60466843886355
-0.500000000000187
0.785104211782755
2.14034524834222
3.44383435570595
4.57367808386462
5.41972682741989
5.89434265755408
5.94113287704866
5.54078941710233
4.71345221297374
3.51735000035993
2.04383190313221
0.409252646737595
-1.25552085462634
-2.81698317325924
-4.15111212712841
-5.15458248786441
-5.75400373849125
-5.91230579416014
-5.63167326360447
-4.95276334448131
-3.9503021748019
-2.72550432277424
-1.39606599109199
-0.0847146591865293
1.09256626381415
2.03749277430973
2.67855600283942
2.97734745712183
2.93153630102342
2.5742323800149
1.96982515071046
1.20673540015462
0.387819652763643
-0.380603227948898
-1.00000000000047
-1.39001751542766
-1.49698213645459
-1.29965173950227
-0.811641252945603
-0.080273172580045
0.818040315117854
1.78543203413245
2.71247902668132
3.48938700205941
4.01735000036039
4.21895363034236
4.0465800315339
3.48796524058223
2.56833616355161
1.34888787287158
-0.0782801454285469
-1.59830289557524
-3.08399540373912
-4.40760805268964
-5.45276334448103
-6.12542390201169
-6.36283170757089
-6.13955208630112
-5.4700339959981
-4.40743373618502
-3.03880956812569
-1.47714484007623
0.149037066699924
1.70747109010911
3.07423238001543
4.14494687792039
4.84406278495074
5.13130574797229
5.00471610886184
4.49999999999985
3.68628482700818
2.65871870646153
1.5286586509182
0.412423957968878
-0.580273172580256
-1.35708141209159
-1.85189535066339
-2.03100706852738
-1.89593233475144
-1.48264999964014
-0.857348712093229
-0.109120811381718
0.659654850161461
1.34427095263701
1.8488878728718
2.09684158178137
2.03902448922087
1.65949069146915
0.977711284121024
0.0472366555182053
-1.04912155957544
-2.20713086465471
-3.31124169587963
-4.24596878508369
-4.9074337361858
-5.2139312953358
-5.11447222487272
-4.59444902850768
-3.67784824670182
-2.42576761998453
-0.93135546451507
0.688361942034931
2.30299535755108
3.78065089794731
5.00000000000005
5.86140655421804
6.29604609125742
6.27214474612736
5.79774329477958
4.91972682741966
3.71922093034356
2.30380549225202
0.797303321893957
-0.671867123836711
-1.98264999964003
-3.03247043930346
-3.74644819617836
-4.08383124504732
-4.04104838417351
-3.65111212712807
-2.97946076065455
-2.11667635369511
-1.16881969895185
-0.246353926793458
0.54723665551884
1.12600016763421
1.43019652014118
1.4322443993284
1.13935055172773
0.592566263814712
-0.137628952899835
-0.958771381957368
-1.76613863808692
-2.45378303578754
-2.92576761998453
-3.10647719172558
-2.94896544276118
-2.44049073765729
-1.60466843886334
-0.500000000000087
0.785104211782238
2.14034524834157
3.44383435570625
4.57367808386486
5.41972682742006
5.89434265755396
5.94113287704875
5.5407894171022
4.71345221297353
3.51735000035964
2.04383190313297
0.409252646738398
-1.25552085462641
-2.81698317325956
-4.15111212712866
-5.15458248786457
-5.75400373849112
-5.91230579416032
-5.63167326360434
-4.95276334448109
-3.95030217480162
-2.72550432277482
-1.39606599109263
-0.0847146591871351
1.09256626381438
2.03749277431011
2.6785560028395
2.97734745712177
2.93153630102352
2.57423238001503
1.96982515071025
1.20673540015438
0.387819652764033
-0.380603227949099
-1.00000000000022
-1.39001751542774
-1.49698213645459
-1.29965173950219
-0.811641252945901
-0.0802731725804433
0.818040315118103
1.78543203413271
2.71247902668157
3.48938700205909
4.01735000036021
4.21895363034235
4.04658003153386
3.48796524058209
2.56833616355138
1.34888787287222
-0.0782801454288784
-1.59830289557558
-3.08399540373945
-4.40760805268992
-5.45276334448123
-6.12542390201147
-6.36283170757088
-6.13955208630103
-5.47003399599776
-4.40743373618475
-3.0388095681264
-1.477144840077
0.149037066700547
1.70747109010943
3.07423238001569
4.14494687791996
4.84406278495076
5.13130574797203
5.00471610886173
4.49999999999966
3.68628482700806
2.65871870646117
1.52865865091875
0.412423957968621
-0.580273172580536
-1.35708141209173
-1.85189535066323
-2.03100706852737
-1.89593233475181
-1.48264999963997
-0.857348712093018
-0.109120811381488
0.659654850160821
1.34427095263672
1.84888787287193
2.09684158178143
2.03902448922085
1.65949069146941
0.977711284120944
0.0472366555186996
-1.04912155957572
-2.20713086465499
-3.3112416958799
-4.2459687850833
-4.90743373618557
-5.21393129533586
-5.11447222487268
-4.59444902850754
-3.67784824670235
-2.42576761998492
-0.931355464515828
0.688361942035292
2.30299535755143
3.78065089794782
4.99999999999954
5.86140655421806
6.29604609125746
6.27214474612732
5.79774329477942
4.91972682741948
3.7192209303442
2.30380549225257
0.797303321893619
-0.67186712383702
-1.98264999964029
-3.03247043930331
-3.74644819617811
-4.08383124504732
-4.04104838417341
-3.65111212712815
-2.97946076065492
-2.11667635369556
-1.16881969895145
-0.246353926793335
0.547236655519018
1.12600016763432
1.43019652014117
1.43224439932857
1.13935055172761
0.592566263814527
-0.137628952900059
-0.95877138195672
-1.76613863808655
-2.45378303578725
-2.92576761998465
-3.10647719172562
-2.94896544276114
-2.44049073765761
-1.60466843886382
-0.499999999999816
0.785104211782546
2.14034524834189
3.44383435570566
4.57367808386513
5.41972682741967
5.89434265755404
5.94113287704873
5.54078941710208
4.71345221297379
3.51735000036029
2.04383190313263
0.409252646738032
-1.25552085462705
-2.81698317325886
-4.15111212712809
-5.15458248786418
-5.75400373849138
-5.91230579416029
-5.6316732636042
-4.9527633444815
-3.95030217480134
-2.72550432277451
-1.39606599109232
-0.0847146591868486
1.09256626381462
2.03749277430972
2.67855600283927
2.97734745712176
2.93153630102343
2.57423238001487
1.96982515071059
1.20673540015477
0.387819652763801
-0.380603227949302
-1.00000000000037
-1.39001751542762
-1.49698213645461
-1.29965173950211
-0.811641252945747
-0.0802731725802315
0.818040315118351
1.78543203413297
2.71247902668115
3.48938700205929
4.01735000036034
4.21895363034212
4.04658003153403
3.48796524058245
2.5683361635519
1.34888787287168
-0.0782801454292092
-1.59830289557593
-3.08399540373876
-4.40760805268944
-5.45276334448144
-6.12542390201158
-6.36283170757089
-6.13955208630115
-5.47003399599771
-4.40743373618534
-3.03880956812607
-1.4771448400764
0.149037066700902
1.70747109010871
3.0742323800151
4.14494687792042
4.84406278495084
5.13130574797202
5.00471610886188
4.50000000000015
3.68628482700851
2.65871870646089
1.52865865091847
0.412423957968363
-0.580273172580104
-1.35708141209175
-1.85189535066329
-2.03100706852735
-1.89593233475171
-1.4826499996398
-0.857348712093356
-0.109120811381861
0.659654850161042
1.34427095263691
1.84888787287207
2.09684158178138
2.03902448922076
1.6594906914693
0.97771128412076
0.0472366555184571
-1.049121559576
-2.20713086465444
-3.31124169588026
-4.24596878508352
-4.90743373618553
-5.21393129533591
-5.11447222487289
-4.59444902850789
-3.67784824670184
-2.42576761998462
-0.931355464515484
0.688361942035653
2.30299535755091
3.78065089794716
4.99999999999977
5.8614065542182
6.29604609125758
6.27214474612744
5.79774329477975
4.91972682741924
3.71922093034378
2.30380549225223
0.797303321893281
-0.671867123837095
-1.98264999963997
-3.03247043930349
-3.7464481961782
-4.08383124504731
-4.04104838417379
-3.65111212712841
-2.9794607606547
-2.11667635369531
-1.16881969895119
-0.246353926793107
0.547236655518682
1.1260001676341
1.4301965201412
1.43224439932852
1.13935055172748
0.592566263814841
-0.137628952900502
-0.958771381956958
-1.76613863808678
-2.45378303578744
-2.92576761998477
-3.10647719172534
-2.9489654427613
-2.44049073765748
-1.60466843886361
-0.499999999999375
0.785104211781902
2.14034524834124
3.44383435570595
4.57367808386536
5.41972682741984
5.89434265755412
5.94113287704881
5.54078941710196
4.71345221297357
3.51735000035999
2.04383190313228
0.409252646737666
-1.25552085462627
-2.81698317325917
-4.15111212712835
-5.15458248786435
-5.75400373849144
-5.91230579416032
-5.63167326360444
-4.95276334448129
-3.95030217480107
-2.7255043227742
-1.39606599109296
-0.0847146591874552
1.09256626381485
2.03749277430989
2.67855600283935
2.97734745712175
2.93153630102334
2.5742323800151
1.96982515071038
1.20673540015454
0.387819652763809
-0.380603227948961
-1.00000000000012
-1.3900175154277
-1.49698213645453
-1.29965173950203
-0.811641252945592
-0.0802731725806303
0.818040315117775
1.78543203413323
2.71247902668139
3.48938700205948
4.0173500003599
4.21895363034244
4.04658003153398
3.48796524058231
2.56833616355141
1.34888787287139
-0.0782801454284918
-1.59830289557519
-3.08399540373924
-4.40760805268972
-5.45276334448164
-6.12542390201136
-6.36283170757084
-6.13955208630105
-5.47003399599752
-4.40743373618507
-3.03880956812574
-1.47714484007717
0.149037066700987
1.70747109010903
3.07423238001536
