"x"
4.59807621135332
4.96410161513776
4
1.96410161513776
-0.598076211353314
-3
-4.59807621135332
-4.96410161513776
-4
-1.96410161513776
0.598076211353309
3
4.59807621135332
4.96410161513776
4
1.96410161513776
-0.598076211353317
-3
-4.59807621135331
-4.96410161513776
-4
-1.96410161513777
0.598076211353308
3
4.59807621135331
4.96410161513775
4.00000000000001
1.96410161513776
-0.598076211353316
-2.99999999999999
-4.59807621135331
-4.96410161513776
-4.00000000000001
-1.96410161513775
0.598076211353298
3
4.59807621135331
4.96410161513776
4.00000000000001
1.96410161513777
-0.598076211353297
-3
-4.59807621135331
-4.96410161513776
-4.00000000000001
-1.96410161513777
0.598076211353314
3
4.59807621135331
4.96410161513776
4.00000000000001
1.96410161513775
-0.598076211353313
-2.99999999999998
-4.59807621135331
-4.96410161513776
-4.00000000000001
-1.96410161513775
0.598076211353296
2.99999999999998
4.59807621135331
4.96410161513776
4
1.96410161513777
-0.598076211353277
-2.99999999999998
-4.59807621135331
-4.96410161513775
-4.00000000000001
-1.96410161513779
0.598076211353294
2.99999999999999
4.59807621135331
4.96410161513776
4.00000000000002
1.96410161513777
-0.598076211353311
-2.99999999999998
-4.59807621135331
-4.96410161513776
-4.00000000000001
-1.96410161513779
0.598076211353328
2.99999999999999
4.5980762113533
4.96410161513776
4.00000000000002
1.96410161513781
-0.59807621135331
-2.99999999999998
-4.59807621135331
-4.96410161513776
-4.00000000000003
-1.96410161513776
0.598076211353292
2.99999999999999
4.5980762113533
4.96410161513776
4
1.96410161513777
-0.598076211353309
-2.99999999999998
-4.5980762113533
-4.96410161513775
-4.00000000000001
-1.96410161513776
0.59807621135329
2.99999999999996
4.5980762113533
4.96410161513776
4
1.96410161513778
-0.598076211353272
-2.99999999999998
-4.59807621135331
-4.96410161513775
-4.00000000000001
-1.96410161513779
0.598076211353289
2.99999999999996
4.59807621135332
4.96410161513776
4.00000000000002
1.96410161513778
-0.598076211353236
-3
-4.5980762113533
-4.96410161513776
-4.00000000000001
-1.96410161513783
0.598076211353323
2.99999999999996
4.5980762113533
4.96410161513776
4.00000000000005
1.96410161513775
-0.59807621135327
-2.99999999999997
-4.59807621135331
-4.96410161513776
-4.00000000000004
-1.9641016151378
0.598076211353287
2.99999999999999
4.59807621135329
4.96410161513776
4.00000000000002
1.96410161513778
-0.598076211353304
-2.99999999999994
-4.59807621135329
-4.96410161513776
-4.00000000000002
-1.96410161513776
0.59807621135325
2.99999999999996
4.5980762113533
4.96410161513776
4
1.96410161513781
-0.598076211353267
-2.99999999999997
-4.59807621135328
-4.96410161513776
-4.00000000000004
-1.96410161513773
0.598076211353284
2.99999999999999
4.59807621135332
4.96410161513776
4.00000000000003
1.96410161513778
-0.598076211353231
-2.99999999999994
-4.59807621135329
-4.96410161513777
-4.00000000000002
-1.96410161513777
0.598076211353319
2.99999999999996
4.5980762113533
4.96410161513776
4.00000000000005
1.96410161513782
-0.598076211353265
-2.99999999999991
-4.59807621135331
-4.96410161513776
-4
-1.9641016151378
0.598076211353282
2.99999999999998
4.59807621135329
4.96410161513776
4.00000000000003
1.96410161513785
-0.598076211353228
-3
-4.59807621135332
-4.96410161513776
-4.00000000000002
-1.96410161513777
0.598076211353245
2.99999999999995
4.5980762113533
4.96410161513777
4.00000000000005
1.96410161513775
-0.598076211353333
-2.99999999999997
-4.59807621135331
-4.96410161513776
-4.00000000000004
-1.9641016151378
0.59807621135328
2.99999999999993
4.59807621135328
4.96410161513776
3.99999999999999
1.96410161513779
-0.598076211353296
-3
-4.59807621135329
-4.96410161513776
-4.00000000000002
-1.96410161513784
0.598076211353243
2.99999999999995
4.59807621135327
4.96410161513776
4.00000000000001
1.96410161513775
-0.59807621135326
-2.99999999999997
-4.59807621135331
-4.96410161513776
-4.00000000000004
-1.9641016151378
0.598076211353206
2.99999999999992
4.59807621135331
4.96410161513775
4.00000000000003
1.96410161513779
-0.598076211353294
-2.99999999999994
-4.59807621135326
-4.96410161513776
-4.00000000000006
-1.9641016151379
0.598076211353241
3.00000000000001
4.5980762113533
4.96410161513777
4.00000000000001
1.96410161513782
-0.598076211353187
-2.99999999999996
-4.59807621135328
-4.96410161513777
-4.00000000000004
-1.96410161513774
0.598076211353275
2.99999999999992
4.59807621135331
4.96410161513776
4.00000000000007
1.96410161513779
-0.598076211353221
-2.99999999999988
-4.59807621135329
-4.96410161513775
-4.00000000000002
-1.96410161513784
0.598076211353309
2.99999999999995
4.59807621135327
4.96410161513776
4.00000000000005
1.96410161513789
-0.598076211353255
-2.99999999999991
-4.5980762113533
-4.96410161513777
-4
-1.96410161513781
0.598076211353201
2.99999999999998
4.59807621135328
4.96410161513777
4.00000000000003
1.96410161513786
-0.598076211353148
-2.99999999999993
-4.59807621135332
-4.96410161513776
-4.00000000000007
-1.96410161513778
0.598076211353236
2.99999999999989
4.5980762113533
4.96410161513777
4.0000000000001
1.96410161513783
-0.598076211353323
-2.99999999999996
-4.59807621135327
-4.96410161513776
-4.00000000000005
-1.96410161513788
0.59807621135327
2.99999999999992
4.59807621135325
4.96410161513776
3.99999999999999
1.9641016151378
-0.598076211353216
-2.99999999999999
-4.59807621135329
-4.96410161513777
-4.00000000000002
-1.96410161513784
0.598076211353162
2.99999999999994
4.59807621135327
4.96410161513778
4.00000000000006
1.96410161513789
-0.59807621135325
-2.9999999999999
-4.5980762113533
-4.96410161513775
-4.00000000000009
-1.96410161513781
0.598076211353197
2.99999999999997
4.59807621135328
4.96410161513776
4.00000000000012
1.96410161513786
-0.598076211353143
-2.99999999999993
-4.59807621135332
-4.96410161513776
-3.99999999999998
-1.96410161513791
0.598076211353231
2.99999999999989
4.59807621135329
4.96410161513777
4.00000000000002
1.96410161513796
-0.598076211353177
-2.99999999999996
-4.59807621135327
-4.96410161513776
-4.00000000000005
-1.96410161513775
0.598076211353124
2.99999999999991
4.59807621135325
4.96410161513776
4
1.9641016151378
-0.598076211353353
-2.99999999999987
-4.59807621135329
-4.96410161513777
-4.00000000000003
-1.96410161513785
0.598076211353299
2.99999999999983
4.59807621135326
4.96410161513776
4.00000000000006
1.96410161513777
-0.598076211353245
-3.00000000000001
-4.59807621135324
-4.96410161513777
-4.00000000000009
-1.96410161513782
0.598076211353192
2.99999999999997
4.59807621135333
4.96410161513777
4.00000000000004
1.96410161513787
-0.59807621135328
-2.99999999999993
-4.59807621135331
-4.96410161513778
-4.00000000000007
-1.96410161513792
0.598076211353226
3
4.59807621135329
4.96410161513775
4.0000000000001
1.96410161513784
-0.598076211353172
-2.99999999999995
-4.59807621135327
-4.96410161513776
-4.00000000000014
-1.96410161513788
0.59807621135326
2.99999999999991
4.59807621135331
4.96410161513776
4
1.96410161513793
-0.598076211353206
-2.99999999999987
-4.59807621135328
-4.96410161513775
-4.00000000000003
-1.96410161513772
0.598076211353153
2.99999999999994
4.59807621135326
4.96410161513776
4.00000000000006
1.96410161513777
-0.598076211353099
-2.99999999999989
-4.5980762113533
-4.96410161513777
-4.00000000000001
-1.96410161513782
0.598076211353328
2.99999999999985
4.59807621135328
4.96410161513777
4.00000000000004
1.96410161513787
-0.598076211353275
-3.00000000000004
-4.59807621135326
-4.96410161513776
-4.00000000000007
-1.96410161513779
0.598076211353221
2.99999999999999
4.59807621135323
4.96410161513777
4.00000000000011
1.96410161513784
-0.598076211353309
-2.99999999999995
-4.59807621135332
-4.96410161513778
-4.00000000000005
-1.96410161513789
0.598076211353255
2.99999999999991
4.5980762113533
4.96410161513778
4.00000000000009
1.96410161513781
-0.598076211353201
-2.99999999999998
-4.59807621135328
-4.96410161513775
-4.00000000000012
-1.96410161513786
0.598076211353148
2.99999999999993
4.59807621135326
4.96410161513776
3.99999999999998
1.96410161513791
-0.598076211353236
-2.99999999999989
-4.5980762113533
-4.96410161513777
-4.00000000000001
-1.96410161513796
0.598076211353182
2.99999999999985
4.59807621135327
4.96410161513776
4.00000000000005
1.96410161513775
-0.598076211353129
-2.99999999999992
-4.59807621135325
-4.96410161513776
-4.00000000000008
-1.9641016151378
0.598076211353357
2.99999999999987
4.59807621135329
4.96410161513779
4.00000000000011
1.96410161513784
-0.598076211353304
-2.99999999999983
-4.59807621135327
-4.96410161513779
-4.00000000000014
-1.96410161513789
0.59807621135325
3.00000000000002
4.59807621135325
4.96410161513777
4.00000000000017
1.96410161513794
-0.598076211353197
-2.99999999999997
-4.59807621135322
-4.96410161513777
-4.00000000000004
-1.96410161513799
0.598076211353143
2.99999999999993
4.59807621135332
4.96410161513778
4.00000000000007
1.96410161513804
-0.59807621135309
-2.99999999999989
-4.59807621135329
-4.96410161513775
-4.0000000000001
-1.96410161513783
0.598076211353036
2.99999999999984
4.59807621135327
4.96410161513776
4.00000000000013
1.96410161513788
-0.598076211352983
-2.9999999999998
-4.59807621135325
-4.96410161513776
-4
-1.96410161513793
0.598076211353212
2.99999999999976
4.59807621135323
4.96410161513777
4.00000000000003
1.96410161513772
-0.598076211353158
-2.99999999999994
-4.59807621135321
-4.96410161513778
-4.00000000000006
-1.96410161513777
0.598076211353104
2.9999999999999
4.59807621135319
4.96410161513778
4.00000000000009
1.96410161513782
-0.598076211353333
-2.99999999999985
-4.59807621135328
-4.96410161513779
-4.00000000000013
-1.96410161513787
0.59807621135328
2.99999999999981
4.59807621135326
4.96410161513776
4.00000000000016
1.96410161513792
-0.598076211353226
-3
-4.59807621135324
-4.96410161513777
-4.00000000000019
-1.96410161513797
0.598076211353173
2.99999999999995
4.59807621135333
4.96410161513777
4.00000000000005
1.96410161513802
-0.598076211353119
-2.99999999999991
-4.59807621135331
-4.96410161513778
-4.00000000000008
-1.96410161513807
0.598076211353065
2.99999999999987
4.59807621135328
4.96410161513775
1.46317602031554
0.888763649489207
0.345698537615805
0.0308250020802396
0.0782016714238001
0.529471666955289
1.32262479523603
2.30142195120194
3.24395730077744
3.90529425160917
4.06645742396714
3.58077151473176
2.40884796624478
0.635390152583432
-1.53589838486226
-3.80919626614143
-5.8412646131602
-7.29675883640539
-7.90491503831357
-7.50791457293318
-6.09243875961768
-3.79861201280934
-0.904249089296571
2.21355643066754
5.13364050235426
7.4540374875883
8.85314380118882
9.13887622889424
8.27784752660463
6.39984165553167
3.77691997821554
0.78064581341267
-2.17552202835987
-4.69924399781529
-6.47751370282352
-7.32078501036276
-7.18619207643076
-6.17662137575341
-4.51647183198171
-2.50881687166675
-0.481702552805451
1.2670275568319
2.51696580232131
3.15661071855897
3.19417061503338
2.74651910810563
2.00899206415799
1.21205803526147
0.573128288641844
0.252514559825972
0.321672363658337
0.749547963963028
1.40949486860349
2.10543859459118
2.61241993637863
2.72396848769294
2.29742842694149
1.28861955157614
-0.230969345062167
-2.07820167142378
-3.98350915454371
-5.63346530986312
-6.72368200513243
-7.01298795571528
-6.36939586674695
-4.79956444438736
-2.45612307653518
0.379093998493939
3.33378484533615
5.99999999999979
7.99634077415003
9.02745668959097
8.93107692559734
7.70477069533153
5.50791457293328
2.63840127202935
-0.512228501817677
-3.51801096463416
-5.98258708560545
-7.59774211749215
-8.18714450800843
-7.72849536299231
-6.35093426415562
-4.30867252868485
-1.93574004039385
0.410224529792941
2.40554626301813
3.8098401175517
4.49909965483331
4.4775137028235
3.86674752277456
2.87535156180358
1.75436132182288
0.747441177044013
0.0447152565290549
-0.251404467614577
-0.142379118635326
0.270976162417227
0.812564279360776
1.26993100010464
1.44062539990261
1.17720001227285
0.422260053930585
-0.773272631623744
-2.25251455982591
-3.77570985124677
-5.06038847859035
-5.83175492253406
-5.87446924952904
-5.07652155151656
-3.45707550811283
-1.17277998874503
1.49932241316231
4.20014434298169
6.5423032865616
8.170653662552
8.81965738629403
8.35800009432427
6.81284361273321
4.36939586674707
1.34552695679901
-1.85471743809221
-4.80135405242431
-7.10281550027408
-8.46410161513779
-8.72944779457001
-7.9028082513945
-6.14313496085873
-3.73559569741186
-1.04381295779556
1.54874323597915
3.69842057824843
5.15232905382611
5.78244274262351
5.59774211749237
4.73310702042006
3.41765484836497
1.92867421022504
0.53964187374713
-0.528361574743929
-1.14333155021293
-1.28089782482157
-1.02189815281318
-0.529924656913454
-0.0134120876858002
0.320396985233947
0.310840514627285
-0.120043232631061
-0.947585520025874
-2.04471525652896
-3.2026330199737
-4.16846139599199
-4.6932362163478
-4.58159493429853
-3.73403261524225
-2.17373242032267
-0.0525515740764053
2.36568191080814
4.74244762954357
6.71661617496373
7.96285435925506
8.24658055502111
7.46607301172593
5.67432490654714
3.07652155151672
0.00303802052434521
-3.1380605258821
-5.92158246709291
-7.96917499791989
-9.00640490169931
-8.90376068297216
-7.69500894809763
-5.57005812958556
-2.84366861481356
0.094705748390628
2.8416175512095
5.04090951452281
6.43567214161629
6.90267115729216
6.46410161513782
5.2754103069816
3.59196773676716
1.72087490692835
-0.0334349575259982
-1.42028865734226
-2.28185025639926
-2.57377214005197
-2.3643870890873
-1.81326774470392
-1.13364050235448
-0.545962512411552
-0.23146277193425
-0.294356121033187
-0.739786216728953
-1.47163842525617
-2.31070593737532
-3.02994268980573
-3.40036190111739
-3.23910599802418
-2.45068952745207
-1.05350400565405
0.813807923569289
2.90798519736965
4.91676051794568
6.50881687166658
7.38977752798224
7.35465347242277
6.32755430553973
4.38145059131679
1.73403261524222
-1.28030506726579
-4.25828894055071
-6.78794196473872
-8.5114782844814
-9.18071779010146
-8.69596137967526
-7.12193211682445
-4.67813104698751
-1.70514990862737
1.38758006362097
4.18410648748379
6.32425260231298
7.55590055628493
7.76903065493789
7.00640490169938
5.44972319538377
3.38416843347054
1.14779807565521
-0.925362040124324
-2.55880736352847
-3.57472457162965
-3.91626107632626
-3.64773017687751
-2.93349615937259
-2.00000000000001
-1.08826579897315
-0.405775660336478
-0.0865568177362599
-0.16670938545604
-0.579711342657596
-1.17218723118905
-1.7370683745753
-2.05787296484305
-1.95576291023399
-1.33046111278342
-0.187144508008335
1.35611121013079
3.08229808577178
4.70896121464874
5.93574004039376
6.4978504453838
6.21613476623653
5.03467999030919
3.03896165504222
0.45068952745207
-2.40053348193414
-5.12464843819664
-7.33024525130023
-8.68579117288341
-8.97291848680457
-8.12288454840222
-6.23000503422632
-3.53961234080132
-0.412275593396638
2.73006899989561
5.46744957527408
7.44448101698161
8.42226005393052
8.31133394149943
7.18071779010156
5.24192389208689
2.8110916021973
0.255870993056912
-2.06388074631054
-3.85168167875911
-4.91721350790389
-5.19960416411646
-4.76795859154643
-3.79985565701801
-2.54230328656157
-1.26257868737547
-0.197976357039586
0.486520013536682
0.725217697142324
0.558807363528655
0.120687084041242
-0.394579438301086
-0.774529877052841
-0.835534495565339
-0.464101615137714
0.355158778553105
1.53042409853291
2.87449878247486
4.13588438337574
5.04381295779539
5.35933173919754
4.92326045100588
3.69219105403501
1.75561856725207
-0.669538887216333
-3.26689297957999
-5.66695172475813
-7.50455813970236
-8.47799186958648
-8.39984165553156
-7.23095746580391
-5.09148632804012
-2.24673802557048
0.93021334287751
4.01341208768541
6.58767798994269
8.31084051462738
8.9645633404921
8.48564682990159
6.97291848680466
4.66884706081388
1.919164519599
-0.882647713129279
-3.35675506154115
-5.19417061503316
-6.20055659569421
-6.31983257878513
-5.63431808919195
-4.34215894357959
-2.71661617496375
-1.05477938407857
0.375100474233503
1.37844709613502
1.86373640332859
1.85168167875898
1.46317602031559
0.888763649489368
0.345698537615835
0.0308250020801948
0.0782016714237912
0.529471666955257
1.32262479523598
2.30142195120205
3.24395730077739
3.90529425160926
4.0664574239673
3.58077151473169
2.40884796624484
0.635390152583549
-1.53589838486216
-3.80919626614153
-5.84126461316024
-7.29675883640524
-7.90491503831361
-7.50791457293332
-6.09243875961768
-3.79861201280932
-0.904249089296334
2.2135564306674
5.13364050235404
7.45403748758838
8.85314380118889
9.13887622889426
8.27784752660473
6.39984165553156
3.77691997821556
0.780645813412801
-2.17552202836009
-4.6992439978152
-6.47751370282334
-7.32078501036285
-7.18619207643086
-6.17662137575351
-4.5164718319818
-2.50881687166715
-0.481702552805534
1.26702755683184
2.51696580232128
3.1566107185591
3.19417061503319
2.7465191081058
2.00899206415804
1.21205803526138
0.573128288641753
0.25251455982598
0.32167236365841
0.749547963963099
1.40949486860345
2.10543859459114
2.61241993637883
2.72396848769293
2.29742842694151
1.2886195515762
-0.230969345062163
-2.07820167142369
-3.98350915454362
-5.63346530986322
-6.72368200513239
-7.01298795571528
-6.3693958667471
-4.79956444438722
-2.45612307653516
0.379093998493812
3.33378484533602
5.99999999999998
7.99634077415
9.02745668959095
8.93107692559725
7.7047706953316
5.50791457293349
2.63840127202936
-0.512228501818053
-3.51801096463404
-5.98258708560536
-7.597742117492
-8.18714450800842
-7.7284953629924
-6.3509342641557
-4.30867252868462
-1.93574004039396
0.410224529792949
2.40554626301806
3.80984011755189
4.49909965483331
4.47751370282341
3.86674752277471
2.87535156180353
1.75436132182294
0.747441177044054
0.0447152565290212
-0.251404467614506
-0.14237911863545
0.270976162417192
0.812564279360727
1.26993100010438
1.44062539990248
1.17720001227286
0.422260053930446
-0.773272631623684
-2.25251455982584
-3.77570985124691
-5.06038847859022
-5.83175492253403
-5.87446924952904
-5.07652155151648
-3.45707550811304
-1.17277998874501
1.49932241316219
4.20014434298197
6.5423032865615
8.17065366255194
8.81965738629401
8.35800009432431
6.81284361273343
4.36939586674731
1.34552695679876
-1.8547174380922
-4.80135405242419
-7.102815500274
-8.46410161513776
-8.72944779456999
-7.90280825139456
-6.14313496085852
-3.73559569741198
-1.04381295779567
1.54874323597917
3.69842057824869
5.15232905382608
5.78244274262351
5.59774211749231
4.73310702042004
3.41765484836508
1.92867421022531
0.539641873746989
-0.528361574743897
-1.14333155021282
-1.28089782482171
-1.02189815281324
-0.529924656913491
-0.0134120876858324
0.320396985233828
0.310840514627217
-0.120043232631033
-0.947585520025829
-2.04471525652907
-3.20263301997371
-4.16846139599184
-4.69323621634778
-4.58159493429839
-3.7340326152423
-2.17373242032287
-0.0525515740765825
2.3656819108081
4.74244762954347
6.71661617496365
7.96285435925514
8.24658055502104
7.46607301172598
5.67432490654724
3.0765215515165
0.00303802052461433
-3.13806052588209
-5.92158246709321
-7.96917499791983
-9.00640490169929
-8.9037606829722
-7.69500894809749
-5.57005812958583
-2.84366861481368
0.0947057483905027
2.84161755120969
5.04090951452287
6.43567214161626
6.90267115729224
6.46410161513786
5.27541030698164
3.59196773676724
1.72087490692816
-0.0334349575259303
-1.42028865734221
-2.28185025639912
-2.57377214005193
-2.36438708908746
-1.81326774470396
-1.13364050235449
-0.54596251241158
-0.231462771934364
-0.294356121033174
-0.739786216728978
-1.47163842525612
-2.31070593737537
-3.02994268980557
-3.40036190111731
-3.23910599802419
-2.45068952745211
-1.05350400565393
0.813807923569129
2.90798519736959
4.9167605179456
6.50881687166666
7.38977752798221
7.35465347242268
6.32755430553979
4.38145059131648
1.73403261524234
-1.28030506726529
-4.25828894055094
-6.78794196473869
-8.51147828448134
-9.18071779010146
-8.69596137967518
-7.12193211682462
-4.67813104698753
-1.7051499086275
1.38758006362133
4.18410648748369
6.32425260231303
7.55590055628506
7.76903065493792
7.00640490169943
5.44972319538386
3.38416843347036
1.14779807565523
-0.925362040124245
-2.55880736352841
-3.57472457162968
-3.91626107632614
-3.64773017687767
-2.93349615937259
-2.00000000000006
-1.08826579897316
-0.405775660336501
-0.0865568177362208
-0.16670938545602
-0.579711342657562
-1.17218723118914
-1.96410161513812
0.598076211353007
2.99999999999982
4.59807621135326
4.96410161513776
4.00000000000032
1.96410161513817
-0.598076211352954
-2.99999999999978
-4.59807621135324
-4.96410161513784
-4.00000000000001
-1.96410161513822
0.5980762113529
2.99999999999973
4.59807621135322
4.96410161513777
4.00000000000039
1.96410161513775
-0.598076211352847
-2.99999999999969
-4.5980762113532
-4.96410161513778
-4.00000000000008
-1.96410161513832
0.598076211353357
2.99999999999965
4.59807621135318
4.96410161513779
4.00000000000011
1.96410161513784
-0.598076211352739
-2.9999999999996
-4.59807621135316
-4.96410161513779
-4.00000000000014
-1.96410161513789
0.59807621135325
2.99999999999956
4.59807621135313
4.9641016151378
4.00000000000017
1.96410161513794
-0.598076211352632
-2.99999999999997
-4.59807621135311
-4.96410161513781
-4.00000000000021
-1.96410161513799
0.598076211353143
2.99999999999947
4.59807621135332
4.96410161513781
4.00000000000024
1.96410161513804
-0.59807621135309
-2.99999999999989
-4.59807621135307
-4.96410161513775
-4.00000000000027
-1.96410161513809
0.598076211353036
2.99999999999984
4.59807621135327
4.96410161513783
3.99999999999996
1.96410161513814
-0.598076211352983
-2.9999999999998
-4.59807621135325
-4.96410161513776
-4.00000000000034
-1.96410161513819
0.598076211352929
2.99999999999976
4.59807621135323
4.96410161513777
4.00000000000003
1.96410161513824
-0.598076211352875
-2.99999999999971
-4.59807621135321
-4.96410161513778
-4.0000000000004
-1.96410161513777
0.598076211352822
2.99999999999967
4.59807621135319
4.96410161513778
4.00000000000009
1.96410161513834
-0.598076211353333
-2.99999999999963
-4.59807621135317
-4.96410161513779
-4.00000000000013
-1.96410161513787
0.598076211352715
3.00000000000004
4.59807621135315
4.9641016151378
4.00000000000016
1.96410161513792
-0.598076211353226
-2.99999999999954
-4.59807621135313
-4.9641016151378
-4.00000000000019
-1.96410161513797
0.598076211353173
2.99999999999995
4.5980762113531
4.96410161513781
4.00000000000022
1.96410161513802
-0.598076211353119
-2.99999999999946
-4.59807621135331
-4.96410161513782
-4.00000000000025
-1.96410161513807
0.598076211353065
2.99999999999987
4.59807621135306
4.96410161513775
4.00000000000029
1.96410161513812
-0.598076211353012
-2.99999999999982
-4.59807621135326
-4.96410161513783
-3.99999999999998
-1.96410161513816
0.598076211352958
2.99999999999978
4.59807621135324
4.96410161513777
4.00000000000035
1.96410161513821
-0.598076211352905
-2.99999999999974
-4.59807621135322
-4.96410161513784
-4.00000000000004
-1.96410161513774
0.598076211352851
2.99999999999969
4.59807621135298
4.96410161513778
4.00000000000007
1.96410161513831
-0.598076211352798
-3.00000000000011
-4.59807621135318
-4.96410161513779
-4.00000000000011
-1.96410161513836
0.598076211353309
2.99999999999961
4.59807621135316
4.96410161513779
4.00000000000048
1.96410161513789
-0.598076211353255
-2.99999999999956
-4.59807621135314
-4.96410161513773
-4.00000000000017
-1.96410161513794
0.598076211352637
2.99999999999952
4.59807621135334
4.96410161513781
4.0000000000002
1.96410161513799
-0.598076211352584
-2.99999999999993
-4.59807621135332
-4.96410161513781
-4.00000000000024
-1.96410161513856
0.598076211353095
2.99999999999989
4.59807621135307
4.96410161513782
3.99999999999993
1.96410161513809
-0.598076211353041
-2.99999999999985
-4.59807621135305
-4.96410161513776
-4.0000000000003
-1.96410161513814
0.598076211352988
2.99999999999935
4.59807621135325
4.96410161513776
4.00000000000033
1.96410161513819
-0.598076211353499
-2.99999999999976
-4.59807621135323
-4.96410161513784
-4.00000000000037
-1.96410161513771
0.59807621135288
2.99999999999972
4.59807621135321
4.96410161513784
4.00000000000006
1.96410161513776
-0.598076211352827
-2.99999999999967
-4.59807621135297
-4.96410161513778
-4.00000000000009
-1.96410161513834
0.598076211352773
3.00000000000009
4.59807621135317
4.96410161513779
4.00000000000012
1.96410161513839
-0.598076211353284
-2.99999999999959
-4.59807621135315
-4.9641016151378
-4.0000000000005
-1.96410161513791
0.598076211353231
2.99999999999955
4.59807621135313
4.96410161513773
4.00000000000019
1.96410161513796
-0.598076211352613
-2.9999999999995
-4.59807621135333
-4.96410161513781
-4.00000000000022
-1.96410161513801
0.598076211352559
2.99999999999991
4.59807621135331
4.96410161513781
4.00000000000025
1.96410161513858
-0.59807621135307
-2.99999999999987
-4.59807621135306
-4.96410161513782
-3.99999999999994
-1.96410161513811
0.598076211353017
2.99999999999983
4.59807621135304
4.96410161513776
3.99999999999998
1.96410161513816
-0.598076211352963
-2.99999999999933
-4.59807621135324
-4.96410161513777
-4.00000000000035
-1.96410161513821
0.598076211353474
2.99999999999974
4.59807621135322
4.96410161513777
4.00000000000038
1.96410161513774
-0.598076211352856
-2.9999999999997
-4.5980762113532
-4.96410161513785
-4.00000000000007
-1.96410161513779
0.598076211352803
2.99999999999965
4.5980762113534
4.96410161513779
4.0000000000001
1.96410161513836
-0.598076211352749
-3.00000000000007
-4.59807621135316
-4.96410161513779
-4.00000000000014
-1.96410161513841
0.59807621135326
3.00000000000002
4.59807621135314
4.9641016151378
4.00000000000051
1.96410161513793
-0.598076211353206
-2.99999999999953
-4.59807621135312
-4.96410161513774
-4.0000000000002
-1.96410161513798
0.598076211353153
2.99999999999948
4.59807621135332
4.96410161513781
4.00000000000023
1.96410161513803
-0.598076211352535
-2.99999999999989
-4.5980762113533
-4.96410161513782
-4.00000000000027
-1.96410161513756
0.598076211353046
2.99999999999985
4.59807621135305
4.96410161513782
3.99999999999996
1.96410161513813
-0.598076211352993
-2.99999999999981
-4.59807621135303
-4.96410161513776
-3.99999999999999
-1.96410161513818
0.598076211352939
2.99999999999931
4.59807621135323
4.96410161513777
4.00000000000036
1.96410161513823
-0.59807621135345
-2.99999999999972
-4.59807621135321
-4.96410161513778
-4.0000000000004
-1.96410161513776
0.598076211352832
2.99999999999968
4.59807621135319
4.96410161513785
4.00000000000009
1.96410161513781
-0.598076211352778
-2.99999999999964
-4.59807621135339
-4.96410161513779
-4.00000000000012
-1.96410161513838
0.598076211352725
3.00000000000005
4.59807621135315
4.96410161513779
4.00000000000015
1.96410161513843
-0.598076211353236
-3
-4.59807621135313
-4.9641016151378
-4.00000000000052
-1.96410161513796
0.598076211353182
2.99999999999951
4.59807621135311
4.96410161513774
4.00000000000022
1.96410161513801
-0.598076211353129
-2.99999999999946
-4.59807621135331
-4.96410161513781
-4.00000000000025
-1.96410161513806
0.598076211352511
2.99999999999987
4.59807621135329
4.96410161513782
4.00000000000028
1.96410161513758
-0.598076211353022
-2.99999999999983
-4.59807621135304
-4.96410161513783
-3.99999999999997
-1.96410161513816
0.598076211352968
2.99999999999979
4.59807621135302
4.96410161513777
4
1.96410161513821
-0.598076211352914
-2.99999999999929
-4.59807621135322
-4.96410161513777
-4.00000000000038
-1.96410161513825
0.598076211353425
8.77689302217782
12.1100894295883
12.2568645321721
9.30347052027952
4.86895764206528
0.986104494150743
-1.22517420977737
-2.1268037009485
-2.99033395937099
-4.76277677511613
-7.14355224919954
-8.69940771711206
-7.94544700217975
-4.57357208626014
0.119597526734326
3.96446609406721
5.30317904006246
4.02854912310956
1.53077260641692
-0.386255161009038
-0.799179439503699
-0.2099441593399
0.0389849709551324
-1.00168939116297
-2.97760040375374
-4.36722447670384
-3.58895959533176
-0.254837434446749
4.38201755963211
8.14908950379566
9.34055598711476
7.76869395507841
4.73174471063423
1.9558983469955
0.326138806708854
-0.639144751346179
-2.19394396270416
-5.13395082235488
-8.90183540100146
-11.7502983176154
-11.8824583315803
-8.74026893277077
-3.48224807112736
1.71767921261393
5.04928589545532
6.1257323584773
5.97421164123121
6.01206581349235
6.81808078998234
7.64775385638615
7.06217782649137
4.18214593034286
-0.408414855536959
-4.8326144096926
-7.08253188991818
-6.33993734494011
-3.49178606806437
-0.466247874492422
1.11555350564637
0.979266904538923
0.181461569362093
0.0929523825703673
1.18892587527765
2.59067015330125
2.72339445756588
0.5963488143669
-3.27531838541288
-7.03302418830704
-8.64074148338251
-7.22034944693131
-3.58913238160628
0.379409490850017
3.08141489380911
4.20711487624841
4.72031849662454
5.84922799705881
7.89549442101252
9.80343414376798
9.8493110370555
6.95139576952007
1.61477799999814
-4.21958917452911
-8.34347336062413
-9.63375440267499
-8.6193329588659
-6.87951718421036
-5.75825012204964
-5.37604942194753
-4.6775155083231
-2.45383398084982
1.46876975292741
5.81617236542347
8.58618152613472
8.39697380535742
5.47214705377999
1.52570257316195
-1.38024987157811
-2.17490591839888
-1.34741553340823
-0.360692075112192
-0.391494820453944
-1.37379553263477
-2.07767952394414
-1.15783766171837
1.64160127640621
5.06978624099215
7.09659764916278
6.27864893215714
2.76793661434716
-1.7785087345759
-5.32028050508888
-6.76070811571046
-6.51424902578867
-5.93069355482571
-6.05566999392958
-6.70087055511732
-6.55131913601862
-4.23834022099281
0.43991969416433
6.09781312674982
10.4999999999997
11.9506454167034
10.3349341223489
7.06630651234958
4.00119016383022
2.14118015595114
1.08294905947416
-0.40369672312718
-3.14977797225623
-6.68470718493918
-9.38071625712923
-9.56717519534691
-6.7903713403794
-2.2654488170095
1.84270450455654
3.80502208118221
3.38124863023853
1.7913851151798
0.663005128181927
0.768820500791355
1.50894382974744
1.5131628184816
-0.120459041929913
-2.92361980098612
-5.21476441168297
-5.23499195493919
-2.43388393353144
2.05328583480498
6.10512453745384
7.98964549091083
7.41862557729149
5.53152994714898
3.86397723239932
3.11097400879637
2.63426207596027
1.08396222647559
-2.3533879755902
-7.05588123217826
-11.1389994089314
-12.618065795851
-10.7273826697799
-6.43214566351835
-1.75914109330664
1.55823519972832
3.12735548563215
3.8885683505479
5.10644416299571
7.16714147529327
9.12620405923336
9.3708608342068
6.90273381360626
2.26021552051989
-2.64557886346704
-5.7003818879276
-5.92745622811777
-4.03181407568843
-1.76867909024316
-0.625691887377549
-0.806376904177734
-1.25789710339064
-0.686305908873555
1.24802804437132
3.49704914452922
4.31377713112265
2.56395044468153
-1.32558159545616
-5.51248239334349
-7.9007916665423
-7.48566582158186
-4.91222617767962
-1.86602540378499
0.219965477965657
1.15948448398538
1.9699508683188
3.85255101838968
7.00430365885889
10.2036176902635
11.5265411215894
9.68986702417089
5.0294653596973
-0.622386007931935
-5.08735665276404
-7.18839769882387
-7.32563113342326
-6.89622598104472
-7.03896119709507
-7.68018053187313
-7.61321342987692
-5.54528298655812
-1.29875831904958
3.77689302217798
7.53927934324569
8.4267375132501
6.47504339553294
3.23498304584997
0.657935094926657
-0.225174209777673
0.133217350852867
0.375691444413063
-0.52013608799694
-2.31342523027717
-3.6109595405642
-2.94544700217957
-0.0027619999180053
3.949724545657
6.79289321881355
6.93715363627825
4.35671852233317
0.530772606418153
-2.64627621281069
-4.16520484328818
-4.45258484645916
-4.79114204796703
-6.09013756771071
-7.97760040375344
-8.93803456304662
-7.41908661425377
-3.08326455919287
2.74804296341672
7.82092010457058
10.3405559871146
10.0287150068798
8.09777011441914
6.19853903411456
5.1562658256308
4.4493034252017
2.80605603729559
-0.563140736012224
-5.07170838207923
-8.92187119286922
-10.2484837353647
-8.41209953354666
-4.48224807112758
-0.542341839188508
1.68326049167127
1.88309167135824
1.14408462230913
0.923617636944425
1.81808078998237
3.07694377004318
3.23205080756889
1.35371880559713
-2.04238945175309
-5.1607838089164
-6.08253188991837
-4.07991629313858
-0.12576066427971
3.77639281262627
5.94568052456862
6.06771508108681
5.18146156936215
4.66376246891319
5.01905289419983
5.41909727804753
4.35736905378141
0.924518213591322
-4.27531838541298
-9.29304524010888
-12.0067668871667
-11.4629901340503
-8.41925940052772
-4.70903868569766
-1.91858510619093
-0.36369521009452
0.890191477701906
3.02080087231264
6.26151982479612
9.4752647445443
10.8493110370552
9.21141682132238
4.98080340378283
0.0230515125897639
-3.51334634170231
-4.54530622612727
-3.61933295886615
-2.30870709786725
-1.92812310312733
-2.54762229720108
-3.0435409121071
-2.12566458162594
0.468769752926855
3.55615131362215
5.22015612235044
4.15433311823824
0.642020034857505
-3.56274560338523
-6.38024987157829
-6.74571600474132
-5.17754255233095
-3.18911919985834
-2.02546941666949
-1.7019649318583
-1.07767952394426
1.10218339008351
5.00762668018979
9.31242692811153
11.9267246680846
11.3670971087048
7.767936614347
2.79230135176799
-1.49015348616687
-3.93228099096435
-4.8802744295725
-5.60252415560203
-7.05566999392959
-8.96089160691856
-9.91734453980271
-8.48098090811263
-4.39020732475821
1.00936495020237
5.49999999999908
7.37983533036052
6.50480710342584
4.23787938760374
2.36721556761436
1.81301075672731
2.08294905947407
1.85632432867419
0.216247431528589
-2.44206649782022
-4.55058923820718
-4.47872701879976
-1.79037134037899
2.30536126933361
5.67283152347826
6.63344920592869
5.01522322645416
2.11955451440411
-0.336994871818044
-1.49120055101014
-1.85708157403683
-2.72947786863784
-4.95058606085158
-8.01206797753408
-10.214764411683
-9.80580204128244
-6.26401095245356
-0.775141289940273
4.47114994123746
7.66147609168693
8.41862557729109
7.79155099894995
7.23000263618358
7.35361469591542
7.46438909488215
6.17241040302328
2.64661202441145
-2.48507114583573
-7.30887239000937
-9.78963867110459
-9.09340807356398
-6.10397626429454
-2.7591410933061
-0.701785852072912
-0.238669918152197
-0.354072336571193
0.276317144073705
2.07869329874502
4.12620405923336
4.80005074786433
3.07260679468452
-0.568211604226704
-4.27955345968339
-6.02855128715158
-4.92745622811735
-1.77179302388785
1.59734631354149
3.61694879974174
4.02375011474463
3.83055107315741
4.31369409112652
5.8188381307137
7.32717616345155
7.14220425586881
4.19792504089713
-0.997412196232858
-6.51248239334244
-10.1608127183438
-10.8516912253659
-9.15486686479941
-6.6961524227069
-4.8684826985821
-3.84051551601494
-2.60085921802397
0.0224239994671369
4.17587653411277
8.56964309404772
11.1983717223654
10.6898670241704
7.28948641149794
2.74363939585397
-0.844715965645152
-2.35827067990178
-2.2371829568755
-1.89622598104476
-2.46815111075205
-3.85005351295048
-4.78478630513108
-3.91130839034275
-0.970588919825524
2.77689302217854
5.27925829144381
5.06071210946573
2.23240270841394
-1.59514397307143
-4.43051308162147
-5.22517420977789
-4.43759273549024
-3.45443557450921
-3.34856321274303
-3.9473998264932
-3.93912893978776
-1.94544700218025
2.25725905188378
7.31574994944215
11.0355339059325
11.7672806552
9.44516669888079
5.53077260641745
1.92453387353213
-0.335077824365473
-1.62415772171286
-3.15716745175101
-5.76196816848651
-8.97760040375312
-11.1980556148482
-10.7851120180386
-7.32590524631167
-2.08208405550509
2.73247192802297
5.34055598711466
5.45790492053711
4.26764309549676
3.37011190936793
3.52229122941484
4.12113402597847
3.8060560372953
1.69688031578995
-1.70568297829527
-4.67923050575047
-5.41835671644246
-3.32365135699866
0.517751928871564
4.02846824715508
5.51338751059377
4.71151879610495
2.77805921852484
1.25178703616823
0.818080789982794
0.816922718241561
-0.133974596215679
-2.88892188152221
-6.87251647067549
-10.249231985464
-11.0825318899184
-8.65072637948118
-3.9558876832029
0.947965687879953
4.31170592835314
5.73954568186314
6.1814615693616
6.92378352071471
8.38507829798395
9.6617379651667
9.1874960727039
6.01296639013878
0.72468161458619
-4.72223515376431
-8.17663986824439
-8.63456300930404
-6.78528480431266
-4.38086928647349
-2.91858510619067
-2.62371626189649
-2.47583392608221
-1.22183981480689
1.43139280587418
4.38681656799645
5.84931103705506
4.64060673497991
1.15067638486005
-2.80537561215599
-5.14732093791828
-4.87347562535087
-2.61933295886636
-0.0486860460657663
1.43790230065648
1.69501838991822
1.78658610681515
2.9627835949215
5.46876975292722
8.12696139996581
9.05028314127292
6.98276024298403
2.27599463107304
-3.23457620416194
-7.38024987157835
-9.00573705654287
-8.54356795611483
-7.43175988697744
-6.85559643559182
-6.79041310840611
-6.07767952394401
-3.46862669625994
1.17749966126759
6.48399980336504
10.2927500718688
11.038927709481
8.76793661434754
5.05232240356896
1.87587191761724
0.31035969615569
-0.0501474106505712
-0.514075979054214
-2.05566999392893
-4.3900815205756
-6.08721752088091
-5.6525537833667
-2.75623272854144
1.33753434942535
4.49999999999978
5.119814278559
3.13878169964212
-0.00476129951553572
-2.46291145130743
-3.27543741982069
-2.91705094052602
-2.71448575766896
-3.61387958739415
-5.2704936225667
-6.18456383442314
-4.80689641802336
-0.790371340379013
4.56538232113418
9.03885692726279
10.876089893048
9.84535024537654
7.20800269095188
4.66300512818189
3.07960953533274
1.97304544488523
0.098949256108853
-3.31661146463578
-7.68389857831086
-11.2147644116824
-12.0658230930837
-9.63003635623754
-5.01778197706062
-0.358977077684419
2.5730279151387
3.41862557729119
3.22074091260691
3.39987561726095
4.52518757116889
5.83041449866639
5.84424100380052
3.64661202441071
-0.225050094034444
-3.94284698622438
-5.5469979839855
-4.26328105464166
-1.0155280877472
2.24085890669357
3.86902423426999
3.59145710077022
2.47435478817541
1.91029174028952
2.40686269796887
3.1262040592344
2.54002969606302
-0.293418609100223
-4.81085229134631
-9.10968047860495
-11.1169994636994
-9.92745622811782
-6.34260311023075
-2.23278070538064
0.788521674995033
2.38977551852905
3.50238167393369
5.31369409112598
8.07885918251514
10.6932015672359
11.3848449429881
9.02805205981898
4.0910359803163
-1.51248239334265
-5.59000263200067
-7.02156420644378
-6.32643974005272
-5.06217782649107
-4.54031329935826
-4.84051551601442
-4.86088026982567
-3.34360140431779
-0.0667641530056997
3.73951607512597
6.10992354581803
5.68986702417014
2.71867632515559
-1.08648762306876
-3.67314309039164
-3.9922452761176
-2.5653523560995
-0.896225981044828
-0.208130058950586
-0.484028109166866
-0.542145618011733
0.918818628579578
4.11785925672268
7.77689302217787
9.85006837778668
8.89083912838809
5.06082983316133
0.0388306231440962
-4.10234368239799
-6.22517420977771
-6.69761378729167
-6.82046097829348
-7.59120389986224
-8.77752684541568
-9.02757711633561
-6.94544700218011
-2.31355103445882
3.48562293051875
8.20710678118588
10.1333060589841
9.11699729965757
6.53077260641704
4.18455492533334
3.03094757941832
2.61848296540611
1.67295956717157
-0.673519991938775
-3.97760040375342
-6.62724552850504
-6.95498499911585
-4.49747812156505
-0.44810945929088
3.06064132724705
4.34055598711502
3.19788386873585
0.901617691712316
-0.872528777750926
-1.30783578950652
-0.967314150568984
-1.19394396270481
-2.87392977055357
-5.53580999721763
-7.50765763049642
-7.05233131265833
-3.65182075622202
1.51775192887158
6.28848929895668
8.87941291437789
8.95415948322407
7.60818623744703
6.34023521271627
5.81808078998256
5.38773280458444
3.69615242270722
-0.0604947567760978
-5.23854187446013
-9.9210625862399
-12.0825318899181
-10.9107474312833
-7.32191308698688
-3.29467499923872
-0.518421090569251
0.651097505315385
1.18146156936117
2.35297343437154
4.55495127906226
6.83331084042021
7.55352147648788
5.68479699091476
1.72468161458745
-2.46221410196336
-4.81061446446029
-4.39192232218505
-1.95515778539032
0.707578890074327
2.08141489380853
1.94709382444671
1.35429309284022
1.60658730993976
3.06536740209008
4.71498596721981
4.84931103705543
2.3805856831781
-2.21534901892313
-7.04801629927519
-9.97744795684061
-9.96192380189926
-7.61933295886638
-4.61949613240836
-2.39222471826568
-1.13340873482878
0.152611510599062
2.63461419569793
6.46876975292716
10.3869824517665
12.416308545057
11.2254009301034
7.10612164999607
1.85387197238579
-2.38024987157845
-4.43492697020039
-4.71344093719191
-4.60333276223126
-5.22162183937622
-6.46224370918213
-7.07767952394429
-5.72864774806114
-2.18852574251687
2.24135911624502
5.46262305294684
5.95047953293335
3.7679366143472
0.481512317226399
-1.95425510130399
-2.5180674285916
-1.68412200686582
-0.842245378278364
-1.05566999392969
-2.13006046877419
-2.72119211709641
-1.40991309624726
2.07389429038029
6.42598252597326
9.49999999999987
9.69062436490241
6.96890871856502
2.82366582523048
-0.828936855091321
-2.94726802059635
-3.91705094052605
-4.97450680946991
-6.97990499117834
-9.51313430968597
-11.0146908533452
-9.89534459457107
-5.79037134038002
-0.00542776520825761
5.20872990834036
8.04766276830128
8.21137564916128
6.87983329172757
5.6630051281819
5.33963058713441
5.33907084866947
4.34158994322801
1.51351555428641
-2.59545040176225
-6.2147644116823
-7.49501300674074
-5.7999093373158
-2.18935485231452
1.27499751853198
2.90119731436267
2.41862557729087
0.96071986080551
0.0338502134770065
0.282546884049724
1.00028747974449
0.755792827252423
-1.35338797558939
-4.79586018037652
-7.7729740051471
-8.37542510873187
-5.8972556508582
-1.34369748697189
3.24085890669379
6.12904528607171
6.95748250455406
6.71699547529502
6.74041875921146
7.49531087451679
8.12620405923456
7.11083978240582
3.53670840982195
-1.98242516659897
-7.47570588238877
-10.7888300644759
-10.9274562281179
-8.60262416203127
-5.59880610916567
-3.45411901212412
-2.44035150039298
-1.58606650261468
0.313694091125849
3.50804909617227
6.86307454831288
8.5564178182416
7.39407746360336
3.76286658109199
-0.512482393342892
-3.32998158019884
-3.65553880266009
-2.08379905293313
-0.232050807569502
0.548134877189443
0.159484483985798
-0.29007018348346
0.486525614604673
2.7616629717405
5.37349067134126
6.43809294504155
4.6898670241711
0.45865527335531
-4.45251302685372
-7.91578377751064
-8.82237229503935
-7.65380053264712
-5.89622598104485
-4.7789401452936
-4.31415512808908
-3.37057274275831
-0.715155967635944
3.78968985749802
8.77689302217763
12.1100894295881
12.2568645321727
9.30347052028057
4.86895764206549
0.986104494150586
-1.22517420977728
-2.12680370094908
-2.9903339593708
-4.76277677511574
-7.14355224919932
-8.69940771711164
-7.94544700217959
-4.5735720862612
0.119597526734366
3.96446609406706
5.30317904006243
4.02854912310923
1.53077260641673
-0.386255161009493
-0.799179439504219
-0.209944159339241
0.0389849709555292
-1.00168939116285
-2.97760040375315
-4.36722447670358
-3.58895959533161
-0.254837434447392
4.38201755963097
8.14908950379544
9.3405559871154
7.76869395507796
4.73174471063563
1.95589834699563
0.326138806709094
-0.639144751345039
-2.19394396270459
-5.13395082235489
-8.90183540100134
-11.7502983176152
-11.8824583315804
-8.74026893277118
-3.48224807112763
1.71767921261406
5.04928589545532
6.12573235847739
5.97421164123103
6.0120658134921
6.81808078998196
7.64775385638568
7.06217782649102
4.18214593034307
-0.408414855536264
-4.83261440969174
-7.08253188991826
-6.33993734494058
-3.49178606806406
-0.466247874492929
1.11555350564651
0.979266904539286
0.181461569361449
0.0929523825703211
1.18892587527742
2.59067015330126
2.72339445756624
0.596348814366986
-3.27531838541313
-7.03302418830759
-8.64074148338267
-7.22034944693086
-3.58913238160604
0.37940949084964
3.08141489380847
4.20711487624824
4.72031849662517
5.84922799705856
7.89549442101174
9.80343414376775
9.84931103705492
6.95139576952172
1.61477799999968
-4.2195891745296
-8.34347336062379
-9.63375440267458
-8.61933295886596
-6.87951718421004
-5.75825012204933
-5.37604942194633
-4.67751550832258
-2.45383398084976
1.46876975292559
5.81617236542309
8.58618152613509
8.39697380535713
5.47214705377976
1.52570257316207
-1.38024987157838
-2.17490591839874
-1.34741553340859
-0.360692075111979
-0.391494820453705
-1.3737955326346
-2.07767952394452
-1.15783766171863
1.64160127640558
5.06978624099157
7.09659764916305
6.2786489321574
2.76793661434678
-1.77850873457594
-5.3202805050884
-6.76070811571018
-6.51424902578866
-5.93069355482576
-6.05566999392949
-6.7008705551169
-6.5513191360181
-4.23834022099279
0.439919694163454
6.09781312675038
10.5000000000001
11.9506454167031
10.3349341223486
7.06630651235009
4.00119016383004
2.14118015594986
1.082949059474
-0.403696723127231
-3.14977797225588
-6.68470718493887
-9.38071625712891
-9.56717519534701
-6.79037134038037
-2.26544881700957
1.84270450455561
3.80502208118223
3.38124863023871
1.79138511517985
0.663005128181712
0.768820500791072
1.50894382974782
1.5131628184817
-0.120459041929804
-2.92361980098606
-5.21476441168321
-5.23499195493949
-2.43388393353095
2.05328583480562
6.10512453745269
7.98964549091014
7.41862557729165
5.53152994714884
3.86397723239944
3.11097400879578
2.63426207595969
1.0839622264752
-2.35338797558839
-7.05588123217762
-11.1389994089318
-12.6180657958511
-10.7273826697799
-6.43214566351893
-1.75914109330629
1.55823519972958
3.12735548563172
3.88856835054798
-1.0547793840784
0.375100474233252
1.3784470961352
1.86373640332893
1.85168167875965
1.46317602031616
0.888763649489681
0.34569853761569
0.0308250020800993
0.0782016714237965
0.529471666955198
1.32262479523606
2.30142195120123
3.24395730077684
3.90529425160872
4.0664574239673
3.5807715147319
2.40884796624477
0.635390152583738
-1.53589838486216
-3.80919626614182
-5.84126461315981
-7.29675883640517
-7.90491503831324
-7.50791457293317
-6.0924387596176
-3.79861201280983
-0.904249089296386
2.21355643066812
5.13364050235379
7.4540374875882
8.85314380118887
9.13887622889432
8.27784752660471
6.39984165553178
3.77691997821534
0.78064581341309
-2.17552202835936
-4.69924399781511
-6.4775137028235
-7.32078501036271
-7.18619207643079
-6.17662137575436
-4.51647183198249
-2.50881687166719
-0.481702552805422
1.26702755683217
2.51696580232099
3.15661071855896
3.19417061503323
2.74651910810562
2.00899206415759
1.21205803526152
0.573128288641806
0.252514559825958
0.321672363658124
0.74954796396271
1.40949486860319
2.10543859459081
2.61241993637859
2.72396848769293
2.29742842694164
1.28861955157604
-0.230969345061722
-2.0782016714235
-3.98350915454369
-5.63346530986356
-6.72368200513276
-7.01298795571487
-6.36939586674741
-4.79956444438785
-2.45612307653585
0.379093998493532
3.33378484533646
5.99999999999916
7.99634077414962
9.02745668959097
8.93107692559728
7.70477069533135
5.50791457293248
2.63840127203041
-0.512228501817018
-3.51801096463385
-5.98258708560566
-7.59774211749252
-8.18714450800845
-7.7284953629926
-6.35093426415587
-4.30867252868484
-1.93574004039359
0.410224529793429
2.4055462630179
3.80984011755176
4.49909965483382
4.47751370282415
3.86674752277495
2.8753515618041
1.75436132182337
0.74744117704414
0.0447152565290665
-0.251404467614562
-0.142379118635157
0.27097616241713
0.812564279360662
1.26993100010453
1.44062539990271
1.1772000122725
0.422260053930972
-0.773272631623207
-2.25251455982548
-3.77570985124651
-5.06038847859036
-5.83175492253417
-5.87446924952895
-5.07652155151659
-3.45707550811287
-1.17277998874465
1.49932241316327
4.20014434298042
6.54230328656055
8.17065366255166
8.81965738629401
8.3580000943244
6.81284361273315
4.36939586674779
1.34552695679932
-1.85471743809191
-4.80135405242458
-7.10281550027458
-8.46410161513738
-8.72944779456986
-7.90280825139505
-6.14313496085927
-3.73559569741223
-1.0438129577955
1.54874323597837
3.69842057824819
5.15232905382598
5.7824427426236
5.59774211749214
4.73310702042041
3.41765484836522
1.92867421022506
0.539641873746797
-0.528361574744101
-1.14333155021341
-1.28089782482184
-1.0218981528135
-0.529924656913811
-0.0134120876859034
0.320396985233924
0.310840514627239
-0.120043232630974
-0.947585520025865
-2.04471525652909
-3.20263301997406
-4.16846139599233
-4.69323621634739
-4.58159493429846
-3.73403261524239
-2.1737324203228
-0.052551574076245
2.36568191080725
4.742447629543
6.71661617496348
7.96285435925515
8.24658055502105
7.46607301172557
5.67432490654755
3.07652155151767
0.00303802052541591
-3.13806052588181
-5.92158246709297
-7.96917499791918
-9.00640490169923
-8.90376068297226
-7.69500894809757
-5.57005812958545
-2.84366861481279
0.0947057483899836
2.84161755120919
5.04090951452257
6.43567214161621
6.90267115729238
6.46410161513845
5.27541030698229
3.59196773676767
1.72087490692834
-0.0334349575260444
-1.42028865734255
-2.28185025639883
-2.57377214005168
-2.36438708908701
-1.81326774470327
-1.13364050235389
-0.545962512412137
-0.231462771934444
-0.29435612103311
-0.739786216728779
-1.47163842525589
-2.31070593737538
-3.02994268980526
-3.40036190111708
-3.23910599802408
-2.45068952745175
-1.0535040056535
0.813807923568795
2.90798519736861
4.91676051794491
6.50881687166631
7.38977752798201
7.35465347242259
6.32755430553997
4.38145059131684
1.73403261524235
-1.28030506726599
-4.25828894055156
-6.787941964738
-8.51147828448115
-9.18071779010148
-8.69596137967546
-7.12193211682484
-4.67813104698735
-1.7051499086283
1.38758006362059
4.18410648748372
6.32425260231318
7.55590055628516
7.7690306549378
7.00640490169948
5.4497231953838
3.38416843347008
1.14779807565485
-0.925362040124273
-2.55880736352825
-3.5747245716298
-3.91626107632659
-3.64773017687797
-2.93349615937263
-2.00000000000033
-1.08826579897333
-0.405775660336487
-0.0865568177363452
-0.166709385456261
-0.579711342658143
-1.17218723118831
-1.73706837457461
-2.05787296484267
-1.95576291023378
-1.33046111278315
-0.187144508009073
1.35611121013026
3.08229808577153
4.70896121464877
5.93574004039406
6.49785044538414
6.21613476623674
5.03467999030949
3.03896165504281
0.450689527452421
-2.4005334819343
-5.12464843819675
-7.3302452512996
-8.68579117288328
-8.97291848680446
-8.12288454840203
-6.23000503422559
-3.53961234080186
-0.412275593397212
2.73006899989543
5.46744957527435
7.44448101698171
8.42226005393068
8.3113339414998
7.180717790102
5.24192389208709
2.81109160219719
0.255870993056346
-2.06388074630989
-3.85168167875866
-4.91721350790373
-5.19960416411626
-4.76795859154591
-3.79985565701739
-2.54230328656245
-1.2625786873758
-0.19797635703959
0.48652001353685
0.725217697142612
0.558807363528692
0.120687084041326
-0.394579438301125
-0.774529877053059
-0.835534495565492
-0.464101615137693
0.355158778553053
1.53042409853236
2.8744987824743
4.13588438337535
5.0438129577951
5.35933173919757
4.92326045100631
3.69219105403535
1.75561856725223
-0.669538887216816
-3.26689297958053
-5.66695172475778
-7.50455813970235
-8.47799186958667
-8.39984165553147
-7.23095746580373
-5.09148632804119
-2.24673802557178
0.930213342876684
4.01341208768536
6.58767798994281
8.31084051462742
8.96456334049205
8.4856468299016
6.97291848680447
4.66884706081342
1.9191645195981
-0.882647713128436
-3.35675506154063
-5.19417061503335
-6.20055659569451
-6.31983257878551
-5.63431808919199
-4.34215894358004
-2.716616174964
-1.05477938407843
0.375100474233546
1.37844709613512
1.86373640332856
1.8516816787598
1.46317602031633
0.888763649489841
0.345698537616222
0.0308250020804675
0.0782016714237406
0.529471666955165
1.32262479523598
2.30142195120205
3.2439573007777
3.90529425160905
4.06645742396716
3.58077151473179
2.40884796624471
0.635390152583322
-1.53589838486241
-3.8091962661406
-5.84126461315973
-7.29675883640524
-7.90491503831363
-7.50791457293316
-6.09243875961805
-3.79861201280981
-0.904249089296386
2.2135564306681
5.13364050235508
7.45403748758847
8.85314380118846
9.13887622889434
8.27784752660489
6.39984165553181
3.77691997821536
0.780645813413589
-2.17552202835937
-4.69924399781515
-6.47751370282357
-7.32078501036285
-7.18619207643046
-6.17662137575432
-4.51647183198258
-2.5088168716674
-0.481702552805727
1.2670275568318
2.51696580232108
3.15661071855908
3.19417061503338
2.74651910810578
2.00899206415774
1.21205803526112
0.573128288641869
0.252514559825963
0.321672363658069
0.749547963962602
1.40949486860305
2.10543859459064
2.61241993637843
2.7239684876928
2.29742842694154
1.28861955157599
-0.230969345062551
-2.07820167142345
-3.9835091545436
-5.63346530986345
-6.72368200513265
-7.01298795571477
-6.36939586674733
-4.79956444438779
-2.45612307653583
0.379093998493526
3.33378484533643
6.00000000000032
7.99634077414958
9.02745668959094
8.93107692559726
7.70477069533135
5.50791457293249
2.63840127203091
-0.512228501816485
-3.51801096463333
-5.98258708560521
-7.59774211749218
-8.18714450800845
-7.72849536299269
-6.35093426415595
-4.3086725286849
-1.93574004039362
0.410224529793437
2.40554626301746
3.80984011755132
4.49909965483342
4.47751370282381
3.8667475227747
2.87535156180353
1.75436132182347
0.74744117704418
0.0447152565290478
-0.251404467614639
-0.142379118635282
0.270976162417464
0.812564279361024
1.2699310001049
1.44062539990306
1.17720001227282
0.422260053930505
-0.773272631623182
-2.2525145598254
-3.7757098512464
-5.06038847859022
-5.83175492253404
-5.87446924952884
-5.0765215515165
-3.45707550811282
-1.17277998874464
1.49932241316325
4.20014434298298
6.54230328656049
8.17065366255161
8.81965738629396
8.35800009432437
6.81284361273313
4.36939586674779
1.34552695679932
-1.8547174380919
-4.80135405242459
-7.1028155002746
-8.46410161513805
-8.72944779456992
-7.90280825139511
-6.14313496085933
-3.73559569741227
-1.04381295779551
1.54874323597839
3.69842057824825
5.15232905382608
5.78244274262372
5.59774211749227
4.73310702041982
3.41765484836519
1.92867421022513
0.53964187374697
-0.528361574743846
-1.14333155021309
-1.28089782482198
-1.02189815281367
-0.529924656913981
-0.0134120876860573
0.320396985233806
0.310840514627158
-0.120043232630838
-0.947585520025823
-2.04471525652915
-3.20263301997422
-4.16846139599259
-4.69323621634725
-4.58159493429833
-3.7340326152423
-2.17373242032275
-0.0525515740762441
2.36568191080845
4.74244762954279
6.71661617496341
7.96285435925522
8.24658055502127
7.46607301172593
5.67432490654753
3.07652155151766
0.00303802052542013
-3.1380605258818
-5.92158246709297
-7.96917499791994
-9.00640490169924
-8.90376068297229
-7.69500894809761
-5.57005812958549
-2.84366861481281
0.0947057483899814
2.84161755120921
5.04090951452263
6.4356721416163
6.90267115729249
6.464101615138
5.2754103069824
3.59196773676775
1.72087490692838
-0.0334349575260502
-1.42028865734261
-2.28185025639894
-2.57377214005182
-2.36438708908717
-1.81326774470344
-1.13364050235403
-0.545962512411875
-0.231462771934489
-0.294356121033096
-0.739786216728707
-1.47163842525577
-2.31070593737523
-3.02994268980559
-3.40036190111746
-3.23910599802449
-2.45068952745216
-1.05350400565387
0.813807923569775
2.90798519736855
4.91676051794482
6.50881687166621
7.38977752798191
7.3546534724225
6.3275543055404
4.38145059131733
1.73403261524287
-1.28030506726549
-4.25828894055114
-6.78794196473905
-8.51147828448113
-9.18071779010147
-8.69596137967547
-7.12193211682486
-4.67813104698737
-1.7051499086288
1.38758006362007
4.18410648748321
6.32425260231275
7.55590055628484
7.76903065493763
7.00640490169958
5.44972319538388
3.38416843347014
1.14779807565487
-0.925362040124296
-2.55880736352833
-3.57472457162991
-3.91626107632674
-3.64773017687813
-2.93349615937278
-2.00000000000011
-1.08826579897341
-0.405775660336509
-0.0865568177363079
-0.166709385456167
-0.579711342658007
-1.17218723118815
-1.73706837457444
-2.05787296484252
-1.95576291023366
-1.33046111278308
-0.187144508008134
1.35611121013022
3.08229808577145
4.70896121464866
5.93574004039394
6.49785044538402
6.21613476623664
5.03467999030942
3.03896165504277
0.450689527452419
-2.40053348193427
-5.12464843819671
-7.33024525129941
-8.68579117288324
-8.97291848680459
-8.12288454840231
-6.230005034226
-3.53961234080186
-0.412275593397217
2.73006899989543
5.46744957527437
7.44448101698175
8.42226005393074
8.31133394149973
7.18071779010208
5.24192389208731
2.81109160219753
0.255870993056761
-2.06388074630993
-3.85168167875873
-4.91721350790384
-5.1996041641164
-4.76795859154605
-3.79985565701752
-2.5423032865624
-1.26257868737587
-0.197976357039747
0.486520013536613
0.725217697142313
0.558807363528841
0.120687084041495
-0.394579438300958
-0.774529877052915
-0.83553449556539
-0.464101615137643
0.355158778553044
1.5304240985323
6.12904528607112
6.9574825045545
6.71699547529398
6.74041875921122
7.49531087451646
8.12620405923347
7.11083978240559
3.53670840982175
-1.98242516660046
-7.47570588238757
-10.7888300644755
-10.9274562281177
-8.60262416203216
-5.59880610916489
-3.45411901212486
-2.44035150039344
-1.58606650261436
0.31369409112583
3.50804909617279
6.86307454831364
8.55641781824128
7.39407746360331
3.76286658109115
-0.512482393343358
-3.32998158019997
-3.65553880265926
-2.08379905293383
-0.232050807569409
0.548134877189441
0.159484483984877
-0.290070183482878
0.486525614604475
2.76166297173978
5.37349067134156
6.43809294504154
4.68986702417028
0.458655273355996
-4.45251302685192
-7.91578377751015
-8.82237229503963
-7.65380053264673
-5.8962259810446
-4.77894014529386
-4.31415512808883
-3.37057274275818
-0.715155967635876
3.78968985749934
8.77689302217639
12.110089429588
12.2568645321723
9.3034705202805
4.86895764206643
0.986104494150053
-1.22517420977662
-2.12680370094873
-2.99033395937097
-4.76277677511609
-7.14355224919984
-8.69940771711115
-7.94544700217992
-4.57357208626053
0.119597526734966
3.9644660940674
5.30317904006178
4.02854912311009
1.53077260641778
-0.386255161009029
-0.799179439504319
-0.209944159339699
0.0389849709553303
-1.00168939116243
-2.97760040375224
-4.36722447670372
-3.58895959533141
-0.254837434445488
4.3820175596291
8.14908950379425
9.3405559871148
7.76869395507893
4.73174471063426
1.95589834699648
0.326138806709014
-0.639144751346232
-2.19394396270457
-5.13395082235534
-8.9018354010022
-11.7502983176146
-11.8824583315804
-8.74026893277136
-3.48224807112874
1.71767921261344
5.04928589545443
6.12573235847768
5.9742116412313
6.01206581349222
6.81808078998261
7.64775385638525
7.06217782649113
4.18214593034397
-0.408414855537481
-4.83261440969257
-7.08253188991808
-6.33993734494172
-3.49178606806493
-0.466247874493356
1.11555350564634
0.979266904538706
0.181461569361713
0.0929523825702332
1.18892587527682
2.5906701533011
2.72339445756542
0.596348814366509
-3.27531838541068
-7.03302418830574
-8.64074148338229
-7.22034944693179
-3.58913238160689
0.379409490850915
3.08141489380832
4.20711487624854
4.72031849662537
5.84922799705919
7.89549442101224
9.80343414376719
9.84931103705507
6.95139576952216
1.61477799999961
-4.21958917452869
-8.34347336062459
-9.63375440267488
-8.6193329588666
-6.87951718421056
-5.75825012204985
-5.37604942194718
-4.67751550832179
-2.45383398085039
1.46876975292665
5.81617236542384
8.58618152613459
8.39697380535734
5.47214705378074
1.52570257316294
-1.38024987157792
-2.17490591839917
-1.34741553340802
-0.360692075111994
-0.391494820453336
-1.37379553263315
-2.07767952394364
-1.15783766171774
1.64160127640623
5.06978624098983
7.09659764916248
6.27864893215748
2.76793661434778
-1.77850873457589
-5.32028050508938
-6.76070811571049
-6.51424902578924
-5.93069355482598
-6.05566999392961
-6.70087055511677
-6.55131913601806
-4.23834022099489
0.439919694163448
6.09781312674929
10.4999999999993
11.9506454167032
10.3349341223495
7.06630651235093
4.0011901638303
2.14118015595079
1.08294905947328
-0.403696723126947
-3.149777972255
-6.68470718493944
-9.38071625712912
-9.5671751953475
-6.79037134037842
-2.26544881701074
1.84270450455534
3.80502208118231
3.38124863023829
1.79138511517978
0.663005128181684
0.76882050079051
1.50894382974693
1.51316281848102
-0.120459041930029
-2.92361980098612
-5.21476441168265
-5.23499195493971
-2.43388393353196
2.05328583480436
6.10512453745377
7.98964549091033
7.41862557729242
5.53152994714957
3.86397723239915
3.1109740087958
2.63426207595907
1.08396222647697
-2.35338797558822
-7.05588123217769
-11.138999408931
-12.618065795851
-10.7273826697809
-6.43214566352023
-1.7591410933069
1.5582351997287
3.12735548563239
3.88856835054888
5.10644416299531
7.16714147529283
9.12620405923394
9.37086083420735
6.90273381360667
2.26021552052128
-2.64557886346595
-5.70038188792747
-5.92745622811805
-4.03181407568844
-1.76867909024206
-0.62569188737707
-0.806376904175772
-1.25789710339017
-0.686305908873292
1.24802804437074
3.49704914452775
4.31377713112287
2.56395044468185
-1.32558159545547
-5.51248239334352
-7.9007916665424
-7.48566582158287
-4.91222617768095
-1.86602540378465
0.219965477965892
1.15948448398629
1.9699508683178
3.85255101838818
7.00430365885888
10.203617690263
11.5265411215893
9.68986702416996
5.02946535969882
-0.622386007930135
-5.08735665276449
-7.18839769882407
-7.32563113342402
-6.89622598104493
-7.03896119709426
-7.68018053187391
-7.61321342987744
-5.54528298655829
-1.2987583190484
3.77689302217687
7.53927934324457
8.42673751325025
6.47504339553298
3.2349830458493
0.657935094926672
-0.225174209778679
0.133217350852546
0.375691444412875
-0.520136087996647
-2.31342523027725
-3.61095954056415
-2.94544700218019
-0.00276199991864923
3.94972454565651
6.7928932188136
6.93715363627872
4.3567185223345
0.53077260641814
-2.64627621281111
-4.1652048432891
-4.45258484646019
-4.79114204796654
-6.09013756771015
-7.97760040375306
-8.93803456304645
-7.41908661425379
-3.08326455919441
2.74804296341468
7.82092010457082
10.3405559871148
10.0287150068799
8.09777011441883
6.19853903411461
5.15626582563203
4.4493034252028
2.80605603729551
-0.563140736011752
-5.07170838207826
-8.92187119286833
-10.2484837353647
-8.41209953354723
-4.48224807112686
-0.542341839187043
1.68326049167168
1.88309167135974
1.1440846223092
0.923617636944464
1.81808078998239
3.07694377004183
3.23205080756929
1.35371880559762
-2.0423894517526
-5.16078380891652
-6.08253188991818
-4.07991629313963
-0.125760664280873
3.77639281262686
5.94568052456915
6.0677150810877
5.1814615693622
4.66376246891304
5.01905289420009
5.41909727804729
4.3573690537813
0.924518213590332
-4.27531838541159
-9.29304524010722
-12.006766887167
-11.4629901340502
-8.41925940052801
-4.70903868569826
-1.91858510619206
-0.363695210095675
0.890191477702185
3.02080087231238
6.26151982479715
9.47526474454361
10.8493110370551
9.21141682132278
4.98080340378213
0.0230515125891437
-3.51334634170201
-4.54530622612787
-3.61933295886611
-2.30870709786741
-1.92812310312763
-2.547622297201
-3.04354091210737
-2.12566458162669
0.468769752926427
3.5561513136217
5.22015612235052
4.1543331182385
0.642020034858667
-3.56274560338551
-6.38024987157891
-6.74571600474204
-5.17754255233064
-3.18911919985903
-2.02546941667006
-1.70196493185805
-1.07767952394403
1.10218339008331
5.0076266801886
9.31242692811004
11.9267246680846
11.3670971087046
7.76793661434665
2.79230135176652
-1.4901534861648
-3.93228099096284
-4.8802744295723
-5.60252415560203
-7.05566999392929
-8.96089160691826
-9.91734453980299
-8.48098090811281
-4.39020732475809
1.00936495020293
5.50000000000041
7.3798353303607
6.50480710342743
4.23787938760402
2.36721556761499
1.81301075672717
2.08294905947315
1.85632432867467
0.216247431528891
-2.44206649781973
-4.55058923820739
-4.47872701879886
-1.79037134037995
2.3053612693329
5.67283152347892
6.63344920592887
5.01522322645449
2.11955451440513
-0.336994871817289
-1.49120055100984
-1.8570815740371
-2.72947786863786
-4.95058606085225
-8.01206797753356
-10.2147644116825
-9.80580204128219
-6.26401095245316
-0.775141289940312
4.47114994123496
7.66147609168608
8.41862557729088
7.79155099895021
7.23000263618357
7.35361469591568
7.46438909488261
6.17241040302385
2.64661202441124
-2.4850711458362
-7.30887239000981
-9.78963867110435
-9.09340807356483
-6.10397626429576
-2.75914109330683
-0.701785852072887
-0.238669918151859
-0.354072336571437
0.276317144073213
2.0786932987446
4.12620405923309
4.80005074786382
3.07260679468481
-0.568211604225984
-4.27955345968229
-6.02855128715175
-4.92745622811776
-1.77179302388741
1.59734631354018
3.61694879974119
4.02375011474488
3.83055107315767
4.31369409112652
5.81883813071358
7.32717616345087
7.14220425586862
4.1979250408967
-0.997412196233466
-6.51248239334395
-10.1608127183425
-10.8516912253659
-9.15486686479928
-6.69615242270719
-4.8684826985818
-3.84051551601542
-2.60085921802464
0.0224239994663857
4.17587653411262
8.56964309404827
11.1983717223657
10.689867024171
7.28948641150082
2.74363939585403
-0.844715965645073
-2.35827067990198
-2.23718295687664
-1.89622598104445
-2.46815111075174
-3.85005351295044
-4.78478630513056
-3.91130839034169
-0.970588919826172
2.77689302217746
5.27925829144391
5.06071210946581
2.23240270841447
-1.59514397307011
-4.43051308162068
-5.2251742097775
-4.43759273549065
-3.45443557450942
-3.34856321274318
-3.9473998264929
-3.93912893978718
-1.94544700217983
2.25725905188441
7.31574994944222
11.0355339059311
11.7672806552006
9.44516669888174
5.53077260641798
1.92453387353197
-0.335077824365689
-1.62415772171232
-3.15716745175081
-5.76196816848644
-8.97760040375346
-11.1980556148481
-10.7851120180387
-7.32590524631419
-2.08208405550722
2.73247192802306
5.34055598711468
5.45790492053739
4.26764309549673
3.37011190936829
3.52229122941487
4.1211340259774
3.80605603729476
1.69688031579015
-1.70568297829414
-4.6792305057492
-5.41835671644273
-3.32365135699909
0.517751928871975
4.02846824715366
5.51338751059331
4.71151879610541
2.77805921852524
1.25178703616805
0.818080789982571
0.816922718240714
-0.133974596215871
-2.88892188152284
-6.87251647067594
-10.2492319854638
-11.0825318899186
-8.65072637948239
-3.955887683203
0.947965687879907
4.31170592835309
5.73954568186271
6.18146156936155
6.92378352071456
8.38507829798349
9.66173796516657
9.18749607270298
6.01296639014127
0.724681614589526
-4.72223515376457
-8.17663986824423
-8.63456300930431
-6.78528480431413
-4.38086928647422
-2.91858510619092
-2.62371626189544
-2.47583392608182
-1.22183981480598
1.4313928058732
4.38681656799537
5.84931103705552
4.64060673497988
1.15067638486098
-2.80537561215444
-5.14732093791772
-4.87347562535124
-2.61933295886686
-0.0486860460659075
1.43790230065703
1.69501838991854
1.786586106816
2.96278359492203
5.46876975292744
8.12696139996524
9.05028314127279
6.98276024298588
2.27599463107436
-3.23457620416165
-7.38024987157815
-9.00573705654277
-8.54356795611517
-7.43175988697786
-6.85559643559126
-6.79041310840593
-6.0776795239437
-3.46862669626214
1.17749966126514
6.48399980336392
10.2927500718687
11.0389277094812
8.76793661434726
5.05232240357003
1.8758719176181
0.310359696154799
-0.0501474106513928
-0.514075979054603
-2.0556699939286
-4.39008152057449
-6.0872175208803
-5.65255378336674
-2.75623272854226
1.33753434942576
4.49999999999865
5.11981427855917
3.13878169964262
-0.00476129951503923
-2.46291145130793
-3.27543741982097
-2.91705094052731
-2.71448575766933
-3.61387958739417
-5.27049362256691
-6.18456383442278
-4.80689641802447
-0.790371340380303
4.56538232113424
9.03885692726245
10.8760898930481
9.84535024537719
7.20800269095233
4.663005128182
3.079609535332
1.97304544488494
0.0989492561076095
-3.31661146463388
-7.68389857830871
-11.2147644116824
-12.0658230930838
-9.63003635623806
-5.01778197706311
-0.358977077685544
2.57302791513873
3.4186255772919
6.49785044538378
6.21613476623622
5.03467999030982
3.03896165504323
0.4506895274529
-2.40053348193382
-5.12464843819634
-7.33024525129918
-8.68579117288317
-8.97291848680469
-8.12288454840257
-6.2300050342264
-3.53961234080093
-0.412275593397227
2.73006899989544
5.46744957527441
7.44448101698183
8.42226005393085
8.31133394149987
7.18071779010222
5.24192389208744
2.8110916021976
0.255870993056771
-2.06388074631096
-3.85168167875836
-4.91721350790354
-5.19960416411619
-4.76795859154594
-3.7998556570175
-2.54230328656246
-1.26257868737598
-0.197976357039902
0.486520013536436
0.725217697142126
0.558807363528291
0.120687084041832
-0.394579438300624
-0.774529877052628
-0.835534495565185
-0.464101615137545
0.355158778553529
1.53042409853218
2.87449878247414
4.13588438337524
5.04381295779508
5.35933173919733
4.92326045100653
3.69219105403567
1.75561856725263
-0.669538887216382
-3.26689297958011
-5.66695172475858
-7.50455813970214
-8.47799186958648
-8.39984165553132
-7.23095746580363
-5.09148632803945
-2.24673802557178
0.930213342876667
4.01341208768535
6.58767798994283
8.31084051462749
8.96456334049215
8.48564682990174
6.97291848680477
4.66884706081384
1.91916451959857
-0.882647713129254
-3.3567550615397
-5.19417061503253
-6.20055659569386
-6.31983257878508
-5.6343180891918
-4.34215894357935
-2.71661617496423
-1.05477938407853
0.375100474233613
1.37844709613535
1.86373640332888
1.85168167875974
1.4631760203163
0.888763649489836
0.345698537616213
0.0308250020804373
0.0782016714239075
0.529471666955077
1.32262479523588
2.30142195120197
3.24395730077766
3.9052942516095
4.06645742396781
3.58077151473253
2.40884796624549
0.635390152584079
-1.53589838486176
-3.80919626614141
-5.84126461315947
-7.29675883640496
-7.90491503831337
-7.50791457293295
-6.09243875961707
-3.79861201281028
-0.904249089296914
2.21355643066758
5.13364050235372
7.45403748758815
8.85314380118887
9.13887622889438
8.27784752660511
6.39984165553218
3.77691997821584
0.780645813412632
-2.17552202835942
-4.69924399781528
-6.47751370282378
-7.32078501036313
-7.18619207643078
-6.17662137575397
-4.51647183198284
-2.50881687166756
-0.481702552805757
1.26702755683192
2.51696580232169
3.15661071855894
3.19417061503332
2.74651910810578
2.00899206415778
1.21205803526118
0.573128288641588
0.252514559826049
0.321672363658217
0.749547963962871
1.40949486860343
2.10543859459117
2.61241993637795
2.72396848769238
2.29742842694124
1.28861955157584
-0.230969345062541
-2.07820167142429
-3.98350915454335
-5.63346530986328
-6.7236820051318
-7.01298795571487
-6.36939586674666
-4.79956444438817
-2.4561230765363
0.379093998493022
3.33378484533596
5.99999999999993
7.99634077415013
9.02745668959087
8.93107692559723
7.70477069533135
5.50791457293252
2.63840127202895
-0.512228501816477
-3.51801096463337
-5.98258708560531
-7.59774211749234
-8.18714450800868
-7.72849536299237
-6.3509342641562
-4.30867252868525
-1.93574004039401
0.410224529793051
2.40554626301838
3.80984011755123
4.49909965483328
4.47751370282377
3.86674752277475
2.87535156180363
1.75436132182294
0.747441177044299
0.0447152565289901
-0.251404467614869
-0.142379118635658
0.270976162416956
0.812564279360514
1.26993100010442
1.44062539990203
1.17720001227256
0.422260053930412
-0.773272631623799
-2.25251455982519
-3.77570985124622
-5.06038847859013
-5.83175492253405
-5.87446924952896
-5.0765215515173
-3.45707550811373
-1.17277998874557
1.49932241316239
4.20014434298127
6.54230328656124
8.17065366255144
8.81965738629382
8.35800009432427
6.81284361273308
4.36939586674644
1.34552695679986
-1.85471743809137
-4.80135405242412
-7.10281550027426
-8.46410161513788
-8.72944779456986
-7.9028082513953
-6.14313496085966
-3.73559569741269
-1.04381295779597
1.5487432359791
3.69842057824843
5.15232905382637
5.78244274262409
5.59774211749268
4.73310702042022
3.41765484836481
1.92867421022533
0.539641873747486
-0.528361574743967
-1.14333155021338
-1.28089782482217
-1.02189815281363
-0.52992465691396
-0.0134120876860331
0.320396985233853
0.310840514627241
-0.120043232631163
-0.947585520025685
-2.04471525652901
-3.20263301997412
-4.16846139599157
-4.69323621634761
-4.58159493429797
-3.73403261524204
-2.17373242032262
-0.0525515740762428
2.36568191080834
4.7424476295439
6.71661617496317
7.96285435925498
8.24658055502107
7.46607301172578
5.6743249065464
3.07652155151817
0.00303802052596303
-3.13806052588128
-5.92158246709255
-7.96917499791967
-9.00640490169936
-8.90376068297239
-7.69500894809804
-5.57005812958619
-2.8436686148137
0.0947057483908835
2.84161755120929
5.04090951452253
6.43567214161657
6.90267115729282
6.46410161513835
5.27541030698187
3.59196773676801
1.72087490692867
-0.0334349575257713
-1.42028865734237
-2.28185025639939
-2.57377214005172
-2.36438708908714
-1.81326774470344
-1.13364050235496
-0.54596251241189
-0.231462771934356
-0.294356121033054
-0.739786216728492
-1.47163842525541
-2.31070593737478
-3.02994268980511
-3.40036190111701
-3.23910599802412
-2.45068952745192
-1.05350400565377
0.813807923569723
2.90798519736946
4.91676051794456
6.50881687166606
7.3897775279819
7.35465347242265
6.32755430553956
4.38145059131776
1.73403261524337
-1.28030506726497
-4.25828894055067
-6.7879419647387
-8.51147828448155
-9.18071779010139
-8.69596137967548
-7.1219321168249
-4.67813104698742
-1.70514990862684
1.38758006362008
4.18410648748329
6.3242526023129
7.55590055628506
7.76903065493791
7.00640490169916
5.44972319538414
3.38416843347048
1.14779807565603
-0.925362040123956
-2.5588073635286
-3.57472457162919
-3.91626107632611
-3.64773017687763
-2.93349615937243
-1.99999999999991
-1.088265798973
-0.405775660336576
-0.0865568177361951
-0.166709385455889
-0.579711342657597
-1.17218723118817
-1.73706837457447
-2.0578729648426
-1.9557629102338
-1.33046111278328
-0.187144508008379
1.35611121013096
3.08229808577121
4.70896121464848
5.93574004039386
6.49785044538407
6.21613476623661
5.03467999030937
3.03896165504267
0.450689527452413
-2.4005334819342
-5.12464843819659
-7.33024525130036
-8.68579117288312
-8.9729184868045
-8.12288454840226
-6.23000503422599
-3.53961234080044
-0.412275593397764
2.73006899989491
5.4674495752733
7.44448101698146
8.42226005393063
8.31133394149953
7.1807177901023
5.24192389208766
2.81109160219794
0.255870993057185
-2.0638807463105
-3.85168167875897
-4.91721350790418
-5.19960416411681
-4.76795859154648
-3.79985565701893
-2.54230328656208
-1.26257868737603
-0.197976357039744
0.48652001353679
0.725217697142646
0.558807363528931
0.12068708404147
-0.394579438300986
-0.774529877052969
-0.835534495565483
-0.464101615137779
0.355158778553376
1.53042409853213
2.8744987824742
4.1358843833754
5.04381295779535
5.35933173919769
4.92326045100589
3.69219105403508
1.75561856725212
-0.669538887216773
-3.26689297958036
-5.66695172475866
-7.50455813970207
-8.4779918695861
-8.39984165553157
-7.23095746580401
-5.09148632803992
-2.24673802557231
0.930213342876132
4.01341208768486
6.58767798994243
8.31084051462722
8.96456334049205
8.48564682990178
6.97291848680466
4.66884706081358
1.91916451959917
-0.882647713129752
-3.35675506154027
-5.19417061503313
-6.20055659569445
-6.31983257878561
-5.63431808919221
-4.3421589435796
-2.71661617496431
-1.05477938407872
0.37510047423334
1.37844709613502
1.86373640332851
1.85168167875936
1.46317602031594
0.888763649489511
0.345698537615943
0.030825002080237
0.0782016714237903
0.529471666955039
1.32262479523563
2.30142195120154
3.2439573007771
3.90529425160885
4.06645742396714
3.58077151473163
2.40884796624494
0.635390152583663
-1.53589838486201
-3.8091962661415
-5.8412646131594
-7.29675883640502
-7.90491503831358
-7.5079145729333
-6.09243875961751
-3.79861201281079
-0.904249089297443
2.21355643066708
5.13364050235331
7.45403748758786
8.85314380118872
9.13887622889439
8.27784752660498
6.39984165553192
3.77691997821545
0.780645813412149
-2.1755220283589
-4.69924399781479
-6.47751370282336
-7.32078501036282
-7.1861920764306
-6.17662137575393
-4.51647183198294
-2.50881687166777
-0.481702552806062
1.26702755683156
2.51696580232128
3.1566107185596
3.194170615034
2.74651910810643
2.00899206415833
1.21205803526157
0.573128288641796
0.252514559826047
0.321672363658005
0.749547963962469
1.40949486860288
2.10543859459051
2.61241993637832
2.72396848769277
2.29742842694163
1.28861955157619
-0.230969345062254
-2.0782016714241
-3.98350915454326
-5.63346530986333
-6.72368200513199
-7.01298795571517
-6.36939586674707
-4.79956444438759
-2.45612307653575
0.3790939984935
3.33378484533633
6.00000000000018
7.99634077415024
9.02745668959085
8.93107692559738
7.70477069533165
5.50791457293293
2.63840127202945
-0.512228501815943
-3.51801096463286
-5.98258708560486
-7.597742117492
-8.18714450800847
-7.72849536299231
-0.00276199991954762
3.94972454565674
6.79289321881367
6.93715363627829
4.35671852233385
0.530772606419054
-2.64627621280948
-4.16520484328786
-4.45258484645921
-4.79114204796665
-6.09013756771096
-7.97760040375243
-8.93803456304662
-7.41908661425443
-3.08326455919301
2.74804296341581
7.8209201045699
10.3405559871146
10.0287150068801
8.09777011441975
6.19853903411502
5.15626582563125
4.44930342520289
2.80605603729585
-0.563140736011343
-5.07170838207882
-8.9218711928692
-10.2484837353643
-8.41209953354704
-4.48224807112795
-0.542341839187593
1.68326049167105
1.8830916713579
1.14408462230923
0.923617636944308
1.81808078998138
3.07694377004305
3.23205080756859
1.35371880559822
-2.04238945175165
-5.1607838089162
-6.08253188991836
-4.0799162931389
-0.125760664278639
3.77639281262482
5.94568052456796
6.06771508108701
5.18146156936151
4.66376246891357
5.01905289419968
5.41909727804739
4.35736905378206
0.924518213591392
-4.27531838541279
-9.29304524010846
-12.0067668871667
-11.4629901340508
-8.41925940052963
-4.70903868569861
-1.91858510619144
-0.363695210094907
0.890191477702146
3.02080087231179
6.26151982479574
9.47526474454423
10.8493110370548
9.2114168213235
4.98080340378339
0.0230515125903343
-3.51334634170189
-4.54530622612645
-3.61933295886551
-2.30870709786764
-1.92812310312686
-2.54762229720154
-3.04354091210678
-2.12566458162557
0.468769752925594
3.55615131362217
5.22015612235029
4.15433311823779
0.642020034857329
-3.56274560338588
-6.38024987157769
-6.7457160047415
-5.1775425523315
-3.18911919985874
-2.02546941666938
-1.70196493185804
-1.07767952394398
1.10218339008272
5.00762668018979
9.31242692811092
11.9267246680854
11.3670971087055
7.76793661434875
2.79230135176939
-1.49015348616624
-3.93228099096365
-4.88027442957253
-5.60252415560195
-7.05566999392908
-8.96089160691845
-9.91734453980256
-8.4809809081119
-4.39020732475835
1.00936495020128
5.49999999999869
7.37983533036054
6.50480710342566
4.23787938760463
2.36721556761471
1.81301075672672
2.0829490594738
1.85632432867396
0.216247431528287
-2.44206649781874
-4.55058923820682
-4.47872701879907
-1.79037134037848
2.30536126933345
5.67283152347758
6.63344920592835
5.01522322645544
2.11955451440399
-0.336994871818125
-1.49120055101042
-1.85708157403745
-2.72947786863734
-4.95058606085178
-8.01206797753402
-10.2147644116827
-9.8058020412831
-6.26401095245548
-0.775141289943563
4.4711499412366
7.66147609168629
8.41862557729099
7.79155099895064
7.23000263618354
7.35361469591528
7.46438909488206
6.17241040302317
2.64661202441231
-2.48507114583438
-7.30887239000808
-9.78963867110445
-9.09340807356343
-6.1039762642951
-2.75914109330719
-0.701785852072837
-0.23866991815262
-0.354072336571142
0.276317144073741
2.07869329874353
4.12620405923348
4.80005074786363
3.07260679468337
-0.568211604225377
-4.27955345968299
-6.02855128715115
-4.92745622811857
-1.7717930238886
1.59734631354153
3.61694879974191
4.02375011474537
3.83055107315806
4.31369409112673
5.81883813071362
7.32717616345092
7.14220425586892
4.19792504089896
-0.997412196230241
-6.51248239334134
-10.1608127183433
-10.851691225366
-9.15486686480012
-6.69615242270797
-4.86848269858248
-3.84051551601473
-2.60085921802416
0.0224239994678601
4.175876534112
8.56964309404674
11.1983717223655
10.6898670241709
7.28948641149857
2.74363939585505
-0.844715965644643
-2.35827067990221
-2.23718295687538
-1.89622598104482
-2.4681511107517
-3.85005351294967
-4.7847863051301
-3.9113083903416
-0.970588919826681
2.77689302217863
5.2792582914432
5.06071210946632
2.23240270841542
-1.59514397307189
-4.43051308162155
-5.22517420977837
-4.43759273549136
-3.45443557450975
-3.34856321274299
-3.94739982649278
-3.93912893978694
-1.94544700218173
2.2572590518816
7.3157499494397
11.0355339059318
11.7672806552002
2.14034524834222
3.44383435570595
4.57367808386462
5.41972682741989
5.89434265755408
5.94113287704866
5.54078941710233
4.71345221297374
3.51735000035993
2.04383190313221
0.409252646737595
-1.25552085462634
-2.81698317325924
-4.15111212712841
-5.15458248786441
-5.75400373849125
-5.91230579416014
-5.63167326360447
-4.95276334448131
-3.9503021748019
-2.72550432277424
-1.39606599109199
-0.0847146591865293
1.09256626381415
2.03749277430973
2.67855600283942
2.97734745712183
2.93153630102342
2.5742323800149
1.96982515071046
1.20673540015462
0.387819652763643
-0.380603227948898
-1.00000000000047
-1.39001751542766
-1.49698213645459
-1.29965173950227
-0.811641252945603
-0.080273172580045
0.818040315117854
1.78543203413245
2.71247902668132
3.48938700205941
4.01735000036039
4.21895363034236
4.0465800315339
3.48796524058223
2.56833616355161
1.34888787287158
-0.0782801454285469
-1.59830289557524
-3.08399540373912
-4.40760805268964
-5.45276334448103
-6.12542390201169
-6.36283170757089
-6.13955208630112
-5.4700339959981
-4.40743373618502
-3.03880956812569
-1.47714484007623
0.149037066699924
1.70747109010911
3.07423238001543
4.14494687792039
4.84406278495074
5.13130574797229
5.00471610886184
4.49999999999985
3.68628482700818
2.65871870646153
1.5286586509182
0.412423957968878
-0.580273172580256
-1.35708141209159
-1.85189535066339
-2.03100706852738
-1.89593233475144
-1.48264999964014
-0.857348712093229
-0.109120811381718
0.659654850161461
1.34427095263701
1.8488878728718
2.09684158178137
2.03902448922087
1.65949069146915
0.977711284121024
0.0472366555182053
-1.04912155957544
-2.20713086465471
-3.31124169587963
-4.24596878508369
-4.9074337361858
-5.2139312953358
-5.11447222487272
-4.59444902850768
-3.67784824670182
-2.42576761998453
-0.93135546451507
0.688361942034931
2.30299535755108
3.78065089794731
5.00000000000005
5.86140655421804
6.29604609125742
6.27214474612736
5.79774329477958
4.91972682741966
3.71922093034356
2.30380549225202
0.797303321893957
-0.671867123836711
-1.98264999964003
-3.03247043930346
-3.74644819617836
-4.08383124504732
-4.04104838417351
-3.65111212712807
-2.97946076065455
-2.11667635369511
-1.16881969895185
-0.246353926793458
0.54723665551884
1.12600016763421
1.43019652014118
1.4322443993284
1.13935055172773
0.592566263814712
-0.137628952899835
-0.958771381957368
-1.76613863808692
-2.45378303578754
-2.92576761998453
-3.10647719172558
-2.94896544276118
-2.44049073765729
-1.60466843886334
-0.500000000000087
0.785104211782238
2.14034524834157
3.44383435570625
4.57367808386486
5.41972682742006
5.89434265755396
5.94113287704875
5.5407894171022
4.71345221297353
3.51735000035964
2.04383190313297
0.409252646738398
-1.25552085462641
-2.81698317325956
-4.15111212712866
-5.15458248786457
-5.75400373849112
-5.91230579416032
-5.63167326360434
-4.95276334448109
-3.95030217480162
-2.72550432277482
-1.39606599109263
-0.0847146591871351
1.09256626381438
2.03749277431011
2.6785560028395
2.97734745712177
2.93153630102352
2.57423238001503
1.96982515071025
1.20673540015438
0.387819652764033
-0.380603227949099
-1.00000000000022
-1.39001751542774
-1.49698213645459
-1.29965173950219
-0.811641252945901
-0.0802731725804433
0.818040315118103
1.78543203413271
2.71247902668157
3.48938700205909
4.01735000036021
4.21895363034235
4.04658003153386
3.48796524058209
2.56833616355138
1.34888787287222
-0.0782801454288784
-1.59830289557558
-3.08399540373945
-4.40760805268992
-5.45276334448123
-6.12542390201147
-6.36283170757088
-6.13955208630103
-5.47003399599776
-4.40743373618475
-3.0388095681264
-1.477144840077
0.149037066700547
1.70747109010943
3.07423238001569
4.14494687791996
4.84406278495076
5.13130574797203
5.00471610886173
4.49999999999966
3.68628482700806
2.65871870646117
1.52865865091875
0.412423957968621
-0.580273172580536
-1.35708141209173
-1.85189535066323
-2.03100706852737
-1.89593233475181
-1.48264999963997
-0.857348712093018
-0.109120811381488
0.659654850160821
1.34427095263672
1.84888787287193
2.09684158178143
2.03902448922085
1.65949069146941
0.977711284120944
0.0472366555186996
-1.04912155957572
-2.20713086465499
-3.3112416958799
-4.2459687850833
-4.90743373618557
-5.21393129533586
-5.11447222487268
-4.59444902850754
-3.67784824670235
-2.42576761998492
-0.931355464515828
0.688361942035292
2.30299535755143
3.78065089794782
4.99999999999954
5.86140655421806
6.29604609125746
6.27214474612732
5.79774329477942
4.91972682741948
3.7192209303442
2.30380549225257
0.797303321893619
-0.67186712383702
-1.98264999964029
-3.03247043930331
-3.74644819617811
-4.08383124504732
-4.04104838417341
-3.65111212712815
-2.97946076065492
-2.11667635369556
-1.16881969895145
-0.246353926793335
0.547236655519018
1.12600016763432
1.43019652014117
1.43224439932857
1.13935055172761
0.592566263814527
-0.137628952900059
-0.95877138195672
-1.76613863808655
-2.45378303578725
-2.92576761998465
-3.10647719172562
-2.94896544276114
-2.44049073765761
-1.60466843886382
-0.499999999999816
0.785104211782546
2.14034524834189
3.44383435570566
4.57367808386513
5.41972682741967
5.89434265755404
5.94113287704873
5.54078941710208
4.71345221297379
3.51735000036029
2.04383190313263
0.409252646738032
-1.25552085462705
-2.81698317325886
-4.15111212712809
-5.15458248786418
-5.75400373849138
-5.91230579416029
-5.6316732636042
-4.9527633444815
-3.95030217480134
-2.72550432277451
-1.39606599109232
-0.0847146591868486
1.09256626381462
2.03749277430972
2.67855600283927
2.97734745712176
2.93153630102343
2.57423238001487
1.96982515071059
1.20673540015477
0.387819652763801
-0.380603227949302
-1.00000000000037
-1.39001751542762
-1.49698213645461
-1.29965173950211
-0.811641252945747
-0.0802731725802315
0.818040315118351
1.78543203413297
2.71247902668115
3.48938700205929
4.01735000036034
4.21895363034212
4.04658003153403
3.48796524058245
2.5683361635519
1.34888787287168
-0.0782801454292092
-1.59830289557593
-3.08399540373876
-4.40760805268944
-5.45276334448144
-6.12542390201158
-6.36283170757089
-6.13955208630115
-5.47003399599771
-4.40743373618534
-3.03880956812607
-1.4771448400764
0.149037066700902
1.70747109010871
3.0742323800151
4.14494687792042
4.84406278495084
5.13130574797202
5.00471610886188
4.50000000000015
3.68628482700851
2.65871870646089
1.52865865091847
0.412423957968363
-0.580273172580104
-1.35708141209175
-1.85189535066329
-2.03100706852735
-1.89593233475171
-1.4826499996398
-0.857348712093356
-0.109120811381861
0.659654850161042
1.34427095263691
1.84888787287207
2.09684158178138
2.03902448922076
1.6594906914693
0.97771128412076
0.0472366555184571
-1.049121559576
-2.20713086465444
-3.31124169588026
-4.24596878508352
-4.90743373618553
-5.21393129533591
-5.11447222487289
-4.59444902850789
-3.67784824670184
-2.42576761998462
-0.931355464515484
0.688361942035653
2.30299535755091
3.78065089794716
4.99999999999977
5.8614065542182
6.29604609125758
6.27214474612744
5.79774329477975
4.91972682741924
3.71922093034378
2.30380549225223
0.797303321893281
-0.671867123837095
-1.98264999963997
-3.03247043930349
-3.7464481961782
-4.08383124504731
-4.04104838417379
-3.65111212712841
-2.9794607606547
-2.11667635369531
-1.16881969895119
-0.246353926793107
0.547236655518682
1.1260001676341
1.4301965201412
1.43224439932852
1.13935055172748
0.592566263814841
-0.137628952900502
-0.958771381956958
-1.76613863808678
-2.45378303578744
-2.92576761998477
-3.10647719172534
-2.9489654427613
-2.44049073765748
-1.60466843886361
-0.499999999999375
0.785104211781902
2.14034524834124
3.44383435570595
4.57367808386536
5.41972682741984
5.89434265755412
5.94113287704881
5.54078941710196
4.71345221297357
3.51735000035999
2.04383190313228
0.409252646737666
-1.25552085462627
-2.81698317325917
-4.15111212712835
-5.15458248786435
-5.75400373849144
-5.91230579416032
-5.63167326360444
-4.95276334448129
-3.95030217480107
-2.7255043227742
-1.39606599109296
-0.0847146591874552
1.09256626381485
2.03749277430989
2.67855600283935
2.97734745712175
2.93153630102334
2.5742323800151
1.96982515071038
1.20673540015454
0.387819652763809
-0.380603227948961
-1.00000000000012
-1.3900175154277
-1.49698213645453
-1.29965173950203
-0.811641252945592
-0.0802731725806303
0.818040315117775
1.78543203413323
2.71247902668139
3.48938700205948
4.0173500003599
4.21895363034244
4.04658003153398
3.48796524058231
2.56833616355141
1.34888787287139
-0.0782801454284918
-1.59830289557519
-3.08399540373924
-4.40760805268972
-5.45276334448164
-6.12542390201136
-6.36283170757084
-6.13955208630105
-5.47003399599752
-4.40743373618507
-3.03880956812574
-1.47714484007717
0.149037066700987
1.70747109010903
3.07423238001536
