"x"
8.66825087409637
8.65538450565746
7.6006905702479
5.89383051644746
4.03553390593274
2.46735579894541
1.43331154376662
0.923175039987779
0.715482114705104
0.5
0.0292467816293367
-0.761920914091595
-1.71660540010105
-2.51244077082015
-2.79289321881345
-2.32203403081789
-1.10151653659567
0.597904398716645
2.30585902963108
3.5
3.77889072147443
2.99705647422716
1.31272147505715
-0.868948974807163
-3.03553390593274
-4.73788717647417
-5.72868960032177
-6.01923203528293
-5.83638578902665
-5.5
-5.27114540178057
-5.23219203436273
-5.24668254627306
-5.01540172789994
-4.20710678118655
-2.61267756707294
-0.26143343827947
2.54802849764757
5.31800560177025
7.5
8.66825087409637
8.65538450565746
7.6006905702479
5.89383051644747
4.03553390593273
2.46735579894541
1.43331154376662
0.92317503998778
0.715482114705103
0.499999999999998
0.0292467816293347
-0.761920914091604
-1.71660540010105
-2.51244077082015
-2.79289321881345
-2.32203403081789
-1.10151653659568
0.597904398716642
2.30585902963109
3.5
3.77889072147443
2.99705647422716
1.31272147505714
-0.86894897480716
-3.03553390593274
-4.73788717647418
-5.72868960032177
-6.01923203528293
-5.83638578902664
-5.5
-5.27114540178057
-5.23219203436273
-5.24668254627306
-5.01540172789994
-4.20710678118654
-2.61267756707294
-0.261433438279475
2.54802849764757
5.31800560177026
7.49999999999999
8.66825087409637
8.65538450565746
7.60069057024788
5.89383051644745
4.03553390593273
2.46735579894542
1.43331154376663
0.923175039987781
0.715482114705103
0.499999999999997
0.0292467816293354
-0.761920914091591
-1.71660540010104
-2.51244077082015
-2.79289321881345
-2.32203403081789
-1.10151653659567
0.597904398716639
2.3058590296311
3.50000000000001
3.77889072147444
2.99705647422715
1.31272147505716
-0.868948974807207
-3.03553390593274
-4.73788717647418
-5.72868960032176
-6.01923203528293
-5.83638578902665
-5.5
-5.27114540178057
-5.23219203436273
-5.24668254627306
-5.01540172789995
-4.20710678118653
-2.61267756707295
-0.261433438279479
2.5480284976476
5.31800560177022
7.49999999999999
8.66825087409637
8.65538450565746
7.60069057024788
5.89383051644747
4.03553390593274
2.4673557989454
1.43331154376662
0.923175039987782
0.715482114705103
0.499999999999999
0.0292467816293294
-0.761920914091612
-1.71660540010105
-2.51244077082015
-2.79289321881345
-2.32203403081787
-1.10151653659567
0.597904398716657
2.3058590296311
3.5
3.77889072147444
2.99705647422715
1.31272147505712
-0.868948974807153
-3.03553390593274
-4.73788717647417
-5.72868960032178
-6.01923203528293
-5.83638578902665
-5.5
-5.27114540178057
-5.23219203436273
-5.24668254627306
-5.01540172789994
-4.20710678118654
-2.61267756707295
-0.261433438279483
2.54802849764759
5.31800560177028
7.49999999999999
8.66825087409637
8.65538450565746
7.60069057024791
5.89383051644748
4.03553390593278
2.46735579894538
1.43331154376662
0.923175039987774
0.715482114705103
0.499999999999999
0.0292467816293298
-0.761920914091589
-1.71660540010104
-2.51244077082014
-2.79289321881345
-2.32203403081789
-1.10151653659564
0.597904398716654
2.3058590296311
3.50000000000001
3.77889072147444
2.99705647422716
1.31272147505717
-0.868948974807149
-3.03553390593273
-4.73788717647414
-5.72868960032178
-6.01923203528293
-5.83638578902664
-5.5
-5.27114540178057
-5.23219203436273
-5.24668254627306
-5.01540172789994
-4.20710678118656
-2.61267756707295
-0.261433438279547
2.54802849764765
5.31800560177027
7.50000000000002
8.66825087409637
8.65538450565746
7.60069057024788
5.89383051644744
4.03553390593278
2.46735579894544
1.43331154376664
0.923175039987768
0.715482114705103
0.499999999999999
0.0292467816293309
-0.761920914091609
-1.71660540010106
-2.51244077082014
-2.79289321881345
-2.32203403081789
-1.10151653659568
0.597904398716651
2.3058590296311
3.50000000000001
3.77889072147443
2.99705647422713
1.31272147505717
-0.868948974807145
-3.03553390593273
-4.73788717647417
-5.72868960032178
-6.01923203528293
-5.83638578902665
-5.49999999999999
-5.27114540178056
-5.23219203436273
-5.24668254627306
-5.01540172789994
-4.20710678118654
-2.61267756707291
-0.261433438279551
2.54802849764752
5.31800560177021
7.49999999999998
8.66825087409637
8.65538450565746
7.60069057024789
5.89383051644744
4.0355339059327
2.46735579894538
1.43331154376664
0.923175039987782
0.715482114705104
0.5
0.0292467816293325
-0.761920914091607
-1.71660540010106
-2.51244077082016
-2.79289321881345
-2.3220340308179
-1.10151653659568
0.597904398716648
2.30585902963109
3.50000000000001
3.77889072147444
2.99705647422713
1.31272147505709
-0.868948974807245
-3.03553390593273
-4.73788717647417
-5.72868960032177
-6.01923203528293
-5.83638578902664
-5.50000000000001
-5.27114540178057
-5.23219203436273
-5.24668254627306
-5.01540172789994
-4.20710678118654
-2.61267756707291
-0.261433438279435
2.54802849764764
5.31800560177021
7.49999999999998
8.66825087409637
8.65538450565746
7.60069057024789
5.89383051644744
4.03553390593271
2.46735579894538
1.4333115437666
0.923175039987784
0.715482114705105
0.5
0.0292467816293334
-0.761920914091605
-1.71660540010102
-2.51244077082016
-2.79289321881345
-2.32203403081786
-1.10151653659568
0.597904398716646
2.30585902963109
3.50000000000001
3.77889072147443
2.99705647422719
1.31272147505718
-0.868948974807139
-3.03553390593282
-4.73788717647416
-5.72868960032177
-6.01923203528293
-5.83638578902664
-5.49999999999999
-5.27114540178057
-5.23219203436273
-5.24668254627307
-5.01540172789994
-4.20710678118654
-2.61267756707292
-0.26143343827944
2.54802849764764
5.31800560177032
7.49999999999998
8.66825087409637
8.65538450565746
7.60069057024789
5.89383051644744
4.03553390593279
2.46735579894544
1.4333115437666
0.923175039987784
0.715482114705105
0.500000000000015
0.0292467816293334
-0.761920914091646
-1.71660540010106
-2.51244077082016
-2.79289321881345
-2.32203403081786
-1.10151653659568
0.597904398716643
2.30585902963102
3.50000000000001
3.77889072147444
2.99705647422713
1.31272147505709
-0.868948974807135
-3.03553390593281
-4.73788717647416
-5.72868960032177
-6.01923203528293
-5.83638578902664
-5.50000000000001
-5.27114540178056
-5.23219203436273
-5.24668254627307
-5.01540172789992
-4.20710678118654
-2.61267756707292
-0.261433438279564
2.54802849764763
5.3180056017702
7.50000000000005
8.66825087409637
8.65538450565746
7.60069057024783
5.89383051644745
4.03553390593271
2.46735579894545
1.43331154376661
0.923175039987784
0.715482114705098
0.500000000000001
0.0292467816293351
-0.761920914091561
-1.71660540010106
-2.51244077082016
-2.79289321881345
-2.32203403081786
-1.10151653659569
0.597904398716721
2.30585902963109
3.50000000000001
3.77889072147444
2.99705647422714
1.31272147505719
-0.868948974807132
-3.03553390593281
-4.73788717647416
-5.7286896003218
-6.01923203528293
-5.83638578902664
-5.50000000000001
-5.27114540178056
-5.23219203436273
-5.24668254627307
-5.01540172789996
-4.20710678118655
-2.61267756707283
-0.261433438279448
2.54802849764763
5.3180056017702
7.50000000000005
8.66825087409637
8.65538450565746
7.60069057024796
5.89383051644745
4.0355339059328
2.46735579894539
1.43331154376661
0.92317503998777
0.715482114705105
0.500000000000016
0.0292467816293358
-0.76192091409156
-1.71660540010106
-2.51244077082013
-2.79289321881345
-2.32203403081782
-1.10151653659562
0.597904398716637
2.30585902963102
3.5
3.77889072147444
2.99705647422714
1.31272147505719
-0.868948974807231
-3.03553390593272
-4.73788717647422
-5.72868960032177
-6.01923203528293
-5.83638578902664
-5.50000000000001
-5.27114540178056
-5.23219203436273
-5.24668254627306
-5.01540172789994
-4.20710678118649
-2.61267756707292
-0.261433438279572
2.54802849764762
5.31800560177019
7.50000000000005
8.66825087409637
8.65538450565744
7.6006905702479
5.89383051644737
4.03553390593272
2.46735579894545
1.43331154376668
0.923175039987785
0.715482114705098
0.500000000000002
0.0292467816293083
-0.7619209140916
-1.7166054001011
-2.51244077082016
-2.79289321881345
-2.32203403081794
-1.10151653659569
0.597904398716554
2.30585902963108
3.50000000000004
3.77889072147443
2.99705647422708
1.3127214750571
-0.868948974807125
-3.03553390593262
-4.73788717647416
-5.72868960032174
-6.01923203528293
-5.83638578902666
-5.49999999999999
-5.27114540178056
-5.23219203436273
-5.24668254627307
-5.01540172789996
-4.20710678118655
-2.61267756707302
-0.261433438279456
2.54802849764749
5.3180056017703
7.49999999999997
8.66825087409639
8.65538450565746
7.60069057024796
5.89383051644746
4.0355339059328
2.46735579894539
1.43331154376664
0.923175039987772
0.715482114705106
0.499999999999989
0.0292467816292807
-0.76192091409164
-1.71660540010105
-2.51244077082013
-2.79289321881345
-2.3220340308179
-1.10151653659562
0.597904398716631
2.30585902963115
3.5
3.77889072147442
2.99705647422714
1.31272147505719
-0.868948974807223
-3.03553390593271
-4.73788717647422
-5.72868960032177
-6.01923203528293
-5.83638578902664
-5.49999999999998
-5.27114540178056
-5.23219203436273
-5.24668254627306
-5.01540172789994
-4.2071067811865
-2.61267756707293
-0.26143343827934
2.54802849764762
5.31800560177042
7.50000000000004
8.66825087409636
8.65538450565749
7.6006905702479
5.89383051644737
4.03553390593272
2.46735579894533
1.43331154376661
0.923175039987758
0.715482114705099
0.500000000000003
0.0292467816293678
-0.761920914091597
-1.71660540010101
-2.51244077082016
-2.79289321881345
-2.32203403081787
-1.10151653659556
0.59790439871671
2.30585902963108
3.49999999999997
3.77889072147443
2.9970564742272
1.31272147505711
-0.868948974807321
-3.0355339059328
-4.73788717647428
-5.7286896003218
-6.01923203528293
-5.83638578902666
-5.5
-5.27114540178057
-5.23219203436273
-5.24668254627307
-5.01540172789992
-4.20710678118645
-2.61267756707284
-0.261433438279464
2.54802849764748
5.3180056017703
7.49999999999996
8.66825087409639
8.65538450565747
7.60069057024784
5.89383051644746
4.03553390593265
2.4673557989454
1.43331154376665
0.923175039987772
0.715482114705106
0.49999999999999
0.0292467816293405
-0.761920914091637
-1.71660540010105
-2.51244077082018
-2.79289321881345
-2.32203403081791
-1.10151653659563
0.597904398716626
2.30585902963115
3.5
3.77889072147442
2.99705647422715
1.31272147505702
-0.868948974807216
-3.0355339059327
-4.73788717647409
-5.72868960032177
-6.01923203528293
-5.83638578902664
-5.49999999999998
-5.27114540178057
-5.23219203436273
-5.24668254627306
-5.01540172789995
-4.20710678118661
-2.61267756707294
-0.261433438279588
2.54802849764761
5.31800560177041
7.50000000000004
8.66825087409641
8.65538450565744
7.60069057024791
5.89383051644755
4.03553390593273
2.46735579894546
1.43331154376661
0.923175039987787
0.7154821147051
0.499999999999976
0.0292467816293114
-0.761920914091594
-1.71660540010101
-2.51244077082016
-2.79289321881345
-2.32203403081787
-1.1015165365957
0.597904398716704
2.30585902963121
3.50000000000003
3.77889072147443
2.99705647422721
1.31272147505711
-0.868948974807111
-3.03553390593279
-4.73788717647415
-5.72868960032179
-6.01923203528293
-5.83638578902663
-5.5
-5.27114540178057
-5.23219203436273
-5.24668254627307
-5.01540172789993
-4.20710678118656
-2.61267756707285
-0.261433438279472
2.54802849764773
5.31800560177029
7.49999999999996
8.66825087409639
8.65538450565747
7.60069057024784
5.89383051644747
4.03553390593265
2.4673557989454
1.43331154376658
0.923175039987773
0.715482114705106
0.500000000000019
0.0292467816293414
-0.761920914091551
-1.71660540010113
-2.51244077082018
-2.79289321881345
-2.32203403081791
-1.10151653659563
0.59790439871662
2.305859029631
3.49999999999993
3.77889072147442
2.99705647422715
1.31272147505721
-0.868948974807414
-3.03553390593288
-4.73788717647421
-5.72868960032176
-6.01923203528293
-5.83638578902665
-5.50000000000001
-5.27114540178058
-5.23219203436273
-5.24668254627306
-5.01540172789995
-4.20710678118651
-2.61267756707294
-0.261433438279596
2.54802849764734
5.3180056017704
7.50000000000003
8.66825087409636
8.6553845056575
7.60069057024778
5.89383051644739
4.03553390593274
2.46735579894534
1.43331154376662
0.923175039987788
0.715482114705114
0.499999999999976
0.0292467816293143
-0.761920914091591
-1.716605400101
-2.51244077082015
-2.79289321881345
-2.32203403081795
-1.10151653659557
0.597904398716699
2.30585902963107
3.49999999999996
3.77889072147441
2.9970564742271
1.31272147505712
-0.868948974807103
-3.03553390593278
-4.73788717647414
-5.72868960032173
-6.01923203528293
-5.83638578902663
-5.5
-5.27114540178057
-5.23219203436273
-5.24668254627307
-5.01540172789997
-4.20710678118645
-2.61267756707286
-0.261433438279481
2.54802849764746
5.31800560177051
7.50000000000011
8.66825087409639
8.65538450565747
7.60069057024785
5.89383051644747
4.03553390593282
2.46735579894528
1.43331154376658
0.923175039987775
0.715482114705108
0.499999999999991
0.0292467816293431
-0.761920914091549
-1.71660540010096
-2.51244077082018
-2.79289321881345
-2.32203403081791
-1.1015165365955
0.597904398716777
2.30585902963114
3.49999999999999
3.77889072147442
2.99705647422715
1.31272147505721
-0.868948974806998
-3.03553390593287
-4.7378871764742
-5.72868960032176
-6.01923203528293
-5.83638578902665
-5.50000000000001
-5.27114540178058
-5.23219203436273
-5.24668254627306
-5.01540172789995
-4.20710678118662
-2.61267756707277
-0.261433438279365
2.54802849764759
5.31800560177039
7.50000000000003
8.66825087409636
8.6553845056575
7.60069057024778
5.89383051644739
4.03553390593274
2.46735579894547
1.43331154376662
0.923175039987789
0.715482114705114
0.499999999999977
0.029246781629316
-0.761920914091588
-1.716605400101
-2.5124407708202
-2.79289321881345
-2.32203403081787
-1.10151653659571
0.597904398716693
2.30585902963106
3.49999999999996
3.77889072147441
2.9970564742271
1.31272147505713
-0.868948974807096
-3.03553390593278
-4.73788717647414
-5.72868960032173
-6.01923203528293
-5.83638578902663
-5.5
-5.27114540178057
-5.23219203436273
-5.24668254627306
-5.01540172789993
-4.20710678118656
-2.61267756707286
-0.261433438279489
2.54802849764745
5.31800560177004
7.5000000000001
8.66825087409638
8.65538450565747
7.60069057024785
5.89383051644748
4.03553390593282
2.46735579894553
1.43331154376658
0.923175039987775
0.715482114705108
0.500000000000021
0.0292467816292876
-0.761920914091628
-1.71660540010104
-2.51244077082018
-2.79289321881344
-2.32203403081784
-1.10151653659564
0.59790439871661
2.30585902963099
3.49999999999992
3.77889072147447
2.99705647422716
1.31272147505722
-0.86894897480699
-3.03553390593287
-4.7378871764742
-5.72868960032176
-6.01923203528293
-5.83638578902662
-5.49999999999999
-5.27114540178057
-5.23219203436273
-5.24668254627306
-5.01540172789991
-4.20710678118651
-2.61267756707296
-0.261433438279613
2.54802849764732
5.31800560176992
7.50000000000002
8.66825087409635
8.6553845056575
7.60069057024779
5.8938305164474
4.03553390593275
2.46735579894547
1.43331154376655
0.923175039987762
0.715482114705101
0.500000000000007
0.0292467816292601
-0.761920914091669
-1.71660540010108
-2.51244077082015
-2.79289321881346
-2.32203403081796
-1.10151653659585
0.597904398716688
2.30585902963106
3.49999999999996
3.77889072147446
2.9970564742271
1.31272147505713
-0.868948974807089
-3.03553390593295
-4.73788717647426
-5.72868960032179
-6.01923203528293
-5.83638578902661
-5.49999999999997
-5.27114540178056
-5.23219203436273
-5.24668254627307
-5.01540172789997
-4.20710678118667
-2.61267756707287
-0.261433438279498
2.54802849764744
5.31800560177003
7.5000000000001
8.66825087409638
8.65538450565747
7.60069057024799
5.89383051644732
4.03553390593267
2.46735579894541
1.43331154376652
0.923175039987749
0.715482114705094
0.499999999999994
0.0292467816293476
-0.761920914091543
-1.71660540010095
-2.51244077082007
-2.79289321881345
-2.32203403081792
-1.10151653659579
0.597904398716766
2.30585902963113
3.49999999999999
3.77889072147445
2.99705647422705
1.31272147505704
-0.868948974807188
-3.03553390593268
-4.73788717647432
-5.72868960032181
-6.01923203528293
-5.83638578902665
-5.50000000000001
-5.27114540178058
-5.23219203436272
-5.24668254627306
-5.01540172789995
-4.20710678118662
-2.61267756707314
-0.261433438279382
2.54802849764757
5.31800560177014
7.50000000000017
8.66825087409641
8.65538450565745
7.60069057024792
5.89383051644723
4.03553390593259
2.46735579894536
1.43331154376662
0.92317503998779
0.715482114705116
0.500000000000036
0.0292467816293196
-0.761920914091583
-1.716605400101
-2.51244077082009
-2.79289321881345
-3.80919626614153
-5.84126461316024
-7.29675883640524
-7.90491503831361
-7.50791457293332
-6.09243875961768
-3.79861201280932
-0.904249089296334
2.2135564306674
5.13364050235404
7.45403748758838
8.85314380118889
9.13887622889426
8.27784752660473
6.39984165553156
3.77691997821556
0.780645813412801
-2.17552202836009
-4.6992439978152
-6.47751370282334
-7.32078501036285
-7.18619207643086
-6.17662137575351
-4.5164718319818
-2.50881687166715
-0.481702552805534
1.26702755683184
2.51696580232128
3.1566107185591
3.19417061503319
2.7465191081058
2.00899206415804
1.21205803526138
0.573128288641753
0.25251455982598
0.32167236365841
0.749547963963099
1.40949486860345
2.10543859459114
2.61241993637883
2.72396848769293
2.29742842694151
1.2886195515762
-0.230969345062163
-2.07820167142369
-3.98350915454362
-5.63346530986322
-6.72368200513239
-7.01298795571528
-6.3693958667471
-4.79956444438722
-2.45612307653516
0.379093998493812
3.33378484533602
5.99999999999998
7.99634077415
9.02745668959095
8.93107692559725
7.7047706953316
5.50791457293349
2.63840127202936
-0.512228501818053
-3.51801096463404
-5.98258708560536
-7.597742117492
-8.18714450800842
-7.7284953629924
-6.3509342641557
-4.30867252868462
-1.93574004039396
0.410224529792949
2.40554626301806
3.80984011755189
4.49909965483331
4.47751370282341
3.86674752277471
2.87535156180353
1.75436132182294
0.747441177044054
0.0447152565290212
-0.251404467614506
-0.14237911863545
0.270976162417192
0.812564279360727
1.26993100010438
1.44062539990248
1.17720001227286
0.422260053930446
-0.773272631623684
-2.25251455982584
-3.77570985124691
-5.06038847859022
-5.83175492253403
-5.87446924952904
-5.07652155151648
-3.45707550811304
-1.17277998874501
1.49932241316219
4.20014434298197
6.5423032865615
8.17065366255194
8.81965738629401
8.35800009432431
6.81284361273343
4.36939586674731
1.34552695679876
-1.8547174380922
-4.80135405242419
-7.102815500274
-8.46410161513776
-8.72944779456999
-7.90280825139456
-6.14313496085852
-3.73559569741198
-1.04381295779567
1.54874323597917
3.69842057824869
5.15232905382608
5.78244274262351
5.59774211749231
4.73310702042004
3.41765484836508
1.92867421022531
0.539641873746989
-0.528361574743897
-1.14333155021282
-1.28089782482171
-1.02189815281324
-0.529924656913491
-0.0134120876858324
0.320396985233828
0.310840514627217
-0.120043232631033
-0.947585520025829
-2.04471525652907
-3.20263301997371
-4.16846139599184
-4.69323621634778
-4.58159493429839
-3.7340326152423
-2.17373242032287
-0.0525515740765825
2.3656819108081
4.74244762954347
6.71661617496365
7.96285435925514
8.24658055502104
7.46607301172598
5.67432490654724
3.0765215515165
0.00303802052461433
-3.13806052588209
-5.92158246709321
-7.96917499791983
-9.00640490169929
-8.9037606829722
-7.69500894809749
-5.57005812958583
-2.84366861481368
0.0947057483905027
2.84161755120969
5.04090951452287
6.43567214161626
6.90267115729224
6.46410161513786
5.27541030698164
3.59196773676724
1.72087490692816
-0.0334349575259303
-1.42028865734221
-2.28185025639912
-2.57377214005193
-2.36438708908746
-1.81326774470396
-1.13364050235449
-0.54596251241158
-0.231462771934364
-0.294356121033174
-0.739786216728978
-1.47163842525612
-2.31070593737537
-3.02994268980557
-3.40036190111731
-3.23910599802419
-2.45068952745211
-1.05350400565393
0.813807923569129
2.90798519736959
4.9167605179456
6.50881687166666
7.38977752798221
7.35465347242268
6.32755430553979
4.38145059131648
1.73403261524234
-1.28030506726529
-4.25828894055094
-6.78794196473869
-8.51147828448134
-9.18071779010146
-8.69596137967518
-7.12193211682462
-4.67813104698753
-1.7051499086275
1.38758006362133
4.18410648748369
6.32425260231303
7.55590055628506
7.76903065493792
7.00640490169943
5.44972319538386
3.38416843347036
1.14779807565523
-0.925362040124245
-2.55880736352841
-3.57472457162968
-3.91626107632614
-3.64773017687767
-2.93349615937259
-2.00000000000006
-1.08826579897316
-0.405775660336501
-0.0865568177362208
-0.16670938545602
-0.579711342657562
-1.17218723118914
-1.7370683745754
-2.0578729648429
-1.955762910234
-1.33046111278327
-0.187144508008482
1.35611121013068
3.0822980857717
4.70896121464884
5.93574004039371
6.49785044538388
6.21613476623643
5.03467999030912
3.03896165504232
0.450689527452189
-2.40053348193437
-5.12464843819646
-7.33024525130018
-8.68579117288336
-8.97291848680451
-8.12288454840228
-6.23000503422652
-3.53961234080133
-0.412275593396643
2.73006899989526
5.46744957527385
7.44448101698172
8.42226005393058
8.31133394149946
7.18071779010164
5.2419238920867
2.81109160219749
0.255870993056918
-2.06388074631045
-3.85168167875905
-4.91721350790387
-5.19960416411636
-4.76795859154634
-3.79985565701814
-2.54230328656163
-1.26257868737553
-0.197976357039518
0.486520013536741
0.725217697142469
0.558807363528682
0.120687084041278
-0.394579438301184
-0.774529877052696
-0.835534495565253
-0.464101615137736
0.35515877855306
1.53042409853285
2.87449878247499
4.13588438337561
5.04381295779535
5.35933173919765
4.92326045100604
3.69219105403494
1.75561856725216
-0.669538887216635
-3.26689297957988
-5.66695172475799
-7.50455813970229
-8.47799186958661
-8.39984165553158
-7.23095746580407
-5.09148632803992
-2.24673802557099
0.930213342877505
4.01341208768541
6.58767798994285
8.31084051462719
8.96456334049209
8.48564682990163
6.97291848680449
4.66884706081407
1.91916451959898
-0.882647713129286
-3.35675506154119
-5.19417061503323
-6.20055659569416
-6.31983257878525
-5.6343180891917
-4.3421589435797
-2.71661617496406
-1.05477938407844
0.37510047423331
1.37844709613509
1.86373640332868
1.85168167875913
1.46317602031575
0.88876364948904
0.345698537615568
0.0308250020802801
0.0782016714238187
0.529471666955318
1.32262479523589
2.30142195120207
3.24395730077724
3.90529425160909
4.066457423967
3.58077151473192
2.40884796624477
0.635390152583197
-1.53589838486213
-3.80919626614114
-5.84126461316015
-7.29675883640555
-7.90491503831353
-7.50791457293324
-6.09243875961754
-3.79861201280939
-0.904249089296598
2.21355643066739
5.13364050235445
7.45403748758821
8.85314380118881
9.13887622889427
8.27784752660454
6.3998416555318
3.77691997821554
0.78064581341281
-2.17552202835984
-4.69924399781524
-6.4775137028234
-7.32078501036294
-7.18619207643065
-6.17662137575354
-4.51647183198214
-2.5088168716669
-0.481702552805382
1.26702755683167
2.51696580232129
3.15661071855923
3.19417061503356
2.74651910810572
2.0089920641577
1.21205803526136
0.573128288641934
0.252514559825968
0.321672363658266
0.74954796396314
1.40949486860351
2.10543859459073
2.61241993637844
2.72396848769269
2.29742842694165
1.28861955157611
-0.230969345062018
-2.07820167142385
-3.98350915454353
-5.63346530986302
-6.72368200513242
-7.01298795571529
-6.36939586674703
-4.79956444438708
-2.45612307653514
0.379093998493327
3.33378484533625
5.99999999999958
7.99634077414989
9.02745668959106
8.9310769255974
7.70477069533174
5.50791457293308
2.63840127202962
-0.512228501817786
-3.51801096463446
-5.98258708560552
-7.59774211749226
-8.18714450800844
-7.72849536299241
-6.35093426415554
-4.30867252868502
-1.93574004039376
0.410224529792957
2.4055462630178
3.80984011755172
4.4990996548333
4.47751370282355
3.86674752277436
2.87535156180387
1.75436132182316
0.747441177043976
0.0447152565290958
-0.251404467614582
-0.142379118635219
0.270976162417516
0.812564279360569
1.26993100010445
1.44062539990259
1.17720001227285
0.422260053930594
-0.773272631623796
-2.25251455982576
-3.77570985124637
-5.06038847859024
-5.8317549225341
-5.87446924952893
-5.07652155151641
-3.45707550811255
-1.17277998874542
1.4993224131624
4.20014434298153
6.54230328656145
8.1706536625522
8.81965738629412
8.35800009432446
6.81284361273328
4.36939586674731
1.34552695679877
-1.85471743809245
-4.80135405242416
-7.10281550027402
-8.46410161513762
-8.72944779457005
-7.90280825139444
-6.14313496085897
-3.73559569741191
-1.04381295779524
1.54874323597878
3.69842057824849
5.15232905382613
5.78244274262363
5.59774211749222
4.73310702042003
3.41765484836536
1.92867421022518
0.539641873747201
-0.528361574743938
-1.14333155021303
-1.28089782482142
-1.02189815281338
-0.529924656913661
-0.0134120876859858
0.320396985233872
0.310840514627367
-0.120043232631009
-0.947585520026053
-2.04471525652863
-3.20263301997358
-4.16846139599194
-4.69323621634788
-4.58159493429865
-3.73403261524224
-2.17373242032291
-0.0525515740764044
2.36568191080755
4.74244762954333
6.7166161749638
7.96285435925514
8.24658055502105
7.46607301172593
5.67432490654721
3.07652155151649
0.00303802052410296
-3.13806052588209
-5.9215824670932
-7.96917499791983
-9.0064049016993
-8.90376068297213
-7.69500894809778
-5.57005812958578
-2.8436686148132
0.0947057483902738
2.84161755120955
5.04090951452299
6.4356721416161
6.90267115729215
6.46410161513755
5.275410306982
3.59196773676733
1.72087490692856
-0.0334349575257882
-1.42028865734229
-2.28185025639914
-2.5737721400519
-2.36438708908762
-1.81326774470388
-1.13364050235443
-0.545962512411518
-0.23146277193427
-0.294356121033235
-0.739786216728711
-1.47163842525579
-2.31070593737527
-3.02994268980565
-3.40036190111742
-3.2391059980243
-2.45068952745202
-1.05350400565398
0.813807923569433
2.90798519736946
4.91676051794576
6.50881687166664
7.38977752798227
7.35465347242259
6.32755430553998
2.30585902963123
3.50000000000004
3.77889072147443
2.99705647422719
1.31272147505691
-0.868948974806935
-3.03553390593282
-4.73788717647392
-5.72868960032174
-6.01923203528293
-5.83638578902668
-5.49999999999999
-5.27114540178054
-5.23219203436273
-5.24668254627306
-5.01540172789984
-4.20710678118654
-2.61267756707264
-0.261433438279679
2.54802849764777
5.31800560177032
7.49999999999998
8.66825087409634
8.65538450565741
7.60069057024809
5.89383051644744
4.03553390593247
2.4673557989455
1.43331154376657
0.923175039987825
0.715482114705105
0.499999999999958
0.029246781629392
-0.761920914091646
-1.71660540010123
-2.51244077082013
-2.79289321881344
-2.32203403081782
-1.10151653659561
0.597904398716643
2.30585902963102
3.49999999999994
3.77889072147442
2.99705647422737
1.31272147505718
-0.868948974807441
-3.03553390593254
-4.73788717647422
-5.72868960032188
-6.01923203528293
-5.83638578902661
-5.50000000000004
-5.27114540178056
-5.23219203436273
-5.24668254627307
-5.0154017278999
-4.20710678118649
-2.61267756707292
-0.261433438279564
2.54802849764789
5.31800560176997
7.50000000000005
8.66825087409626
8.65538450565749
7.60069057024776
5.8938305164477
4.03553390593271
2.46735579894521
1.43331154376667
0.923175039987757
0.715482114705069
0.500000000000001
0.0292467816292485
-0.76192091409152
-1.7166054001011
-2.51244077082016
-2.79289321881345
-2.32203403081794
-1.10151653659555
0.597904398716397
2.30585902963109
3.50000000000011
3.77889072147445
2.99705647422708
1.31272147505746
-0.868948974807132
-3.03553390593299
-4.73788717647404
-5.7286896003218
-6.01923203528293
-5.83638578902666
-5.49999999999997
-5.27114540178056
-5.23219203436273
-5.24668254627307
-5.01540172789996
-4.20710678118665
-2.61267756707283
-0.261433438279927
2.5480284976475
5.31800560177054
7.49999999999982
8.66825087409639
8.65538450565736
7.60069057024796
5.89383051644728
4.03553390593296
2.46735579894539
1.43331154376651
0.923175039987799
0.715482114705091
0.499999999999987
0.0292467816293358
-0.76192091409156
-1.71660540010114
-2.51244077082008
-2.79289321881345
-2.32203403081806
-1.10151653659576
0.597904398716799
2.30585902963088
3.5
3.7788907214744
2.99705647422725
1.31272147505701
-0.868948974807639
-3.03553390593272
-4.73788717647434
-5.72868960032171
-6.01923203528293
-5.83638578902664
-5.50000000000001
-5.27114540178058
-5.23219203436273
-5.24668254627307
-5.01540172789994
-4.20710678118639
-2.61267756707311
-0.261433438279332
2.5480284976471
5.31800560177019
7.50000000000021
8.66825087409631
8.65538450565744
7.60069057024763
5.89383051644754
4.03553390593256
2.46735579894533
1.43331154376661
0.923175039987785
0.715482114705113
0.50000000000003
0.0292467816293083
-0.761920914091434
-1.71660540010101
-2.51244077082021
-2.79289321881346
-2.32203403081786
-1.10151653659542
0.597904398716554
2.30585902963122
3.4999999999999
3.77889072147443
2.99705647422697
1.31272147505728
-0.86894897480733
-3.0355339059328
-4.73788717647416
-5.72868960032174
-6.01923203528293
-5.83638578902669
-5.49999999999994
-5.27114540178059
-5.23219203436273
-5.24668254627306
-5.01540172789992
-4.20710678118655
-2.61267756707302
-0.261433438279696
2.54802849764723
5.31800560177077
7.49999999999966
8.66825087409644
8.65538450565762
7.60069057024783
5.89383051644746
4.0355339059328
2.46735579894551
1.43331154376644
0.923175039987828
0.715482114705076
0.499999999999959
0.0292467816292807
-0.76192091409164
-1.71660540010105
-2.51244077082013
-2.79289321881346
-2.32203403081798
-1.1015165365959
0.597904398716956
2.30585902963073
3.50000000000007
3.77889072147442
2.99705647422714
1.31272147505719
-0.868948974807837
-3.03553390593253
-4.73788717647446
-5.72868960032166
-6.01923203528293
-5.83638578902661
-5.49999999999998
-5.27114540178056
-5.23219203436273
-5.24668254627307
-5.01540172789999
-4.20710678118628
-2.61267756707329
-0.2614334382791
2.54802849764683
5.31800560177042
7.50000000000004
8.66825087409636
8.65538450565749
7.6006905702475
5.89383051644771
4.0355339059324
2.46735579894521
1.43331154376654
0.923175039987758
0.715482114705099
0.500000000000003
0.0292467816293678
-0.761920914091514
-1.71660540010092
-2.51244077082026
-2.79289321881347
-2.32203403081779
-1.10151653659556
0.59790439871671
2.30585902963108
3.49999999999997
3.77889072147446
2.99705647422685
1.31272147505747
-0.868948974807526
-3.03553390593298
-4.73788717647428
-5.7286896003218
-6.01923203528293
-5.83638578902666
-5.50000000000002
-5.27114540178058
-5.23219203436272
-5.24668254627306
-5.01540172790005
-4.20710678118645
-2.61267756707284
-0.261433438279464
2.54802849764748
5.31800560177099
7.49999999999981
8.66825087409649
8.65538450565757
7.60069057024771
5.89383051644729
4.03553390593265
2.4673557989454
1.43331154376665
0.9231750399878
0.71548211470512
0.499999999999933
0.0292467816294555
-0.76192091409172
-1.7166054001008
-2.51244077082018
-2.79289321881345
-2.32203403081791
-1.10151653659577
0.597904398717113
2.30585902963087
3.50000000000014
3.7788907214744
2.99705647422703
1.31272147505702
-0.868948974807216
-3.0355339059327
-4.73788717647409
-5.72868960032171
-6.01923203528293
-5.83638578902659
-5.50000000000007
-5.27114540178055
-5.23219203436273
-5.24668254627306
-5.01540172789995
-4.20710678118661
-2.61267756707312
-0.261433438278869
2.54802849764708
5.31800560177064
7.50000000000019
8.66825087409641
8.65538450565744
7.60069057024791
5.89383051644755
4.03553390593289
2.46735579894558
1.43331154376675
0.923175039987731
0.715482114705142
0.499999999999976
0.0292467816293114
-0.761920914091594
-1.71660540010101
-2.51244077082032
-2.79289321881346
-2.32203403081771
-1.10151653659598
0.597904398716867
2.30585902963121
3.50000000000003
3.77889072147443
2.99705647422721
1.3127214750573
-0.868948974806906
-3.03553390593315
-4.7378871764739
-5.72868960032185
-6.01923203528293
-5.83638578902663
-5.5
-5.27114540178057
-5.23219203436273
-5.24668254627305
-5.01540172790001
-4.20710678118634
-2.61267756707267
-0.261433438279233
2.54802849764773
5.31800560177029
7.49999999999996
8.66825087409633
8.65538450565752
7.60069057024811
5.89383051644713
4.03553390593313
2.46735579894528
1.43331154376658
0.923175039987773
0.715482114705106
0.500000000000019
0.0292467816294004
-0.7619209140918
-1.71660540010088
-2.51244077082023
-2.79289321881344
-2.32203403081783
-1.10151653659563
0.59790439871662
2.305859029631
3.49999999999993
3.77889072147447
2.99705647422738
1.31272147505684
-0.868948974806595
-3.03553390593288
-4.73788717647421
-5.72868960032176
-6.01923203528293
-5.83638578902656
-5.50000000000004
-5.27114540178054
-5.23219203436272
-5.24668254627306
-5.01540172789991
-4.20710678118651
-2.61267756707294
-0.261433438279596
2.54802849764734
5.31800560176994
7.50000000000034
8.66825087409625
8.65538450565739
7.60069057024831
5.89383051644739
4.03553390593274
2.46735579894546
1.43331154376668
0.923175039987704
0.715482114705129
0.499999999999948
0.0292467816292568
-0.761920914091674
-1.71660540010109
-2.51244077082015
-2.79289321881345
-2.32203403081795
-1.10151653659584
0.597904398716375
2.30585902963135
3.49999999999982
3.77889072147441
2.9970564742271
1.31272147505712
-0.868948974807104
-3.0355339059326
-4.73788717647402
-5.7286896003219
-6.01923203528293
-5.8363857890266
-5.49999999999997
-5.27114540178056
-5.23219203436273
-5.24668254627307
-5.01540172789997
-4.20710678118667
-2.61267756707322
-0.261433438279961
2.54802849764798
5.31800560176958
7.50000000000011
8.66825087409639
8.65538450565747
7.60069057024798
5.89383051644697
4.03553390593298
2.46735579894517
1.43331154376679
0.923175039987746
0.715482114705092
0.499999999999991
0.0292467816293431
-0.761920914091549
-1.71660540010096
-2.51244077082007
-2.79289321881344
-2.32203403081807
-1.1015165365955
0.597904398716129
2.30585902963114
3.49999999999999
3.77889072147445
2.99705647422727
1.31272147505667
-0.868948974806794
-3.03553390593305
-4.73788717647433
-5.72868960032182
-6.01923203528293
-5.83638578902665
-5.50000000000001
-5.27114540178058
-5.23219203436272
-5.24668254627307
-5.01540172789986
-4.20710678118683
-2.61267756707277
-0.261433438279365
2.54802849764759
5.31800560177016
7.49999999999987
8.66825087409631
8.65538450565734
7.60069057024818
5.89383051644722
4.03553390593258
2.46735579894535
1.43331154376662
0.923175039987789
0.715482114705114
0.500000000000034
0.0292467816292004
-0.761920914091422
-1.71660540010117
-2.51244077081999
-2.79289321881345
-2.32203403081787
-1.10151653659571
0.597904398716531
2.30585902963148
3.49999999999989
3.77889072147439
2.99705647422698
1.31272147505694
-0.868948974807301
-3.03553390593278
-4.73788717647414
-5.72868960032173
-6.01923203528293
-5.83638578902669
-5.49999999999994
-5.27114540178059
-5.23219203436273
-5.24668254627306
-5.01540172789993
-4.20710678118656
-2.61267756707304
-0.261433438279729
2.54802849764824
5.31800560176981
7.50000000000026
8.66825087409644
8.65538450565742
7.60069057024785
5.8938305164468
4.03553390593282
2.46735579894505
1.43331154376672
0.923175039987719
0.715482114705078
0.499999999999963
0.0292467816292872
-0.761920914091628
-1.71660540010104
-2.51244077082012
-2.79289321881343
-2.32203403081799
-1.10151653659537
0.597904398716286
2.30585902963127
3.50000000000006
3.77889072147442
2.99705647422716
1.31272147505649
-0.86894897480699
-3.03553390593323
-4.73788717647445
-5.72868960032187
-6.01923203528293
-5.83638578902662
-5.49999999999999
-5.27114540178057
-5.23219203436273
-5.24668254627307
-5.01540172789982
-4.20710678118673
-2.61267756707259
-0.261433438279133
2.54802849764784
5.31800560177038
7.50000000000002
8.66825087409635
8.65538450565729
7.60069057024805
5.89383051644706
4.03553390593243
2.46735579894523
1.43331154376655
0.923175039987762
0.715482114705101
0.500000000000007
0.029246781629376
-0.761920914091503
-1.71660540010125
-2.51244077082004
-2.79289321881344
-2.3220340308178
-1.10151653659558
0.597904398716688
2.30585902963161
3.49999999999996
3.77889072147437
2.99705647422733
1.31272147505677
-0.868948974807498
-3.03553390593295
-4.73788717647426
-5.72868960032179
-6.01923203528293
-5.83638578902666
-5.49999999999991
-5.27114540178058
-5.23219203436273
-5.24668254627308
-5.01540172789989
-4.20710678118646
-2.61267756707287
-0.261433438279498
2.54802849764849
5.31800560177003
7.50000000000041
8.66825087409649
8.65538450565737
7.60069057024772
5.89383051644732
4.03553390593267
2.46735579894541
1.43331154376666
0.923175039987804
0.715482114705065
0.50000000000005
0.0292467816292321
-0.761920914091708
-1.71660540010112
-2.51244077082018
-2.79289321881345
-2.32203403081792
-1.10151653659523
0.597904398716442
2.3058590296314
3.50000000000013
3.7788907214744
2.99705647422705
1.31272147505704
-0.868948974807188
-3.03553390593268
-4.73788717647407
-5.7286896003217
-6.01923203528293
-5.83638578902671
-5.49999999999996
-5.27114540178055
-5.23219203436273
-5.24668254627306
-5.01540172789978
-4.20710678118662
-2.61267756707242
-0.261433438279861
2.54802849764809
5.31800560177061
7.50000000000017
8.66825087409641
8.65538450565745
7.60069057024792
5.89383051644757
4.03553390593227
2.46735579894559
1.43331154376649
0.923175039987846
0.715482114705086
0.49999999999998
0.0292467816293196
-0.761920914091583
-1.71660540010133
-2.51244077082009
-2.79289321881344
-2.32203403081772
-1.10151653659544
0.597904398716844
2.30585902963119
3.50000000000002
3.77889072147444
2.99705647422722
1.31272147505732
-0.868948974807695
-3.0355339059324
-4.73788717647438
-5.72868960032184
-6.01923203528293
-5.83638578902664
-5.5
-5.27114540178057
-5.23219203436274
-5.24668254627307
-5.01540172789985
-4.20710678118636
-2.61267756707269
-0.261433438279266
2.5480284976477
5.31800560177026
7.49999999999994
8.66825087409633
8.65538450565753
7.6006905702476
5.89383051644783
4.03553390593251
2.4673557989453
1.43331154376659
0.923175039987777
0.715482114705051
0.500000000000022
0.0292467816291766
-0.761920914091456
-1.71660540010121
-2.51244077082023
-2.79289321881345
-2.32203403081784
-1.10151653659565
0.597904398716598
2.30585902963098
3.5000000000002
3.77889072147447
2.99705647422693
1.3127214750576
-0.868948974807386
-3.03553390593285
-4.73788717647419
-5.72868960032176
-6.01923203528293
-5.83638578902668
-5.49999999999993
-5.27114540178054
-5.23219203436273
-5.24668254627306
-5.01540172789991
-4.20710678118652
-2.61267756707297
-0.26143343827963
2.5480284976473
5.31800560177083
7.4999999999997
8.66825087409646
8.6553845056574
7.6006905702478
5.89383051644741
4.03553390593276
2.46735579894548
1.43331154376642
0.92317503998782
0.715482114705072
0.499999999999952
0.0292467816292645
-0.761920914091663
-1.71660540010108
-2.51244077082015
-2.79289321881346
-2.32203403081765
-1.10151653659586
0.597904398717001
2.30585902963077
3.50000000000009
3.77889072147441
2.99705647422711
1.31272147505714
-0.868948974807892
-3.03553390593258
-4.7378871764745
-5.72868960032189
-6.01923203528293
-5.83638578902661
-5.49999999999997
-5.27114540178056
-5.23219203436273
-5.24668254627307
-5.01540172789998
-4.20710678118625
-2.61267756707324
-0.261433438279034
2.54802849764795
5.31800560177048
7.50000000000009
8.66825087409638
8.65538450565748
7.60069057024747
5.89383051644767
4.03553390593236
2.46735579894518
1.43331154376652
0.92317503998775
0.715482114705095
0.499999999999995
0.029246781629352
-0.761920914091538
-1.71660540010095
-2.51244077082028
-2.79289321881347
-2.32203403081777
-1.10151653659552
0.597904398716754
2.30585902963112
3.50000000000027
3.77889072147445
2.99705647422682
1.31272147505742
-0.868948974807583
-3.03553390593303
-4.73788717647431
-5.72868960032181
-6.01923203528293
-5.83638578902665
-5.50000000000002
-5.27114540178053
-5.23219203436272
-5.24668254627306
-5.01540172790004
-4.20710678118642
-2.61267756707279
-0.261433438279398
2.54802849764755
5.31800560177106
7.49999999999985
8.66825087409651
8.65538450565735
7.60069057024767
5.89383051644725
4.0355339059326
2.46735579894536
1.43331154376663
0.923175039987793
0.715482114705116
0.499999999999925
0.0292467816294391
-0.761920914091743
-1.71660540010116
-2.5124407708202
-2.79289321881345
-2.32203403081789
-1.10151653659573
0.597904398717157
2.30585902963091
3.50000000000016
3.77889072147439
2.997056474227
1.31272147505697
-0.868948974807273
-3.03553390593275
-4.73788717647412
-5.72868960032172
-6.01923203528293
-5.83638578902658
-5.50000000000006
-5.27114540178055
-5.23219203436273
-5.24668254627306
-7.61933295886638
-4.61949613240836
-2.39222471826568
-1.13340873482878
0.152611510599062
2.63461419569793
6.46876975292716
10.3869824517665
12.416308545057
11.2254009301034
7.10612164999607
1.85387197238579
-2.38024987157845
-4.43492697020039
-4.71344093719191
-4.60333276223126
-5.22162183937622
-6.46224370918213
-7.07767952394429
-5.72864774806114
-2.18852574251687
2.24135911624502
5.46262305294684
5.95047953293335
3.7679366143472
0.481512317226399
-1.95425510130399
-2.5180674285916
-1.68412200686582
-0.842245378278364
-1.05566999392969
-2.13006046877419
-2.72119211709641
-1.40991309624726
2.07389429038029
6.42598252597326
9.49999999999987
9.69062436490241
6.96890871856502
2.82366582523048
-0.828936855091321
-2.94726802059635
-3.91705094052605
-4.97450680946991
-6.97990499117834
-9.51313430968597
-11.0146908533452
-9.89534459457107
-5.79037134038002
-0.00542776520825761
5.20872990834036
8.04766276830128
8.21137564916128
6.87983329172757
5.6630051281819
5.33963058713441
5.33907084866947
4.34158994322801
1.51351555428641
-2.59545040176225
-6.2147644116823
-7.49501300674074
-5.7999093373158
-2.18935485231452
1.27499751853198
2.90119731436267
2.41862557729087
0.96071986080551
0.0338502134770065
0.282546884049724
1.00028747974449
0.755792827252423
-1.35338797558939
-4.79586018037652
-7.7729740051471
-8.37542510873187
-5.8972556508582
-1.34369748697189
3.24085890669379
6.12904528607171
6.95748250455406
6.71699547529502
6.74041875921146
7.49531087451679
8.12620405923456
7.11083978240582
3.53670840982195
-1.98242516659897
-7.47570588238877
-10.7888300644759
-10.9274562281179
-8.60262416203127
-5.59880610916567
-3.45411901212412
-2.44035150039298
-1.58606650261468
0.313694091125849
3.50804909617227
6.86307454831288
8.5564178182416
7.39407746360336
3.76286658109199
-0.512482393342892
-3.32998158019884
-3.65553880266009
-2.08379905293313
-0.232050807569502
0.548134877189443
0.159484483985798
-0.29007018348346
0.486525614604673
2.7616629717405
5.37349067134126
6.43809294504155
4.6898670241711
0.45865527335531
-4.45251302685372
-7.91578377751064
-8.82237229503935
-7.65380053264712
-5.89622598104485
-4.7789401452936
-4.31415512808908
-3.37057274275831
-0.715155967635944
3.78968985749802
8.77689302217763
12.1100894295881
12.2568645321727
9.30347052028057
4.86895764206549
0.986104494150586
-1.22517420977728
-2.12680370094908
-2.9903339593708
-4.76277677511574
-7.14355224919932
-8.69940771711164
-7.94544700217959
-4.5735720862612
0.119597526734366
3.96446609406706
5.30317904006243
4.02854912310923
1.53077260641673
-0.386255161009493
-0.799179439504219
-0.209944159339241
0.0389849709555292
-1.00168939116285
-2.97760040375315
-4.36722447670358
-3.58895959533161
-0.254837434447392
4.38201755963097
8.14908950379544
9.3405559871154
7.76869395507796
4.73174471063563
1.95589834699563
0.326138806709094
-0.639144751345039
-2.19394396270459
-5.13395082235489
-8.90183540100134
-11.7502983176152
-11.8824583315804
-8.74026893277118
-3.48224807112763
1.71767921261406
5.04928589545532
6.12573235847739
5.97421164123103
6.0120658134921
6.81808078998196
7.64775385638568
7.06217782649102
4.18214593034307
-0.408414855536264
-4.83261440969174
-7.08253188991826
-6.33993734494058
-3.49178606806406
-0.466247874492929
1.11555350564651
0.979266904539286
0.181461569361449
0.0929523825703211
1.18892587527742
2.59067015330126
2.72339445756624
0.596348814366986
-3.27531838541313
-7.03302418830759
-8.64074148338267
-7.22034944693086
-3.58913238160604
0.37940949084964
3.08141489380847
4.20711487624824
4.72031849662517
5.84922799705856
7.89549442101174
9.80343414376775
9.84931103705492
6.95139576952172
1.61477799999968
-4.2195891745296
-8.34347336062379
-9.63375440267458
-8.61933295886596
-6.87951718421004
-5.75825012204933
-5.37604942194633
-4.67751550832258
-2.45383398084976
1.46876975292559
5.81617236542309
8.58618152613509
8.39697380535713
5.47214705377976
1.52570257316207
-1.38024987157838
-2.17490591839874
-1.34741553340859
-0.360692075111979
-0.391494820453705
-1.3737955326346
-2.07767952394452
-1.15783766171863
1.64160127640558
5.06978624099157
7.09659764916305
6.2786489321574
2.76793661434678
-1.77850873457594
-5.3202805050884
-6.76070811571018
-6.51424902578866
-5.93069355482576
-6.05566999392949
-6.7008705551169
-6.5513191360181
-4.23834022099279
0.439919694163454
6.09781312675038
10.5000000000001
11.9506454167031
10.3349341223486
7.06630651235009
4.00119016383004
2.14118015594986
1.082949059474
-0.403696723127231
-3.14977797225588
-6.68470718493887
-9.38071625712891
-9.56717519534701
-6.79037134038037
-2.26544881700957
1.84270450455561
3.80502208118223
3.38124863023871
1.79138511517985
0.663005128181712
0.768820500791072
1.50894382974782
1.5131628184817
-0.120459041929804
-2.92361980098606
-5.21476441168321
-5.23499195493949
-2.43388393353095
2.05328583480562
6.10512453745269
7.98964549091014
7.41862557729165
5.53152994714884
3.86397723239944
3.11097400879578
2.63426207595969
1.0839622264752
-2.35338797558839
-7.05588123217762
-11.1389994089318
-12.6180657958511
-10.7273826697799
-6.43214566351893
-1.75914109330629
1.55823519972958
3.12735548563172
3.88856835054798
5.10644416299571
7.16714147529257
9.12620405923347
9.37086083420724
6.90273381360781
2.26021552051996
-2.64557886346704
-5.70038188792779
-5.92745622811726
-4.0318140756885
-1.76867909024277
-0.625691887377321
-0.806376904177843
-1.25789710339067
-0.686305908873864
1.24802804437059
3.49704914452824
4.31377713112299
2.56395044468159
-1.32558159545685
-5.51248239334346
-7.90079166654179
-7.48566582158211
-4.91222617768024
-1.86602540378529
0.219965477965562
1.15948448398564
1.96995086831916
3.85255101838995
7.00430365885888
10.2036176902639
11.5265411215897
9.68986702417117
5.02946535969736
-0.622386007931056
-5.08735665276513
-7.18839769882348
-7.32563113342352
-6.89622598104478
-7.0389611970946
-7.68018053187323
-7.61321342987677
-5.54528298655956
-1.29875831905071
3.77689302217818
7.53927934324525
8.42673751325002
6.47504339553457
3.23498304585029
0.657935094926478
-0.225174209778275
0.133217350853088
0.37569144441315
-0.520136087996451
-2.31342523027664
-3.61095954056462
-2.94544700217992
-0.0027619999177515
3.94972454565541
6.79289321881298
6.93715363627819
4.35671852233339
0.530772606417124
-2.64627621281024
-4.16520484328841
-4.45258484645969
-4.79114204796758
-6.09013756771125
-7.9776004037537
-8.93803456304667
-7.41908661425517
-3.08326455919304
2.74804296341618
7.82092010457173
10.3405559871149
10.0287150068798
8.09777011441927
6.19853903411436
5.156265825631
4.44930342520155
2.8060560372968
-0.563140736010647
-5.07170838207955
-8.92187119286923
-10.2484837353647
-8.41209953354784
-4.48224807112808
-0.54234183918814
1.68326049167165
1.88309167135924
1.14408462230881
0.923617636944268
1.81808078998171
3.0769437700425
3.23205080756942
1.35371880559703
-2.04238945175158
-5.160783808915
-6.08253188991847
-4.07991629313869
-0.125760664279726
3.77639281262755
5.9456805245684
6.06771508108755
5.18146156936255
4.66376246891333
5.01905289420045
5.41909727804763
4.35736905378251
0.924518213591623
-4.275318385413
-9.29304524010827
-12.0067668871672
-11.4629901340506
-8.41925940052881
-4.70903868569745
-1.91858510619047
-0.363695210094357
0.890191477701016
3.02080087231159
6.26151982479545
9.47526474454454
10.8493110370554
9.21141682132207
4.9808034037847
0.023051512590422
-3.51334634170242
-4.54530622612755
-3.61933295886554
-2.30870709786725
-1.92812310312697
-2.54762229720102
-3.04354091210778
-2.12566458162642
-1.0438129577955
1.54874323597837
3.69842057824819
5.15232905382598
5.7824427426236
5.59774211749214
4.73310702042041
3.41765484836522
1.92867421022506
0.539641873746797
-0.528361574744101
-1.14333155021341
-1.28089782482184
-1.0218981528135
-0.529924656913811
-0.0134120876859034
0.320396985233924
0.310840514627239
-0.120043232630974
-0.947585520025865
-2.04471525652909
-3.20263301997406
-4.16846139599233
-4.69323621634739
-4.58159493429846
-3.73403261524239
-2.1737324203228
-0.052551574076245
2.36568191080725
4.742447629543
6.71661617496348
7.96285435925515
8.24658055502105
7.46607301172557
5.67432490654755
3.07652155151767
0.00303802052541591
-3.13806052588181
-5.92158246709297
-7.96917499791918
-9.00640490169923
-8.90376068297226
-7.69500894809757
-5.57005812958545
-2.84366861481279
0.0947057483899836
2.84161755120919
5.04090951452257
6.43567214161621
6.90267115729238
6.46410161513845
5.27541030698229
3.59196773676767
1.72087490692834
-0.0334349575260444
-1.42028865734255
-2.28185025639883
-2.57377214005168
-2.36438708908701
-1.81326774470327
-1.13364050235389
-0.545962512412137
-0.231462771934444
-0.29435612103311
-0.739786216728779
-1.47163842525589
-2.31070593737538
-3.02994268980526
-3.40036190111708
-3.23910599802408
-2.45068952745175
-1.0535040056535
0.813807923568795
2.90798519736861
4.91676051794491
6.50881687166631
7.38977752798201
7.35465347242259
6.32755430553997
4.38145059131684
1.73403261524235
-1.28030506726599
-4.25828894055156
-6.787941964738
-8.51147828448115
-9.18071779010148
-8.69596137967546
-7.12193211682484
-4.67813104698735
-1.7051499086283
1.38758006362059
4.18410648748372
6.32425260231318
7.55590055628516
7.7690306549378
7.00640490169948
5.4497231953838
3.38416843347008
1.14779807565485
-0.925362040124273
-2.55880736352825
-3.5747245716298
-3.91626107632659
-3.64773017687797
-2.93349615937263
-2.00000000000033
-1.08826579897333
-0.405775660336487
-0.0865568177363452
-0.166709385456261
-0.579711342658143
-1.17218723118831
-1.73706837457461
-2.05787296484267
-1.95576291023378
-1.33046111278315
-0.187144508009073
1.35611121013026
3.08229808577153
4.70896121464877
5.93574004039406
6.49785044538414
6.21613476623674
5.03467999030949
3.03896165504281
0.450689527452421
-2.4005334819343
-5.12464843819675
-7.3302452512996
-8.68579117288328
-8.97291848680446
-8.12288454840203
-6.23000503422559
-3.53961234080186
-0.412275593397212
2.73006899989543
5.46744957527435
7.44448101698171
8.42226005393068
8.3113339414998
7.180717790102
5.24192389208709
2.81109160219719
0.255870993056346
-2.06388074630989
-3.85168167875866
-4.91721350790373
-5.19960416411626
-4.76795859154591
-3.79985565701739
-2.54230328656245
-1.2625786873758
-0.19797635703959
0.48652001353685
0.725217697142612
0.558807363528692
0.120687084041326
-0.394579438301125
-0.774529877053059
-0.835534495565492
-0.464101615137693
0.355158778553053
1.53042409853236
2.8744987824743
4.13588438337535
5.0438129577951
5.35933173919757
4.92326045100631
3.69219105403535
1.75561856725223
-0.669538887216816
-3.26689297958053
-5.66695172475778
-7.50455813970235
-8.47799186958667
-8.39984165553147
-7.23095746580373
-5.09148632804119
-2.24673802557178
0.930213342876684
4.01341208768536
6.58767798994281
8.31084051462742
8.96456334049205
8.4856468299016
6.97291848680447
4.66884706081342
1.9191645195981
-0.882647713128436
-3.35675506154063
-5.19417061503335
-6.20055659569451
-6.31983257878551
-5.63431808919199
-4.34215894358004
-2.716616174964
-1.05477938407843
0.375100474233546
1.37844709613512
1.86373640332856
1.8516816787598
1.46317602031633
0.888763649489841
0.345698537616222
0.0308250020804675
0.0782016714237406
0.529471666955165
1.32262479523598
2.30142195120205
3.2439573007777
3.90529425160905
4.06645742396716
3.58077151473179
2.40884796624471
0.635390152583322
-1.53589838486241
-3.8091962661406
-5.84126461315973
-7.29675883640524
-7.90491503831363
-7.50791457293316
-6.09243875961805
-3.79861201280981
-0.904249089296386
2.2135564306681
5.13364050235508
7.45403748758847
8.85314380118846
9.13887622889434
8.27784752660489
6.39984165553181
3.77691997821536
0.780645813413589
-2.17552202835937
-4.69924399781515
-6.47751370282357
-7.32078501036285
-7.18619207643046
-6.17662137575432
-4.51647183198258
-2.5088168716674
-0.481702552805727
1.2670275568318
2.51696580232108
3.15661071855908
3.19417061503338
2.74651910810578
2.00899206415774
1.21205803526112
0.573128288641869
0.252514559825963
0.321672363658069
0.749547963962602
1.40949486860305
2.10543859459064
2.61241993637843
2.7239684876928
2.29742842694154
1.28861955157599
-0.230969345062551
-2.07820167142345
-3.9835091545436
-5.63346530986345
-6.72368200513265
-7.01298795571477
-6.36939586674733
-4.79956444438779
-2.45612307653583
0.379093998493526
3.33378484533643
6.00000000000032
7.99634077414958
9.02745668959094
8.93107692559726
7.70477069533135
5.50791457293249
2.63840127203091
-0.512228501816485
-3.51801096463333
-5.98258708560521
-7.59774211749218
-8.18714450800845
-7.72849536299269
-6.35093426415595
-4.3086725286849
-1.93574004039362
0.410224529793437
2.40554626301746
3.80984011755132
4.49909965483342
4.47751370282381
3.8667475227747
2.87535156180353
1.75436132182347
0.74744117704418
0.0447152565290478
-0.251404467614639
-0.142379118635282
0.270976162417464
0.812564279361024
1.2699310001049
1.44062539990306
1.17720001227282
0.422260053930505
-0.773272631623182
-2.2525145598254
-3.7757098512464
-5.06038847859022
-5.83175492253404
-5.87446924952884
-5.0765215515165
-3.45707550811282
-1.17277998874464
1.49932241316325
4.20014434298298
-2.79289321881345
-2.32203403081795
-1.10151653659584
0.597904398717023
2.30585902963135
3.49999999999982
3.7788907214745
2.9970564742271
1.31272147505712
-0.868948974807921
-3.03553390593333
-4.73788717647402
-5.72868960032168
-6.01923203528293
-5.8363857890266
-5.49999999999997
-5.27114540178061
-5.23219203436273
-5.24668254627307
-5.01540172789997
-4.20710678118624
-2.61267756707249
-0.26143343827996
2.54802849764694
5.31800560177051
7.50000000000011
8.66825087409659
8.65538450565768
7.60069057024798
5.89383051644764
4.03553390593234
2.46735579894517
1.43331154376651
0.923175039987859
0.715482114705092
0.499999999999991
0.0292467816293431
-0.76192091409188
-1.71660540010096
-2.51244077082007
-2.79289321881346
-2.32203403081775
-1.1015165365955
0.597904398717426
2.30585902963058
3.49999999999999
3.77889072147445
2.99705647422681
1.31272147505667
-0.868948974806794
-3.03553390593233
-4.73788717647433
-5.72868960032182
-6.01923203528293
-5.83638578902653
-5.50000000000001
-5.27114540178058
-5.23219203436272
-5.24668254627305
-5.01540172789986
-4.20710678118683
-2.61267756707349
-0.261433438279365
2.54802849764759
5.31800560177109
7.5000000000005
8.66825087409631
8.65538450565755
7.60069057024765
5.89383051644722
4.03553390593258
2.46735579894583
1.43331154376662
0.923175039987789
0.715482114705114
0.49999999999992
0.0292467816292004
-0.761920914091422
-1.71660540010083
-2.5124407708202
-2.79289321881345
-2.32203403081756
-1.10151653659626
0.597904398716531
2.30585902963093
3.50000000000017
3.77889072147439
2.99705647422698
1.31272147505767
-0.868948974807301
-3.03553390593278
-4.73788717647414
-5.72868960032196
-6.01923203528293
-5.83638578902669
-5.50000000000006
-5.27114540178055
-5.23219203436273
-5.24668254627304
-5.0154017279001
-4.20710678118656
-2.61267756707304
-0.26143343827877
2.54802849764824
5.31800560176981
7.49999999999963
8.66825087409644
8.65538450565742
7.60069057024785
5.8938305164468
4.03553390593282
2.46735579894553
1.43331154376672
0.923175039987719
0.715482114705078
0.500000000000077
0.0292467816295192
-0.761920914091628
-1.71660540010104
-2.51244077082034
-2.79289321881343
-2.32203403081799
-1.10151653659592
0.597904398716934
2.30585902963127
3.50000000000006
3.77889072147452
2.99705647422716
1.31272147505722
-0.868948974806991
-3.03553390593323
-4.73788717647445
-5.72868960032165
-6.01923203528293
-5.83638578902662
-5.49999999999998
-5.27114540178052
-5.23219203436272
-5.24668254627307
-5.01540172789999
-4.2071067811863
-2.61267756707259
-0.261433438279133
2.5480284976468
5.31800560177038
7.50000000000002
8.66825087409636
8.65538450565729
7.60069057024805
5.89383051644774
4.03553390593307
2.46735579894523
1.43331154376655
0.92317503998765
0.715482114705158
0.500000000000007
0.029246781629376
-0.761920914091835
-1.71660540010125
-2.51244077082004
-2.79289321881347
-2.3220340308178
-1.10151653659558
0.597904398716688
2.30585902963161
3.49999999999996
3.77889072147446
2.99705647422733
1.31272147505677
-0.868948974807498
-3.03553390593223
-4.73788717647376
-5.72868960032179
-6.01923203528293
-5.83638578902655
-5.49999999999991
-5.27114540178058
-5.23219203436272
-5.24668254627306
-5.01540172789989
-4.20710678118646
-2.61267756707359
-0.261433438279498
2.54802849764744
5.31800560177003
7.50000000000041
8.66825087409649
8.65538450565758
7.60069057024825
5.89383051644732
4.03553390593267
2.46735579894493
1.43331154376693
0.923175039987804
0.715482114705123
0.499999999999937
0.0292467816292321
-0.761920914091708
-1.71660540010078
-2.51244077082018
-2.79289321881345
-2.32203403081792
-1.10151653659523
0.597904398716442
2.30585902963085
3.49999999999985
3.7788907214744
2.99705647422705
1.31272147505631
-0.86894897480637
-3.03553390593268
-4.73788717647407
-5.72868960032193
-6.01923203528293
-5.83638578902671
-5.50000000000007
-5.27114540178055
-5.23219203436273
-5.24668254627306
-5.01540172789978
-4.20710678118662
-2.61267756707314
-0.261433438279861
2.54802849764809
5.31800560177061
7.49999999999955
8.66825087409619
8.65538450565745
7.60069057024792
5.8938305164469
4.03553390593227
2.46735579894559
1.43331154376676
0.923175039987735
0.715482114705086
0.49999999999998
0.0292467816295514
-0.761920914091583
-1.716605400101
-2.51244077082009
-2.79289321881344
-2.32203403081772
-1.101516536596
0.597904398716196
2.30585902963119
3.50000000000031
3.77889072147435
2.99705647422769
1.31272147505805
-0.868948974807695
-3.03553390593313
-4.73788717647438
-5.72868960032184
-6.01923203528293
-5.83638578902664
-5.5
-5.27114540178057
-5.23219203436273
-5.24668254627307
-5.01540172790002
-4.20710678118679
-2.61267756707342
-0.261433438278307
2.54802849764874
5.31800560176933
7.49999999999931
8.66825087409654
8.65538450565732
7.6006905702476
5.8938305164485
4.03553390593251
2.4673557989453
1.43331154376659
0.923175039987778
0.715482114705109
0.500000000000022
0.0292467816294071
-0.761920914091457
-1.71660540010087
-2.51244077082044
-2.79289321881347
-2.32203403081816
-1.1015165365962
0.597904398717247
2.30585902963154
3.5000000000002
3.77889072147456
2.99705647422693
1.31272147505687
-0.868948974807386
-3.03553390593285
-4.73788717647419
-5.72868960032176
-6.01923203528293
-5.83638578902668
-5.50000000000004
-5.2711454017805
-5.23219203436272
-5.24668254627308
-5.01540172790008
-4.20710678118609
-2.61267756707224
-0.261433438280589
2.54802849764626
5.31800560177083
7.50000000000032
8.66825087409646
8.6553845056574
7.6006905702478
5.89383051644741
4.03553390593276
2.46735579894548
1.43331154376669
0.923175039987595
0.715482114705131
0.500000000000066
0.0292467816294955
-0.761920914091994
-1.71660540010142
-2.51244077081993
-2.79289321881348
-2.32203403081765
-1.10151653659531
0.597904398717001
2.30585902963133
3.50000000000009
3.77889072147441
2.99705647422711
1.31272147505714
-0.868948974807075
-3.03553390593258
-4.737887176474
-5.72868960032167
-6.01923203528293
-5.83638578902649
-5.49999999999986
-5.27114540178061
-5.23219203436272
-5.24668254627305
-5.01540172789981
-4.20710678118625
-2.61267756707397
-0.261433438279034
2.54802849764795
5.31800560177048
7.50000000000009
8.66825087409638
8.65538450565748
7.600690570248
5.89383051644767
4.035533905933
2.4673557989447
1.4333115437668
0.923175039987862
0.715482114705153
0.499999999999881
0.0292467816291211
-0.761920914091868
-1.71660540010061
-2.51244077082028
-2.79289321881344
-2.32203403081777
-1.10151653659552
0.597904398716754
2.30585902963112
3.49999999999999
3.77889072147445
2.99705647422729
1.31272147505596
-0.868948974806765
-3.03553390593231
-4.73788717647382
-5.72868960032203
-6.01923203528293
-5.83638578902676
-5.50000000000013
-5.27114540178053
-5.23219203436273
-5.24668254627306
-5.01540172789987
-4.20710678118642
-2.61267756707279
-0.261433438279398
2.54802849764755
5.31800560177013
7.49999999999985
8.6682508740963
8.65538450565756
7.6006905702482
5.89383051644657
4.03553390593196
2.46735579894584
1.4333115437669
0.923175039987681
0.715482114705059
0.499999999999925
0.0292467816296709
-0.761920914091743
-1.71660540010116
-2.5124407708202
-2.79289321881345
-2.32203403081789
-1.10151653659573
0.597904398716509
2.30585902963091
3.49999999999988
3.7788907214743
2.99705647422746
1.3127214750577
-0.868948974806455
-3.03553390593348
-4.73788717647462
-5.72868960032195
-6.01923203528293
-5.83638578902658
-5.49999999999995
-5.27114540178055
-5.23219203436273
-5.24668254627306
-5.01540172789993
-4.20710678118658
-2.61267756707307
-0.261433438279762
2.54802849764924
5.31800560176978
7.49999999999961
8.66825087409622
8.65538450565722
7.60069057024734
5.89383051644818
4.03553390593349
2.46735579894507
1.43331154376646
0.923175039987723
0.715482114705081
0.499999999999967
0.0292467816292956
-0.761920914091617
-1.71660540010103
-2.51244077082012
-2.79289321881346
-2.322034030818
-1.10151653659594
0.597904398716262
2.30585902963181
3.50000000000034
3.77889072147452
2.99705647422764
1.31272147505652
-0.86894897480778
-3.0355339059332
-4.73788717647344
-5.72868960032186
-6.01923203528293
-5.83638578902662
-5.49999999999999
-5.27114540178057
-5.23219203436273
-5.24668254627307
-5.0154017279
-4.20710678118674
-2.61267756707189
-0.261433438280126
2.54802849764676
5.31800560176942
7.50000000000063
8.66825087409656
8.6553845056573
7.6006905702486
5.89383051644708
4.03553390593245
2.46735579894525
1.43331154376656
0.923175039987765
0.715482114705103
0.50000000000001
0.029246781629384
-0.761920914091491
-1.71660540010158
-2.51244077082003
-2.79289321881347
-2.32203403081812
-1.10151653659504
0.597904398717314
2.30585902963049
3.49999999999966
3.77889072147437
2.99705647422689
1.31272147505679
-0.86894897480747
-3.03553390593293
-4.73788717647424
-5.72868960032178
-6.01923203528293
-5.83638578902667
-5.50000000000003
-5.27114540178058
-5.23219203436272
-5.24668254627308
-5.01540172789972
-4.20710678118605
-2.61267756707362
-0.26143343828049
2.54802849764845
5.31800560177093
7.50000000000039
8.66825087409606
8.65538450565738
7.60069057024774
5.89383051644734
4.03553390593269
2.46735579894543
1.43331154376666
0.923175039987808
0.715482114705124
0.500000000000054
0.0292467816290096
-0.761920914091365
-1.71660540010077
-2.51244077081995
-2.79289321881343
-2.32203403081761
-1.10151653659525
0.597904398715771
2.30585902963138
3.50000000000012
3.77889072147441
2.99705647422706
1.31272147505707
-0.86894897480716
-3.03553390593265
-4.73788717647405
-5.72868960032169
-6.01923203528293
-5.83638578902671
-5.50000000000008
-5.2711454017806
-5.23219203436274
-5.24668254627305
-5.01540172790013
-4.20710678118707
-2.61267756707244
-0.261433438278935
2.54802849764806
5.31800560177058
7.50000000000015
8.6682508740964
8.65538450565746
7.60069057024794
5.8938305164476
4.03553390593293
2.46735579894561
1.43331154376677
0.923175039987851
0.71548211470503
0.499999999999869
0.029246781629559
-0.76192091409124
-1.71660540010132
-2.5124407708203
-2.79289321881344
-2.32203403081836
-1.10151653659546
0.597904398716822
2.30585902963117
3.50000000000001
3.77889072147444
2.99705647422724
1.31272147505735
-0.86894897480685
-3.03553390593238
-4.73788717647486
-5.72868960032161
-6.01923203528293
-5.83638578902675
-5.49999999999989
-5.27114540178053
-5.23219203436273
-5.24668254627309
-5.01540172789985
-4.20710678118637
-2.61267756707272
-0.261433438279299
2.54802849764766
5.31800560177022
7.49999999999991
8.66825087409632
8.65538450565754
7.60069057024709
5.89383051644785
4.03553390593318
2.46735579894579
1.43331154376633
0.923175039987669
0.715482114705169
0.50000000000014
0.0292467816291841
-0.761920914091777
-1.71660540010119
-2.51244077082022
-2.79289321881345
-2.32203403081785
-1.10151653659567
0.597904398716576
2.30585902963096
3.49999999999991
3.77889072147447
2.99705647422742
1.31272147505762
-0.868948974808175
-3.03553390593355
-4.73788717647368
-5.72868960032153
-6.01923203528293
-5.83638578902657
-5.49999999999993
-5.27114540178064
-5.23219203436273
-5.24668254627306
-5.01540172789992
-4.20710678118653
-2.61267756707299
-0.261433438279662
2.54802849764726
5.31800560176987
-6.69615242270719
-4.8684826985818
-3.84051551601542
-2.60085921802464
0.0224239994663857
4.17587653411262
8.56964309404827
11.1983717223657
10.689867024171
7.28948641150082
2.74363939585403
-0.844715965645073
-2.35827067990198
-2.23718295687664
-1.89622598104445
-2.46815111075174
-3.85005351295044
-4.78478630513056
-3.91130839034169
-0.970588919826172
2.77689302217746
5.27925829144391
5.06071210946581
2.23240270841447
-1.59514397307011
-4.43051308162068
-5.2251742097775
-4.43759273549065
-3.45443557450942
-3.34856321274318
-3.9473998264929
-3.93912893978718
-1.94544700217983
2.25725905188441
7.31574994944222
11.0355339059311
11.7672806552006
9.44516669888174
5.53077260641798
1.92453387353197
-0.335077824365689
-1.62415772171232
-3.15716745175081
-5.76196816848644
-8.97760040375346
-11.1980556148481
-10.7851120180387
-7.32590524631419
-2.08208405550722
2.73247192802306
5.34055598711468
5.45790492053739
4.26764309549673
3.37011190936829
3.52229122941487
4.1211340259774
3.80605603729476
1.69688031579015
-1.70568297829414
-4.6792305057492
-5.41835671644273
-3.32365135699909
0.517751928871975
4.02846824715366
5.51338751059331
4.71151879610541
2.77805921852524
1.25178703616805
0.818080789982571
0.816922718240714
-0.133974596215871
-2.88892188152284
-6.87251647067594
-10.2492319854638
-11.0825318899186
-8.65072637948239
-3.955887683203
0.947965687879907
4.31170592835309
5.73954568186271
6.18146156936155
6.92378352071456
8.38507829798349
9.66173796516657
9.18749607270298
6.01296639014127
0.724681614589526
-4.72223515376457
-8.17663986824423
-8.63456300930431
-6.78528480431413
-4.38086928647422
-2.91858510619092
-2.62371626189544
-2.47583392608182
-1.22183981480598
1.4313928058732
4.38681656799537
5.84931103705552
4.64060673497988
1.15067638486098
-2.80537561215444
-5.14732093791772
-4.87347562535124
-2.61933295886686
-0.0486860460659075
1.43790230065703
1.69501838991854
1.786586106816
2.96278359492203
5.46876975292744
8.12696139996524
9.05028314127279
6.98276024298588
2.27599463107436
-3.23457620416165
-7.38024987157815
-9.00573705654277
-8.54356795611517
-7.43175988697786
-6.85559643559126
-6.79041310840593
-6.0776795239437
-3.46862669626214
1.17749966126514
6.48399980336392
10.2927500718687
11.0389277094812
8.76793661434726
5.05232240357003
1.8758719176181
0.310359696154799
-0.0501474106513928
-0.514075979054603
-2.0556699939286
-4.39008152057449
-6.0872175208803
-5.65255378336674
-2.75623272854226
1.33753434942576
4.49999999999865
5.11981427855917
3.13878169964262
-0.00476129951503923
-2.46291145130793
-3.27543741982097
-2.91705094052731
-2.71448575766933
-3.61387958739417
-5.27049362256691
-6.18456383442278
-4.80689641802447
-0.790371340380303
4.56538232113424
9.03885692726245
10.8760898930481
9.84535024537719
7.20800269095233
4.663005128182
3.079609535332
1.97304544488494
0.0989492561076095
-3.31661146463388
-7.68389857830871
-11.2147644116824
-12.0658230930838
-9.63003635623806
-5.01778197706311
-0.358977077685544
2.57302791513873
3.4186255772919
3.22074091260722
3.39987561726109
4.52518757116799
5.83041449866627
5.84424100380067
3.64661202441097
-0.225050094033885
-3.94284698622319
-5.54699798398539
-4.26328105464232
-1.01552808774796
2.24085890669401
3.86902423427061
3.59145710077105
2.4743547881762
1.91029174028936
2.40686269796922
3.12620405923411
2.54002969606354
-0.293418609098488
-4.810852291345
-9.10968047860452
-11.1169994636995
-9.92745622811701
-6.34260311023137
-2.23278070538128
0.788521674995668
2.38977551852935
3.5023816739343
5.31369409112482
8.07885918251398
10.6932015672356
11.3848449429883
9.02805205981923
4.09103598031541
-1.51248239334134
-5.59000263200007
-7.0215642064443
-6.32643974005348
-5.06217782649072
-4.54031329935795
-4.84051551601459
-4.86088026982602
-3.34360140431796
-0.0667641530062131
3.73951607512543
6.10992354581721
5.68986702417078
2.71867632515648
-1.08648762306908
-3.67314309039227
-3.99224527611769
-2.56535235610053
-0.896225981045283
-0.208130058951026
-0.484028109167145
-0.542145618011613
0.918818628578653
4.11785925672157
7.776893022178
9.85006837778657
8.89083912838805
5.06082983315958
0.0388306231446884
-4.10234368239749
-6.22517420977857
-6.69761378729205
-6.82046097829324
-7.59120389986169
-8.77752684541457
-9.02757711633592
-6.94544700218006
-2.31355103445948
3.48562293052026
8.20710678118508
10.1333060589845
9.11699729965816
6.53077260641656
4.18455492533285
3.03094757941902
2.61848296540667
1.67295956717163
-0.673519991938696
-3.97760040375286
-6.62724552850523
-6.95498499911641
-4.49747812156617
-0.448109459290672
3.06064132724746
4.34055598711513
3.1978838687363
0.901617691713145
-0.872528777750483
-1.30783578950631
-0.96731415056906
-1.19394396270505
-2.87392977055214
-5.53580999721729
-7.50765763049618
-7.05233131265816
-3.65182075622159
1.51775192887091
6.28848929895593
8.87941291437858
8.9541594832233
7.60818623744674
6.34023521271627
5.81808078998261
5.38773280458525
3.69615242270715
-0.0604947567755889
-5.23854187445907
-9.92106258623909
-12.0825318899178
-10.9107474312836
-7.32191308698693
-3.29467499923825
-0.51842109056967
0.651097505314655
1.18146156936176
2.3529734343714
4.55495127906139
6.83331084042016
7.55352147648755
5.68479699091579
1.72468161458731
-2.46221410196361
-4.81061446446051
-4.39192232218454
-1.95515778539189
0.707578890073111
2.08141489380873
1.94709382444611
1.35429309284052
1.60658730993924
3.06536740208994
4.71498596722038
4.84931103705519
2.3805856831779
-2.21534901892514
-7.04801629927478
-9.97744795684078
-9.96192380189904
-7.61933295886629
-4.61949613240909
-2.39222471826631
-1.13340873482847
0.152611510599043
2.63461419569766
6.46876975292638
10.3869824517677
12.4163085450569
11.2254009301038
7.10612164999611
1.85387197238503
-2.38024987157785
-4.43492697019902
-4.71344093719301
-4.60333276223086
-5.22162183937559
-6.46224370918202
-7.0776795239436
-5.72864774806203
-2.18852574251737
2.24135911624482
5.46262305294694
5.95047953293281
3.76793661434846
0.48151231722762
-1.95425510130437
-2.51806742859052
-1.68412200686623
-0.842245378278415
-1.05566999392911
-2.13006046877423
-2.72119211709617
-1.40991309624676
2.0738942903817
6.425982525973
9.50000000000002
9.69062436490213
6.96890871856453
2.82366582523143
-0.828936855092
-2.94726802059645
-3.91705094052556
-4.97450680946991
-6.97990499117799
-9.51313430968544
-11.0146908533451
-9.8953445945713
-5.79037134037998
-0.00542776520864663
5.20872990834013
8.04766276830108
8.21137564916141
6.87983329172857
5.66300512818176
5.33963058713428
5.33907084866919
4.34158994322827
1.51351555428701
-2.59545040176169
-6.21476441168223
-7.49501300674038
-5.79990933731415
-2.18935485231598
1.27499751853019
2.90119731436191
2.41862557729129
0.960719860805975
0.0338502134770731
0.282546884049735
1.00028747974432
0.755792827251629
-1.35338797559013
-4.79586018037798
-7.7729740051472
-8.37542510873194
-5.89725565085901
-1.34369748697168
3.24085890669362
6.12904528607087
6.95748250455492
6.71699547529437
6.74041875921162
7.49531087451624
8.12620405923434
7.11083978240591
3.53670840982287
-1.98242516659853
-7.4757058823889
-10.7888300644754
-10.9274562281182
-8.60262416203305
-5.59880610916548
-3.454119012124
-2.44035150039275
-1.58606650261392
0.313694091125272
3.50804909617135
6.86307454831265
8.55641781824101
7.39407746360205
3.76286658109367
-0.512482393341267
-3.32998158019864
-3.65553880265939
-2.08379905293346
-0.232050807569151
0.548134877189979
0.159484483985506
-0.290070183482459
0.486525614605653
2.76166297174118
5.37349067134124
6.43809294504173
4.68986702417189
0.458655273354875
-4.45251302685323
-7.91578377751106
-8.82237229504009
-7.65380053264751
-5.89622598104545
-4.77894014529315
-4.31415512808834
-3.37057274275824
-0.71515596763662
3.78968985749774
8.77689302217678
12.1100894295881
12.2568645321722
9.30347052028163
4.86895764206773
0.986104494150615
-1.2251742097774
-2.12680370094889
-2.99033395937082
-4.76277677511499
-7.14355224919893
-8.69940771711082
-7.94544700217873
-4.57357208626085
0.119597526732507
3.96446609406584
5.30317904006196
4.02854912310938
1.53077260641741
-0.386255161009342
-0.799179439503821
-0.209944159340329
0.0389849709544612
-1.00168939116265
-2.97760040375379
-4.36722447670387
-3.58895959533284
-0.254837434447836
4.38201755963139
8.14908950379519
9.34055598711516
7.7686939550799
4.73174471063562
1.95589834699541
0.326138806708349
-0.639144751345492
-2.19394396270431
-5.13395082235436
4.96410161513781
4.00000000000055
1.96410161513903
-0.598076211351455
-2.99999999999811
-4.59807621135309
-4.96410161513788
-4.00000000000092
-1.96410161513752
0.598076211350838
2.99999999999944
4.59807621135285
4.96410161513795
3.99999999999993
1.96410161514018
-0.598076211352477
-2.99999999999894
-4.5980762113526
-4.96410161513776
-4.0000000000003
-1.96410161513866
0.598076211351859
2.99999999999844
4.59807621135325
4.96410161513783
4.00000000000068
1.96410161513923
-0.598076211351241
-2.99999999999976
-4.59807621135301
-4.96410161513791
-4.00000000000105
-1.9641016151398
0.598076211352881
2.99999999999926
4.59807621135276
4.96410161513798
4.00000000000142
1.96410161513829
-0.598076211352263
-2.99999999999877
-4.59807621135341
-4.96410161513805
-4.00000000000043
-1.96410161513886
0.598076211351644
3.00000000000009
4.59807621135228
4.96410161513786
4.0000000000008
1.96410161513943
-0.598076211353284
-2.99999999999959
-4.59807621135292
-4.96410161513793
-4.00000000000118
-1.96410161513791
0.598076211352667
2.99999999999909
4.59807621135268
4.96410161513801
4.00000000000019
1.96410161513848
-0.598076211352049
-2.99999999999859
-4.59807621135243
-4.96410161513781
-4.00000000000056
-1.96410161513906
0.598076211351431
2.99999999999809
4.59807621135308
4.96410161513788
4.00000000000093
1.96410161513754
-0.598076211350813
-2.99999999999942
-4.59807621135284
-4.96410161513796
-3.99999999999994
-1.9641016151402
0.598076211352452
2.99999999999892
4.59807621135259
4.96410161513776
4.00000000000032
1.96410161513868
-0.598076211351835
-2.99999999999842
-4.59807621135324
-4.96410161513783
-4.00000000000069
-1.96410161513925
0.598076211351217
2.99999999999974
4.598076211353
4.96410161513791
4.00000000000106
1.96410161513983
-0.598076211352856
-2.99999999999924
-4.59807621135275
-4.96410161513798
-4.00000000000144
-1.96410161513831
0.598076211352239
2.99999999999875
4.5980762113534
4.96410161513806
4.00000000000044
1.96410161513888
-0.59807621135162
-3.00000000000007
-4.59807621135227
-4.96410161513786
-4.00000000000082
-1.96410161513945
0.59807621135326
2.99999999999957
4.59807621135291
4.96410161513793
4.00000000000119
1.96410161513793
-0.598076211352642
-2.99999999999907
-4.59807621135267
-4.96410161513801
-4.0000000000002
-1.96410161513851
0.598076211352025
2.99999999999857
4.59807621135243
4.96410161513781
4.00000000000057
1.96410161513908
-0.598076211351406
-2.99999999999808
-4.59807621135307
-4.96410161513789
-4.00000000000095
-1.96410161513756
0.598076211350789
2.9999999999994
4.59807621135283
4.96410161513796
3.99999999999996
1.96410161514022
-0.598076211352428
-2.9999999999989
-4.59807621135259
-4.96410161513776
-4.00000000000033
-1.96410161513871
0.598076211351811
2.9999999999984
4.59807621135323
4.96410161513784
4.0000000000007
1.96410161513928
-0.598076211351192
-2.99999999999972
-4.59807621135299
-4.96410161513791
-4.00000000000108
-1.96410161513985
0.598076211352832
2.99999999999922
4.59807621135274
4.96410161513799
4.00000000000145
1.96410161513833
-0.598076211352214
-2.99999999999873
-4.59807621135339
-4.96410161513806
-4.00000000000046
-1.9641016151389
0.598076211351596
3.00000000000005
4.59807621135226
4.96410161513786
4.00000000000083
1.96410161513948
-0.598076211353236
-2.99999999999955
-4.59807621135291
-4.96410161513794
-4.00000000000121
-1.96410161513796
0.598076211352618
2.99999999999905
4.59807621135266
4.96410161513801
4.00000000000022
1.96410161513853
-0.598076211352
-2.99999999999855
-4.59807621135242
-4.96410161513781
-4.00000000000059
-1.9641016151391
0.598076211351382
2.99999999999806
4.59807621135306
4.96410161513789
4.00000000000096
1.96410161513758
-0.598076211350765
-2.99999999999938
-4.59807621135282
-4.96410161513796
-3.99999999999997
-1.96410161514025
0.598076211352404
2.99999999999888
4.59807621135258
4.96410161513777
4.00000000000035
1.96410161513873
-0.598076211351786
-2.99999999999838
-4.59807621135322
-4.96410161513784
-4.00000000000072
-1.9641016151393
0.598076211351168
2.9999999999997
4.59807621135298
4.96410161513792
4.00000000000109
1.96410161513987
-0.598076211352808
-2.9999999999992
-4.59807621135274
-4.96410161513772
-4.00000000000147
-1.96410161513835
0.59807621135219
2.99999999999871
4.59807621135338
4.96410161513806
4.00000000000048
1.96410161513893
-0.598076211351572
-3.00000000000003
-4.59807621135314
-4.96410161513787
-4.00000000000085
-1.9641016151395
0.598076211353212
2.99999999999953
4.5980762113529
4.96410161513794
4.00000000000122
1.96410161513798
-0.598076211352593
-2.99999999999903
-4.59807621135265
-4.96410161513801
-4.00000000000023
-1.96410161513855
0.598076211351976
2.99999999999853
4.59807621135241
4.96410161513782
4.0000000000006
1.96410161513912
-0.598076211353616
-2.99999999999804
-4.59807621135305
-4.96410161513789
-4.00000000000098
-1.96410161513761
0.59807621135074
2.99999999999936
4.59807621135281
4.96410161513797
3.99999999999999
1.96410161513818
-0.59807621135238
-2.99999999999886
-4.59807621135257
-4.96410161513777
-4.00000000000036
-1.96410161513875
0.598076211351762
2.99999999999836
4.59807621135321
4.96410161513784
4.00000000000073
1.96410161513932
-0.598076211351144
-2.99999999999968
-4.59807621135297
-4.96410161513792
-4.00000000000111
-1.96410161513989
0.598076211352783
2.99999999999918
4.59807621135273
4.96410161513772
4.00000000000148
1.96410161513838
-0.598076211352165
-2.99999999999869
-4.59807621135337
-4.96410161513807
-4.00000000000049
-1.96410161513895
0.598076211351547
3.00000000000001
4.59807621135313
4.96410161513787
4.00000000000086
1.96410161513952
-0.598076211353187
-2.99999999999951
-4.59807621135289
-2.61267756707269
-0.261433438279266
2.5480284976477
5.31800560177026
7.50000000000119
8.66825087409633
8.65538450565753
7.60069057024812
5.89383051644648
4.03553390593187
2.46735579894577
1.43331154376686
0.923175039987665
0.715482114705051
0.499999999999909
0.0292467816291766
-0.761920914091789
-1.71660540010121
-2.51244077082023
-2.79289321881345
-2.32203403081784
-1.10151653659565
0.597904398716598
2.30585902963098
3.49999999999992
3.77889072147429
2.99705647422647
1.3127214750576
-0.868948974806567
-3.03553390593357
-4.73788717647468
-5.72868960032198
-6.01923203528293
-5.83638578902656
-5.49999999999993
-5.27114540178054
-5.23219203436273
-5.24668254627306
-5.01540172789991
-4.20710678118652
-2.61267756707297
-0.26143343827963
2.54802849764939
5.3180056017699
7.4999999999997
8.66825087409625
8.65538450565719
7.60069057024727
5.89383051644673
4.0355339059334
2.467355798945
1.43331154376642
0.923175039987708
0.715482114705072
0.499999999999952
0.0292467816292645
-0.761920914091663
-1.71660540010108
-2.51244077082015
-2.7928932188134
-2.32203403081796
-1.10151653659586
0.597904398716352
2.30585902963188
3.50000000000038
3.77889072147451
2.99705647422758
1.31272147505641
-0.868948974807893
-3.0355339059333
-4.7378871764745
-5.72868960032189
-6.01923203528293
-5.83638578902661
-5.49999999999997
-5.27114540178056
-5.23219203436273
-5.24668254627307
-5.01540172789998
-4.20710678118668
-2.6126775670718
-0.261433438278075
2.54802849764691
5.31800560176955
7.50000000000071
8.66825087409659
8.65538450565727
7.60069057024853
5.89383051644699
4.03553390593236
2.46735579894518
1.43331154376652
0.92317503998775
0.715482114705095
0.499999999999995
0.0292467816293518
-0.761920914091538
-1.71660540010163
-2.51244077082006
-2.79289321881347
-2.32203403081808
-1.10151653659497
0.597904398717403
2.30585902963167
3.4999999999997
3.77889072147436
2.99705647422682
1.31272147505669
-0.868948974807583
-3.03553390593303
-4.73788717647431
-5.72868960032181
-6.01923203528293
-5.83638578902665
-5.49999999999979
-5.27114540178058
-5.23219203436272
-5.24668254627307
-5.0154017278997
-4.20710678118599
-2.61267756707352
-0.261433438280357
2.5480284976486
5.31800560177106
7.50000000000047
8.66825087409651
8.65538450565735
7.60069057024767
5.89383051644725
4.0355339059326
2.46735579894536
1.43331154376663
0.923175039987793
0.715482114705116
0.500000000000038
0.029246781628977
-0.761920914092075
-1.71660540010082
-2.51244077081998
-2.79289321881342
-2.32203403081757
-1.10151653659518
0.59790439871586
2.30585902963146
3.50000000000016
3.77889072147439
2.997056474227
1.31272147505697
-0.868948974807273
-3.03553390593275
-4.73788717647412
-5.72868960032173
-6.01923203528293
-5.83638578902669
-5.50000000000006
-5.2711454017806
-5.23219203436274
-5.24668254627304
-5.01540172789976
-4.20710678118701
-2.61267756707234
-0.261433438278803
2.5480284976482
5.3180056017707
7.50000000000024
8.66825087409643
8.65538450565743
7.60069057024787
5.8938305164475
4.03553390593156
2.46735579894554
1.43331154376673
0.923175039987836
0.715482114705022
0.499999999999854
0.0292467816295274
-0.761920914091286
-1.71660540010137
-2.51244077082033
-2.79289321881343
-2.32203403081769
-1.10151653659539
0.597904398716911
2.30585902963125
3.50000000000005
3.77889072147443
2.99705647422717
1.31272147505724
-0.868948974806962
-3.03553390593248
-4.73788717647492
-5.72868960032209
-6.01923203528293
-5.83638578902674
-5.49999999999988
-5.27114540178052
-5.23219203436274
-5.24668254627309
-5.01540172789983
-4.20710678118631
-2.61267756707262
-0.261433438279167
2.5480284976478
5.31800560177035
7.5
8.66825087409635
8.65538450565751
7.60069057024701
5.89383051644776
4.03553390593309
2.46735579894573
1.43331154376629
0.923175039987654
0.715482114705045
0.500000000000124
0.0292467816291522
-0.761920914091823
-1.71660540010124
-2.51244077082025
-2.79289321881344
-2.32203403081781
-1.1015165365956
0.597904398716666
2.30585902963104
3.50000000000051
3.77889072147446
2.99705647422735
1.31272147505752
-0.868948974808288
-3.03553390593365
-4.73788717647375
-5.72868960032156
-6.01923203528293
-5.83638578902655
-5.49999999999992
-5.27114540178054
-5.23219203436273
-5.24668254627306
-5.01540172789989
-4.20710678118648
-2.61267756707289
-0.26143343827953
2.54802849764741
5.31800560177
7.49999999999976
8.66825087409669
8.65538450565717
7.60069057024827
5.89383051644801
4.03553390593205
2.46735579894495
1.43331154376639
0.92317503998792
0.715482114705067
0.49999999999994
0.0292467816292405
-0.761920914091697
-1.71660540010111
-2.51244077082017
-2.79289321881345
-2.32203403081793
-1.1015165365958
0.597904398717717
2.30585902963083
3.49999999999984
3.7788907214745
2.9970564742266
1.31272147505634
-0.868948974807978
-3.03553390593193
-4.73788717647455
-5.72868960032192
-6.01923203528293
-5.8363857890266
-5.49999999999996
-5.27114540178056
-5.23219203436273
-5.24668254627306
-5.01540172789996
-4.20710678118578
-2.61267756707317
-0.261433438279894
2.54802849764701
5.3180056017715
7.50000000000078
8.66825087409619
8.65538450565766
7.60069057024741
5.89383051644692
4.03553390593229
2.46735579894513
1.4333115437665
0.923175039987739
0.715482114705089
0.499999999999983
0.029246781629328
-0.761920914091571
-1.71660540010098
-2.51244077082009
-2.79289321881346
-2.32203403081742
-1.10151653659491
0.597904398716173
2.30585902963062
3.5000000000003
3.77889072147435
2.99705647422677
1.31272147505807
-0.868948974807667
-3.0355339059331
-4.73788717647436
-5.72868960032183
-6.01923203528293
-5.83638578902664
-5.50000000000001
-5.27114540178057
-5.23219203436272
-5.24668254627304
-5.01540172790002
-4.2071067811868
-2.61267756707344
-0.26143343827834
2.5480284976487
5.31800560177115
7.49999999999929
8.66825087409653
8.65538450565733
7.60069057024761
5.89383051644718
4.03553390593254
2.46735579894531
1.4333115437666
0.923175039987781
0.715482114705111
0.4999999999998
0.0292467816294151
-0.761920914091446
-1.71660540010085
-2.51244077082043
-2.79289321881342
-2.32203403081817
-1.10151653659622
0.597904398717224
2.30585902963152
3.50000000000019
3.77889072147438
2.99705647422695
1.31272147505689
-0.868948974807357
-3.03553390593283
-4.73788717647417
-5.72868960032175
-6.01923203528293
-5.83638578902668
-5.50000000000005
-5.2711454017805
-5.23219203436274
-5.24668254627308
-5.01540172790009
-4.20710678118611
-2.61267756707227
-0.261433438278703
2.54802849764622
5.3180056017708
7.5000000000003
8.66825087409645
8.65538450565741
7.60069057024781
5.89383051644743
4.03553390593278
2.46735579894549
1.4333115437667
0.923175039987599
0.715482114705132
0.500000000000069
0.0292467816295034
-0.761920914091983
-1.7166054001014
-2.51244077082035
-2.79289321881348
-2.32203403081766
-1.10151653659533
0.597904398716978
2.30585902963131
3.50000000000008
3.77889072147442
2.99705647422713
1.31272147505717
-0.868948974807047
-3.035533905934
-4.73788717647399
-5.72868960032166
-6.01923203528293
-5.8363857890265
-5.49999999999986
-5.27114540178061
-5.23219203436272
-5.24668254627305
-5.01540172789981
-4.20710678118627
-2.61267756707254
-0.261433438279067
2.54802849764791
5.31800560177045
7.50000000000007
8.66825087409637
8.65538450565748
7.60069057024801
5.89383051644769
4.03553390593302
2.46735579894472
1.43331154376626
0.923175039987866
0.715482114705155
0.499999999999886
0.0292467816291291
-0.761920914091857
-1.7166054001006
-2.51244077082027
-2.79289321881344
-2.32203403081778
-1.10151653659554
0.597904398716733
2.3058590296311
3.49999999999998
3.77889072147445
2.9970564742273
1.31272147505599
-0.868948974806737
-3.03553390593228
-4.7378871764738
-5.72868960032203
-6.01923203528293
-5.83638578902654
-5.50000000000013
-5.27114540178053
-5.23219203436273
-5.24668254627306
-5.01540172789988
-4.20710678118643
-2.61267756707282
-0.261433438279431
2.54802849764752
5.3180056017701
7.50000000000108
8.66825087409629
8.65538450565756
7.60069057024822
5.89383051644659
4.03553390593198
2.4673557989449
1.43331154376691
0.923175039987685
0.715482114705061
0.499999999999929
0.0292467816292166
-0.761920914091732
-1.71660540010115
-2.51244077082019
-2.79289321881345
-2.3220340308179
-1.10151653659464
0.597904398716486
2.30585902963089
3.49999999999987
3.7788907214743
2.99705647422655
1.31272147505772
-0.868948974806427
-3.03553390593345
-4.7378871764746
-5.72868960032194
-6.01923203528293
-5.83638578902658
-5.49999999999995
-5.27114540178055
-5.23219203436273
-5.24668254627306
-5.01540172789994
-4.20710678118659
-2.61267756707309
-0.261433438279795
2.54802849764921
5.3180056017716
7.49999999999959
8.66825087409621
8.65538450565722
7.60069057024736
5.89383051644685
4.03553390593351
2.46735579894508
1.43331154376647
0.923175039987727
0.715482114705083
0.499999999999972
0.0292467816293036
-0.761920914091605
-1.71660540010102
-2.51244077082011
-2.79289321881341
-2.32203403081802
-1.10151653659596
0.59790439871624
2.30585902963179
3.50000000000033
3.77889072147434
2.99705647422765
1.31272147505654
-0.868948974807752
-3.03553390593318
-4.73788717647441
-5.72868960032186
-6.01923203528293
-5.83638578902663
-5.49999999999999
-5.27114540178057
-5.23219203436275
-5.24668254627307
-5.0154017279
-4.20710678118676
-2.61267756707192
-0.26143343827824
2.54802849764673
5.31800560176939
7.5000000000006
8.66825087409655
8.6553845056573
7.60069057024756
5.89383051644711
4.03553390593247
2.46735579894526
1.43331154376657
0.92317503998777
0.715482114705105
0.500000000000015
0.029246781629392
-0.76192091409148
-1.71660540010157
-2.51244077082046
-2.79289321881347
-2.32203403081813
-1.10151653659506
0.597904398717291
2.30585902963158
3.49999999999965
3.77889072147437
2.9970564742269
1.31272147505682
-0.868948974807441
-3.0355339059329
-4.73788717647422
-5.72868960032177
-6.01923203528293
-5.83638578902667
-5.49999999999981
-5.27114540178059
-5.23219203436272
-5.24668254627308
-5.01540172789973
-4.20710678118606
-2.61267756707219
-0.261433438280523
2.54802849764842
5.3180056017709
7.50000000000037
