"x"
5.86140655421804
6.29604609125751
6.27214474612738
5.79774329477952
4.91972682741951
3.71922093034415
2.30380549225257
0.797303321893555
-0.67186712383715
-1.98264999963989
-3.0324704393035
-3.74644819617828
-4.08383124504743
-4.04104838417391
-3.6511121271285
-2.97946076065474
-2.11667635369527
-1.16881969895197
-0.246353926793627
0.547236655518824
1.12600016763423
1.43019652014121
1.43224439932863
1.1393505517277
0.592566263814634
-0.137628952899966
-0.958771381956641
-1.76613863808649
-2.4537830357872
-2.92576761998458
-3.10647719172518
-2.94896544276115
-2.44049073765733
-1.60466843886342
-0.500000000000002
0.78510421178217
2.14034524834154
3.44383435570625
4.57367808386488
5.41972682741951
5.89434265755393
5.94113287704865
5.540789417102
4.71345221297367
3.5173500003601
2.04383190313237
0.409252646737694
-1.2555208546263
-2.81698317325927
-4.1511121271285
-5.15458248786452
-5.75400373849135
-5.91230579416042
-5.63167326360445
-4.95276334448117
-3.95030217480165
-2.72550432277478
-1.3960659910925
-0.0847146591869277
1.09256626381463
2.03749277430983
2.67855600283943
2.97734745712195
2.93153630102362
2.57423238001541
1.96982515071068
1.20673540015482
0.38781965276379
-0.380603227948792
-0.999999999999998
-1.39001751542762
-1.49698213645454
-1.2996517395022
-0.81164125294593
-0.0802731725804851
0.818040315118062
1.78543203413268
2.71247902668087
3.48938700205904
4.01735000036011
4.21895363034217
4.04658003153378
3.48796524058214
2.56833616355154
1.3488878728715
-0.0782801454286475
-1.59830289557536
-3.08399540373928
-4.40760805268981
-5.45276334448118
-6.12542390201143
-6.36283170757084
-6.13955208630095
-5.47003399599775
-4.40743373618536
-3.03880956812605
-1.47714484007654
0.149037066700818
1.70747109010899
3.07423238001543
4.14494687792048
4.8440627849509
5.13130574797225
5.00471610886202
4.5
3.68628482700825
2.65871870646145
1.52865865091894
0.412423957968698
-0.580273172580493
-1.35708141209173
-1.8518953506634
-2.03100706852757
-1.89593233475179
-1.48264999963988
-0.857348712093716
-0.109120811382197
0.659654850161027
1.3442709526369
1.84888787287151
2.09684158178114
2.0390244892207
1.65949069146916
0.977711284121011
0.0472366555188257
-1.04912155957557
-2.20713086465488
-3.31124169587981
-4.24596878508312
-4.90743373618538
-5.21393129533584
-5.11447222487262
-4.59444902850763
-3.67784824670183
-2.42576761998459
-0.931355464515371
0.688361942034922
2.30299535755113
3.78065089794741
4.99999999999999
5.86140655421804
6.29604609125751
6.27214474612738
5.79774329477952
4.91972682741951
3.71922093034414
2.30380549225256
0.797303321893535
-0.671867123837148
-1.9826499996399
-3.03247043930348
-3.74644819617826
-4.08383124504743
-4.04104838417391
-3.65111212712849
-2.97946076065474
-2.11667635369527
-1.16881969895196
-0.246353926793615
0.54723665551882
1.12600016763422
1.43019652014121
1.43224439932863
1.1393505517277
0.59256626381465
-0.137628952899987
-0.958771381956657
-1.76613863808652
-2.4537830357872
-2.92576761998458
-3.10647719172518
-2.94896544276115
-2.44049073765734
-1.60466843886344
-0.500000000000019
0.78510421178216
2.14034524834156
3.44383435570626
4.57367808386489
5.41972682741952
5.89434265755393
5.94113287704865
5.54078941710201
4.71345221297368
3.51735000036011
2.04383190313241
0.40925264673769
-1.25552085462632
-2.8169831732593
-4.1511121271285
-5.15458248786453
-5.75400373849135
-5.91230579416041
-5.63167326360444
-4.95276334448119
-3.95030217480166
-2.7255043227748
-1.39606599109247
-0.0847146591869237
1.09256626381465
2.03749277430982
2.67855600283943
2.97734745712195
2.9315363010236
2.57423238001544
1.96982515071071
1.20673540015482
0.387819652763754
-0.380603227948788
-1
-1.39001751542762
-1.49698213645454
-1.29965173950219
-0.811641252945948
-0.0802731725805006
0.818040315118055
1.78543203413267
2.71247902668089
3.48938700205905
4.01735000036012
4.21895363034217
4.04658003153378
3.48796524058215
2.56833616355155
-3.03553390593273
-4.73788717647417
-5.72868960032178
-6.01923203528293
-5.83638578902665
-5.49999999999999
-5.27114540178056
-5.23219203436273
-5.24668254627306
-5.01540172789994
-4.20710678118654
-2.61267756707291
-0.261433438279551
2.54802849764752
5.31800560177021
7.49999999999998
8.66825087409637
8.65538450565746
7.60069057024789
5.89383051644744
4.0355339059327
2.46735579894538
1.43331154376664
0.923175039987782
0.715482114705104
0.5
0.0292467816293325
-0.761920914091607
-1.71660540010106
-2.51244077082016
-2.79289321881345
-2.3220340308179
-1.10151653659568
0.597904398716648
2.30585902963109
3.50000000000001
3.77889072147444
2.99705647422713
1.31272147505709
-0.868948974807245
-3.03553390593273
-4.73788717647417
-5.72868960032177
-6.01923203528293
-5.83638578902664
-5.50000000000001
-5.27114540178057
-5.23219203436273
-5.24668254627306
-5.01540172789994
-4.20710678118654
-2.61267756707291
-0.261433438279435
2.54802849764764
5.31800560177021
7.49999999999998
8.66825087409637
8.65538450565746
7.60069057024789
5.89383051644744
4.03553390593271
2.46735579894538
1.4333115437666
0.923175039987784
0.715482114705105
0.5
0.0292467816293334
-0.761920914091605
-1.71660540010102
-2.51244077082016
-2.79289321881345
-2.32203403081786
-1.10151653659568
0.597904398716646
2.30585902963109
3.50000000000001
3.77889072147443
2.99705647422719
1.31272147505718
-0.868948974807139
-3.03553390593282
-4.73788717647416
-5.72868960032177
-6.01923203528293
-5.83638578902664
-5.49999999999999
-5.27114540178057
-5.23219203436273
-5.24668254627307
-5.01540172789994
-4.20710678118654
-2.61267756707292
-0.26143343827944
2.54802849764764
5.31800560177032
7.49999999999998
8.66825087409637
8.65538450565746
7.60069057024789
5.89383051644744
4.03553390593279
2.46735579894544
1.4333115437666
0.923175039987784
0.715482114705105
0.500000000000015
0.0292467816293334
-0.761920914091646
-1.71660540010106
-2.51244077082016
-2.79289321881345
-2.32203403081786
-1.10151653659568
0.597904398716643
2.30585902963102
3.50000000000001
3.77889072147444
2.99705647422713
1.31272147505709
-0.868948974807135
-3.03553390593281
-4.73788717647416
-5.72868960032177
-6.01923203528293
-5.83638578902664
-5.50000000000001
-5.27114540178056
-5.23219203436273
-5.24668254627307
-5.01540172789992
-4.20710678118654
-2.61267756707292
-0.261433438279564
2.54802849764763
5.3180056017702
7.50000000000005
8.66825087409637
8.65538450565746
7.60069057024783
5.89383051644745
4.03553390593271
2.46735579894545
1.43331154376661
0.923175039987784
0.715482114705098
0.500000000000001
0.0292467816293351
-0.761920914091561
-1.71660540010106
-2.51244077082016
-2.79289321881345
-2.32203403081786
-1.10151653659569
0.597904398716721
2.30585902963109
3.50000000000001
3.77889072147444
2.99705647422714
1.31272147505719
-0.868948974807132
-3.03553390593281
-4.73788717647416
-5.7286896003218
-6.01923203528293
-5.83638578902664
-5.50000000000001
-5.27114540178056
-5.23219203436273
-5.24668254627307
-5.01540172789996
-4.20710678118655
-2.61267756707283
-0.261433438279448
2.54802849764763
5.3180056017702
7.50000000000005
8.66825087409637
8.65538450565746
7.60069057024796
5.89383051644745
4.0355339059328
2.46735579894539
1.43331154376661
0.92317503998777
0.715482114705105
0.500000000000016
0.0292467816293358
-0.76192091409156
-1.71660540010106
-2.51244077082013
-2.79289321881345
-2.32203403081782
-1.10151653659562
0.597904398716637
2.30585902963102
3.5
3.77889072147444
2.99705647422714
1.31272147505719
-0.868948974807231
-3.03553390593272
-4.73788717647422
-5.72868960032177
-6.01923203528293
-5.83638578902664
-5.50000000000001
-5.27114540178056
-5.23219203436273
-5.24668254627306
-5.01540172789994
-4.20710678118649
-2.61267756707292
-0.261433438279572
2.54802849764762
5.31800560177019
7.50000000000005
8.66825087409637
8.65538450565744
7.6006905702479
5.89383051644737
4.03553390593272
2.46735579894545
1.43331154376668
0.923175039987785
0.715482114705098
0.500000000000002
0.0292467816293083
-0.7619209140916
-1.7166054001011
-2.51244077082016
-2.79289321881345
-2.32203403081794
-1.10151653659569
0.597904398716554
2.30585902963108
3.50000000000004
3.77889072147443
2.99705647422708
1.3127214750571
-0.868948974807125
-3.03553390593262
-4.73788717647416
-5.72868960032174
-6.01923203528293
-5.83638578902666
-5.49999999999999
-5.27114540178056
-5.23219203436273
-5.24668254627307
-5.01540172789996
-4.20710678118655
-2.61267756707302
-0.261433438279456
2.54802849764749
5.3180056017703
7.49999999999997
8.66825087409639
8.65538450565746
7.60069057024796
5.89383051644746
4.0355339059328
2.46735579894539
1.43331154376664
0.923175039987772
0.715482114705106
0.499999999999989
0.0292467816292807
-0.76192091409164
-1.71660540010105
-2.51244077082013
-2.79289321881345
-2.3220340308179
-1.10151653659562
0.597904398716631
2.30585902963115
3.5
3.77889072147442
2.99705647422714
1.31272147505719
-0.868948974807223
-3.03553390593271
-4.73788717647422
-5.72868960032177
-6.01923203528293
-5.83638578902664
-5.49999999999998
-5.27114540178056
-5.23219203436273
-5.24668254627306
-5.01540172789994
-4.2071067811865
-2.61267756707293
-0.26143343827934
2.54802849764762
5.31800560177042
7.50000000000004
8.66825087409636
8.65538450565749
7.6006905702479
5.89383051644737
4.03553390593272
2.46735579894533
1.43331154376661
0.923175039987758
0.715482114705099
0.500000000000003
0.0292467816293678
-0.761920914091597
-1.71660540010101
-2.51244077082016
-2.79289321881345
-2.32203403081787
-1.10151653659556
0.59790439871671
2.30585902963108
3.49999999999997
3.77889072147443
2.9970564742272
1.31272147505711
-0.868948974807321
-3.0355339059328
-4.73788717647428
-5.7286896003218
-6.01923203528293
-5.83638578902666
-5.5
-5.27114540178057
-5.23219203436273
-5.24668254627307
-5.01540172789992
-4.20710678118645
-2.61267756707284
-0.261433438279464
2.54802849764748
5.3180056017703
7.49999999999996
8.66825087409639
8.65538450565747
7.60069057024784
5.89383051644746
4.03553390593265
2.4673557989454
1.43331154376665
0.923175039987772
0.715482114705106
0.49999999999999
0.0292467816293405
-0.761920914091637
-1.71660540010105
-2.51244077082018
-2.79289321881345
-2.32203403081791
-1.10151653659563
0.597904398716626
2.30585902963115
3.5
3.77889072147442
2.99705647422715
1.31272147505702
-0.868948974807216
-3.0355339059327
-4.73788717647409
-5.72868960032177
-6.01923203528293
-5.83638578902664
-5.49999999999998
-5.27114540178057
-5.23219203436273
-5.24668254627306
-5.01540172789995
-4.20710678118661
-2.61267756707294
-0.261433438279588
2.54802849764761
5.31800560177041
7.50000000000004
8.66825087409641
8.65538450565744
7.60069057024791
5.89383051644755
4.03553390593273
2.46735579894546
1.43331154376661
0.923175039987787
0.7154821147051
0.499999999999976
0.0292467816293114
-0.761920914091594
-1.71660540010101
-2.51244077082016
-2.79289321881345
-2.32203403081787
-1.1015165365957
0.597904398716704
2.30585902963121
3.50000000000003
3.77889072147443
2.99705647422721
1.31272147505711
-0.868948974807111
-3.03553390593279
-4.73788717647415
-5.72868960032179
-6.01923203528293
-5.83638578902663
-5.5
-5.27114540178057
-5.23219203436273
-5.24668254627307
-5.01540172789993
-4.20710678118656
-2.61267756707285
-0.261433438279472
2.54802849764773
5.31800560177029
7.49999999999996
8.66825087409639
8.65538450565747
7.60069057024784
5.89383051644747
4.03553390593265
2.4673557989454
1.43331154376658
0.923175039987773
0.715482114705106
0.500000000000019
0.0292467816293414
-0.761920914091551
-1.71660540010113
-2.51244077082018
-2.79289321881345
-2.32203403081791
-1.10151653659563
0.59790439871662
2.305859029631
3.49999999999993
3.77889072147442
2.99705647422715
1.31272147505721
-0.868948974807414
-3.03553390593288
-4.73788717647421
-5.72868960032176
-6.01923203528293
-5.83638578902665
-5.50000000000001
-5.27114540178058
-5.23219203436273
-5.24668254627306
-5.01540172789995
-4.20710678118651
-2.61267756707294
-0.261433438279596
2.54802849764734
5.3180056017704
7.50000000000003
8.66825087409636
8.6553845056575
7.60069057024778
5.89383051644739
4.03553390593274
2.46735579894534
1.43331154376662
0.923175039987788
0.715482114705114
0.499999999999976
0.0292467816293143
-0.761920914091591
-1.716605400101
-2.51244077082015
-2.79289321881345
-2.32203403081795
-1.10151653659557
0.597904398716699
2.30585902963107
3.49999999999996
3.77889072147441
2.9970564742271
1.31272147505712
-0.868948974807103
-3.03553390593278
-4.73788717647414
-5.72868960032173
-6.01923203528293
-5.83638578902663
-5.5
-5.27114540178057
-5.23219203436273
-5.24668254627307
-5.01540172789997
-4.20710678118645
-2.61267756707286
-0.261433438279481
2.54802849764746
5.31800560177051
7.50000000000011
8.66825087409639
8.65538450565747
7.60069057024785
5.89383051644747
4.03553390593282
2.46735579894528
1.43331154376658
0.923175039987775
0.715482114705108
0.499999999999991
0.0292467816293431
-0.761920914091549
-1.71660540010096
-2.51244077082018
-2.79289321881345
-2.32203403081791
-1.1015165365955
0.597904398716777
2.30585902963114
3.49999999999999
3.77889072147442
2.99705647422715
1.31272147505721
-0.868948974806998
-3.03553390593287
-4.7378871764742
-5.72868960032176
-6.01923203528293
-5.83638578902665
-5.50000000000001
-5.27114540178058
-5.23219203436273
-5.24668254627306
-5.01540172789995
-4.20710678118662
-2.61267756707277
-0.261433438279365
2.54802849764759
5.31800560177039
7.50000000000003
8.66825087409636
8.6553845056575
7.60069057024778
5.89383051644739
4.03553390593274
2.46735579894547
1.43331154376662
0.923175039987789
0.715482114705114
0.499999999999977
0.029246781629316
-0.761920914091588
-1.716605400101
-2.5124407708202
-2.79289321881345
-2.32203403081787
-1.10151653659571
0.597904398716693
2.30585902963106
3.49999999999996
3.77889072147441
2.9970564742271
1.31272147505713
-0.868948974807096
-3.03553390593278
-4.73788717647414
-5.72868960032173
-6.01923203528293
-5.83638578902663
-5.5
-5.27114540178057
-5.23219203436273
-5.24668254627306
-5.01540172789993
-4.20710678118656
-2.61267756707286
-0.261433438279489
2.54802849764745
5.31800560177004
7.5000000000001
8.66825087409638
8.65538450565747
7.60069057024785
5.89383051644748
4.03553390593282
2.46735579894553
1.43331154376658
0.923175039987775
0.715482114705108
0.500000000000021
0.0292467816292876
-0.761920914091628
-1.71660540010104
-2.51244077082018
-2.79289321881344
-2.32203403081784
-1.10151653659564
0.59790439871661
2.30585902963099
3.49999999999992
3.77889072147447
2.99705647422716
1.31272147505722
-0.86894897480699
-3.03553390593287
-4.7378871764742
-5.72868960032176
-6.01923203528293
-5.83638578902662
-5.49999999999999
-5.27114540178057
-5.23219203436273
-5.24668254627306
-5.01540172789991
-4.20710678118651
-2.61267756707296
-0.261433438279613
2.54802849764732
5.31800560176992
7.50000000000002
8.66825087409635
8.6553845056575
7.60069057024779
5.8938305164474
4.03553390593275
2.46735579894547
1.43331154376655
0.923175039987762
0.715482114705101
0.500000000000007
0.0292467816292601
-0.761920914091669
-1.71660540010108
-2.51244077082015
-2.79289321881346
-2.32203403081796
-1.10151653659585
0.597904398716688
2.30585902963106
3.49999999999996
3.77889072147446
2.9970564742271
1.31272147505713
-0.868948974807089
-3.03553390593295
-4.73788717647426
-5.72868960032179
-6.01923203528293
-5.83638578902661
-5.49999999999997
-5.27114540178056
-5.23219203436273
-5.24668254627307
-5.01540172789997
-4.20710678118667
-2.61267756707287
-0.261433438279498
2.54802849764744
5.31800560177003
7.5000000000001
8.66825087409638
8.65538450565747
7.60069057024799
5.89383051644732
4.03553390593267
2.46735579894541
1.43331154376652
0.923175039987749
0.715482114705094
0.499999999999994
0.0292467816293476
-0.761920914091543
-1.71660540010095
-2.51244077082007
-2.79289321881345
-2.32203403081792
-1.10151653659579
0.597904398716766
2.30585902963113
3.49999999999999
3.77889072147445
2.99705647422705
1.31272147505704
-0.868948974807188
-3.03553390593268
-4.73788717647432
-5.72868960032181
-6.01923203528293
-5.83638578902665
-5.50000000000001
-5.27114540178058
-5.23219203436272
-5.24668254627306
-5.01540172789995
-4.20710678118662
-2.61267756707314
-0.261433438279382
2.54802849764757
5.31800560177014
7.50000000000017
8.66825087409641
8.65538450565745
7.60069057024792
5.89383051644723
4.03553390593259
2.46735579894536
1.43331154376662
0.92317503998779
0.715482114705116
0.500000000000036
0.0292467816293196
-0.761920914091583
-1.716605400101
-2.51244077082009
-2.79289321881345
-2.32203403081788
-1.10151653659572
0.59790439871652
2.30585902963119
3.50000000000002
3.77889072147444
2.99705647422699
1.31272147505696
-0.868948974807287
-3.03553390593277
-4.73788717647413
-5.72868960032173
-6.01923203528293
-5.83638578902669
-5.5
-5.27114540178057
-5.23219203436273
-5.24668254627306
-5.01540172789993
-4.20710678118657
-2.61267756707306
-0.261433438279266
2.5480284976477
5.31800560177026
7.49999999999994
8.66825087409643
8.65538450565742
7.60069057024786
5.89383051644749
4.03553390593283
2.46735579894554
1.43331154376673
0.923175039987777
0.715482114705109
0.500000000000022
0.0292467816292921
-0.761920914091623
-1.71660540010104
-2.51244077082012
-2.79289321881345
-2.32203403081784
-1.10151653659565
0.597904398716598
2.30585902963126
3.50000000000006
3.77889072147443
2.99705647422693
1.31272147505687
-0.868948974807386
-3.03553390593285
-4.73788717647419
-5.72868960032176
-6.01923203528293
-5.83638578902668
-5.49999999999999
-5.27114540178057
-5.23219203436273
-5.24668254627306
-5.01540172789991
-4.20710678118652
-2.61267756707297
-0.26143343827915
2.54802849764782
5.31800560177037
7.50000000000001
8.66825087409646
1.43019652014121
1.43224439932858
1.13935055172768
0.592566263814623
-0.137628952899943
-0.958771381956594
-1.76613863808657
-2.45378303578725
-2.92576761998461
-3.10647719172522
-2.94896544276117
-2.44049073765735
-1.60466843886346
-0.499999999999872
0.785104211782274
2.1403452483416
3.44383435570627
4.57367808386505
5.41972682741961
5.89434265755398
5.94113287704868
5.540789417102
4.71345221297371
3.51735000036021
2.04383190313228
0.409252646737671
-1.25552085462626
-2.81698317325918
-4.15111212712858
-5.15458248786454
-5.75400373849134
-5.91230579416041
-5.63167326360438
-4.95276334448111
-3.95030217480161
-2.72550432277456
-1.39606599109236
-0.0847146591868739
1.09256626381462
2.0374927743098
2.67855600283939
2.97734745712191
2.9315363010236
2.57423238001536
1.96982515071065
1.20673540015481
0.387819652763673
-0.380603227948872
-1.00000000000004
-1.39001751542764
-1.49698213645455
-1.29965173950218
-0.811641252945907
-0.0802731725804713
0.81804031511823
1.78543203413282
2.71247902668098
3.48938700205906
4.01735000036011
4.21895363034217
4.04658003153382
3.48796524058213
2.56833616355156
1.34888787287156
-0.0782801454285236
-1.59830289557546
-3.08399540373931
-4.40760805268978
-5.45276334448128
-6.12542390201147
-6.36283170757085
-6.13955208630096
-5.47003399599764
-4.40743373618526
-3.03880956812598
-1.47714484007653
0.14903706670083
1.70747109010893
3.07423238001534
4.14494687792047
4.84406278495085
5.1313057479722
5.00471610886201
4.49999999999991
3.68628482700819
2.65871870646142
1.52865865091877
0.412423957968599
-0.580273172580521
-1.3570814120917
-1.8518953506634
-2.03100706852751
-1.89593233475168
-1.48264999963979
-0.857348712093691
-0.109120811382209
0.65965485016098
1.34427095263698
1.84888787287154
2.09684158178116
2.03902448922073
1.65949069146913
0.977711284120983
0.0472366555188244
-1.04912155957553
-2.207130864655
-3.31124169587991
-4.24596878508317
-4.90743373618549
-5.21393129533589
-5.11447222487264
-4.59444902850764
-3.67784824670181
-2.4257676199846
-0.931355464515483
0.68836194203476
2.30299535755118
3.78065089794739
4.99999999999995
5.86140655421807
6.2960460912575
6.27214474612737
5.79774329477954
4.91972682741941
3.71922093034408
2.30380549225257
0.797303321893617
-0.671867123837267
-1.98264999963992
-3.03247043930346
-3.74644819617826
-4.0838312450474
-4.04104838417389
-3.65111212712853
-2.97946076065467
-2.11667635369524
-1.16881969895198
-0.246353926793676
0.547236655518882
1.12600016763424
1.4301965201412
1.43224439932859
1.13935055172763
0.592566263814563
-0.137628952900017
-0.958771381956832
-1.76613863808665
-2.45378303578732
-2.92576761998466
-3.10647719172518
-2.94896544276117
-2.44049073765738
-1.60466843886337
-0.499999999999986
0.785104211782138
2.14034524834145
3.44383435570635
4.57367808386492
5.41972682741952
5.89434265755393
5.94113287704865
5.54078941710198
4.71345221297367
3.51735000035999
2.04383190313228
0.409252646737668
-1.25552085462626
-2.81698317325925
-4.15111212712842
-5.15458248786443
-5.75400373849128
-5.91230579416039
-5.63167326360443
-4.95276334448121
-3.95030217480154
-2.72550432277471
-1.39606599109251
-0.0847146591869983
1.09256626381471
2.03749277430983
2.67855600283939
2.97734745712188
2.93153630102351
2.57423238001529
1.96982515071058
1.2067354001548
0.387819652763812
-0.380603227948751
-0.999999999999953
-1.39001751542763
-1.49698213645454
-1.29965173950221
-0.811641252945984
-0.0802731725804304
0.818040315118095
1.78543203413268
2.71247902668101
3.48938700205912
4.01735000036016
4.2189536303422
4.04658003153377
3.48796524058212
2.56833616355152
1.34888787287151
-0.0782801454285924
-1.59830289557526
-3.08399540373913
-4.40760805268985
-5.45276334448117
-6.12542390201142
-6.36283170757085
-6.13955208630094
-5.47003399599776
-4.40743373618542
-3.03880956812617
-1.47714484007646
0.149037066700835
1.70747109010892
3.07423238001552
4.1449468779205
4.84406278495085
5.13130574797217
5.00471610886202
4.50000000000002
3.68628482700832
2.65871870646136
1.52865865091891
0.412423957968723
-0.580273172580427
-1.35708141209176
-1.85189535066339
-2.03100706852755
-1.89593233475176
-1.48264999963979
-0.857348712093618
-0.10912081138213
0.659654850161202
1.34427095263704
1.84888787287159
2.09684158178119
2.03902448922069
1.65949069146917
0.977711284121062
0.0472366555189363
-1.0491215595756
0.598076211352822
2.99999999999967
4.59807621135319
4.96410161513778
4.00000000000009
1.96410161513834
-0.598076211353333
-2.99999999999963
-4.59807621135317
-4.96410161513779
-4.00000000000013
-1.96410161513787
0.598076211352715
3.00000000000004
4.59807621135315
4.9641016151378
4.00000000000016
1.96410161513792
-0.598076211353226
-2.99999999999954
-4.59807621135313
-4.9641016151378
-4.00000000000019
-1.96410161513797
0.598076211353173
2.99999999999995
4.5980762113531
4.96410161513781
4.00000000000022
1.96410161513802
-0.598076211353119
-2.99999999999946
-4.59807621135331
-4.96410161513782
-4.00000000000025
-1.96410161513807
0.598076211353065
2.99999999999987
4.59807621135306
4.96410161513775
4.00000000000029
1.96410161513812
-0.598076211353012
-2.99999999999982
-4.59807621135326
-4.96410161513783
-3.99999999999998
-1.96410161513816
0.598076211352958
2.99999999999978
4.59807621135324
4.96410161513777
4.00000000000035
1.96410161513821
-0.598076211352905
-2.99999999999974
-4.59807621135322
-4.96410161513784
-4.00000000000004
-1.96410161513774
0.598076211352851
2.99999999999969
4.59807621135298
4.96410161513778
4.00000000000007
1.96410161513831
-0.598076211352798
-3.00000000000011
-4.59807621135318
-4.96410161513779
-4.00000000000011
-1.96410161513836
0.598076211353309
2.99999999999961
4.59807621135316
4.96410161513779
4.00000000000048
1.96410161513789
-0.598076211353255
-2.99999999999956
-4.59807621135314
-4.96410161513773
-4.00000000000017
-1.96410161513794
0.598076211352637
2.99999999999952
4.59807621135334
4.96410161513781
4.0000000000002
1.96410161513799
-0.598076211352584
-2.99999999999993
-4.59807621135332
-4.96410161513781
-4.00000000000024
-1.96410161513856
0.598076211353095
2.99999999999989
4.59807621135307
4.96410161513782
3.99999999999993
1.96410161513809
-0.598076211353041
-2.99999999999985
-4.59807621135305
-4.96410161513776
-4.0000000000003
-1.96410161513814
0.598076211352988
2.99999999999935
4.59807621135325
4.96410161513776
4.00000000000033
1.96410161513819
-0.598076211353499
-2.99999999999976
-4.59807621135323
-4.96410161513784
-4.00000000000037
-1.96410161513771
0.59807621135288
2.99999999999972
4.59807621135321
4.96410161513784
4.00000000000006
1.96410161513776
-0.598076211352827
-2.99999999999967
-4.59807621135297
-4.96410161513778
-4.00000000000009
-1.96410161513834
0.598076211352773
3.00000000000009
4.59807621135317
4.96410161513779
4.00000000000012
1.96410161513839
-0.598076211353284
-2.99999999999959
-4.59807621135315
-4.9641016151378
-4.0000000000005
-1.96410161513791
0.598076211353231
2.99999999999955
4.59807621135313
4.96410161513773
4.00000000000019
1.96410161513796
-0.598076211352613
-2.9999999999995
-4.59807621135333
-4.96410161513781
-4.00000000000022
-1.96410161513801
0.598076211352559
2.99999999999991
4.59807621135331
4.96410161513781
4.00000000000025
1.96410161513858
-0.59807621135307
-2.99999999999987
-4.59807621135306
-4.96410161513782
-3.99999999999994
-1.96410161513811
0.598076211353017
2.99999999999983
4.59807621135304
4.96410161513776
3.99999999999998
1.96410161513816
-0.598076211352963
-2.99999999999933
-4.59807621135324
-4.96410161513777
-4.00000000000035
-1.96410161513821
0.598076211353474
2.99999999999974
4.59807621135322
4.96410161513777
4.00000000000038
1.96410161513774
-0.598076211352856
-2.9999999999997
-4.5980762113532
-4.96410161513785
-4.00000000000007
-1.96410161513779
0.598076211352803
2.99999999999965
4.5980762113534
4.96410161513779
4.0000000000001
1.96410161513836
-0.598076211352749
-3.00000000000007
-4.59807621135316
-4.96410161513779
-4.00000000000014
-1.96410161513841
0.59807621135326
3.00000000000002
4.59807621135314
4.9641016151378
4.00000000000051
1.96410161513793
-0.598076211353206
-2.99999999999953
-4.59807621135312
-4.96410161513774
-4.0000000000002
-1.96410161513798
0.598076211353153
2.99999999999948
4.59807621135332
4.96410161513781
4.00000000000023
1.96410161513803
-0.598076211352535
-2.99999999999989
-4.5980762113533
-4.96410161513782
-4.00000000000027
-1.96410161513756
0.598076211353046
2.99999999999985
4.59807621135305
4.96410161513782
3.99999999999996
1.96410161513813
-0.598076211352993
-2.99999999999981
-4.59807621135303
-4.96410161513776
-3.99999999999999
-1.96410161513818
0.598076211352939
2.99999999999931
4.59807621135323
4.96410161513777
4.00000000000036
1.96410161513823
-0.59807621135345
-2.99999999999972
-4.59807621135321
-4.96410161513778
-4.0000000000004
-1.96410161513776
0.598076211352832
2.99999999999968
4.59807621135319
4.96410161513785
4.00000000000009
1.96410161513781
-0.598076211352778
-2.99999999999964
-4.59807621135339
-4.96410161513779
-4.00000000000012
-1.96410161513838
0.598076211352725
3.00000000000005
4.59807621135315
4.96410161513779
4.00000000000015
1.96410161513843
-0.598076211353236
-3
-4.59807621135313
-4.9641016151378
-4.00000000000052
-1.96410161513796
0.598076211353182
2.99999999999951
4.59807621135311
4.96410161513774
4.00000000000022
1.96410161513801
-0.598076211353129
-2.99999999999946
-4.59807621135331
-4.96410161513781
-4.00000000000025
-1.96410161513806
0.598076211352511
2.99999999999987
4.59807621135329
4.96410161513782
4.00000000000028
1.96410161513758
-0.598076211353022
-2.99999999999983
-4.59807621135304
-4.96410161513783
-3.99999999999997
-1.96410161513816
0.598076211352968
2.99999999999979
4.59807621135302
4.96410161513777
4
1.96410161513821
-0.598076211352914
-2.99999999999929
-4.59807621135322
-4.96410161513777
-4.00000000000038
-1.96410161513825
0.598076211353425
2.9999999999997
4.5980762113532
4.96410161513778
4.00000000000041
1.96410161513778
-0.598076211352808
-2.99999999999966
-4.59807621135318
-4.96410161513785
-4.0000000000001
-1.96410161513783
0.598076211352754
2.99999999999962
4.59807621135338
4.96410161513779
4.00000000000013
1.9641016151384
-0.598076211352701
-3.00000000000003
-4.59807621135314
-4.9641016151378
-4.00000000000017
-1.96410161513845
0.598076211353212
2.99999999999998
4.59807621135312
4.9641016151378
4.00000000000054
1.96410161513798
-0.598076211353158
-2.99999999999949
-4.5980762113531
-4.96410161513774
-4.00000000000023
-1.96410161513803
0.598076211353105
2.99999999999944
4.5980762113533
4.96410161513782
4.00000000000026
1.96410161513808
-0.598076211352487
-2.99999999999985
-4.59807621135328
-4.96410161513782
-4.0000000000003
-1.96410161513761
0.598076211352997
2.99999999999981
4.59807621135303
4.96410161513783
3.99999999999999
1.96410161513818
-0.598076211352944
-2.99999999999977
-4.59807621135301
-4.96410161513777
-4.00000000000002
-1.96410161513823
0.59807621135289
2.99999999999927
4.59807621135321
4.96410161513777
4.00000000000039
1.96410161513828
-0.598076211353401
-2.99999999999968
-4.59807621135319
-4.96410161513778
-4.00000000000042
-1.9641016151378
0.598076211352783
2.99999999999964
4.59807621135317
4.96410161513786
4.00000000000012
1.96410161513785
-0.59807621135273
-2.9999999999996
-4.59807621135337
-4.96410161513779
-4.00000000000015
-1.96410161513843
0.598076211352676
3.00000000000001
4.59807621135313
4.9641016151378
4.00000000000018
1.96410161513848
-0.598076211353187
-2.99999999999996
-4.59807621135311
-4.96410161513781
-4.00000000000055
-1.964101615138
0.598076211353133
2.99999999999947
4.59807621135309
4.96410161513775
4.00000000000025
1.96410161513805
-0.59807621135308
-2.99999999999942
-4.59807621135329
-4.96410161513775
-4.00000000000028
-1.9641016151381
0.598076211352462
2.99999999999984
4.59807621135327
4.96410161513783
4.00000000000031
1.96410161513763
-0.598076211352973
-2.99999999999979
-4.59807621135325
-4.96410161513783
-4
-1.9641016151382
0.598076211352919
2.99999999999975
4.598076211353
4.96410161513777
4.00000000000003
1.96410161513825
-0.598076211352866
-3.00000000000016
-4.5980762113532
-4.96410161513778
-4.00000000000041
-1.9641016151383
0.598076211353377
2.99999999999966
4.59807621135318
4.96410161513778
4.00000000000044
1.96410161513783
-0.598076211353323
-2.99999999999962
-4.59807621135316
-4.96410161513786
-4.00000000000013
-1.96410161513788
0.598076211352706
2.99999999999958
4.59807621135337
4.9641016151378
-7.9028082513945
-6.14313496085847
-3.73559569741195
-1.04381295779525
1.5487432359788
3.69842057824855
5.15232905382623
5.78244274262351
5.59774211749215
4.7331070204198
3.41765484836547
1.92867421022525
0.539641873746905
-0.528361574743831
-1.14333155021292
-1.28089782482156
-1.02189815281354
-0.529924656913831
-0.0134120876858972
0.320396985233955
0.310840514627293
-0.120043232631017
-0.947585520026005
-2.04471525652888
-3.2026330199736
-4.16846139599199
-4.69323621634773
-4.58159493429853
-3.73403261524215
-2.17373242032311
-0.0525515740766034
2.36568191080813
4.74244762954327
6.71661617496372
7.96285435925531
8.24658055502098
7.46607301172588
5.67432490654742
3.07652155151674
0.00303802052437185
-3.13806052588208
-5.92158246709319
-7.96917499791983
-9.00640490169925
-8.90376068297217
-7.69500894809738
-5.57005812958582
-2.84366861481322
0.0947057483900262
2.84161755120931
5.04090951452279
6.43567214161619
6.90267115729226
6.46410161513767
5.27541030698204
3.59196773676741
1.72087490692813
-0.0334349575257935
-1.42028865734234
-2.281850256399
-2.57377214005178
-2.36438708908752
-1.81326774470404
-1.13364050235458
-0.545962512411618
-0.231462771934316
-0.294356121033221
-0.739786216728835
-1.47163842525582
-2.31070593737532
-3.02994268980549
-3.40036190111727
-3.23910599802418
-2.45068952745218
-1.05350400565415
0.813807923569273
2.9079851973694
4.91676051794567
6.50881687166691
7.38977752798232
7.35465347242271
6.32755430553991
4.38145059131668
1.73403261524211
-1.28030506726527
-4.25828894055094
-6.78794196473864
-8.51147828448112
-9.18071779010146
-8.6959613796751
-7.12193211682479
-4.67813104698729
-1.70514990862827
1.38758006362058
4.18410648748364
6.32425260231289
7.55590055628501
7.76903065493782
7.00640490169934
5.44972319538403
3.38416843347023
1.14779807565558
-0.925362040124203
-2.55880736352856
-3.57472457162981
-3.91626107632669
-3.64773017687797
-2.93349615937269
-2.00000000000008
-1.08826579897324
-0.405775660336413
-0.0865568177362999
-0.166709385455993
-0.579711342657705
-1.17218723118881
-1.73706837457507
-2.05787296484299
-1.95576291023413
-1.33046111278332
-0.187144508008366
1.35611121013053
3.08229808577177
4.70896121464895
5.93574004039398
6.49785044538385
6.21613476623641
5.03467999030925
3.03896165504211
0.450689527452427
-2.40053348193437
-5.12464843819687
-7.33024525129974
-8.6857911728834
-8.97291848680455
-8.12288454840225
-6.23000503422595
-3.53961234080135
-0.412275593397174
2.73006899989549
5.46744957527365
7.44448101698159
8.42226005393051
8.31133394149932
7.18071779010178
5.24192389208691
2.81109160219757
0.255870993056729
-2.06388074631028
-3.85168167875896
-4.91721350790392
-5.19960416411657
-4.76795859154642
-3.79985565701801
-2.54230328656169
-1.26257868737532
-0.197976357039458
0.486520013536749
0.725217697142554
0.558807363528734
0.120687084041351
-0.394579438301096
-0.774529877053093
-0.835534495565332
-0.46410161513778
0.355158778553044
1.5304240985329
2.87449878247494
4.13588438337575
5.04381295779552
5.35933173919747
4.9232604510061
3.69219105403503
1.75561856725259
-0.669538887216425
-3.26689297958015
-5.66695172475762
-7.50455813970215
-8.47799186958648
-8.39984165553163
-7.23095746580383
-5.09148632804038
-2.24673802557125
0.930213342877229
4.01341208768492
6.58767798994247
8.31084051462723
8.96456334049209
8.48564682990145
6.97291848680459
4.6688470608143
1.91916451959902
-0.882647713128811
-3.35675506154074
-5.19417061503315
-6.20055659569437
-6.3198325787855
-5.63431808919209
-4.34215894357985
-2.71661617496376
-1.05477938407818
0.375100474233208
1.37844709613504
1.86373640332847
1.85168167875891
1.46317602031532
0.88876364948936
0.34569853761583
0.0308250020804484
0.0782016714238019
0.529471666955254
1.32262479523608
2.30142195120196
3.24395730077765
3.90529425160906
4.06645742396725
3.58077151473197
2.40884796624489
0.635390152583367
-1.5358983848625
-3.80919626614094
-5.84126461315998
-7.29675883640536
-7.90491503831365
-7.50791457293334
-6.09243875961752
-3.79861201280934
-0.904249089296331
2.21355643066712
5.13364050235422
7.45403748758851
8.85314380118874
9.13887622889422
8.27784752660466
6.39984165553215
3.77691997821579
0.780645813412581
-2.17552202835986
-4.69924399781556
-6.4775137028233
-7.32078501036293
-7.18619207643086
-6.17662137575368
-4.51647183198181
-2.50881687166663
-0.481702552805698
1.26702755683155
2.51696580232123
3.15661071855923
3.19417061503345
2.7465191081058
2.00899206415779
1.21205803526158
0.573128288641915
0.25251455982598
0.321672363658412
0.749547963962925
1.40949486860349
2.10543859459066
2.61241993637838
2.72396848769268
2.2974284269417
1.28861955157621
-0.230969345062286
-2.07820167142318
-3.98350915454336
-5.63346530986329
-6.7236820051322
-7.01298795571508
-6.36939586674666
-4.79956444438724
-2.45612307653536
0.379093998493071
3.333784845336
5.99999999999996
7.99634077414983
9.02745668959101
8.93107692559722
7.70477069533189
5.50791457293331
2.63840127202889
-0.512228501817515
-3.51801096463422
-5.98258708560487
-7.59774211749197
-8.18714450800841
-7.72849536299258
-6.3509342641557
-4.30867252868456
-1.93574004039398
0.410224529792767
2.40554626301828
3.80984011755164
4.49909965483329
4.47751370282337
3.86674752277425
2.87535156180364
1.75436132182334
0.747441177044055
0.0447152565289475
-0.251404467614587
-0.142379118635264
0.270976162417429
0.812564279360495
1.26993100010439
1.44062539990233
1.17720001227267
0.422260053930314
-0.773272631623674
-2.25251455982562
-3.77570985124657
-5.06038847859012
-5.83175492253404
-5.87446924952893
-5.07652155151677
-3.45707550811316
-1.17277998874539
1.49932241316236
4.2001443429821
6.54230328656126
8.17065366255209
8.81965738629408
8.35800009432455
6.81284361273345
4.36939586674688
1.34552695679931
-1.85471743809191
-4.80135405242417
-7.10281550027407
-8.46410161513787
-8.72944779457008
-7.90280825139456
-6.14313496085853
-3.73559569741214
-1.04381295779592
1.54874323597914
3.6984205782486
5.15232905382632
5.78244274262363
5.59774211749229
4.73310702041993
3.4176548483655
1.92867421022532
0.539641873746999
-0.528361574743723
-1.14333155021281
-1.28089782482134
-1.02189815281371
-0.529924656914001
-0.0134120876860511
0.320396985233837
0.310840514627225
-0.120043232630955
-0.947585520025688
-2.04471525652886
-3.20263301997361
-4.16846139599205
-4.69323621634799
-4.58159493429841
-3.73403261524207
-2.17373242032307
-0.0525515740766029
2.36568191080809
4.74244762954313
6.71661617496364
7.96285435925531
8.24658055502091
7.46607301172583
5.67432490654663
3.07652155151674
0.00303802052437629
-3.13806052588183
-5.92158246709259
-7.9691749979197
-9.00640490169919
-8.9037606829722
-7.6950089480975
-5.57005812958585
-2.84366861481325
0.0947057483909692
2.84161755120934
5.04090951452285
6.43567214161604
6.90267115729216
6.46410161513765
5.27541030698207
3.5919677367675
1.72087490692825
-0.0334349575257993
-1.4202886573424
-2.28185025639942
-2.57377214005228
-2.36438708908769
-1.81326774470396
-1.13364050235452
-0.545962512411576
-0.231462771934361
-0.294356121033207
-0.739786216728764
-1.4716384252557
-2.31070593737517
-3.02994268980558
-3.40036190111739
-3.23910599802432
-2.45068952745234
-1.05350400565432
0.813807923569114
2.90798519736934
4.91676051794558
6.50881687166681
7.3897775279819
7.35465347242262
6.32755430553953
4.38145059131691
1.73403261524237
-1.28030506726502
-4.25828894055071
-6.78794196473833
-8.5114782844811
-9.18071779010145
-8.69596137967511
-7.12193211682481
-4.67813104698731
-1.70514990862728
1.38758006362059
4.18410648748366
6.32425260231294
7.55590055628509
7.76903065493792
7.00640490169986
5.44972319538412
3.38416843347029
1.1477980756556
-0.925362040124226
-2.55880736352866
-3.5747245716294
-3.91626107632631
-3.64773017687813
-2.93349615937284
-2.0000000000002
-1.08826579897332
-0.405775660336436
-0.0865568177361871
-0.166709385455899
-0.579711342657569
-1.17218723118915
-1.73706837457543
-2.05787296484337
-1.95576291023378
-1.33046111278325
-0.187144508008353
1.35611121013049
3.08229808577169
4.70896121464884
5.93574004039386
6.49785044538373
6.21613476623645
5.03467999030918
3.03896165504208
0.450689527452425
-2.40053348193435
-5.12464843819634
-7.3302452512997
-8.68579117288336
-8.97291848680452
-8.12288454840253
-6.23000503422636
-3.53961234080088
-0.412275593397179
2.7300689998955
5.46744957527448
7.44448101698163
8.42226005393057
8.31133394149939
7.18071779010185
5.24192389208697
2.8110916021979
0.255870993057143
-2.06388074631055
-3.85168167875903
-0.484028109166866
-0.542145618011733
0.918818628579578
4.11785925672268
7.77689302217787
9.85006837778668
8.89083912838809
5.06082983316133
0.0388306231440962
-4.10234368239799
-6.22517420977771
-6.69761378729167
-6.82046097829348
-7.59120389986224
-8.77752684541568
-9.02757711633561
-6.94544700218011
-2.31355103445882
3.48562293051875
8.20710678118588
10.1333060589841
9.11699729965757
6.53077260641704
4.18455492533334
3.03094757941832
2.61848296540611
1.67295956717157
-0.673519991938775
-3.97760040375342
-6.62724552850504
-6.95498499911585
-4.49747812156505
-0.44810945929088
3.06064132724705
4.34055598711502
3.19788386873585
0.901617691712316
-0.872528777750926
-1.30783578950652
-0.967314150568984
-1.19394396270481
-2.87392977055357
-5.53580999721763
-7.50765763049642
-7.05233131265833
-3.65182075622202
1.51775192887158
6.28848929895668
8.87941291437789
8.95415948322407
7.60818623744703
6.34023521271627
5.81808078998256
5.38773280458444
3.69615242270722
-0.0604947567760978
-5.23854187446013
-9.9210625862399
-12.0825318899181
-10.9107474312833
-7.32191308698688
-3.29467499923872
-0.518421090569251
0.651097505315385
1.18146156936117
2.35297343437154
4.55495127906226
6.83331084042021
7.55352147648788
5.68479699091476
1.72468161458745
-2.46221410196336
-4.81061446446029
-4.39192232218505
-1.95515778539032
0.707578890074327
2.08141489380853
1.94709382444671
1.35429309284022
1.60658730993976
3.06536740209008
4.71498596721981
4.84931103705543
2.3805856831781
-2.21534901892313
-7.04801629927519
-9.97744795684061
-9.96192380189926
-7.61933295886638
-4.61949613240836
-2.39222471826568
-1.13340873482878
0.152611510599062
2.63461419569793
6.46876975292716
10.3869824517665
12.416308545057
11.2254009301034
7.10612164999607
1.85387197238579
-2.38024987157845
-4.43492697020039
-4.71344093719191
-4.60333276223126
-5.22162183937622
-6.46224370918213
-7.07767952394429
-5.72864774806114
-2.18852574251687
2.24135911624502
5.46262305294684
5.95047953293335
3.7679366143472
0.481512317226399
-1.95425510130399
-2.5180674285916
-1.68412200686582
-0.842245378278364
-1.05566999392969
-2.13006046877419
-2.72119211709641
-1.40991309624726
2.07389429038029
6.42598252597326
9.49999999999987
9.69062436490241
6.96890871856502
2.82366582523048
-0.828936855091321
-2.94726802059635
-3.91705094052605
-4.97450680946991
-6.97990499117834
-9.51313430968597
-11.0146908533452
-9.89534459457107
-5.79037134038002
-0.00542776520825761
5.20872990834036
8.04766276830128
8.21137564916128
6.87983329172757
5.6630051281819
5.33963058713441
5.33907084866947
4.34158994322801
1.51351555428641
-2.59545040176225
-6.2147644116823
-7.49501300674074
-5.7999093373158
-2.18935485231452
1.27499751853198
2.90119731436267
2.41862557729087
0.96071986080551
0.0338502134770065
0.282546884049724
1.00028747974449
0.755792827252423
-1.35338797558939
-4.79586018037652
-7.7729740051471
-8.37542510873187
-5.8972556508582
-1.34369748697189
3.24085890669379
6.12904528607171
6.95748250455406
6.71699547529502
6.74041875921146
7.49531087451679
8.12620405923456
7.11083978240582
3.53670840982195
-1.98242516659897
-7.47570588238877
-10.7888300644759
-10.9274562281179
-8.60262416203127
-5.59880610916567
-3.45411901212412
-2.44035150039298
-1.58606650261468
0.313694091125849
3.50804909617227
6.86307454831288
8.5564178182416
7.39407746360336
3.76286658109199
-0.512482393342892
-3.32998158019884
-3.65553880266009
-2.08379905293313
-0.232050807569502
0.548134877189443
0.159484483985798
-0.29007018348346
0.486525614604673
2.7616629717405
5.37349067134126
6.43809294504155
4.6898670241711
0.45865527335531
-4.45251302685372
-7.91578377751064
-8.82237229503935
-7.65380053264712
-5.89622598104485
-4.7789401452936
-4.31415512808908
-3.37057274275831
-0.715155967635944
3.78968985749802
8.77689302217763
12.1100894295881
12.2568645321727
9.30347052028057
4.86895764206549
0.986104494150586
-1.22517420977728
-2.12680370094908
-2.9903339593708
-4.76277677511574
-7.14355224919932
-8.69940771711164
-7.94544700217959
-4.5735720862612
0.119597526734366
3.96446609406706
5.30317904006243
4.02854912310923
1.53077260641673
-0.386255161009493
-0.799179439504219
-0.209944159339241
0.0389849709555292
-1.00168939116285
-2.97760040375315
-4.36722447670358
-3.58895959533161
-0.254837434447392
4.38201755963097
8.14908950379544
9.3405559871154
7.76869395507796
4.73174471063563
1.95589834699563
0.326138806709094
-0.639144751345039
-2.19394396270459
-5.13395082235489
-8.90183540100134
-11.7502983176152
-11.8824583315804
-8.74026893277118
-3.48224807112763
1.71767921261406
5.04928589545532
6.12573235847739
5.97421164123103
6.0120658134921
6.81808078998196
7.64775385638568
7.06217782649102
4.18214593034307
-0.408414855536264
-4.83261440969174
-7.08253188991826
-6.33993734494058
-3.49178606806406
-0.466247874492929
1.11555350564651
0.979266904539286
0.181461569361449
0.0929523825703211
1.18892587527742
2.59067015330126
2.72339445756624
0.596348814366986
-3.27531838541313
-7.03302418830759
-8.64074148338267
-7.22034944693086
-3.58913238160604
0.37940949084964
3.08141489380847
4.20711487624824
4.72031849662517
5.84922799705856
7.89549442101174
9.80343414376775
9.84931103705492
6.95139576952172
1.61477799999968
-4.2195891745296
-8.34347336062379
-9.63375440267458
-8.61933295886596
-6.87951718421004
-5.75825012204933
-5.37604942194633
-4.67751550832258
-2.45383398084976
1.46876975292559
5.81617236542309
8.58618152613509
8.39697380535713
5.47214705377976
1.52570257316207
-1.38024987157838
-2.17490591839874
-1.34741553340859
-0.360692075111979
-0.391494820453705
-1.3737955326346
-2.07767952394452
-1.15783766171863
1.64160127640558
5.06978624099157
7.09659764916305
6.2786489321574
2.76793661434678
-1.77850873457594
-5.3202805050884
-6.76070811571018
-6.51424902578866
-5.93069355482576
-6.05566999392949
-6.7008705551169
-6.5513191360181
-4.23834022099279
0.439919694163454
6.09781312675038
10.5000000000001
11.9506454167031
10.3349341223486
7.06630651235009
4.00119016383004
2.14118015594986
1.082949059474
-0.403696723127231
-3.14977797225588
-6.68470718493887
-9.38071625712891
-9.56717519534701
-6.79037134038037
-2.26544881700957
1.84270450455561
3.80502208118223
3.38124863023871
1.79138511517985
0.663005128181712
0.768820500791072
1.50894382974782
1.5131628184817
-0.120459041929804
-2.92361980098606
-5.21476441168321
-5.23499195493949
-2.43388393353095
2.05328583480562
6.10512453745269
7.98964549091014
7.41862557729165
5.53152994714884
3.86397723239944
3.11097400879578
2.63426207595969
1.0839622264752
-2.35338797558839
-7.05588123217762
-11.1389994089318
-12.6180657958511
-10.7273826697799
-6.43214566351893
-1.75914109330629
1.55823519972958
3.12735548563172
3.88856835054798
5.10644416299571
7.16714147529257
9.12620405923347
9.37086083420724
6.90273381360781
2.26021552051996
-2.64557886346704
-5.70038188792779
-5.92745622811726
-4.0318140756885
-1.76867909024277
-0.625691887377321
-0.806376904177843
-1.25789710339067
-0.686305908873864
1.24802804437059
3.49704914452824
4.31377713112299
2.56395044468159
-1.32558159545685
-5.51248239334346
-7.90079166654179
-7.48566582158211
-4.91222617768024
-1.86602540378529
0.219965477965562
1.15948448398564
1.96995086831916
3.85255101838995
7.00430365885888
10.2036176902639
11.5265411215897
9.68986702417117
5.02946535969736
-0.622386007931056
-5.08735665276513
-7.18839769882348
-7.32563113342352
-6.89622598104478
-7.0389611970946
-7.68018053187323
-7.61321342987677
-5.54528298655956
-1.29875831905071
3.77689302217818
7.53927934324525
8.42673751325002
6.47504339553457
3.23498304585029
0.657935094926478
-0.225174209778275
0.133217350853088
0.37569144441315
-0.520136087996451
-2.31342523027664
-3.61095954056462
-2.94544700217992
-0.0027619999177515
3.94972454565541
6.79289321881298
6.93715363627819
4.35671852233339
0.530772606417124
-2.64627621281024
-4.16520484328841
-4.45258484645969
-4.79114204796758
-6.09013756771125
-7.9776004037537
-8.93803456304667
-7.41908661425517
-3.08326455919304
2.74804296341618
7.82092010457173
10.3405559871149
10.0287150068798
8.09777011441927
6.19853903411436
5.156265825631
4.44930342520155
2.8060560372968
-0.563140736010647
-5.07170838207955
-8.92187119286923
-10.2484837353647
-8.41209953354784
-4.48224807112808
-0.54234183918814
1.68326049167165
1.88309167135924
1.14408462230881
0.923617636944268
1.81808078998171
3.0769437700425
3.23205080756942
1.35371880559703
-2.04238945175158
-5.160783808915
-6.08253188991847
-4.07991629313869
-0.125760664279726
3.77639281262755
5.9456805245684
6.06771508108755
5.18146156936255
4.66376246891333
5.01905289420045
5.41909727804763
4.35736905378251
0.924518213591623
-4.275318385413
-9.29304524010827
-12.0067668871672
-11.4629901340506
-8.41925940052881
-4.70903868569745
-1.91858510619047
-0.363695210094357
0.890191477701016
3.02080087231159
6.26151982479545
9.47526474454454
10.8493110370554
9.21141682132207
4.9808034037847
0.023051512590422
-3.51334634170242
-4.54530622612755
-3.61933295886554
-2.30870709786725
-1.92812310312697
-2.54762229720102
-3.04354091210778
-2.12566458162642
0.468769752927257
3.55615131362113
5.22015612235058
4.15433311823789
0.642020034857568
-3.56274560338641
-6.38024987157809
-6.7457160047421
-5.17754255233135
-3.18911919985855
-2.02546941667008
-1.70196493185837
-1.077679523945
1.10218339008215
5.00762668018971
9.31242692811108
11.926724668085
11.3670971087059
7.7679366143477
2.79230135176779
-1.49015348616689
-3.93228099096425
-4.88027442957321
-5.60252415560161
-7.05566999392897
-8.96089160691901
-9.91734453980331
-8.48098090811228
-4.39020732475947
1.00936495020158
5.49999999999918
7.37983533036065
6.50480710342678
4.2378793876026
2.36721556761445
1.81301075672743
2.08294905947367
1.85632432867472
0.216247431528287
-2.44206649781927
-4.55058923820632
-4.47872701879951
-1.79037134037905
2.30536126933391
5.67283152347937
6.63344920592898
5.01522322645511
2.11955451440401
-0.336994871817625
-1.49120055100961
-1.85708157403644
-2.72947786863707
-4.95058606085135
-8.01206797753443
-10.2147644116829
-9.80580204128172
-6.26401095245434
-0.77514128994176
4.47114994123741
7.66147609168755
8.41862557729139
7.79155099895019
7.2300026361837
7.35361469591502
7.46438909488292
6.17241040302354
2.64661202441017
-2.4850711458337
-7.30887239000853
-9.78963867110457
-9.0934080735642
-6.10397626429379
-2.75914109330647
-0.701785852073523
-0.238669918152367
-0.354072336571726
0.276317144073502
2.07869329874539
4.12620405923281
4.80005074786438
3.07260679468421
-0.568211604226998
-4.27955345968303
-6.02855128715175
-4.92745622811817
-1.77179302388766
1.59734631354083
3.61694879974114
4.02375011474438
3.83055107315715
4.3136940911259
5.81883813071414
7.32717616345134
7.14220425586843
4.19792504089847
-0.997412196231986
-6.51248239334239
-10.160812718344
-10.8516912253661
-9.15486686479844
-6.69615242270776
-4.8684826985827
-3.84051551601561
-2.60085921802456
0.0224239994671056
4.17587653411154
8.56964309404715
11.1983717223656
10.6898670241705
7.28948641149846
2.74363939585153
-0.844715965644021
-2.35827067990145
-2.2371829568762
-1.89622598104438
-2.46815111075224
-3.85005351295022
-4.78478630513017
-3.91130839034258
-0.970588919825273
2.77689302217841
5.27925829144426
5.06071210946593
2.23240270841457
-1.59514397307099
-4.4305130816209
-5.22517420977702
-4.43759273548994
-3.45443557450926
-3.34856321274349
-3.94739982649334
-3.93912893978728
-1.9454470021792
2.25725905188305
7.31574994944092
11.0355339059325
11.7672806552006
9.44516669888067
5.53077260641689
1.92453387353331
-0.335077824365868
-1.6241577217122
-3.15716745175108
-5.76196816848726
-8.97760040375152
-11.1980556148481
-10.7851120180384
-7.32590524631166
-2.08208405550439
2.73247192802524
5.34055598711412
5.45790492053737
4.26764309549629
3.37011190936835
3.52229122941542
4.12113402597791
3.80605603729551
1.69688031578946
-1.70568297829516
-4.67923050574989
-5.4183567164421
-3.32365135699898
0.517751928871136
4.02846824715417
5.51338751059303
4.7115187961046
2.7780592185254
1.25178703616852
0.818080789982873
0.816922718241058
-0.133974596216021
-2.88892188152364
-6.87251647067503
-10.2492319854638
-11.0825318899184
-8.65072637948128
-3.95588768320161
0.947965687878279
4.31170592835215
5.73954568186247
6.18146156936135
6.92378352071482
8.38507829798413
9.66173796516678
9.18749607270375
6.01296639013879
0.724681614586634
-4.72223515376691
-8.17663986824366
-8.63456300930443
-6.78528480431339
-4.38086928647378
-2.91858510619106
-2.62371626189591
-2.47583392608152
-1.22183981480674
1.43139280587413
-1.47714484007623
0.149037066701052
1.70747109010873
3.07423238001516
4.14494687792041
4.84406278495076
5.13130574797232
5.00471610886185
4.49999999999989
3.68628482700822
2.65871870646157
1.52865865091867
0.412423957968505
-0.580273172580244
-1.35708141209159
-1.85189535066338
-2.03100706852752
-1.89593233475148
-1.48264999963951
-0.857348712093698
-0.109120811382221
0.659654850161401
1.34427095263723
1.84888787287151
2.09684158178117
2.03902448922085
1.65949069146929
0.97771128412103
0.0472366555185637
-1.04912155957583
-2.20713086465472
-3.31124169587959
-4.24596878508327
-4.90743373618548
-5.21393129533609
-5.11447222487269
-4.59444902850777
-3.67784824670204
-2.42576761998453
-0.931355464515069
0.68836194203519
2.30299535755064
3.7806508979473
5.00000000000005
5.86140655421805
6.29604609125754
6.27214474612737
5.7977432947796
4.91972682741967
3.71922093034399
2.30380549225248
0.797303321892903
-0.671867123836709
-1.98264999963976
-3.03247043930332
-3.74644819617839
-4.08383124504743
-4.04104838417379
-3.65111212712846
-2.9794607606546
-2.11667635369516
-1.1688196989519
-0.246353926793224
0.547236655518815
1.1260001676342
1.43019652014119
1.43224439932853
1.13935055172752
0.592566263814755
-0.137628952899784
-0.958771381956869
-1.7661386380867
-2.45378303578749
-2.92576761998476
-3.10647719172537
-2.94896544276139
-2.44049073765727
-1.60466843886334
-0.499999999999922
0.785104211781684
2.14034524834155
3.44383435570622
4.57367808386483
5.41972682741975
5.89434265755398
5.94113287704873
5.54078941710219
4.71345221297376
3.51735000035997
2.04383190313187
0.409252646738399
-1.25552085462598
-2.81698317325919
-4.15111212712867
-5.15458248786458
-5.75400373849133
-5.91230579416045
-5.63167326360436
-4.95276334448112
-3.95030217480165
-2.72550432277435
-1.39606599109265
-0.0847146591871466
1.09256626381438
2.03749277430996
2.67855600283949
2.97734745712185
2.93153630102356
2.57423238001542
1.96982515071072
1.20673540015444
0.387819652763466
-0.380603227948676
-0.999999999999898
-1.39001751542772
-1.49698213645458
-1.2996517395022
-0.811641252945703
-0.0802731725804744
0.818040315118062
1.78543203413266
2.71247902668108
3.48938700205918
4.01735000036017
4.21895363034231
4.0465800315338
3.48796524058218
2.56833616355137
1.34888787287128
-0.078280145428461
-1.59830289557513
-3.08399540373943
-4.4076080526899
-5.45276334448128
-6.12542390201129
-6.36283170757087
-6.13955208630103
-5.47003399599776
-4.4074337361851
-3.03880956812578
-1.47714484007701
0.149037066700546
1.70747109010905
3.07423238001542
4.14494687792059
4.84406278495079
5.13130574797218
5.004716108862
4.4999999999997
3.68628482700797
2.65871870646129
1.52865865091921
0.412423957968644
-0.580273172580452
-1.35708141209173
-1.85189535066344
-2.0310070685274
-1.89593233475162
-1.48264999964002
-0.857348712093487
-0.109120811381991
0.659654850161623
1.34427095263667
1.8488878728716
2.09684158178123
2.03902448922083
1.65949069146903
0.977711284121186
0.0472366555190584
-1.04912155957569
-2.20713086465496
-3.31124169587986
-4.24596878508349
-4.90743373618553
-5.21393129533582
-5.11447222487265
-4.59444902850763
-3.67784824670182
-2.42576761998491
-0.931355464515828
0.688361942034846
2.30299535755099
3.78065089794781
5.00000000000028
5.8614065542179
6.29604609125744
6.27214474612733
5.79774329477943
4.91972682741943
3.71922093034463
2.30380549225258
0.797303321893628
-0.671867123837019
-1.98264999964001
-3.03247043930349
-3.74644819617814
-4.08383124504736
-4.0410483841737
-3.65111212712829
-2.97946076065438
-2.11667635369561
-1.16881969895192
-0.246353926793644
0.547236655518993
1.12600016763431
1.43019652014122
1.4322443993286
1.13935055172764
0.59256626381457
-0.137628952900008
-0.958771381957106
-1.7661386380865
-2.4537830357872
-2.9257676199846
-3.10647719172542
-2.94896544276108
-2.44049073765714
-1.60466843886381
-0.500000000000163
0.785104211782119
2.14034524834187
3.44383435570652
4.57367808386473
5.41972682741936
5.89434265755401
5.94113287704871
5.54078941710207
4.71345221297331
3.51735000036028
2.04383190313263
0.409252646738033
-1.25552085462662
-2.8169831732595
-4.1511121271281
-5.15458248786419
-5.75400373849137
-5.91230579416042
-5.63167326360423
-4.95276334448091
-3.95030217480178
-2.72550432277498
-1.39606599109234
-0.0847146591868593
1.09256626381462
2.03749277430957
2.67855600283929
2.97734745712179
2.93153630102347
2.57423238001526
1.96982515071051
1.20673540015483
0.387819652763855
-0.380603227948878
-1.00000000000005
-1.3900175154278
-1.4969821364546
-1.29965173950223
-0.811641252946002
-0.0802731725802626
0.81804031511831
1.78543203413276
2.71247902668067
3.48938700205924
4.0173500003603
4.21895363034208
4.04658003153375
3.48796524058243
2.56833616355189
1.34888787287168
-0.078280145428792
-1.59830289557547
-3.08399540373976
-4.40760805268943
-5.45276334448114
-6.1254239020114
-6.36283170757088
-6.13955208630093
-5.47003399599795
-4.40743373618569
-3.03880956812608
-1.47714484007665
0.149037066700899
1.70747109010937
3.07423238001511
4.14494687792016
4.84406278495087
5.13130574797216
5.00471610886189
4.50000000000002
3.68628482700855
2.65871870646137
1.52865865091893
0.412423957968386
-0.580273172580732
-1.35708141209159
-1.85189535066327
-2.03100706852738
-1.89593233475175
-1.48264999963985
-0.857348712093825
-0.109120811381921
0.659654850160984
1.34427095263686
1.84888787287173
2.09684158178128
2.03902448922074
1.65949069146929
0.977711284121002
0.047236655518816
-1.04912155957598
-2.2071308646544
-3.31124169587979
-4.2459687850831
-4.90743373618549
-5.21393129533588
-5.11447222487261
-4.59444902850798
-3.67784824670183
-2.42576761998461
-0.931355464515484
0.688361942035207
2.30299535755091
3.78065089794716
4.99999999999977
5.86140655421804
6.29604609125747
6.27214474612727
5.79774329477976
4.91972682741959
3.71922093034432
2.30380549225225
0.797303321893289
-0.671867123836717
-1.98264999963944
-3.03247043930351
-3.74644819617822
-4.08383124504735
-4.0410483841736
-3.65111212712846
-2.97946076065475
-2.11667635369536
-1.16881969895167
-0.24635392679352
0.547236655518657
1.12600016763409
1.43019652014117
1.43224439932865
1.13935055172751
0.592566263814385
-0.137628952900039
-0.958771381956459
-1.76613863808672
-2.45378303578738
-2.92576761998472
-3.10647719172513
-2.94896544276127
-2.44049073765747
-1.6046684388636
-0.499999999999893
0.785104211782427
2.14034524834122
3.44383435570593
4.57367808386497
5.41972682741982
5.8943426575541
5.94113287704879
5.54078941710237
4.71345221297356
3.51735000035999
2.04383190313228
0.409252646737666
-1.25552085462626
-2.81698317325918
-4.15111212712835
-5.15458248786436
-5.7540037384914
-5.91230579416034
-5.63167326360447
-4.95276334448132
-3.95030217480192
-2.72550432277422
-1.39606599109203
-0.0847146591874663
1.09256626381429
2.0374927743099
2.67855600283937
2.97734745712179
2.93153630102385
2.57423238001516
1.96982515071044
1.2067354001546
0.387819652763863
-0.380603227948705
-1.00000000000008
-1.39001751542768
-1.49698213645452
-1.29965173950225
-0.811641252945611
-0.0802731725806614
0.818040315117734
1.78543203413229
2.71247902668134
3.48938700205943
4.01735000036042
4.21895363034207
4.04658003153395
3.48796524058229
2.56833616355167
1.34888787287139
-0.0782801454284867
-1.59830289557518
-3.08399540373907
-4.4076080526897
-5.45276334448106
-6.12542390201168
-6.36283170757088
-6.13955208630105
-5.47003399599799
-4.40743373618507
-3.03880956812575
-1.47714484007718
0.149037066700124
1.70747109010904
3.07423238001537
4.14494687792061
4.84406278495095
5.13130574797201
5.00471610886181
4.50000000000001
3.6862848270083
2.65871870646154
1.52865865091822
0.412423957968881
-0.5802731725803
-1.35708141209157
-1.85189535066336
-2.03100706852755
-1.89593233475189
-1.48264999964011
-0.857348712093203
-0.109120811381975
0.659654850161205
1.34427095263704
1.84888787287183
2.09684158178118
2.03902448922072
1.65949069146918
0.977711284121054
0.0472366555189141
-1.04912155957543
-2.20713086465469
-3.31124169587963
-4.24596878508369
-4.90743373618564
-5.21393129533583
-5.11447222487276
-4.59444902850773
-3.6778482467016
-2.42576761998431
-0.931355464516241
0.688361942034863
2.30299535755125
3.78065089794746
5
5.86140655421801
6.29604609125748
6.27214474612739
5.7977432947796
4.91972682741969
3.71922093034349
2.30380549225296
0.797303321894014
-0.671867123836651
-1.98264999964023
-3.03247043930368
-3.74644819617831
-4.08383124504728
-4.04104838417375
-3.65111212712829
-2.97946076065453
-2.1166763536951
-1.16881969895185
-0.246353926793564
0.547236655518835
1.1260001676342
1.43019652014117
1.43224439932849
1.13935055172772
0.592566263814698
-0.137628952899851
-0.95877138195714
-1.76613863808695
-2.4537830357871
-2.92576761998456
-3.10647719172534
-2.94896544276123
-2.44049073765734
-1.60466843886339
-0.499999999999963
0.785104211782195
2.14034524834154
3.44383435570622
4.57367808386483
5.41972682741949
5.89434265755397
5.94113287704877
5.54078941710204
4.71345221297335
3.5173500003597
2.04383190313304
0.409252646738187
-1.25552085462662
-2.81698317325949
-4.15111212712861
-5.1545824878642
-5.75400373849128
-5.9123057941603
-5.63167326360433
-4.95276334448116
-3.95030217480164
-2.72550432277485
-1.39606599109267
-0.0847146591870369
1.09256626381452
2.03749277431006
2.67855600283915
2.977347457122
2.93153630102376
2.574232380015
1.96982515071023
1.20673540015436
0.387819652764253
-0.380603227949116
-1.00000000000023
-1.39001751542776
-1.49698213645452
-1.2996517395022
-0.811641252945909
-0.0802731725804486
0.818040315117983
1.78543203413255
2.71247902668158
3.48938700205911
4.01735000035999
4.21895363034211
4.0465800315339
3.48796524058214
2.56833616355192
1.34888787287203
-0.078280145428818
-1.59830289557553
-3.08399540373955
-4.40760805268998
-5.45276334448121
-6.12542390201146
-6.36283170757084
-6.13955208630095
-5.4700339959978
-4.40743373618567
-3.03880956812624
-1.47714484007682
0.149037066700478
1.70747109010936
3.07423238001591
4.14494687792018
4.84406278495071
5.131305747972
5.00471610886191
4.49999999999982
3.68628482700875
2.65871870646118
1.5286586509188
0.412423957968622
-0.580273172580509
-1.3570814120917
-1.85189535066336
-2.03100706852754
-1.89593233475179
-1.48264999963994
-0.857348712092992
-0.109120811382349
0.659654850160848
1.34427095263675
1.84888787287196
2.09684158178123
2.03902448922069
1.65949069146944
0.977711284120974
0.0472366555186716
-1.0491215595757
-2.20713086465498
-3.31124169587999
-4.24596878508316
-4.9074337361854
-5.21393129533589
-5.11447222487272
-4.59444902850733
-3.67784824670213
-2.42576761998498
-0.931355464515897
0.688361942035487
2.3029953575516
3.7806508979468
4.9999999999995
5.86140655421816
6.29604609125752
6.27214474612732
5.79774329477943
4.91972682741944
3.71922093034412
2.30380549225262
0.797303321893676
-0.67186712383696
-1.98264999963966
-3.03247043930326
-3.74644819617806
-4.08383124504728
-4.04104838417365
-3.65111212712813
-2.97946076065491
-2.11667635369555
-1.16881969895159
-0.246353926793337
0.547236655519013
1.12600016763398
1.4301965201412
1.43224439932856
1.13935055172759
0.592566263814514
-0.137628952899856
-0.95877138195674
-1.76613863808658
-2.45378303578728
-2.9257676199844
-3.10647719172538
-2.94896544276139
-2.44049073765766
-1.60466843886366
-0.499999999999692
0.785104211782503
2.14034524834185
3.44383435570566
4.57367808386509
5.41972682741967
5.89434265755405
5.94113287704859
5.54078941710212
4.71345221297384
3.51735000036035
2.04383190313242
0.40925264673782
-1.25552085462698
-2.81698317325879
-4.15111212712829
-5.15458248786436
-5.75400373849134
-5.91230579416026
-5.63167326360467
-4.95276334448157
-3.95030217480136
-2.72550432277454
-1.39606599109236
-0.0847146591867509
1.09256626381457
2.03749277430968
2.67855600283923
2.97734745712199
2.93153630102367
2.57423238001523
1.96982515071056
1.20673540015501
0.387819652764021
-0.380603227949319
-1.00000000000038
-1.39001751542751
-1.49698213645454
-1.29965173950212
-0.811641252945755
-0.0802731725803083
0.818040315117527
1.78543203413297
2.71247902668116
3.48938700205907
4.01735000036011
4.21895363034216
4.04658003153408
3.48796524058222
2.56833616355169
1.34888787287174
-0.0782801454291495
-1.59830289557498
-3.08399540373886
-4.40760805268941
-5.45276334448141
-6.12542390201157
-6.36283170757085
-6.13955208630117
-5.47003399599775
-4.40743373618521
-3.03880956812591
-1.47714484007646
0.149037066700564
1.70747109010893
3.07423238001532
4.14494687792036
4.8440627849508
5.13130574797198
5.00471610886207
4.50000000000014
3.68628482700851
2.6587187064609
1.52865865091852
0.412423957969137
-0.580273172580077
-1.35708141209172
-1.85189535066342
-2.03100706852752
-1.89593233475168
-1.48264999963952
-0.857348712093606
-0.109120811382119
0.659654850161068
1.34427095263694
1.84888787287152
2.09684158178118
2.03902448922079
1.65949069146933
0.977711284120686
0.0472366555184287
-1.04912155957515
-2.20713086465443
-3.31124169588016
-4.24596878508338
-4.90743373618555
-5.21393129533583
-5.11447222487268
-4.59444902850767
-3.6778482467019
-2.42576761998468
-0.931355464515553
0.688361942034699
2.30299535755085
3.78065089794711
4.99999999999973
5.8614065542183
6.29604609125742
6.27214474612744
5.79774329477976
4.9197268274192
3.71922093034382
2.30380549225228
0.797303321894401
-0.67186712383727
-1.98264999963991
-3.03247043930343
-3.74644819617815
-4.08383124504727
-4.04104838417376
-3.65111212712839
-2.97946076065468
-2.11667635369548
-1.16881969895134
-0.246353926793756
0.547236655518677
1.12600016763409
1.43019652014124
1.43224439932851
1.1393505517278
0.592566263815011
-0.137628952900299
-0.958771381956978
-1.7661386380868
-2.45378303578719
-2.9257676199848
-3.10647719172538
-2.94896544276134
-2.44049073765729
-1.60466843886345
-0.500000000000275
0.78510421178186
2.14034524834128
3.44383435570596
4.57367808386534
5.41972682741984
5.8943426575538
5.94113287704868
5.540789417102
4.71345221297362
3.51735000036006
2.04383190313318
0.409252646737737
-1.25552085462619
-2.81698317325911
-4.15111212712854
-5.15458248786453
-5.75400373849116
-5.91230579416029
-5.63167326360454
-4.95276334448135
-3.95030217480109
-2.72550432277516
-1.39606599109291
-0.0847146591873571
1.09256626381481
2.03749277430984
2.67855600283955
2.97734745712193
2.9315363010233
2.57423238001507
1.96982515071063
1.20673540015478
0.38781965276355
-0.380603227948978
-0.999999999999966
-1.39001751542759
-1.49698213645454
-1.29965173950204
-0.811641252946075
-0.0802731725807067
0.818040315117775
1.78543203413323
2.7124790266812
3.48938700205875
4.01735000035993
4.21895363034248
4.04658003153375
3.48796524058208
2.56833616355147
1.3488878728717
-0.0782801454286566
-1.59830289557533
-3.08399540373919
-4.40760805268968
-5.45276334448105
-6.12542390201135
-6.36283170757085
-6.13955208630107
-5.47003399599755
-4.40743373618493
-3.03880956812663
-1.47714484007724
0.149037066700918
1.70747109010925
3.07423238001558
4.14494687791993
4.84406278495062
5.13130574797218
5.00471610886196
4.49999999999995
3.68628482700826
2.65871870646151
1.52865865091906
0.412423957968879
-0.580273172580286
-1.35708141209198
-1.85189535066326
-2.03100706852751
-1.89593233475182
-1.48264999963961
-0.857348712093396
-0.109120811381889
0.659654850160711
1.34427095263712
1.84888787287166
2.09684158178124
2.03902448922077
1.65949069146922
0.977711284121079
0.047236655518923
-1.04912155957543
-2.20713086465471
-3.31124169588043
-4.24596878508299
-4.90743373618531
-5.21393129533589
-5.11447222487264
-4.59444902850754
-3.67784824670243
-2.42576761998535
-0.931355464515209
0.688361942035061
2.30299535755119
3.78065089794741
4.99999999999996
5.86140655421798
6.29604609125746
6.27214474612738
5.79774329477958
4.9197268274197
3.71922093034446
2.303805492253
0.797303321893861
-0.671867123837579
-1.98264999964017
-3.032470439303
-3.74644819617818
-4.08383124504727
-4.04104838417367
-3.65111212712822
-2.97946076065528
-2.11667635369504
-1.1688196989518
-0.246353926793529
0.5472366555188
1.1260001676342
1.43019652014116
1.43224439932858
1.13935055172782
0.592566263814826
-0.137628952900524
-0.958771381956578
-1.76613863808617
-2.4537830357869
-2.92576761998493
-3.10647719172542
-2.9489654427613
-2.44049073765762
-1.60466843886345
-0.500000000000004
0.785104211782167
2.1403452483416
3.44383435570622
4.57367808386486
5.41972682741952
5.89434265755389
5.94113287704866
5.54078941710188
4.71345221297411
3.51735000036045
2.04383190313283
0.409252646737371
-1.25552085462655
-2.81698317325867
-4.15111212712797
-5.15458248786447
-5.75400373849123
-5.91230579416041
-5.6316732636044
-4.95276334448108
-3.95030217480163
-2.72550432277481
-1.39606599109259
-0.0847146591870702
1.09256626381429
2.03749277430968
2.67855600283933
2.97734745712192
2.93153630102321
2.57423238001491
1.96982515071097
1.20673540015517
0.387819652763319
-0.38060322794918
-1.00000000000012
-1.39001751542767
-1.49698213645462
-1.29965173950221
-0.81164125294592
-0.0802731725804953
0.818040315118023
1.78543203413277
2.71247902668078
3.48938700205895
4.01735000036006
4.21895363034252
4.0465800315337
3.48796524058244
2.56833616355199
1.34888787287141
-0.0782801454289881
-1.59830289557567
-3.0839954037385
-4.40760805268986
-5.45276334448126
-6.12542390201147
-6.36283170757086
-6.13955208630098
-5.47003399599783
-4.40743373618553
-3.0388095681263
-1.47714484007688
0.149037066701542
1.70747109010854
3.07423238001499
4.14494687792011
4.84406278495096
5.13130574797217
5.00471610886185
4.50000000000028
3.68628482700801
2.65871870646123
1.52865865091878
0.412423957968622
-0.580273172580494
-1.35708141209167
-1.85189535066332
-2.03100706852749
-1.89593233475172
-1.48264999963944
-0.857348712093734
-0.109120811382262
0.659654850160933
1.34427095263731
1.84888787287179
2.09684158178119
2.03902448922087
1.65949069146911
0.977711284120895
0.0472366555186809
-1.04912155957571
-2.207130864655
-3.31124169587993
-4.24596878508321
-4.90743373618545
-5.21393129533573
-5.11447222487279
-4.59444902850788
-3.6778482467022
-2.42576761998409
-0.931355464514864
0.688361942035422
2.30299535755044
3.78065089794771
5.00000000000019
5.86140655421812
6.2960460912575
6.27214474612731
5.79774329477944
4.91972682741946
3.71922093034415
2.30380549225249
0.797303321892661
-0.671867123836902
-1.98264999963959
-3.03247043930346
-3.74644819617832
-4.08383124504726
-4.04104838417377
-3.65111212712873
-2.97946076065424
-2.11667635369479
-1.16881969895154
-0.246353926793302
0.547236655519033
1.12600016763431
1.43019652014119
1.43224439932853
1.13935055172769
0.592566263814457
-0.137628952900143
-0.958771381956816
-1.76613863808639
-2.45378303578784
-2.92576761998505
-3.10647719172541
-2.9489654427612
-2.44049073765727
-1.60466843886324
-0.499999999999734
0.78510421178165
2.14034524834184
3.44383435570652
4.57367808386511
5.41972682741962
5.89434265755397
5.9411328770488
5.54078941710218
4.71345221297366
3.51735000036015
2.04383190313166
0.409252646738174
-1.25552085462605
-2.81698317325899
-4.15111212712879
-5.15458248786463
-5.75400373849129
-5.91230579416044
-5.63167326360416
-4.95276334448086
-3.95030217480136
-2.7255043227745
-1.39606599109238
-0.084714659186925
1.09256626381453
2.03749277430984
2.67855600283941
2.97734745712169
2.93153630102331
2.57423238001543
1.96982515071076
1.20673540015405
0.387819652763087
-0.380603227948631
-0.999999999999868
-1.39001751542788
-1.49698213645462
-1.2996517395021
-0.811641252945766
-0.080273172580211
0.818040315118391
1.78543203413286
2.71247902668102
3.48938700205914
4.01735000036045
4.21895363034224
4.04658003153387
3.4879652405823
2.56833616355129
1.34888787287087
-0.07828014542827
-1.59830289557494
-3.08399540373969
-4.40760805269024
-5.45276334448146
-6.12542390201124
-6.36283170757091
-6.13955208630088
-5.47003399599764
-4.40743373618525
-3.03880956812597
-1.47714484007653
0.149037066700766
1.70747109010886
3.07423238001525
4.14494687792062
4.84406278495072
5.13130574797213
5.00471610886201
4.49999999999941
3.68628482700777
2.65871870646095
1.52865865091933
0.412423957968385
-0.580273172580703
-1.35708141209181
-1.85189535066338
-2.03100706852726
-1.89593233475161
-1.4826499996397
-0.857348712093523
-0.109120811382033
0.659654850161733
1.34427095263702
1.8488878728716
2.09684158178125
2.03902448922072
1.659490691469
0.977711284121288
0.0472366555191757
-1.04912155957599
-2.20713086465528
-3.31124169588019
-4.24596878508342
-4.9074337361856
-5.21393129533601
-5.11447222487275
-4.59444902850775
-3.67784824670169
-2.42576761998476
-0.931355464515623
0.688361942034635
2.30299535755103
3.78065089794801
5.00000000000043
5.86140655421781
6.29604609125748
6.27214474612725
5.79774329477927
4.91972682741921
3.71922093034467
2.30380549225232
0.797303321893386
-0.671867123837211
-1.98264999963985
-3.03247043930364
-3.74644819617807
-4.08383124504719
-4.04104838417368
-3.65111212712856
-2.97946076065401
-2.11667635369523
-1.168819698952
-0.246353926793826
0.547236655519211
1.12600016763442
1.43019652014122
1.4322443993287
1.13935055172742
0.592566263814272
-0.137628952900367
-0.958771381956806
-1.76613863808688
-2.45378303578755
-2.92576761998489
-3.10647719172518
-2.94896544276115
-2.44049073765714
-1.60466843886371
-0.500000000000146
0.785104211781958
2.14034524834216
3.44383435570682
4.5736780838646
5.4197268274193
5.89434265755417
5.94113287704878
5.54078941710205
4.71345221297345
3.51735000036012
2.04383190313242
0.409252646737808
-1.25552085462641
-2.81698317325931
-4.15111212712822
-5.15458248786424
-5.7540037384913
-5.9123057941604
-5.63167326360403
-4.95276334448065
-3.9503021748019
-2.72550432277512
-1.39606599109206
-0.0847146591866377
1.09256626381495
2.03749277430945
2.67855600283924
2.97734745712163
2.9315363010235
2.57423238001527
1.96982515071055
1.20673540015444
0.387819652763716
-0.380603227948833
-1.00000000000002
-1.39001751542796
-1.49698213645457
-1.29965173950227
-0.811641252946064
-0.0802731725799992
0.81804031511852
1.78543203413312
2.7124790266806
3.48938700205958
4.01735000036032
4.21895363034228
4.04658003153383
3.48796524058244
2.56833616355154
1.34888787287151
-0.0782801454286017
-1.59830289557528
-3.08399540374002
-4.40760805268966
-5.45276334448104
-6.12542390201135
-6.36283170757092
-6.13955208630079
-5.47003399599806
-4.40743373618584
-3.03880956812586
-1.47714484007617
0.14903706670112
1.70747109010918
3.07423238001522
4.14494687792047
4.84406278495081
5.13130574797212
5.0047161088619
4.4999999999999
3.68628482700822
2.65871870646148
1.52865865091905
0.412423957968106
-0.580273172580911
-1.3570814120915
-1.85189535066321
-2.03100706852744
-1.89593233475151
-1.48264999963953
-0.857348712093861
-0.109120811381804
0.659654850161375
1.3442709526372
1.84888787287173
2.09684158178108
2.03902448922082
1.65949069146926
0.977711284121103
0.0472366555188777
-1.04912155957627
-2.20713086465473
-3.31124169587969
-4.24596878508289
-4.90743373618575
-5.21393129533607
-5.11447222487271
-4.59444902850783
-3.67784824670175
-2.42576761998446
-0.931355464515278
0.688361942034996
2.30299535755114
0.598076211352452
2.99999999999892
4.59807621135259
4.96410161513776
4.00000000000032
1.96410161513868
-0.598076211351835
-2.99999999999842
-4.59807621135324
-4.96410161513783
-4.00000000000069
-1.96410161513925
0.598076211351217
2.99999999999974
4.598076211353
4.96410161513791
4.00000000000106
1.96410161513983
-0.598076211352856
-2.99999999999924
-4.59807621135275
-4.96410161513798
-4.00000000000144
-1.96410161513831
0.598076211352239
2.99999999999875
4.5980762113534
4.96410161513806
4.00000000000044
1.96410161513888
-0.59807621135162
-3.00000000000007
-4.59807621135227
-4.96410161513786
-4.00000000000082
-1.96410161513945
0.59807621135326
2.99999999999957
4.59807621135291
4.96410161513793
4.00000000000119
1.96410161513793
-0.598076211352642
-2.99999999999907
-4.59807621135267
-4.96410161513801
-4.0000000000002
-1.96410161513851
0.598076211352025
2.99999999999857
4.59807621135243
4.96410161513781
4.00000000000057
1.96410161513908
-0.598076211351406
-2.99999999999808
-4.59807621135307
-4.96410161513789
-4.00000000000095
-1.96410161513756
0.598076211350789
2.9999999999994
4.59807621135283
4.96410161513796
3.99999999999996
1.96410161514022
-0.598076211352428
-2.9999999999989
-4.59807621135259
-4.96410161513776
-4.00000000000033
-1.96410161513871
0.598076211351811
2.9999999999984
4.59807621135323
4.96410161513784
4.0000000000007
1.96410161513928
-0.598076211351192
-2.99999999999972
-4.59807621135299
-4.96410161513791
-4.00000000000108
-1.96410161513985
0.598076211352832
2.99999999999922
4.59807621135274
4.96410161513799
4.00000000000145
1.96410161513833
-0.598076211352214
-2.99999999999873
-4.59807621135339
-4.96410161513806
-4.00000000000046
-1.9641016151389
0.598076211351596
3.00000000000005
4.59807621135226
4.96410161513786
4.00000000000083
1.96410161513948
-0.598076211353236
-2.99999999999955
-4.59807621135291
-4.96410161513794
-4.00000000000121
-1.96410161513796
0.598076211352618
2.99999999999905
4.59807621135266
4.96410161513801
4.00000000000022
1.96410161513853
-0.598076211352
-2.99999999999855
-4.59807621135242
-4.96410161513781
-4.00000000000059
-1.9641016151391
0.598076211351382
2.99999999999806
4.59807621135306
4.96410161513789
4.00000000000096
1.96410161513758
-0.598076211350765
-2.99999999999938
-4.59807621135282
-4.96410161513796
-3.99999999999997
-1.96410161514025
0.598076211352404
2.99999999999888
4.59807621135258
4.96410161513777
4.00000000000035
1.96410161513873
-0.598076211351786
-2.99999999999838
-4.59807621135322
-4.96410161513784
-4.00000000000072
-1.9641016151393
0.598076211351168
2.9999999999997
4.59807621135298
4.96410161513792
4.00000000000109
1.96410161513987
-0.598076211352808
-2.9999999999992
-4.59807621135274
-4.96410161513772
-4.00000000000147
-1.96410161513835
0.59807621135219
2.99999999999871
4.59807621135338
4.96410161513806
4.00000000000048
1.96410161513893
-0.598076211351572
-3.00000000000003
-4.59807621135314
-4.96410161513787
-4.00000000000085
-1.9641016151395
0.598076211353212
2.99999999999953
4.5980762113529
4.96410161513794
4.00000000000122
1.96410161513798
-0.598076211352593
-2.99999999999903
-4.59807621135265
-4.96410161513801
-4.00000000000023
-1.96410161513855
0.598076211351976
2.99999999999853
4.59807621135241
4.96410161513782
4.0000000000006
1.96410161513912
-0.598076211353616
-2.99999999999804
-4.59807621135305
-4.96410161513789
-4.00000000000098
-1.96410161513761
0.59807621135074
2.99999999999936
4.59807621135281
4.96410161513797
3.99999999999999
1.96410161513818
-0.59807621135238
-2.99999999999886
-4.59807621135257
-4.96410161513777
-4.00000000000036
-1.96410161513875
0.598076211351762
2.99999999999836
4.59807621135321
4.96410161513784
4.00000000000073
1.96410161513932
-0.598076211351144
-2.99999999999968
-4.59807621135297
-4.96410161513792
-4.00000000000111
-1.96410161513989
0.598076211352783
2.99999999999918
4.59807621135273
4.96410161513772
4.00000000000148
1.96410161513838
-0.598076211352165
-2.99999999999869
-4.59807621135337
-4.96410161513807
-4.00000000000049
-1.96410161513895
0.598076211351547
3.00000000000001
4.59807621135313
4.96410161513787
4.00000000000086
1.96410161513952
-0.598076211353187
-2.99999999999951
-4.59807621135289
-4.96410161513794
-4.00000000000124
-1.964101615138
0.598076211352569
2.99999999999901
4.59807621135264
4.96410161513802
4.00000000000025
1.96410161513857
-0.598076211351952
-2.99999999999851
-4.5980762113524
-4.96410161513782
-4.00000000000062
-1.96410161513915
0.598076211353591
2.99999999999802
4.59807621135305
4.96410161513789
4.00000000000099
1.96410161513763
-0.598076211350715
-2.99999999999934
-4.5980762113528
-4.96410161513797
-4
-1.9641016151382
0.598076211352355
2.99999999999884
4.59807621135256
4.96410161513777
4.00000000000037
1.96410161513877
-0.598076211351737
-2.99999999999834
-4.5980762113532
-4.96410161513785
-4.00000000000075
-1.96410161513935
0.59807621135112
2.99999999999966
4.59807621135296
4.96410161513792
4.00000000000112
1.96410161513992
-0.598076211352759
-2.99999999999917
-4.59807621135272
-4.96410161513772
-4.00000000000149
-1.9641016151384
0.598076211352141
2.99999999999867
4.59807621135337
4.96410161513807
4.0000000000005
1.96410161513897
-0.598076211351523
-2.99999999999999
-4.59807621135312
-4.96410161513787
-4.00000000000088
-1.96410161513954
0.598076211353163
2.99999999999949
4.59807621135288
4.96410161513795
4.00000000000125
1.96410161513802
-0.598076211352545
-2.99999999999899
-4.59807621135263
-4.96410161513802
-4.00000000000026
-1.9641016151386
0.598076211351927
2.99999999999849
4.59807621135239
4.96410161513782
4.00000000000063
1.96410161513917
-0.598076211353566
-2.999999999998
-4.59807621135304
-4.9641016151379
-4.00000000000101
-1.96410161513765
0.598076211350691
2.99999999999932
4.59807621135279
4.96410161513797
4.00000000000002
1.96410161513822
-0.598076211352331
-2.99999999999882
-4.59807621135255
-4.96410161513777
-4.00000000000039
-1.9641016151388
0.598076211351713
2.99999999999832
4.5980762113532
4.96410161513785
4.00000000000076
1.96410161513937
-0.598076211351095
-2.99999999999964
-4.59807621135295
-4.96410161513792
-4.00000000000114
-1.96410161513994
0.598076211352735
2.99999999999915
4.59807621135271
4.96410161513773
4.00000000000151
1.96410161513842
-0.598076211352117
-2.99999999999865
-4.59807621135336
-4.96410161513807
-4.00000000000052
-1.96410161513899
0.598076211351499
2.99999999999997
4.59807621135311
4.96410161513787
4.00000000000089
1.96410161513957
-0.598076211353139
-2.99999999999947
-4.59807621135287
-4.96410161513795
-4.00000000000127
-1.96410161513805
0.598076211352521
2.99999999999897
4.59807621135262
4.96410161513802
4.00000000000027
1.96410161513862
-0.598076211351902
-2.99999999999847
-4.59807621135238
-4.96410161513783
-4.00000000000065
-1.96410161513919
0.598076211353542
2.99999999999798
4.59807621135303
4.9641016151379
4.00000000000102
1.96410161513767
-0.598076211350667
-2.9999999999993
-4.59807621135278
-4.96410161513797
-4.00000000000003
-1.96410161513825
0.598076211352307
2.9999999999988
4.59807621135254
4.96410161513778
4.0000000000004
1.96410161513882
-0.598076211351688
-2.9999999999983
-4.59807621135319
-4.96410161513785
-4.00000000000078
-1.96410161513939
0.598076211351071
2.99999999999962
4.59807621135294
4.96410161513793
4.00000000000115
1.96410161513996
-0.59807621135271
-2.99999999999913
-4.5980762113527
-4.96410161513773
-4.00000000000152
-1.96410161513844
0.598076211352093
2.99999999999863
4.59807621135335
4.96410161513808
4.00000000000053
1.96410161513902
-0.598076211351475
-2.99999999999995
-4.5980762113531
-4.96410161513788
-4.00000000000091
-1.96410161513959
0.598076211353114
2.99999999999945
4.59807621135286
4.96410161513795
4.00000000000128
1.96410161513807
-0.598076211352496
-2.99999999999895
-4.59807621135261
-4.96410161513803
-4.00000000000029
-1.96410161513864
0.598076211351878
2.99999999999846
4.59807621135237
4.96410161513783
4.00000000000066
1.96410161513921
-0.598076211353518
-2.99999999999796
-4.59807621135302
-4.9641016151379
-4.00000000000104
-1.9641016151377
0.598076211350643
2.99999999999928
4.59807621135277
4.96410161513798
4.00000000000005
1.96410161513827
-0.598076211352283
-2.99999999999878
-4.59807621135253
-4.96410161513778
-4.00000000000042
-1.96410161513884
0.598076211351664
2.99999999999828
4.59807621135318
4.96410161513785
1.34552695679887
-1.85471743809136
-4.80135405242414
-7.10281550027431
-8.46410161513796
-8.72944779456997
-7.90280825139542
-6.14313496085977
-3.73559569741277
-1.043812957796
1.54874323597914
3.69842057824882
5.1523290538255
5.78244274262337
5.59774211749215
4.73310702041991
3.41765484836474
1.92867421022547
0.539641873747519
-0.528361574744048
-1.14333155021356
-1.28089782482244
-1.02189815281407
-0.529924656914299
-0.0134120876863408
0.320396985233618
0.310840514627105
-0.120043232631181
-0.947585520025589
-2.04471525652882
-3.20263301997385
-4.16846139599127
-4.69323621634732
-4.58159493429819
-3.73403261524292
-2.1737324203235
-0.0525515740770421
2.36568191080769
4.74244762954348
6.71661617496301
7.96285435925482
8.24658055502093
7.46607301172568
5.67432490654634
3.07652155151624
0.00303802052597146
-3.13806052588127
-5.92158246709254
-7.96917499791968
-9.00640490169939
-8.90376068297245
-7.69500894809811
-5.57005812958626
-2.84366861481375
0.0947057483908793
2.84161755120999
5.04090951452159
6.43567214161577
6.90267115729224
6.46410161513802
5.2754103069818
3.59196773676818
1.72087490692876
-0.033434957525782
-1.42028865734249
-2.28185025639961
-2.57377214005236
-2.36438708908746
-1.81326774470377
-1.13364050235524
-0.545962512412089
-0.231462771934448
-0.294356121033039
-0.739786216728664
-1.47163842525576
-2.3107059373753
-3.02994268980577
-3.4003619011175
-3.23910599802387
-2.45068952745176
-1.05350400565371
0.813807923569688
2.90798519736934
4.91676051794438
6.50881687166585
7.3897775279817
7.35465347242248
6.32755430553944
4.38145059131608
1.73403261524336
-1.28030506726495
-4.25828894055063
-6.78794196473865
-8.51147828448151
-9.1807177901014
-8.69596137967581
-7.12193211682553
-4.67813104698828
-1.70514990862785
1.387580063621
4.18410648748335
6.32425260231301
7.55590055628521
7.76903065493809
7.00640490169935
5.44972319538432
3.3841684334706
1.14779807565607
-0.925362040124003
-2.55880736352874
-3.57472457163012
-3.9162610763264
-3.64773017687794
-2.93349615937273
-2.00000000000016
-1.08826579897316
-0.405775660336634
-0.0865568177364349
-0.166709385456294
-0.579711342658143
-1.17218723118883
-1.73706837457512
-2.0578729648423
-1.95576291023357
-1.33046111278314
-0.187144508008352
1.35611121013089
3.08229808577105
4.70896121464826
5.93574004039361
6.49785044538383
6.21613476623641
5.03467999030893
3.03896165504366
0.450689527453378
-2.40053348193335
-5.12464843819594
-7.33024525129998
-8.68579117288304
-8.97291848680444
-8.12288454840223
-6.23000503422599
-3.53961234080045
-0.412275593395695
2.73006899989492
5.46744957527334
7.44448101698154
8.42226005393074
8.31133394149967
7.18071779010245
5.24192389208778
2.81109160219802
0.255870993057195
-2.06388074631058
-3.85168167875918
-4.91721350790335
-5.19960416411611
-4.76795859154597
-3.79985565701863
-2.542303286562
-1.26257868737614
-0.197976357039741
0.486520013536908
0.725217697142867
0.55880736352923
0.120687084041868
-0.394579438300652
-0.774529877052681
-0.835534495565278
-0.464101615137681
0.355158778553359
1.530424098532
2.87449878247398
4.13588438337514
5.04381295779507
5.35933173919742
4.92326045100595
3.692191054036
1.75561856725303
-0.669538887215949
-3.2668929795797
-5.66695172475825
-7.50455813970193
-8.47799186958597
-8.39984165553146
-7.23095746580394
-5.0914863280399
-2.24673802557029
0.930213342876121
4.01341208768486
6.58767798994245
8.31084051462726
8.96456334049211
8.48564682990189
6.97291848680508
4.66884706081426
1.91916451960003
-0.882647713128787
-3.35675506154082
-5.19417061503329
-6.20055659569466
-6.31983257878585
-5.63431808919246
-4.34215894357983
-2.71661617496354
-1.05477938407878
0.375100474233385
1.37844709613517
1.86373640332876
1.85168167875989
1.46317602031628
0.888763649489831
0.345698537616205
0.0308250020804062
0.0782016714238463
0.529471666955332
1.32262479523578
2.30142195120188
3.24395730077762
3.90529425160861
4.06645742396751
3.58077151473169
2.40884796624482
0.635390152583086
-1.53589838486195
-3.80919626614237
-5.84126461316019
-7.29675883640484
-7.90491503831293
-7.50791457293316
-6.09243875961778
-3.79861201280897
-0.904249089297442
2.21355643066604
5.13364050235418
7.45403748758784
8.85314380118899
9.13887622889426
8.27784752660534
6.39984165553171
3.77691997821632
0.780645813414132
-2.17552202835972
-4.69924399781488
-6.47751370282344
-7.32078501036301
-7.18619207643152
-6.17662137575319
-4.51647183198208
-2.50881687166788
-0.481702552805436
1.26702755683164
2.51696580232131
3.15661071855932
3.19417061503325
2.74651910810678
2.00899206415782
1.21205803526203
0.573128288641633
0.252514559825994
0.321672363657894
0.749547963962967
1.40949486860259
2.1054385945912
2.61241993637784
2.7239684876925
2.29742842694116
1.28861955157609
-0.230969345061701
-2.078201671424
-3.98350915454308
-5.63346530986213
-6.72368200513255
-7.01298795571496
-6.36939586674697
-4.79956444438713
-2.45612307653677
0.379093998493464
3.33378484533548
5.99999999999863
7.99634077414989
9.0274566895908
8.93107692559751
7.70477069533165
5.5079145729338
2.63840127202847
-0.512228501817986
-3.51801096463288
-5.9825870856054
-7.59774211749212
-8.18714450800826
-7.72849536299247
-6.35093426415643
-4.30867252868661
-1.9357400403944
0.410224529792019
2.40554626301805
3.80984011755189
4.49909965483314
4.47751370282288
3.86674752277479
2.87535156180275
1.75436132182307
0.747441177043486
0.0447152565291509
-0.251404467614803
-0.142379118636337
0.270976162416974
0.812564279359472
1.26993100010355
1.44062539990276
1.17720001227271
0.422260053930452
-0.773272631623581
-2.25251455982665
-3.77570985124705
-5.06038847859003
-5.83175492253327
-5.8744692495291
-5.07652155151651
-3.4570755081134
-1.17277998874504
1.49932241316179
4.20014434298244
6.54230328656121
8.17065366255255
8.81965738629411
8.35800009432447
6.81284361273289
4.36939586674692
