"x"
5.86140655421804
6.29604609125751
6.27214474612738
5.79774329477952
4.91972682741951
3.71922093034415
2.30380549225257
0.797303321893555
-0.67186712383715
-1.98264999963989
-3.0324704393035
-3.74644819617828
-4.08383124504743
-4.04104838417391
-3.6511121271285
-2.97946076065474
-2.11667635369527
-1.16881969895197
-0.246353926793627
0.547236655518824
1.12600016763423
1.43019652014121
1.43224439932863
1.1393505517277
0.592566263814634
-0.137628952899966
-0.958771381956641
-1.76613863808649
-2.4537830357872
-2.92576761998458
-3.10647719172518
-2.94896544276115
-2.44049073765733
-1.60466843886342
-0.500000000000002
0.78510421178217
2.14034524834154
3.44383435570625
4.57367808386488
5.41972682741951
5.89434265755393
5.94113287704865
5.540789417102
4.71345221297367
3.5173500003601
2.04383190313237
0.409252646737694
-1.2555208546263
-2.81698317325927
-4.1511121271285
-5.15458248786452
-5.75400373849135
-5.91230579416042
-5.63167326360445
-4.95276334448117
-3.95030217480165
-2.72550432277478
-1.3960659910925
-0.0847146591869277
1.09256626381463
2.03749277430983
2.67855600283943
2.97734745712195
2.93153630102362
2.57423238001541
1.96982515071068
1.20673540015482
0.38781965276379
-0.380603227948792
-0.999999999999998
-1.39001751542762
-1.49698213645454
-1.2996517395022
-0.81164125294593
-0.0802731725804851
0.818040315118062
1.78543203413268
2.71247902668087
3.48938700205904
4.01735000036011
4.21895363034217
4.04658003153378
3.48796524058214
2.56833616355154
1.3488878728715
-0.0782801454286475
-1.59830289557536
-3.08399540373928
-4.40760805268981
-5.45276334448118
-6.12542390201143
-6.36283170757084
-6.13955208630095
-5.47003399599775
-4.40743373618536
-3.03880956812605
-1.47714484007654
0.149037066700818
1.70747109010899
3.07423238001543
4.14494687792048
4.8440627849509
5.13130574797225
5.00471610886202
4.5
3.68628482700825
2.65871870646145
1.52865865091894
0.412423957968698
-0.580273172580493
-1.35708141209173
-1.8518953506634
-2.03100706852757
-1.89593233475179
-1.48264999963988
-0.857348712093716
-0.109120811382197
0.659654850161027
1.3442709526369
1.84888787287151
2.09684158178114
2.0390244892207
1.65949069146916
0.977711284121011
0.0472366555188257
-1.04912155957557
-2.20713086465488
-3.31124169587981
-4.24596878508312
-4.90743373618538
-5.21393129533584
-5.11447222487262
-4.59444902850763
-3.67784824670183
-2.42576761998459
-0.931355464515371
0.688361942034922
2.30299535755113
3.78065089794741
4.99999999999999
5.86140655421804
6.29604609125751
6.27214474612738
5.79774329477952
4.91972682741951
3.71922093034414
2.30380549225256
0.797303321893535
-0.671867123837148
-1.9826499996399
-3.03247043930348
-3.74644819617826
-4.08383124504743
-4.04104838417391
-3.65111212712849
-2.97946076065474
-2.11667635369527
-1.16881969895196
-0.246353926793615
0.54723665551882
1.12600016763422
1.43019652014121
1.43224439932863
1.1393505517277
0.59256626381465
-0.137628952899987
-0.958771381956657
-1.76613863808652
-2.4537830357872
-2.92576761998458
-3.10647719172518
-2.94896544276115
-2.44049073765734
-1.60466843886344
-0.500000000000019
0.78510421178216
2.14034524834156
3.44383435570626
4.57367808386489
5.41972682741952
5.89434265755393
5.94113287704865
5.54078941710201
4.71345221297368
3.51735000036011
2.04383190313241
0.40925264673769
-1.25552085462632
-2.8169831732593
-4.1511121271285
-5.15458248786453
-5.75400373849135
-5.91230579416041
-5.63167326360444
-4.95276334448119
-3.95030217480166
-2.7255043227748
-1.39606599109247
-0.0847146591869237
1.09256626381465
2.03749277430982
2.67855600283943
2.97734745712195
2.9315363010236
2.57423238001544
1.96982515071071
1.20673540015482
0.387819652763754
-0.380603227948788
-1
-1.39001751542762
-1.49698213645454
-1.29965173950219
-0.811641252945948
-0.0802731725805006
0.818040315118055
1.78543203413267
2.71247902668089
3.48938700205905
4.01735000036012
4.21895363034217
4.04658003153378
3.48796524058215
2.56833616355155
1.34888787287151
-0.0782801454286521
-1.59830289557539
-3.08399540373924
-4.40760805268978
-5.45276334448119
-6.12542390201145
-6.36283170757084
-6.13955208630095
-5.47003399599775
-4.40743373618536
-3.03880956812603
-1.47714484007658
0.149037066700796
1.70747109010895
3.07423238001539
4.14494687792048
4.84406278495089
5.13130574797224
5.00471610886202
4.49999999999998
3.68628482700823
2.65871870646146
1.52865865091894
0.412423957968704
-0.580273172580484
-1.35708141209173
-1.8518953506634
-2.03100706852757
-1.89593233475176
-1.48264999963986
-0.85734871209372
-0.109120811382201
0.659654850161024
1.34427095263692
1.84888787287153
2.09684158178114
2.0390244892207
1.65949069146915
-0.820553552277999
0.0179491924311188
0.855667471301216
1.65598897572735
2.38393581559749
3.00769322093279
3.5
3.83933998420383
4.0108823879007
4.00712998489726
3.82824677321079
3.48205080756888
2.98367251290263
2.35489341217334
1.62319416929979
0.820553552278014
-0.0179491924311039
-0.855667471301202
-1.65598897572734
-2.3839358155975
-3.0076932209328
-3.5
-3.83933998420383
-4.0108823879007
-4.00712998489726
-3.82824677321079
-3.48205080756889
-2.98367251290264
-2.35489341217335
-1.62319416929977
-0.820553552278001
0.0179491924311177
0.855667471301215
1.65598897572737
2.38393581559749
3.00769322093279
3.5
3.83933998420383
4.0108823879007
4.00712998489727
3.8282467732108
3.48205080756888
2.98367251290261
2.35489341217336
1.62319416929979
0.820553552278015
-0.017949192431103
-0.855667471301201
-1.65598897572736
-2.3839358155975
-3.0076932209328
-3.5
-3.83933998420384
-4.0108823879007
-4.00712998489726
-3.8282467732108
-3.48205080756889
-2.98367251290264
-2.35489341217335
-1.62319416929977
-0.820553552278002
0.0179491924311168
0.855667471301158
1.65598897572737
2.38393581559746
3.00769322093281
3.49999999999998
3.83933998420383
4.01088238790071
4.00712998489727
3.8282467732108
3.48205080756889
2.98367251290263
2.35489341217334
1.62319416929976
0.820553552278044
-0.0179491924311304
-0.855667471301172
-1.65598897572733
-2.38393581559752
-3.00769322093278
-3.50000000000002
-3.83933998420383
-4.0108823879007
-4.00712998489726
-3.82824677321079
-3.48205080756891
-2.98367251290262
-2.35489341217337
-1.6231941692998
-0.820553552277975
0.0179491924310871
0.855667471301242
1.65598897572735
2.38393581559749
3.00769322093279
3.49999999999999
3.83933998420382
4.0108823879007
4.00712998489726
3.82824677321079
3.48205080756887
2.98367251290265
2.35489341217332
1.62319416929979
0.820553552278017
-0.0179491924311008
-0.855667471301199
-1.65598897572731
-2.3839358155975
-3.0076932209328
-3.5
-3.83933998420384
-4.0108823879007
-4.00712998489726
-3.8282467732108
-3.48205080756889
-2.98367251290264
-2.35489341217335
-1.62319416929978
-0.820553552278003
0.0179491924311148
0.855667471301212
1.65598897572737
2.38393581559746
3.00769322093281
3.49999999999998
3.83933998420384
4.0108823879007
4.00712998489727
3.8282467732108
3.48205080756889
2.98367251290263
2.35489341217334
1.62319416929976
0.820553552278046
-0.0179491924311284
-0.85566747130117
-1.65598897572738
-2.38393581559747
-3.00769322093278
-3.49999999999999
-3.83933998420383
-4.0108823879007
-4.00712998489726
-3.82824677321079
-3.48205080756888
-2.98367251290262
-2.35489341217338
-1.62319416929975
-0.820553552278033
0.0179491924310853
0.855667471301239
1.65598897572734
2.38393581559753
3.00769322093279
3.49999999999999
3.83933998420384
4.0108823879007
4.00712998489727
3.82824677321079
3.4820508075689
2.98367251290265
2.35489341217332
1.62319416929979
0.820553552277963
-0.017949192431099
-0.855667471301197
-1.65598897572736
-2.3839358155975
-3.00769322093276
-3.5
-3.83933998420382
-4.0108823879007
-4.00712998489726
-3.8282467732108
-3.48205080756887
-2.98367251290264
-2.35489341217335
-1.62319416929978
-0.820553552278005
0.0179491924310555
0.85566747130121
1.65598897572732
2.38393581559751
3.00769322093281
3.49999999999998
3.83933998420384
4.0108823879007
4.00712998489727
3.8282467732108
3.48205080756889
2.98367251290263
2.35489341217334
1.62319416929982
0.820553552277992
-0.0179491924311268
-0.855667471301168
-1.65598897572738
-2.38393581559747
-3.00769322093282
-3.49999999999999
-3.83933998420383
-4.0108823879007
-4.00712998489726
-3.82824677321081
-3.48205080756888
-2.98367251290262
-2.35489341217338
-0.598076211353236
-2.99999999999989
-4.5980762113533
-4.96410161513777
-4.00000000000001
-1.96410161513796
0.598076211353182
2.99999999999985
4.59807621135327
4.96410161513776
4.00000000000005
1.96410161513775
-0.598076211353129
-2.99999999999992
-4.59807621135325
-4.96410161513776
-4.00000000000008
-1.9641016151378
0.598076211353357
2.99999999999987
4.59807621135329
4.96410161513779
4.00000000000011
1.96410161513784
-0.598076211353304
-2.99999999999983
-4.59807621135327
-4.96410161513779
-4.00000000000014
-1.96410161513789
0.59807621135325
3.00000000000002
4.59807621135325
4.96410161513777
4.00000000000017
1.96410161513794
-0.598076211353197
-2.99999999999997
-4.59807621135322
-4.96410161513777
-4.00000000000004
-1.96410161513799
0.598076211353143
2.99999999999993
4.59807621135332
4.96410161513778
4.00000000000007
1.96410161513804
-0.59807621135309
-2.99999999999989
-4.59807621135329
-4.96410161513775
-4.0000000000001
-1.96410161513783
0.598076211353036
2.99999999999984
4.59807621135327
4.96410161513776
4.00000000000013
1.96410161513788
-0.598076211352983
-2.9999999999998
-4.59807621135325
-4.96410161513776
-4
-1.96410161513793
0.598076211353212
2.99999999999976
4.59807621135323
4.96410161513777
4.00000000000003
1.96410161513772
-0.598076211353158
-2.99999999999994
-4.59807621135321
-4.96410161513778
-4.00000000000006
-1.96410161513777
0.598076211353104
2.9999999999999
4.59807621135319
4.96410161513778
4.00000000000009
1.96410161513782
-0.598076211353333
-2.99999999999985
-4.59807621135328
-4.96410161513779
-4.00000000000013
-1.96410161513787
0.59807621135328
2.99999999999981
4.59807621135326
4.96410161513776
4.00000000000016
1.96410161513792
-0.598076211353226
-3
-4.59807621135324
-4.96410161513777
-4.00000000000019
-1.96410161513797
0.598076211353173
2.99999999999995
4.59807621135333
4.96410161513777
4.00000000000005
1.96410161513802
-0.598076211353119
-2.99999999999991
-4.59807621135331
-4.96410161513778
-4.00000000000008
-1.96410161513807
0.598076211353065
2.99999999999987
4.59807621135328
4.96410161513775
4.00000000000012
1.96410161513785
-0.598076211353012
-2.99999999999982
-4.59807621135326
-4.96410161513776
-4.00000000000015
-1.9641016151379
0.598076211353241
2.99999999999978
4.59807621135324
4.96410161513777
4.00000000000001
1.96410161513795
-0.598076211353187
-2.99999999999974
-4.59807621135322
-4.96410161513777
-4.00000000000004
-1.96410161513774
0.598076211353133
2.99999999999992
4.5980762113532
4.96410161513778
4.00000000000007
1.96410161513779
-0.59807621135308
-2.99999999999988
-4.59807621135329
-4.96410161513779
-4.00000000000011
-1.96410161513784
0.598076211353309
2.99999999999984
4.59807621135327
4.96410161513779
4.00000000000014
1.96410161513789
-0.598076211353255
-3.00000000000002
-4.59807621135325
-4.96410161513777
-4.00000000000017
-1.96410161513794
0.598076211353201
2.99999999999998
4.59807621135323
4.96410161513777
4.0000000000002
1.96410161513799
-0.598076211353148
-2.99999999999993
-4.59807621135332
-4.96410161513778
-4.00000000000007
-1.96410161513804
0.598076211353095
2.99999999999989
4.5980762113533
4.96410161513778
4.0000000000001
1.96410161513809
-0.598076211353323
-2.99999999999985
-4.59807621135327
-4.96410161513779
-3.99999999999996
-1.96410161513788
0.598076211352988
2.9999999999998
4.59807621135325
4.96410161513776
4.00000000000016
1.96410161513766
-0.598076211353216
-2.99999999999976
-4.59807621135323
-4.96410161513777
-4.00000000000002
-1.96410161513798
0.59807621135288
2.99999999999994
4.59807621135321
4.96410161513778
4.00000000000006
1.96410161513776
-0.598076211353109
-2.99999999999967
-4.5980762113533
-4.96410161513778
-4.00000000000009
-1.96410161513807
0.598076211353338
2.99999999999986
4.59807621135317
4.96410161513776
4.00000000000012
1.96410161513786
-0.598076211353002
-3.00000000000004
-4.59807621135326
-4.9641016151378
-4.00000000000015
-1.96410161513791
0.598076211353231
2.99999999999977
4.59807621135335
4.96410161513777
4.00000000000019
1.96410161513796
-0.598076211353177
-2.99999999999996
-4.59807621135322
-4.96410161513781
-4.00000000000005
-1.96410161513801
0.598076211353124
2.99999999999991
4.59807621135331
4.96410161513778
4.00000000000025
1.9641016151378
-0.59807621135307
-2.99999999999987
-4.59807621135329
-4.96410161513775
-4.00000000000011
-1.96410161513811
0.598076211353299
2.99999999999983
4.59807621135326
4.96410161513779
3.99999999999998
1.9641016151379
-0.598076211352963
-3.00000000000001
-4.59807621135324
-4.96410161513777
-4.00000000000018
-1.96410161513769
0.598076211353192
2.99999999999974
4.59807621135322
4.96410161513777
4.00000000000004
1.964101615138
-0.598076211353421
-2.99999999999993
-4.5980762113532
-4.96410161513778
-4.00000000000007
-1.96410161513779
0.598076211353085
2.99999999999965
4.59807621135329
4.96410161513779
4.0000000000001
1.96410161513784
-0.598076211353313
-2.99999999999984
-4.59807621135316
-4.96410161513776
-4.00000000000014
-1.96410161513788
0.598076211352978
3.00000000000002
4.59807621135325
4.9641016151378
4
1.96410161513793
-0.598076211353206
-2.99999999999975
-4.59807621135334
-4.96410161513777
-4.0000000000002
-1.96410161513798
0.598076211353153
2.99999999999994
4.59807621135321
4.96410161513774
4.00000000000006
1.96410161513803
-0.598076211353099
-2.99999999999989
-4.5980762113533
-4.96410161513778
-4.00000000000027
-1.96410161513782
0.598076211353046
2.99999999999985
4.59807621135328
4.96410161513776
4.00000000000013
1.96410161513813
-0.598076211353275
-2.99999999999981
-4.59807621135326
-4.9641016151378
-3.99999999999999
-1.96410161513792
0.598076211352939
2.99999999999999
4.59807621135323
4.96410161513777
4.00000000000019
1.96410161513771
-0.598076211353168
-2.99999999999972
-4.59807621135321
-4.96410161513778
-4.00000000000005
-1.96410161513802
0.598076211353396
2.99999999999991
4.59807621135319
4.96410161513778
4.00000000000009
1.96410161513781
-0.598076211353061
-2.99999999999964
-4.59807621135328
-4.96410161513779
-4.00000000000012
-1.96410161513786
0.598076211353289
2.99999999999982
4.59807621135315
4.96410161513776
4.00000000000015
1.96410161513791
-0.598076211352954
-3
-4.59807621135324
-4.9641016151378
-4.00000000000001
-1.96410161513796
0.598076211353182
2.99999999999973
4.59807621135333
4.96410161513777
4.00000000000022
1.96410161513775
-0.598076211353129
-2.99999999999992
-4.5980762113532
-4.96410161513775
-4.00000000000008
-1.96410161513806
0.598076211353075
2.99999999999987
4.59807621135329
4.96410161513779
3.99999999999994
1.96410161513784
-0.598076211353022
-2.99999999999983
-4.59807621135327
-4.96410161513776
-4.00000000000014
-1.96410161513816
0.59807621135325
2.99999999999979
4.59807621135325
4.96410161513777
4
1.96410161513794
-0.598076211352914
-2.99999999999997
-4.59807621135322
-4.96410161513777
-4.00000000000021
-1.96410161513773
0.598076211353143
2.9999999999997
4.59807621135332
4.96410161513778
4.00000000000007
1.96410161513804
-0.598076211353372
-2.99999999999989
-4.59807621135318
-4.96410161513779
-4.0000000000001
-1.96410161513783
0.598076211353036
3.00000000000007
4.59807621135327
4.96410161513779
4.00000000000013
1.96410161513788
-0.598076211353265
-2.9999999999998
-4.59807621135314
-4.96410161513776
-4.00000000000017
-1.96410161513793
0.598076211353212
2.99999999999998
4.59807621135323
4.9641016151378
4.00000000000003
1.96410161513798
-0.598076211353158
-2.99999999999971
-4.59807621135332
-4.96410161513778
-4.00000000000023
-1.96410161513777
0.598076211353105
2.9999999999999
4.59807621135319
4.96410161513775
4.00000000000009
1.96410161513808
-0.598076211353051
-2.99999999999985
-4.59807621135328
-4.96410161513779
-3.99999999999995
-1.96410161513787
0.598076211352997
2.99999999999981
4.59807621135326
4.96410161513776
4.00000000000016
1.96410161513818
-0.598076211353226
-2.99999999999977
-4.59807621135324
-4.96410161513777
-4.00000000000002
-1.96410161513797
0.59807621135289
2.99999999999995
4.59807621135321
4.96410161513777
4.00000000000022
1.96410161513775
-0.598076211353119
-2.99999999999968
-4.59807621135331
-4.96410161513778
-4.00000000000008
-1.96410161513807
0.598076211353347
2.99999999999987
4.59807621135317
4.96410161513779
4.00000000000012
1.96410161513785
-0.598076211353012
-3.00000000000005
-4.59807621135326
-4.96410161513779
-4.00000000000015
-1.9641016151379
0.598076211353241
2.99999999999978
4.59807621135313
4.96410161513777
4.00000000000018
1.96410161513795
-0.598076211353187
-2.99999999999996
-4.59807621135322
-4.96410161513781
-4.00000000000004
-1.964101615138
0.598076211353133
2.99999999999969
4.59807621135331
4.96410161513778
4.00000000000025
1.96410161513779
-0.59807621135308
-2.99999999999988
-4.59807621135318
-4.96410161513775
-4.00000000000011
-1.9641016151381
0.598076211353309
2.99999999999984
4.59807621135327
4.96410161513779
3.99999999999997
1.96410161513789
-0.598076211352973
-2.99999999999979
-4.59807621135325
-4.96410161513777
-4.00000000000034
-1.96410161513768
0.598076211352919
2.99999999999975
4.59807621135323
4.96410161513777
4.00000000000003
1.96410161513825
-0.598076211352866
-2.99999999999971
-4.5980762113532
-4.96410161513778
-4.00000000000007
-1.96410161513778
0.598076211352813
2.99999999999966
4.59807621135318
4.96410161513778
4.0000000000001
1.96410161513835
-0.598076211353323
-2.99999999999962
-4.59807621135316
-4.96410161513779
-4.00000000000013
-1.96410161513788
0.598076211352706
3.00000000000003
4.59807621135314
4.9641016151378
4.00000000000016
1.96410161513793
-0.598076211353216
-2.99999999999953
-4.59807621135334
-4.9641016151378
-4.0000000000002
-1.96410161513798
0.598076211353162
2.99999999999994
4.5980762113531
4.96410161513781
4.00000000000023
1.96410161513802
-0.598076211353109
-2.9999999999999
-4.5980762113533
-4.96410161513782
-4.00000000000026
-1.96410161513807
0.598076211353055
2.99999999999986
4.59807621135306
4.96410161513776
4.00000000000029
1.96410161513812
-0.598076211353002
-2.99999999999982
-4.59807621135326
-4.96410161513783
-3.99999999999998
-1.96410161513817
0.598076211352949
2.99999999999977
4.59807621135324
4.96410161513777
4.00000000000036
1.9641016151377
-0.598076211352895
-2.99999999999973
-4.59807621135322
-4.96410161513777
-4.00000000000005
-1.96410161513827
0.598076211352842
2.99999999999969
4.5980762113532
4.96410161513778
4.00000000000008
1.9641016151378
-0.598076211352788
-2.99999999999964
-4.59807621135317
-4.96410161513779
-4.00000000000011
-1.96410161513837
0.598076211353299
2.9999999999996
4.59807621135315
4.96410161513779
4.00000000000015
1.9641016151379
-0.598076211352681
-3.00000000000001
-4.59807621135313
-4.9641016151378
-4.00000000000018
-1.96410161513795
0.598076211353192
2.99999999999951
4.59807621135333
4.96410161513781
4.00000000000021
1.964101615138
-0.598076211353138
-2.99999999999993
-4.59807621135309
-4.96410161513774
-4.00000000000024
-1.96410161513805
0.598076211353085
2.99999999999988
4.59807621135329
4.96410161513782
4.00000000000027
1.9641016151381
-0.598076211353031
-2.99999999999984
-4.59807621135327
-4.96410161513776
-4.00000000000031
-1.96410161513815
0.598076211352978
2.9999999999998
4.59807621135325
4.96410161513783
4
1.9641016151382
-0.598076211352924
-2.99999999999975
-4.59807621135323
-4.96410161513777
-4.00000000000037
-1.96410161513772
0.598076211352871
2.99999999999971
4.59807621135321
4.96410161513778
4.00000000000006
1.9641016151383
-0.598076211353382
-2.99999999999967
-4.59807621135319
-4.96410161513778
-4.0000000000001
-1.96410161513782
0.598076211352764
2.99999999999962
4.59807621135317
4.96410161513779
4.00000000000013
1.96410161513787
-0.598076211353275
-2.99999999999958
-4.59807621135314
-4.9641016151378
-4.00000000000016
-1.96410161513792
0.598076211352657
2.99999999999999
4.59807621135312
4.9641016151378
4.00000000000019
1.96410161513797
-0.598076211353168
-2.99999999999949
-4.59807621135332
-4.96410161513781
-4.00000000000022
-1.96410161513802
0.598076211353114
2.99999999999991
4.59807621135308
4.96410161513775
4.00000000000026
1.96410161513807
-0.598076211353061
-2.99999999999986
-4.59807621135328
-4.96410161513782
-4.00000000000029
-1.96410161513812
0.598076211353007
2.99999999999982
4.59807621135326
4.96410161513776
4.00000000000032
1.96410161513817
-0.598076211352954
-2.99999999999978
-4.59807621135324
-4.96410161513784
-4.00000000000001
-1.96410161513822
0.5980762113529
2.99999999999973
4.59807621135322
4.96410161513777
4.00000000000039
1.96410161513775
-0.598076211352847
-2.99999999999969
-4.5980762113532
-4.96410161513778
-4.00000000000008
-1.96410161513832
0.598076211353357
2.99999999999965
4.59807621135318
4.96410161513779
4.00000000000011
1.96410161513784
-0.598076211352739
-2.9999999999996
-4.59807621135316
-4.96410161513779
-4.00000000000014
-1.96410161513789
0.59807621135325
2.99999999999956
4.59807621135313
4.9641016151378
4.00000000000017
1.96410161513794
-0.598076211352632
-2.99999999999997
-4.59807621135311
-4.96410161513781
-4.00000000000021
-1.96410161513799
0.598076211353143
2.99999999999947
4.59807621135332
4.96410161513781
4.00000000000024
1.96410161513804
-0.59807621135309
-2.99999999999989
-4.59807621135307
-4.96410161513775
-4.00000000000027
-1.96410161513809
0.598076211353036
2.99999999999984
4.59807621135327
4.96410161513783
3.99999999999996
1.96410161513814
-0.598076211352983
-2.9999999999998
-4.59807621135325
-4.96410161513776
-4.00000000000034
-1.96410161513819
0.598076211352929
2.99999999999976
4.59807621135323
4.96410161513777
4.00000000000003
1.96410161513824
-0.598076211352875
-2.99999999999971
-4.59807621135321
-4.96410161513778
-4.0000000000004
-1.96410161513777
0.598076211352822
2.99999999999967
4.59807621135319
4.96410161513778
4.00000000000009
1.96410161513834
-0.598076211353333
-2.99999999999963
-4.59807621135317
-4.96410161513779
-4.00000000000013
-1.96410161513787
0.598076211352715
3.00000000000004
4.59807621135315
4.9641016151378
4.00000000000016
1.96410161513792
-0.598076211353226
-2.99999999999954
-4.59807621135313
-4.9641016151378
-4.00000000000019
-1.96410161513797
0.598076211353173
2.99999999999995
4.5980762113531
4.96410161513781
4.00000000000022
1.96410161513802
-0.598076211353119
-2.99999999999946
-4.59807621135331
-4.96410161513782
-4.00000000000025
-1.96410161513807
0.598076211353065
2.99999999999987
4.59807621135306
4.96410161513775
4.00000000000029
1.96410161513812
-0.598076211353012
-2.99999999999982
-4.59807621135326
-4.96410161513783
-3.99999999999998
-1.96410161513816
0.598076211352958
2.99999999999978
4.59807621135324
4.96410161513777
4.00000000000035
1.96410161513821
-0.598076211352905
-2.99999999999974
-4.59807621135322
-4.96410161513784
-4.00000000000004
-1.96410161513774
0.598076211352851
2.99999999999969
4.59807621135298
4.96410161513778
4.00000000000007
1.96410161513831
-0.598076211352798
-3.00000000000011
-4.59807621135318
-4.96410161513779
-4.00000000000011
-1.96410161513836
0.598076211353309
2.99999999999961
4.59807621135316
4.96410161513779
4.00000000000048
1.96410161513789
-0.598076211353255
-2.99999999999956
-4.59807621135314
-4.96410161513773
-4.00000000000017
-1.96410161513794
0.598076211352637
2.99999999999952
4.59807621135334
4.96410161513781
4.0000000000002
1.96410161513799
-0.598076211352584
-2.99999999999993
-4.59807621135332
-4.96410161513781
-4.00000000000024
-1.96410161513856
0.598076211353095
2.99999999999989
4.59807621135307
4.96410161513782
3.99999999999993
1.96410161513809
-0.598076211353041
-2.99999999999985
-4.59807621135305
-4.96410161513776
-4.0000000000003
-1.96410161513814
0.598076211352988
2.99999999999935
4.59807621135325
4.96410161513776
4.00000000000033
1.96410161513819
-0.598076211353499
-2.99999999999976
-4.59807621135323
-4.96410161513784
4.49999999999996
3.68628482700808
2.65871870646149
1.52865865091883
0.412423957968652
-0.580273172580476
-1.35708141209171
-1.85189535066344
-2.03100706852758
-1.89593233475178
-1.48264999964001
-0.857348712093751
-0.109120811382051
0.659654850160989
1.34427095263699
1.84888787287164
2.09684158178119
2.03902448922074
1.6594906914691
0.977711284121047
0.047236655518708
-1.04912155957546
-2.20713086465495
-3.31124169587984
-4.24596878508314
-4.90743373618535
-5.21393129533587
-5.11447222487269
-4.59444902850766
-3.67784824670173
-2.42576761998473
-0.931355464515346
0.688361942034621
2.30299535755104
3.78065089794752
4.99999999999986
5.86140655421804
6.29604609125753
6.27214474612738
5.79774329477945
4.91972682741944
3.71922093034414
2.3038054922526
0.797303321893687
-0.671867123837017
-1.98264999963994
-3.03247043930335
-3.74644819617825
-4.08383124504743
-4.04104838417393
-3.65111212712847
-2.97946076065452
-2.11667635369531
-1.16881969895183
-0.246353926793383
0.547236655518853
1.1260001676343
1.43019652014118
1.43224439932858
1.13935055172767
0.592566263814567
-0.137628952899957
-0.958771381956705
-1.76613863808644
-2.45378303578719
-2.92576761998469
-3.10647719172516
-2.94896544276118
-2.44049073765741
-1.60466843886347
-0.499999999999828
0.78510421178204
2.14034524834162
3.44383435570649
4.57367808386487
5.41972682741962
5.89434265755399
5.94113287704869
5.54078941710206
4.71345221297377
3.51735000036028
2.04383190313228
0.409252646738034
-1.25552085462626
-2.81698317325937
-4.15111212712838
-5.15458248786448
-5.7540037384914
-5.91230579416036
-5.63167326360437
-4.95276334448125
-3.95030217480161
-2.72550432277456
-1.39606599109257
-0.0847146591868713
1.09256626381471
2.03749277430975
2.67855600283944
2.97734745712191
2.93153630102366
2.57423238001534
1.96982515071084
1.2067354001548
0.387819652763719
-0.380603227948748
-1.00000000000001
-1.39001751542769
-1.49698213645454
-1.29965173950218
-0.811641252945794
-0.0802731725804637
0.81804031511821
1.78543203413265
2.71247902668094
3.48938700205907
4.01735000036012
4.21895363034218
4.04658003153384
3.48796524058226
2.56833616355163
1.34888787287133
-0.0782801454284681
-1.59830289557546
-3.08399540373902
-4.40760805268979
-5.45276334448127
-6.12542390201139
-6.36283170757086
-6.13955208630088
-5.47003399599783
-4.40743373618526
-3.03880956812598
-1.47714484007653
0.149037066700764
1.70747109010886
3.07423238001526
4.14494687792054
4.84406278495076
5.13130574797225
5.00471610886193
4.50000000000007
3.68628482700818
2.65871870646123
1.52865865091896
0.412423957968588
-0.580273172580364
-1.35708141209173
-1.8518953506634
-2.03100706852756
-1.89593233475168
-1.4826499996399
-0.857348712093608
-0.109120811382265
0.659654850161139
1.3442709526368
1.84888787287155
2.09684158178108
2.03902448922073
1.65949069146917
0.977711284121126
0.0472366555188337
-1.04912155957574
-2.20713086465481
-3.31124169587992
-4.24596878508336
-4.9074337361854
-5.21393129533596
-5.1144722248727
-4.59444902850772
-3.67784824670181
-2.42576761998475
-0.931355464515483
0.688361942034982
2.3029953575509
3.78065089794734
5.00000000000014
5.86140655421796
6.29604609125752
6.27214474612741
5.79774329477953
4.9197268274194
3.71922093034428
2.30380549225256
0.797303321893298
-0.671867123837021
-1.98264999963999
-3.03247043930352
-3.74644819617825
-4.08383124504739
-4.04104838417388
-3.65111212712851
-2.97946076065471
-2.1166763536954
-1.16881969895201
-0.246353926793505
0.547236655518747
1.12600016763424
1.43019652014124
1.43224439932861
1.13935055172766
0.592566263814676
-0.137628952899975
-0.958771381956845
-1.76613863808645
-2.45378303578733
-2.92576761998467
-3.10647719172526
-2.94896544276124
-2.44049073765727
-1.6046684388636
-0.499999999999984
0.785104211781872
2.14034524834146
3.44383435570635
4.57367808386475
5.41972682741954
5.89434265755399
5.94113287704872
5.54078941710199
4.71345221297355
3.51735000036016
2.04383190313228
0.409252646737889
-1.25552085462626
-2.81698317325931
-4.15111212712836
-5.15458248786448
-5.75400373849134
-5.91230579416044
-5.63167326360443
-4.95276334448106
-3.95030217480174
-2.72550432277469
-1.39606599109274
-0.0847146591869601
1.09256626381471
2.03749277430975
2.67855600283938
2.97734745712196
2.93153630102354
2.57423238001535
1.96982515071063
1.20673540015479
0.387819652763798
-0.380603227948762
-0.999999999999962
-1.39001751542767
-1.49698213645455
-1.29965173950222
-0.811641252945866
-0.0802731725805574
0.818040315118106
1.78543203413291
2.71247902668086
3.48938700205919
4.01735000036009
4.21895363034228
4.04658003153378
3.48796524058232
2.56833616355152
1.34888787287151
-0.078280145428594
-1.59830289557527
-3.08399540373942
-4.40760805268964
-5.45276334448133
-6.12542390201134
-6.36283170757086
-6.13955208630094
-5.47003399599776
-4.40743373618542
-3.03880956812606
-1.47714484007674
0.149037066700687
1.70747109010918
3.07423238001524
4.14494687792049
4.84406278495082
5.13130574797217
5.00471610886206
4.49999999999996
3.68628482700835
2.65871870646113
1.52865865091911
0.412423957968528
-0.580273172580572
-1.35708141209173
-1.85189535066335
-2.03100706852749
-1.89593233475169
-1.48264999963995
-0.857348712093671
-0.109120811382336
0.659654850161287
1.34427095263675
1.84888787287166
2.09684158178114
2.03902448922079
1.65949069146917
0.977711284120824
0.0472366555189323
-1.04912155957581
-2.20713086465466
-3.31124169588002
-4.24596878508321
-4.9074337361855
-5.21393129533585
-5.11447222487264
-4.59444902850769
-3.67784824670197
-2.42576761998431
-0.93135546451569
0.688361942035121
2.3029953575507
3.78065089794746
5
5.86140655421802
6.29604609125749
6.2721447461273
5.79774329477961
4.91972682741933
3.71922093034397
2.30380549225245
0.797303321893492
-0.671867123837143
-1.98264999963983
-3.0324704393034
-3.74644819617817
-4.08383124504735
-4.04104838417379
-3.65111212712856
-2.97946076065458
-2.11667635369515
-1.16881969895189
-0.246353926793601
0.54723665551881
1.12600016763419
1.43019652014123
1.43224439932863
1.13935055172758
0.592566263814492
-0.137628952900102
-0.958771381956765
-1.76613863808646
-2.45378303578728
-2.92576761998451
-3.10647719172527
-2.94896544276117
-2.44049073765732
-1.60466843886362
-0.499999999999969
0.785104211782244
2.14034524834151
3.44383435570621
4.57367808386518
5.41972682741943
5.89434265755405
5.94113287704867
5.54078941710202
4.71345221297357
3.51735000036017
2.04383190313235
0.409252646737745
-1.25552085462619
-2.81698317325912
-4.15111212712874
-5.15458248786437
-5.75400373849139
-5.91230579416043
-5.63167326360441
-4.95276334448116
-3.95030217480167
-2.72550432277485
-1.39606599109221
-0.08471465918712
1.09256626381471
2.03749277430991
2.67855600283932
2.97734745712192
2.93153630102343
2.57423238001539
1.96982515071069
1.20673540015486
0.387819652763877
-0.380603227948965
-0.999999999999913
-1.39001751542767
-1.49698213645455
-1.29965173950219
-0.811641252945938
-0.0802731725805157
0.818040315118002
1.78543203413295
2.71247902668077
3.4893870020592
4.01735000036022
4.21895363034224
4.04658003153384
3.48796524058209
2.56833616355167
1.34888787287156
-0.0782801454284008
-1.59830289557517
-3.08399540373946
-4.40760805268954
-5.45276334448122
-6.12542390201145
-6.36283170757086
-6.13955208630095
-5.47003399599756
-4.40743373618549
-3.03880956812584
-1.47714484007683
0.149037066700907
1.70747109010899
3.07423238001535
4.14494687792037
4.8440627849509
5.13130574797214
5.00471610886208
4.49999999999978
3.68628482700845
2.65871870646126
1.52865865091925
0.412423957968656
-0.580273172580497
-1.35708141209165
-1.85189535066338
-2.03100706852746
-1.89593233475183
-1.48264999963965
-0.8573487120936
-0.109120811381965
0.659654850161078
1.34427095263707
1.84888787287151
2.09684158178114
2.03902448922073
1.65949069146925
0.977711284120875
0.047236655519058
-1.04912155957568
-2.20713086465494
-3.31124169587985
-4.24596878508312
-4.90743373618536
-5.21393129533585
-5.1144722248726
-4.59444902850779
-3.67784824670174
-2.42576761998449
-0.931355464515346
0.688361942034909
2.30299535755105
3.78065089794728
4.99999999999986
5.86140655421793
6.29604609125746
6.27214474612733
5.79774329477969
4.91972682741946
3.71922093034414
2.30380549225263
0.797303321893685
-0.671867123837452
-1.98264999963967
-3.03247043930358
-3.74644819617809
-4.08383124504735
-4.0410483841738
-3.65111212712839
-2.97946076065466
-2.11667635369534
-1.16881969895199
-0.246353926793749
0.547236655518988
1.12600016763413
1.43019652014121
1.43224439932868
1.13935055172762
0.592566263814648
-0.137628952900024
-0.95877138195656
-1.76613863808682
-2.45378303578709
-2.92576761998478
-3.10647719172518
-2.94896544276126
-2.4404907376573
-1.60466843886352
-0.50000000000004
0.785104211782076
2.14034524834139
3.44383435570606
4.57367808386506
5.41972682741936
5.89434265755397
5.94113287704865
5.54078941710201
4.71345221297371
3.51735000036022
2.04383190313256
0.409252646737521
-1.25552085462598
-2.8169831732593
-4.15111212712858
-5.15458248786442
-5.75400373849133
-5.9123057941604
-5.63167326360446
-4.95276334448125
-3.95030217480181
-2.72550432277501
-1.39606599109233
-0.0847146591872794
1.09256626381466
2.0374927743098
2.67855600283937
2.97734745712189
2.93153630102348
2.57423238001543
1.96982515071048
1.20673540015494
0.387819652763645
-0.380603227948895
-1.00000000000006
-1.39001751542765
-1.49698213645452
-1.29965173950224
-0.811641252946021
-0.0802731725803034
0.818040315117838
1.78543203413284
2.71247902668058
3.48938700205914
4.01735000036007
4.21895363034226
4.04658003153376
3.48796524058209
2.56833616355168
1.3488878728714
-0.0782801454287321
-1.59830289557542
-3.08399540373928
-4.40760805268977
-5.45276334448112
-6.1254239020114
-6.36283170757086
-6.13955208630101
-5.47003399599768
-4.40743373618565
-3.03880956812603
-1.47714484007647
0.149037066700696
1.70747109010893
3.07423238001519
4.14494687792038
4.84406278495085
5.13130574797223
5.00471610886187
4.49999999999993
3.68628482700814
2.65871870646142
1.52865865091896
0.412423957968775
-0.580273172580385
-1.35708141209185
-1.85189535066332
-2.03100706852755
-1.89593233475184
-1.48264999963983
-0.857348712093663
-0.109120811382179
0.65965485016101
1.34427095263712
1.84888787287148
2.0968415817812
2.03902448922071
1.65949069146914
0.97771128412098
0.0472366555188155
-1.04912155957554
-2.20713086465481
-3.31124169587974
-4.24596878508303
-4.90743373618551
-5.21393129533585
-5.11447222487265
2.51696580232123
3.15661071855923
3.19417061503345
2.7465191081058
2.00899206415779
1.21205803526158
0.573128288641915
0.25251455982598
0.321672363658412
0.749547963962925
1.40949486860349
2.10543859459066
2.61241993637838
2.72396848769268
2.2974284269417
1.28861955157621
-0.230969345062286
-2.07820167142318
-3.98350915454336
-5.63346530986329
-6.7236820051322
-7.01298795571508
-6.36939586674666
-4.79956444438724
-2.45612307653536
0.379093998493071
3.333784845336
5.99999999999996
7.99634077414983
9.02745668959101
8.93107692559722
7.70477069533189
5.50791457293331
2.63840127202889
-0.512228501817515
-3.51801096463422
-5.98258708560487
-7.59774211749197
-8.18714450800841
-7.72849536299258
-6.3509342641557
-4.30867252868456
-1.93574004039398
0.410224529792767
2.40554626301828
3.80984011755164
4.49909965483329
4.47751370282337
3.86674752277425
2.87535156180364
1.75436132182334
0.747441177044055
0.0447152565289475
-0.251404467614587
-0.142379118635264
0.270976162417429
0.812564279360495
1.26993100010439
1.44062539990233
1.17720001227267
0.422260053930314
-0.773272631623674
-2.25251455982562
-3.77570985124657
-5.06038847859012
-5.83175492253404
-5.87446924952893
-5.07652155151677
-3.45707550811316
-1.17277998874539
1.49932241316236
4.2001443429821
6.54230328656126
8.17065366255209
8.81965738629408
8.35800009432455
6.81284361273345
4.36939586674688
1.34552695679931
-1.85471743809191
-4.80135405242417
-7.10281550027407
-8.46410161513787
-8.72944779457008
-7.90280825139456
-6.14313496085853
-3.73559569741214
-1.04381295779592
1.54874323597914
3.6984205782486
5.15232905382632
5.78244274262363
5.59774211749229
4.73310702041993
3.4176548483655
1.92867421022532
0.539641873746999
-0.528361574743723
-1.14333155021281
-1.28089782482134
-1.02189815281371
-0.529924656914001
-0.0134120876860511
0.320396985233837
0.310840514627225
-0.120043232630955
-0.947585520025688
-2.04471525652886
-3.20263301997361
-4.16846139599205
-4.69323621634799
-4.58159493429841
-3.73403261524207
-2.17373242032307
-0.0525515740766029
2.36568191080809
4.74244762954313
6.71661617496364
7.96285435925531
8.24658055502091
7.46607301172583
5.67432490654663
3.07652155151674
0.00303802052437629
-3.13806052588183
-5.92158246709259
-7.9691749979197
-9.00640490169919
-8.9037606829722
-7.6950089480975
-5.57005812958585
-2.84366861481325
0.0947057483909692
2.84161755120934
5.04090951452285
6.43567214161604
6.90267115729216
6.46410161513765
5.27541030698207
3.5919677367675
1.72087490692825
-0.0334349575257993
-1.4202886573424
-2.28185025639942
-2.57377214005228
-2.36438708908769
-1.81326774470396
-1.13364050235452
-0.545962512411576
-0.231462771934361
-0.294356121033207
-0.739786216728764
-1.4716384252557
-2.31070593737517
-3.02994268980558
-3.40036190111739
-3.23910599802432
-2.45068952745234
-1.05350400565432
0.813807923569114
2.90798519736934
4.91676051794558
6.50881687166681
7.3897775279819
7.35465347242262
6.32755430553953
4.38145059131691
1.73403261524237
-1.28030506726502
-4.25828894055071
-6.78794196473833
-8.5114782844811
-9.18071779010145
-8.69596137967511
-7.12193211682481
-4.67813104698731
-1.70514990862728
1.38758006362059
4.18410648748366
6.32425260231294
7.55590055628509
7.76903065493792
7.00640490169986
5.44972319538412
3.38416843347029
1.1477980756556
-0.925362040124226
-2.55880736352866
-3.5747245716294
-3.91626107632631
-3.64773017687813
-2.93349615937284
-2.0000000000002
-1.08826579897332
-0.405775660336436
-0.0865568177361871
-0.166709385455899
-0.579711342657569
-1.17218723118915
-1.73706837457543
-2.05787296484337
-1.95576291023378
-1.33046111278325
-0.187144508008353
1.35611121013049
3.08229808577169
4.70896121464884
5.93574004039386
6.49785044538373
6.21613476623645
5.03467999030918
3.03896165504208
0.450689527452425
-2.40053348193435
-5.12464843819634
-7.3302452512997
-8.68579117288336
-8.97291848680452
-8.12288454840253
-6.23000503422636
-3.53961234080088
-0.412275593397179
2.7300689998955
5.46744957527448
7.44448101698163
8.42226005393057
8.31133394149939
7.18071779010185
5.24192389208697
2.8110916021979
0.255870993057143
-2.06388074631055
-3.85168167875903
-4.91721350790421
-5.19960416411683
-4.76795859154657
-3.79985565701814
-2.54230328656179
-1.26257868737537
-0.197976357039458
0.486520013536808
0.725217697142664
0.558807363528951
0.120687084041519
-0.394579438300929
-0.774529877052861
-0.835534495565229
-0.46410161513773
0.355158778552891
1.53042409853285
2.87449878247499
4.13588438337561
5.04381295779493
5.35933173919717
4.92326045100599
3.69219105403496
1.7556185672518
-0.669538887216414
-3.26689297958011
-5.66695172475742
-7.50455813970209
-8.47799186958657
-8.39984165553158
-7.23095746580379
-5.09148632803952
-2.24673802557125
0.930213342877224
4.01341208768585
6.58767798994247
8.31084051462725
8.96456334049213
8.48564682990177
6.97291848680464
4.66884706081434
1.91916451959904
-0.882647713129706
-3.35675506154078
-5.19417061503323
-6.2005565956943
-6.31983257878522
-5.63431808919193
-4.34215894357996
-2.71661617496383
-1.05477938407821
0.37510047423323
1.37844709613512
1.86373640332881
1.85168167875907
1.46317602031549
0.888763649489028
0.345698537615957
0.0308250020802485
0.0782016714238294
0.529471666955222
1.32262479523599
2.30142195120184
3.2439573007775
3.90529425160887
4.06645742396712
3.58077151473187
2.40884796624475
0.635390152583352
-1.53589838486247
-3.80919626614088
-5.8412646131599
-7.29675883640527
-7.90491503831356
-7.50791457293327
-6.09243875961747
-3.79861201281021
-0.90424908929686
2.21355643066762
5.13364050235421
7.4540374875885
8.85314380118874
9.13887622889423
8.27784752660468
6.39984165553218
3.77691997821582
0.780645813412589
-2.17552202835935
-4.69924399781507
-6.4775137028234
-7.32078501036302
-7.18619207643096
-6.17662137575378
-4.5164718319819
-2.50881687166668
-0.48170255280603
1.26702755683159
2.51696580232132
3.15661071855936
3.1941706150336
2.74651910810594
2.00899206415794
1.21205803526169
0.573128288641978
0.252514559825984
0.321672363658357
0.749547963963113
1.40949486860375
2.10543859459099
2.61241993637822
2.72396848769254
2.29742842694125
1.28861955157616
-0.230969345062283
-2.07820167142313
-3.98350915454328
-5.63346530986318
-6.72368200513238
-7.01298795571539
-6.36939586674707
-4.79956444438719
-2.45612307653534
0.379093998494024
3.33378484533598
5.99999999999993
7.99634077414965
9.02745668959099
8.93107692559736
7.70477069533189
5.50791457293332
2.6384012720289
-0.512228501817513
-3.51801096463423
-5.98258708560585
-7.59774211749203
-8.18714450800848
-7.72849536299252
-6.35093426415579
-4.30867252868478
-1.93574004039401
0.410224529792775
2.40554626301834
3.80984011755174
4.49909965483342
4.47751370282358
3.8667475227744
2.87535156180377
1.75436132182328
0.747441177044101
0.0447152565290869
-4.96410161513786
-4.00000000000015
-1.96410161513843
0.598076211352112
2.99999999999955
4.59807621135335
4.9641016151378
4.00000000000052
1.964101615139
-0.598076211352623
-2.99999999999996
-4.59807621135311
-4.96410161513788
-4.00000000000021
-1.96410161513852
0.598076211353133
2.99999999999947
4.59807621135286
4.96410161513781
4.00000000000059
1.96410161513805
-0.598076211352516
-2.99999999999897
-4.59807621135307
-4.96410161513775
-4.00000000000028
-1.96410161513862
0.598076211353026
2.99999999999938
4.59807621135327
4.96410161513783
4.00000000000065
1.96410161513815
-0.598076211352408
-2.99999999999979
-4.59807621135302
-4.9641016151379
-4.00000000000034
-1.96410161513768
0.598076211352919
2.99999999999929
4.59807621135278
4.96410161513784
4.00000000000003
1.96410161513825
-0.598076211352302
-2.99999999999971
-4.59807621135298
-4.96410161513778
-4.00000000000041
-1.96410161513882
0.598076211352813
2.99999999999921
4.59807621135318
4.96410161513785
4.00000000000078
1.96410161513835
-0.598076211353323
-2.99999999999962
-4.59807621135294
-4.96410161513779
-4.00000000000047
-1.96410161513788
0.598076211352706
2.99999999999912
4.59807621135314
4.96410161513787
4.00000000000016
1.96410161513845
-0.598076211352088
-2.99999999999953
-4.59807621135334
-4.9641016151378
-4.00000000000054
-1.96410161513902
0.598076211352599
2.99999999999995
4.5980762113531
4.96410161513788
4.00000000000023
1.96410161513855
-0.598076211353109
-2.99999999999945
-4.59807621135285
-4.96410161513782
-4.0000000000006
-1.96410161513807
0.598076211352491
2.99999999999895
4.59807621135306
4.96410161513776
4.00000000000029
1.96410161513865
-0.598076211353002
-2.99999999999936
-4.59807621135326
-4.96410161513783
-4.00000000000067
-1.96410161513817
0.598076211352384
2.99999999999977
4.59807621135301
4.9641016151379
4.00000000000036
1.9641016151377
-0.598076211352895
-2.99999999999927
-4.59807621135322
-4.96410161513784
-4.00000000000005
-1.96410161513827
0.598076211352277
2.99999999999969
4.59807621135297
4.96410161513778
4.00000000000042
1.96410161513885
-0.598076211352788
-3.0000000000001
-4.59807621135317
-4.96410161513785
-4.00000000000079
-1.96410161513837
0.598076211353299
2.9999999999996
4.59807621135293
4.96410161513779
4.00000000000049
1.9641016151379
-0.598076211352681
-2.9999999999991
-4.59807621135313
-4.96410161513787
-4.00000000000018
-1.96410161513847
0.598076211352064
2.99999999999951
4.59807621135333
4.96410161513781
4.00000000000055
1.964101615138
-0.598076211352574
-2.99999999999993
-4.59807621135309
-4.96410161513788
-4.00000000000024
-1.96410161513857
0.598076211353085
2.99999999999943
4.59807621135285
4.96410161513782
3.99999999999993
1.9641016151381
-0.598076211352467
-2.99999999999893
-4.59807621135305
-4.96410161513776
-4.00000000000031
-1.96410161513867
0.598076211352978
2.99999999999934
4.59807621135325
4.96410161513783
4.00000000000068
1.9641016151382
-0.59807621135236
-2.99999999999975
-4.59807621135301
-4.96410161513791
-4.00000000000037
-1.96410161513772
0.598076211352871
2.99999999999926
4.59807621135321
4.96410161513785
4.00000000000006
1.9641016151383
-0.598076211352253
-2.99999999999967
-4.59807621135296
-4.96410161513778
-4.00000000000044
-1.96410161513887
0.598076211352764
3.00000000000008
4.59807621135317
4.96410161513786
4.00000000000081
1.96410161513839
-0.598076211353275
-2.99999999999958
-4.59807621135292
-4.9641016151378
-4.0000000000005
-1.96410161513792
0.598076211352657
2.99999999999908
4.59807621135312
4.96410161513787
4.00000000000019
1.96410161513849
-0.598076211352039
-2.99999999999949
-4.59807621135332
-4.96410161513781
-4.00000000000057
-1.96410161513802
0.59807621135255
2.99999999999991
4.59807621135308
4.96410161513788
4.00000000000026
1.96410161513859
-0.598076211353061
-2.99999999999941
-4.59807621135284
-4.96410161513782
-3.99999999999995
-1.96410161513812
0.598076211352443
2.99999999999891
4.59807621135304
4.96410161513776
4.00000000000032
1.96410161513869
-0.598076211352954
-2.99999999999932
-4.59807621135324
-4.96410161513784
-4.0000000000007
-1.96410161513822
0.598076211352336
2.99999999999973
4.598076211353
4.96410161513791
4.00000000000039
1.96410161513775
-0.598076211352847
-2.99999999999924
-4.5980762113532
-4.96410161513785
-4.00000000000008
-1.96410161513832
0.598076211352229
2.99999999999965
4.59807621135295
4.96410161513779
4.00000000000045
1.96410161513889
-0.59807621135274
-3.00000000000006
-4.59807621135316
-4.96410161513786
-4.00000000000082
-1.96410161513842
0.59807621135325
2.99999999999956
4.59807621135291
4.9641016151378
4.00000000000052
1.96410161513794
-0.598076211352632
-2.99999999999906
-4.59807621135311
-4.96410161513787
-4.00000000000021
-1.96410161513852
0.598076211352014
2.99999999999947
4.59807621135332
4.96410161513781
4.00000000000058
1.96410161513909
-0.598076211352526
-2.99999999999989
-4.59807621135307
-4.96410161513775
-4.00000000000095
-1.96410161513862
0.598076211353037
2.99999999999939
4.59807621135327
4.96410161513796
4.00000000000065
1.96410161513814
-0.598076211352419
-2.9999999999998
-4.59807621135347
-4.9641016151379
-4.00000000000034
-1.96410161513871
0.598076211352929
3.00000000000021
4.59807621135278
4.96410161513784
4.00000000000071
1.96410161513824
-0.59807621135344
-2.99999999999971
-4.59807621135299
-4.96410161513791
-4.0000000000004
-1.96410161513777
0.598076211352822
2.99999999999922
4.59807621135274
4.96410161513785
4.00000000000009
1.96410161513834
-0.598076211353333
-2.99999999999872
-4.59807621135294
-4.96410161513779
-4.00000000000047
-1.96410161513787
0.598076211351586
2.99999999999913
4.59807621135315
4.96410161513786
4.00000000000016
1.96410161513739
-0.598076211352097
-2.99999999999954
-4.5980762113529
-4.9641016151378
-3.99999999999985
-1.96410161513901
0.598076211352608
2.99999999999904
4.5980762113531
4.96410161513774
4.00000000000022
1.96410161513854
-0.59807621135199
-2.99999999999946
-4.59807621135331
-4.96410161513782
-4.0000000000006
-1.96410161513911
0.598076211352501
2.99999999999987
4.59807621135306
4.96410161513775
4.00000000000097
1.96410161513864
-0.598076211353012
-2.99999999999937
-4.59807621135326
-4.96410161513796
-4.00000000000066
-1.96410161513816
0.598076211352394
2.99999999999978
4.59807621135347
4.9641016151379
4.00000000000035
1.96410161513874
-0.598076211352905
-3.00000000000019
-4.59807621135277
-4.96410161513784
-4.00000000000072
-1.96410161513826
0.598076211353416
2.99999999999969
4.59807621135298
4.96410161513792
4.00000000000042
1.96410161513779
-0.598076211352798
-2.9999999999992
-4.59807621135273
-4.96410161513785
-4.00000000000011
-1.96410161513836
0.598076211353309
2.9999999999987
4.59807621135293
4.96410161513779
4.00000000000048
1.96410161513789
-0.598076211351562
-2.99999999999911
-4.59807621135314
-4.96410161513787
-4.00000000000017
-1.96410161513742
0.598076211352073
2.99999999999952
4.59807621135289
4.96410161513781
3.99999999999986
1.96410161513903
-0.598076211352584
-2.99999999999902
-4.59807621135309
-4.96410161513774
-4.00000000000024
-1.96410161513856
0.598076211351966
2.99999999999944
4.5980762113533
4.96410161513782
4.00000000000061
1.96410161513913
-0.598076211352477
-2.99999999999985
-4.59807621135305
-4.96410161513776
-4.00000000000098
-1.96410161513866
0.598076211352988
2.99999999999935
4.59807621135325
4.96410161513797
4.00000000000068
1.96410161513819
-0.59807621135237
-2.99999999999976
-4.59807621135346
-4.96410161513791
-4.00000000000037
-1.96410161513876
0.598076211352881
3.00000000000017
4.59807621135276
4.96410161513784
4.00000000000074
1.96410161513829
-0.598076211353391
-2.99999999999967
-4.59807621135297
-4.96410161513792
-4.00000000000043
-1.96410161513781
0.598076211352773
2.99999999999918
4.59807621135272
4.96410161513786
4.00000000000012
1.96410161513839
-0.598076211353284
-2.99999999999868
-4.59807621135292
-4.9641016151378
-4.0000000000005
-1.96410161513791
0.598076211351538
2.99999999999909
4.59807621135313
4.96410161513787
4.00000000000019
1.96410161513744
-0.598076211352049
-2.9999999999995
-4.59807621135288
-4.96410161513781
-3.99999999999988
-1.96410161513906
0.598076211352559
2.999999999999
4.59807621135308
4.96410161513775
4.00000000000025
1.96410161513858
-0.598076211351942
-2.99999999999942
-4.59807621135329
-4.96410161513782
-4.00000000000062
-1.96410161513916
0.598076211352452
2.99999999999983
4.59807621135304
4.96410161513776
4.000000000001
1.96410161513868
-0.598076211352963
-2.99999999999933
-4.59807621135324
-4.96410161513797
-4.00000000000069
-1.96410161513821
0.598076211352346
2.99999999999974
4.59807621135345
4.96410161513791
4.00000000000038
1.96410161513878
-0.598076211352856
-3.00000000000015
-4.5980762113532
-4.96410161513785
-4.00000000000075
-1.96410161513831
0.598076211353367
2.99999999999965
4.59807621135296
4.96410161513792
4.00000000000044
1.96410161513784
-0.598076211352749
-3.00000000000007
-4.59807621135271
-4.96410161513786
-4.00000000000014
-1.96410161513841
0.59807621135326
2.99999999999866
4.59807621135291
4.9641016151378
4.00000000000051
1.96410161513793
-0.598076211353771
-2.99999999999907
-4.59807621135312
-4.96410161513787
-4.0000000000002
-1.96410161513746
0.598076211352024
2.99999999999948
4.59807621135287
4.96410161513781
3.99999999999989
1.96410161513803
-0.598076211352535
-2.99999999999898
-4.59807621135307
-4.96410161513775
-4.00000000000027
-1.96410161513861
0.598076211351917
2.9999999999994
4.59807621135328
4.96410161513782
3.99999999999996
1.96410161513918
-0.598076211352428
-2.99999999999981
-4.59807621135303
-4.96410161513776
-4.00000000000101
-1.96410161513871
0.598076211352939
2.99999999999931
4.59807621135323
4.9641016151377
4.0000000000007
1.96410161513823
-0.598076211352321
-2.99999999999972
-4.59807621135344
-4.96410161513791
-4.0000000000004
-1.9641016151388
0.598076211352832
3.00000000000013
4.59807621135319
4.96410161513785
4.00000000000077
1.96410161513833
-0.598076211353343
-2.99999999999964
-4.59807621135295
-4.96410161513792
-4.00000000000046
-1.96410161513786
0.598076211352725
3.00000000000005
4.5980762113527
4.96410161513786
4.00000000000015
1.96410161513843
-0.598076211353236
-2.99999999999864
-4.59807621135291
-4.9641016151378
-4.00000000000052
-1.96410161513796
0.598076211353747
2.99999999999905
4.59807621135311
4.96410161513788
4.00000000000022
1.96410161513748
-0.598076211352
-2.99999999999946
-4.59807621135286
-4.96410161513781
-3.99999999999991
-1.96410161513806
0.598076211352511
2.99999999999897
4.59807621135306
4.96410161513775
4.00000000000028
1.96410161513863
-0.598076211351893
-2.99999999999938
-4.59807621135327
-4.96410161513783
-3.99999999999997
-1.9641016151392
0.598076211352404
2.99999999999979
4.59807621135302
4.96410161513777
4.00000000000103
1.96410161513873
-0.598076211352914
-2.99999999999929
-4.59807621135322
-4.9641016151377
-4.00000000000072
-1.96410161513825
0.598076211352297
2.9999999999997
4.59807621135343
4.96410161513792
4.00000000000041
1.96410161513883
-0.598076211352808
-3.00000000000011
-4.59807621135318
-4.96410161513785
-4.00000000000078
-1.96410161513835
0.598076211353319
2.99999999999962
4.59807621135294
4.96410161513793
4.00000000000048
1.96410161513788
-0.598076211352701
-3.00000000000003
-4.59807621135269
-4.96410161513787
-4.00000000000017
-1.96410161513845
0.598076211353212
2.99999999999862
4.5980762113529
4.9641016151378
4.00000000000054
1.96410161513798
-0.598076211353722
-2.99999999999903
-4.5980762113531
-4.96410161513788
-4.00000000000023
-1.96410161513751
0.598076211351976
2.99999999999944
4.59807621135285
4.96410161513782
3.99999999999992
1.96410161513808
-0.598076211352487
-2.99999999999895
-4.59807621135305
-4.96410161513776
-4.0000000000003
-1.96410161513865
0.598076211351869
2.99999999999936
4.59807621135326
4.96410161513783
3.99999999999999
1.96410161513922
-0.59807621135238
-2.99999999999977
-4.59807621135301
-4.96410161513777
-4.00000000000104
-1.96410161513875
0.59807621135289
2.99999999999927
4.59807621135321
4.96410161513771
4.00000000000073
1.96410161513828
-0.598076211352272
-2.99999999999968
-4.59807621135342
-4.96410161513792
-4.00000000000042
-1.96410161513885
0.598076211352783
3.00000000000009
4.59807621135317
4.96410161513786
4.0000000000008
1.96410161513838
-0.598076211353294
-2.9999999999996
-4.59807621135293
-4.96410161513793
-4.00000000000049
-1.9641016151379
0.598076211352676
3.00000000000001
4.59807621135268
4.96410161513787
4.00000000000018
1.96410161513848
-0.598076211353187
-2.9999999999986
-4.59807621135289
-4.96410161513781
-4.00000000000055
-1.964101615138
0.598076211353698
2.99999999999901
4.59807621135309
4.96410161513788
4.00000000000025
1.96410161513753
-0.598076211351951
-2.99999999999942
-4.59807621135284
-4.96410161513782
-3.99999999999994
-1.9641016151381
0.598076211352462
2.99999999999893
4.59807621135305
4.96410161513776
4.00000000000031
1.96410161513867
-0.598076211351844
-2.99999999999934
-4.59807621135325
-4.96410161513783
-4
-1.96410161513925
0.598076211352355
2.99999999999975
4.598076211353
4.96410161513777
4.00000000000106
1.96410161513877
-0.598076211352866
-2.99999999999925
-4.5980762113532
-4.96410161513771
-4.00000000000075
-1.9641016151383
0.598076211352248
2.99999999999966
4.59807621135341
4.96410161513792
4.00000000000044
1.96410161513887
-0.598076211352759
-3.00000000000007
-4.59807621135316
-4.96410161513786
-4.00000000000081
-1.9641016151384
0.59807621135327
2.99999999999958
4.59807621135292
4.96410161513793
4.0000000000005
1.96410161513793
-0.598076211352652
-2.99999999999999
-4.59807621135267
-4.96410161513787
-4.0000000000002
-1.9641016151385
0.598076211353163
2.99999999999858
4.59807621135288
4.96410161513781
4.00000000000057
1.96410161513802
-0.598076211353674
-2.99999999999899
-4.59807621135308
-4.96410161513788
-4.00000000000026
-1.96410161513755
0.598076211351927
2.9999999999994
4.59807621135283
4.96410161513782
3.99999999999995
1.96410161513812
-0.598076211352438
-2.99999999999891
-4.59807621135304
-4.96410161513776
-4.00000000000033
-1.9641016151387
0.59807621135182
2.99999999999932
4.59807621135324
4.96410161513784
4.00000000000002
1.96410161513927
-0.598076211352331
-2.99999999999973
-4.59807621135299
-4.96410161513777
-4.00000000000107
-1.9641016151388
0.598076211352842
2.99999999999923
4.5980762113532
4.96410161513771
4.00000000000076
1.96410161513832
-0.598076211352224
-2.99999999999964
-4.5980762113534
-4.96410161513792
-4.00000000000045
-1.96410161513889
0.598076211352735
3.00000000000006
4.59807621135315
4.96410161513786
4.00000000000083
1.96410161513842
-0.598076211353245
-2.99999999999956
-4.59807621135291
-4.96410161513794
-4.00000000000052
-1.96410161513795
0.598076211352628
2.99999999999997
4.59807621135266
4.96410161513787
4.00000000000021
1.96410161513852
-0.598076211353138
-2.99999999999856
-4.59807621135287
-4.96410161513781
-4.00000000000058
-1.96410161513805
0.59807621135365
2.99999999999897
4.59807621135307
4.96410161513789
4.00000000000027
1.96410161513757
-0.598076211351902
-2.99999999999938
-4.59807621135282
-4.96410161513783
-3.99999999999997
-1.96410161513815
0.598076211352414
2.99999999999889
4.59807621135303
4.96410161513777
4.00000000000034
1.96410161513872
-0.598076211351795
-2.9999999999993
-4.59807621135323
-4.96410161513784
-4.00000000000003
-1.96410161513929
0.598076211352307
2.99999999999971
4.59807621135298
4.96410161513778
4.00000000000109
1.96410161513882
-0.598076211352817
-2.99999999999921
-4.59807621135319
-4.96410161513772
-4.00000000000078
-1.96410161513835
0.5980762113522
2.99999999999962
4.59807621135339
4.96410161513793
4.00000000000047
1.96410161513892
-0.59807621135271
-3.00000000000004
-4.59807621135314
-4.96410161513787
-4.00000000000084
-1.96410161513844
0.598076211353221
2.99999999999954
4.5980762113529
4.96410161513794
4.00000000000053
1.96410161513797
-0.598076211352603
-2.99999999999995
-4.59807621135265
-4.96410161513788
-4.00000000000022
-1.96410161513854
0.598076211353114
2.99999999999854
4.59807621135286
4.96410161513782
4.0000000000006
1.96410161513807
-0.598076211353625
-2.99999999999895
-4.59807621135306
-4.96410161513789
-4.00000000000029
-1.9641016151376
0.598076211351878
2.99999999999936
4.59807621135281
4.96410161513783
3.99999999999998
1.96410161513817
-0.59807621135239
-2.99999999999887
-4.59807621135302
-4.96410161513777
-4.00000000000035
-1.96410161513874
0.598076211351771
2.99999999999928
4.59807621135322
4.96410161513784
4.00000000000005
1.96410161513931
-0.598076211352283
-2.99999999999969
-4.59807621135297
-4.96410161513778
-4.0000000000011
-1.96410161513884
0.598076211352793
2.99999999999919
4.59807621135318
4.96410161513772
4.00000000000079
1.96410161513837
-0.598076211352175
-2.9999999999996
-4.59807621135338
-4.96410161513793
-4.00000000000048
-1.96410161513894
0.598076211352686
3.00000000000002
4.59807621135313
4.96410161513787
4.00000000000086
1.96410161513847
-0.598076211353197
-2.99999999999952
-4.59807621135289
-4.96410161513794
-4.00000000000055
-1.96410161513799
0.598076211352579
2.99999999999993
4.59807621135265
4.96410161513788
4.00000000000024
1.96410161513857
-0.59807621135309
-2.99999999999852
-4.59807621135285
-4.96410161513782
-4.00000000000061
-1.96410161513809
0.598076211353601
2.99999999999893
4.59807621135305
4.96410161513789
4.0000000000003
1.96410161513762
-0.598076211351854
-2.99999999999935
-4.5980762113528
-4.96410161513783
-4
-1.96410161513819
0.598076211352365
2.99999999999885
4.59807621135301
4.96410161513777
4.00000000000037
1.96410161513772
-0.598076211351747
-2.99999999999926
-4.59807621135321
-4.96410161513784
-4.00000000000006
-1.96410161513934
0.598076211352258
2.99999999999967
4.59807621135296
4.96410161513778
3.99999999999975
1.96410161513886
-0.598076211352769
-2.99999999999917
-4.59807621135317
-4.96410161513772
-4.00000000000081
-1.96410161513839
0.598076211352151
2.99999999999958
4.59807621135337
4.9641016151378
4.0000000000005
1.96410161513896
-0.598076211352662
-3
-4.59807621135313
-4.96410161513787
-4.00000000000087
-1.96410161513849
0.598076211353173
2.9999999999995
4.59807621135333
4.96410161513795
4.00000000000056
1.96410161513802
-0.598076211352555
-2.99999999999991
-4.59807621135264
-4.96410161513788
-4.00000000000025
-1.96410161513859
0.598076211353065
3.00000000000032
4.59807621135284
4.96410161513782
4.00000000000063
1.96410161513811
-0.598076211353576
-2.99999999999891
-4.59807621135304
-4.9641016151379
-4.00000000000032
-1.96410161513764
0.598076211352958
2.99999999999933
4.5980762113528
4.96410161513784
4.00000000000001
1.96410161513821
-0.59807621135234
-2.99999999999883
-4.598076211353
-4.96410161513777
-4.00000000000038
-1.96410161513774
0.598076211351723
2.99999999999924
4.5980762113532
4.96410161513785
4.00000000000007
1.96410161513936
-0.598076211352234
-2.99999999999965
-4.59807621135296
-4.96410161513779
-3.99999999999977
-1.96410161513889
0.598076211352744
2.99999999999915
4.59807621135316
4.96410161513773
4.00000000000082
1.96410161513841
-0.598076211352126
-2.99999999999956
-4.59807621135336
-4.9641016151378
-4.00000000000051
-1.96410161513898
0.598076211352637
2.99999999999998
4.59807621135312
4.96410161513787
4.00000000000089
1.96410161513851
-0.598076211353148
-2.99999999999948
-4.59807621135332
-4.96410161513795
-4.00000000000058
-1.96410161513804
0.598076211352531
2.99999999999989
4.59807621135263
4.96410161513789
4.00000000000027
1.96410161513861
-0.598076211353041
-3.0000000000003
-4.59807621135283
-4.96410161513782
-4.00000000000064
-1.96410161513814
0.598076211353552
2.99999999999889
4.59807621135303
4.9641016151379
4.00000000000033
1.96410161513766
-0.598076211352934
-2.99999999999931
-4.59807621135279
-4.96410161513784
-4.00000000000002
-1.96410161513824
0.598076211352316
2.99999999999881
4.59807621135299
4.96410161513778
4.0000000000004
1.96410161513776
-0.598076211351698
-2.99999999999922
-4.59807621135319
-4.96410161513785
-4.00000000000009
-1.96410161513938
0.598076211352209
2.99999999999963
4.59807621135295
4.96410161513779
3.99999999999978
1.96410161513891
-0.59807621135272
-2.99999999999913
-4.59807621135315
-4.96410161513773
-4.00000000000084
-1.96410161513843
0.598076211352102
2.99999999999955
4.59807621135335
4.9641016151378
4.00000000000053
1.96410161513901
-0.598076211352613
-2.99999999999996
-4.5980762113531
-4.96410161513788
-4.0000000000009
-1.96410161513853
0.598076211353124
2.99999999999946
4.59807621135331
4.96410161513795
4.00000000000059
1.96410161513806
-0.598076211352506
-2.99999999999987
-4.59807621135262
-4.96410161513789
-4.00000000000028
-1.96410161513863
0.598076211353017
3.00000000000028
4.59807621135282
4.96410161513783
4.00000000000066
1.96410161513816
-0.598076211353528
-2.99999999999888
-4.59807621135302
-4.9641016151379
-4.00000000000035
-1.96410161513769
0.59807621135291
2.99999999999929
4.59807621135278
4.96410161513784
4.00000000000004
1.96410161513826
-0.598076211352292
-2.99999999999879
-4.59807621135298
-4.96410161513778
-4.00000000000041
-1.96410161513779
0.598076211351674
2.9999999999992
4.59807621135318
4.96410161513785
4.0000000000001
1.9641016151394
-0.598076211352185
-2.99999999999961
-4.59807621135294
-4.96410161513779
-3.9999999999998
-1.96410161513893
0.598076211352696
2.99999999999911
4.59807621135314
4.96410161513773
4.00000000000085
1.96410161513846
-0.598076211352078
-2.99999999999953
-4.59807621135334
-4.96410161513781
-4.00000000000054
-1.96410161513903
0.598076211352589
2.99999999999994
4.5980762113531
4.96410161513788
4.00000000000092
1.96410161513856
-0.598076211353099
-2.99999999999944
-4.5980762113533
-4.96410161513795
-4.00000000000061
-1.96410161513808
0.598076211352482
2.99999999999985
4.59807621135261
4.96410161513789
4.0000000000003
1.96410161513866
-0.598076211352993
-3.00000000000026
-4.59807621135281
-4.96410161513783
-4.00000000000067
-1.96410161513818
0.598076211353504
2.99999999999886
4.59807621135301
4.96410161513791
4.00000000000036
1.96410161513771
-0.598076211352886
-2.99999999999927
-4.59807621135277
-4.96410161513784
-4.00000000000005
-1.96410161513828
0.598076211352268
2.99999999999877
4.59807621135297
4.96410161513778
4.00000000000043
1.96410161513781
-0.59807621135165
-2.99999999999918
-4.59807621135317
-4.96410161513786
-4.00000000000012
-1.96410161513943
0.598076211352161
2.99999999999959
4.59807621135293
4.96410161513779
3.99999999999981
1.96410161513895
-0.598076211352672
-2.99999999999909
-4.59807621135313
-4.96410161513773
-4.00000000000087
-1.96410161513848
0.598076211352053
2.99999999999951
4.59807621135333
4.96410161513781
4.00000000000056
1.96410161513905
-0.598076211352565
-2.99999999999992
-4.59807621135309
-4.96410161513788
-4.00000000000093
-1.96410161513858
0.598076211353075
-0.868948974808175
-3.03553390593355
-4.73788717647368
-5.72868960032153
-6.01923203528293
-5.83638578902657
-5.49999999999993
-5.27114540178064
-5.23219203436273
-5.24668254627306
-5.01540172789992
-4.20710678118653
-2.61267756707299
-0.261433438279662
2.54802849764726
5.31800560176987
7.49999999999968
8.66825087409666
8.65538450565762
7.60069057024834
5.89383051644811
4.03553390593214
2.46735579894502
1.43331154376643
0.923175039987936
0.715482114705074
0.499999999999956
0.0292467816292725
-0.761920914091652
-1.71660540010107
-2.51244077082014
-2.79289321881346
-2.32203403081797
-1.10151653659588
0.597904398717627
2.30585902963075
3.4999999999998
3.77889072147451
2.99705647422666
1.31272147505644
-0.868948974806229
-3.03553390593183
-4.73788717647448
-5.72868960032189
-6.01923203528293
-5.83638578902661
-5.49999999999998
-5.27114540178056
-5.23219203436273
-5.24668254627307
-5.01540172789998
-4.2071067811867
-2.61267756707327
-0.261433438280027
2.54802849764687
5.31800560177138
7.50000000000069
8.66825087409616
8.6553845056577
7.60069057024749
5.89383051644701
4.03553390593238
2.46735579894615
1.43331154376653
0.923175039987754
0.715482114705096
0.499999999999999
0.02924678162936
-0.761920914091526
-1.71660540010094
-2.51244077082006
-2.79289321881347
-2.32203403081746
-1.10151653659609
0.597904398716084
2.30585902963054
3.50000000000026
3.77889072147436
2.99705647422684
1.31272147505818
-0.868948974807555
-3.035533905933
-4.73788717647429
-5.7286896003218
-6.01923203528293
-5.83638578902665
-5.50000000000002
-5.27114540178058
-5.23219203436272
-5.24668254627304
-5.01540172790005
-4.20710678118686
-2.61267756707354
-0.261433438278472
2.54802849764856
5.31800560176917
7.4999999999992
8.6682508740965
8.65538450565735
7.60069057024769
5.89383051644727
4.03553390593262
2.46735579894538
1.43331154376664
0.923175039987796
0.715482114705119
0.500000000000042
0.0292467816294479
-0.7619209140914
-1.71660540010081
-2.5124407708204
-2.79289321881342
-2.32203403081821
-1.1015165365963
0.597904398717135
2.30585902963144
3.50000000000015
3.77889072147458
2.99705647422701
1.31272147505699
-0.868948974807245
-3.03553390593273
-4.7378871764741
-5.72868960032172
-6.01923203528293
-5.8363857890267
-5.50000000000006
-5.2711454017805
-5.23219203436272
-5.24668254627308
-5.01540172790011
-4.20710678118617
-2.61267756707237
-0.261433438278836
2.54802849764608
5.31800560177067
7.50000000000021
8.66825087409642
8.65538450565743
7.60069057024789
5.89383051644753
4.03553390593287
2.46735579894556
1.43331154376674
0.923175039987615
0.71548211470514
0.500000000000085
0.0292467816295356
-0.761920914091937
-1.71660540010136
-2.51244077081989
-2.79289321881349
-2.3220340308177
-1.10151653659541
0.597904398716889
2.30585902963123
3.50000000000004
3.77889072147443
2.99705647422719
1.31272147505727
-0.868948974806935
-3.03553390593245
-4.73788717647392
-5.72868960032163
-6.01923203528293
-5.83638578902651
-5.49999999999988
-5.27114540178062
-5.23219203436272
-5.24668254627305
-5.01540172789984
-4.20710678118633
-2.61267756707409
-0.261433438279199
2.54802849764777
5.31800560177032
7.49999999999998
8.66825087409634
8.65538450565751
7.60069057024809
5.89383051644778
4.03553390593311
2.46735579894479
1.43331154376684
0.923175039987881
0.715482114705163
0.499999999999901
0.0292467816291611
-0.761920914091811
-1.71660540010055
-2.51244077082024
-2.79289321881344
-2.32203403081782
-1.10151653659561
0.597904398716643
2.30585902963102
3.49999999999994
3.77889072147447
2.99705647422737
1.31272147505609
-0.868948974806624
-3.03553390593218
-4.73788717647373
-5.72868960032199
-6.01923203528293
-5.83638578902678
-5.50000000000015
-5.27114540178054
-5.23219203436273
-5.24668254627306
-5.0154017278999
-4.20710678118649
-2.61267756707292
-0.261433438279563
2.54802849764737
5.31800560176997
7.49999999999974
8.66825087409626
8.65538450565759
7.60069057024829
5.89383051644669
4.03553390593207
2.46735579894592
1.43331154376695
0.9231750399877
0.715482114705069
0.499999999999944
0.0292467816292485
2.99999999999869
4.59807621135293
4.96410161513779
4.00000000000049
1.9641016151379
-0.598076211351553
-2.9999999999991
-4.59807621135313
-4.96410161513787
-4.00000000000018
-1.96410161513743
0.598076211352064
2.99999999999951
4.59807621135289
4.96410161513781
3.99999999999987
1.96410161513904
-0.598076211352574
-2.99999999999902
-4.59807621135309
-4.96410161513774
-4.00000000000024
-1.96410161513857
0.598076211351956
2.99999999999943
4.59807621135329
4.96410161513782
4.00000000000062
1.96410161513914
-0.598076211352467
-2.99999999999984
-4.59807621135305
-4.96410161513776
-4.00000000000099
-1.96410161513867
0.598076211352978
2.99999999999934
4.59807621135325
4.96410161513797
4.00000000000068
1.9641016151382
-0.59807621135236
-2.99999999999975
-4.59807621135345
-4.96410161513791
-4.00000000000037
-1.96410161513877
0.598076211352871
3.00000000000016
4.59807621135276
4.96410161513785
4.00000000000075
1.9641016151383
-0.598076211353382
-2.99999999999967
-4.59807621135296
-4.96410161513792
-4.00000000000044
-1.96410161513782
0.598076211352764
2.99999999999917
4.59807621135272
4.96410161513799
4.00000000000013
1.96410161513839
-0.598076211352146
-2.99999999999867
-4.59807621135247
-4.9641016151378
-4.0000000000005
-1.96410161513897
0.598076211351529
2.99999999999817
4.59807621135312
4.96410161513787
4.00000000000087
1.96410161513745
-0.59807621135091
-2.99999999999949
-4.59807621135288
-4.96410161513795
-3.99999999999988
-1.96410161514011
0.59807621135255
2.999999999999
4.59807621135263
4.96410161513775
4.00000000000026
1.96410161513859
-0.598076211351932
-2.9999999999985
-4.59807621135328
-4.96410161513782
-4.00000000000063
-1.96410161513917
0.598076211351314
2.99999999999982
4.59807621135304
4.9641016151379
4.000000000001
1.96410161513974
-0.598076211352954
-2.99999999999932
-4.59807621135279
-4.96410161513797
-4.00000000000138
-1.96410161513822
0.598076211352336
2.99999999999882
4.59807621135344
4.96410161513805
4.00000000000039
1.96410161513879
-0.598076211351718
-3.00000000000015
-4.59807621135231
-4.96410161513785
-4.00000000000076
-1.96410161513936
0.598076211353357
2.99999999999965
4.59807621135295
4.96410161513792
4.00000000000113
1.96410161513784
-0.59807621135274
-2.99999999999915
-4.59807621135271
-4.964101615138
-4.00000000000014
-1.96410161513842
0.598076211352121
2.99999999999865
4.59807621135246
4.9641016151378
4.00000000000052
1.96410161513899
-0.598076211351504
-2.99999999999815
-4.59807621135311
-4.96410161513787
-4.00000000000089
-1.96410161513747
0.598076211350886
2.99999999999947
4.59807621135287
4.96410161513795
3.9999999999999
1.96410161514013
-0.598076211352526
-2.99999999999898
-4.59807621135262
-4.96410161513775
-4.00000000000027
-1.96410161513862
0.598076211351908
2.99999999999848
4.59807621135327
4.96410161513783
4.00000000000065
1.96410161513919
-0.59807621135129
-2.9999999999998
-4.59807621135303
-4.9641016151379
-4.00000000000102
-1.96410161513976
0.598076211352929
2.9999999999993
4.59807621135278
4.96410161513797
4.00000000000139
1.96410161513824
-0.598076211352311
-2.9999999999988
-4.59807621135343
-4.96410161513805
-4.0000000000004
-1.96410161513881
0.598076211351694
3.00000000000013
4.59807621135229
4.96410161513785
4.00000000000077
1.96410161513939
-0.598076211353333
-2.99999999999963
-4.59807621135294
-4.96410161513793
-4.00000000000115
-1.96410161513787
0.598076211352715
2.99999999999913
4.5980762113527
4.964101615138
4.00000000000016
1.96410161513844
-0.598076211352097
-2.99999999999863
-4.59807621135245
-4.9641016151378
-4.00000000000053
-1.96410161513901
0.598076211351479
2.99999999999813
4.5980762113531
4.96410161513788
4.0000000000009
1.96410161513749
-0.598076211350862
-2.99999999999946
-4.59807621135286
-4.96410161513795
-3.99999999999991
-1.96410161514016
0.598076211352501
2.99999999999896
4.59807621135261
4.96410161513775
4.00000000000029
1.96410161513864
-0.598076211351883
-2.99999999999846
-4.59807621135326
-4.96410161513783
-4.00000000000066
-1.96410161513921
0.598076211351265
2.99999999999978
4.59807621135302
4.9641016151379
4.00000000000103
1.96410161513978
-0.598076211352905
-2.99999999999928
-4.59807621135277
-4.96410161513798
-4.00000000000141
-1.96410161513826
0.598076211352287
2.99999999999878
4.59807621135342
4.96410161513805
4.00000000000042
1.96410161513884
-0.598076211351669
-3.00000000000011
-4.59807621135228
-4.96410161513785
-4.00000000000079
-1.96410161513941
0.598076211353309
2.99999999999961
4.59807621135293
4.96410161513793
4.00000000000116
1.96410161513789
-0.598076211352691
-2.99999999999911
-4.59807621135269
-4.964101615138
-4.00000000000017
-1.96410161513846
0.598076211352073
2.99999999999861
4.59807621135245
4.96410161513781
4.00000000000055
1.96410161513903
-0.598076211351455
-2.99999999999811
-4.59807621135309
-4.96410161513788
-4.00000000000092
-1.96410161513752
0.598076211350838
2.99999999999944
4.59807621135285
4.96410161513795
3.99999999999993
1.96410161514018
-0.598076211352477
-2.99999999999894
-4.5980762113526
-4.96410161513776
-4.0000000000003
-1.96410161513866
0.598076211351859
2.99999999999844
4.59807621135325
4.96410161513783
4.00000000000068
1.96410161513923
-0.598076211351241
-2.99999999999976
-4.59807621135301
-4.96410161513791
-4.00000000000105
-1.9641016151398
0.598076211352881
2.99999999999926
4.59807621135276
4.96410161513798
4.00000000000142
1.96410161513829
-0.598076211352263
-2.99999999999877
-4.59807621135341
-4.96410161513805
-4.00000000000043
-1.96410161513886
0.598076211351644
3.00000000000009
4.59807621135228
4.96410161513786
4.0000000000008
1.96410161513943
-0.598076211353284
-2.99999999999959
-4.59807621135292
-4.96410161513793
-4.00000000000118
-1.89593233475151
-1.48264999963953
-0.857348712093861
-0.109120811381804
0.659654850161375
1.3442709526372
1.84888787287173
2.09684158178108
2.03902448922082
1.65949069146926
0.977711284121103
0.0472366555188777
-1.04912155957627
-2.20713086465473
-3.31124169587969
-4.24596878508289
-4.90743373618575
-5.21393129533607
-5.11447222487271
-4.59444902850783
-3.67784824670175
-2.42576761998446
-0.931355464515278
0.688361942034996
2.30299535755114
3.78065089794736
4.99999999999992
5.86140655421795
6.29604609125752
6.27214474612718
5.7977432947796
4.91972682741972
3.71922093034436
2.30380549225198
0.797303321893048
-0.671867123836534
-1.98264999963953
-3.03247043930354
-3.74644819617816
-4.08383124504719
-4.04104838417386
-3.65111212712814
-2.97946076065439
-2.11667635369498
-1.1688196989519
-0.246353926793598
0.547236655518875
1.12600016763421
1.43019652014119
1.43224439932865
1.1393505517273
0.592566263814087
-0.137628952899767
-0.958771381956407
-1.76613863808711
-2.45378303578774
-2.92576761998501
-3.10647719172517
-2.94896544276137
-2.44049073765746
-1.6046684388635
-0.499999999999875
0.785104211782267
2.14034524834151
3.44383435570622
4.57367808386485
5.41972682741947
5.89434265755425
5.94113287704886
5.54078941710215
4.71345221297394
3.51735000035983
2.04383190313208
0.409252646737158
-1.25552085462562
-2.81698317325936
-4.15111212712848
-5.15458248786463
-5.75400373849136
-5.91230579416021
-5.63167326360426
-4.95276334448111
-3.95030217480163
-2.72550432277481
-1.39606599109175
-0.0847146591871031
1.09256626381443
2.03749277430962
2.67855600283932
2.97734745712189
2.9315363010236
2.57423238001551
1.96982515071006
1.20673540015446
0.387819652763485
-0.380603227949036
-1.00000000000034
-1.39001751542771
-1.49698213645457
-1.29965173950219
-0.811641252945911
-0.0802731725804695
0.818040315118063
1.78543203413266
2.71247902668084
3.48938700205977
4.01735000036045
4.21895363034227
4.046580031534
3.4879652405823
2.56833616355131
1.34888787287122
-0.0782801454278834
-1.59830289557544
-3.08399540373948
-4.40760805268994
-5.45276334448124
-6.12542390201147
-6.36283170757087
-6.139552086301
-5.47003399599787
-4.40743373618557
-3.03880956812531
-1.47714484007694
0.149037066700345
1.70747109010847
3.07423238001577
4.14494687792064
4.84406278495089
5.13130574797208
5.00471610886179
4.49999999999971
3.68628482700797
2.6587187064612
1.52865865091877
0.412423957968621
-0.580273172580479
-1.35708141209164
-1.85189535066344
-2.03100706852741
-1.89593233475165
-1.48264999963979
-0.857348712093926
-0.109120811381574
0.659654850161597
1.34427095263691
1.84888787287129
2.09684158178136
2.0390244892208
1.65949069146915
0.977711284120919
0.0472366555186903
-1.04912155957572
-2.20713086465502
-3.31124169587996
-4.24596878508311
-4.90743373618551
-5.21393129533601
-5.11447222487286
-4.59444902850769
-3.67784824670152
-2.42576761998416
-0.931355464516036
0.688361942034471
2.30299535755148
3.78065089794766
5.00000000000015
5.86140655421776
6.29604609125748
6.2721447461273
5.79774329477944
4.9197268274194
3.71922093034406
2.3038054922527
0.797303321893773
-0.671867123837079
-1.98264999963979
-3.03247043930371
-3.74644819617824
-4.0838312450474
-4.04104838417397
-3.65111212712798
-2.97946076065417
-2.11667635369473
-1.16881969895236
-0.246353926793266
0.547236655519053
1.12600016763432
1.43019652014123
1.4322443993286
1.13935055172751
0.5925662638144
-0.137628952899991
-0.958771381956644
-1.76613863808733
-2.45378303578745
-2.92576761998456
-3.10647719172521
-2.94896544276133
-2.44049073765733
-1.60466843886308
-0.500000000000457
0.785104211782448
2.14034524834182
3.44383435570655
4.5736780838651
5.41972682741972
5.89434265755412
5.94113287704868
5.54078941710203
4.71345221297373
3.51735000035954
2.04383190313256
0.409252646737961
-1.25552085462598
-2.81698317325968
-4.15111212712898
-5.15458248786424
-5.75400373849118
-5.91230579416018
-5.63167326360424
-4.9527633444809
-3.95030217480135
-2.72550432277455
-1.3960659910923
-0.0847146591868158
1.09256626381466
2.03749277430978
2.67855600283934
2.97734745712183
2.93153630102351
2.57423238001535
1.96982515070985
1.20673540015423
0.387819652763875
-0.380603227948695
-1.00000000000049
-1.39001751542779
-1.49698213645457
-1.29965173950235
-0.811641252945735
-0.0802731725802572
0.818040315118311
1.78543203413291
2.71247902668108
3.48938700205922
4.01735000036027
4.21895363034232
4.04658003153395
3.48796524058187
2.56833616355183
1.34888787287187
-0.0782801454282154
-1.59830289557597
-3.08399540373981
-4.40760805269022
-5.45276334448083
-6.12542390201158
-6.36283170757088
-6.13955208630091
-5.47003399599767
-4.4074337361853
-3.03880956812602
-1.47714484007659
0.149037066700699
1.70747109010879
3.07423238001603
4.14494687792021
4.84406278495065
5.13130574797206
5.00471610886168
4.49999999999953
3.68628482700842
2.65871870646173
1.52865865091848
0.412423957968363
-0.580273172580688
-1.35708141209178
-1.85189535066333
-2.0310070685274
-1.89593233475155
-1.48264999963962
-0.857348712093715
-0.109120811381947
0.659654850161239
1.3442709526371
1.84888787287142
2.09684158178142
2.03902448922077
1.65949069146941
0.977711284121208
0.0472366555184474
-1.04912155957599
-2.20713086465531
-3.31124169587937
-4.24596878508347
-4.90743373618566
-5.21393129533607
-5.11447222487257
-4.59444902850755
-3.67784824670205
-2.42576761998483
-0.931355464515414
0.688361942034832
2.30299535755183
3.780650897947
4.99999999999982
5.8614065542179
6.29604609125752
6.27214474612724
5.79774329477927
4.91972682741991
3.71922093034387
2.30380549225236
0.797303321893434
-0.671867123837388
-1.98264999963978
-3.03247043930329
-3.74644819617799
-4.08383124504739
-4.04104838417387
-3.65111212712781
-2.97946076065455
-2.11667635369536
-1.1688196989521
-0.246353926793039
0.547236655519231
1.1260001676341
1.43019652014115
1.43224439932845
1.13935055172738
0.592566263814399
-0.137628952900215
-0.95877138195713
-1.76613863808697
-2.45378303578736
-2.92576761998469
-3.10647719172526
-2.94896544276149
-2.44049073765742
-1.60466843886355
-0.500000000000187
0.785104211782755
2.14034524834222
3.44383435570595
4.57367808386462
5.41972682741989
5.89434265755408
5.94113287704866
5.54078941710233
4.71345221297374
3.51735000035993
2.04383190313221
0.409252646737595
-1.25552085462634
-2.81698317325924
-4.15111212712841
-5.15458248786441
-5.75400373849125
-5.91230579416014
-5.63167326360447
-4.95276334448131
-3.9503021748019
-2.72550432277424
-1.39606599109199
-0.0847146591865293
1.09256626381415
2.03749277430973
2.67855600283942
2.97734745712183
2.93153630102342
2.5742323800149
1.96982515071046
1.20673540015462
0.387819652763643
-0.380603227948898
-1.00000000000047
-1.39001751542766
-1.49698213645459
-1.29965173950227
-0.811641252945603
-0.080273172580045
0.818040315117854
1.78543203413245
2.71247902668132
3.48938700205941
4.01735000036039
4.21895363034236
4.0465800315339
3.48796524058223
2.56833616355161
1.34888787287158
-0.0782801454285469
-1.59830289557524
-3.08399540373912
-4.40760805268964
-5.45276334448103
-6.12542390201169
-6.36283170757089
-6.13955208630112
-5.4700339959981
-4.40743373618502
-3.03880956812569
-1.47714484007623
0.149037066699924
1.70747109010911
3.07423238001543
4.14494687792039
4.84406278495074
5.13130574797229
5.00471610886184
4.49999999999985
3.68628482700818
2.65871870646153
1.5286586509182
0.412423957968878
-0.580273172580256
-1.35708141209159
-1.85189535066339
-2.03100706852738
-1.89593233475144
-1.48264999964014
-0.857348712093229
-0.109120811381718
0.659654850161461
1.34427095263701
1.8488878728718
2.09684158178137
2.03902448922087
1.65949069146915
0.977711284121024
0.0472366555182053
-1.04912155957544
-2.20713086465471
-3.31124169587963
-4.24596878508369
-4.9074337361858
-5.2139312953358
-5.11447222487272
-4.59444902850768
-3.67784824670182
-2.42576761998453
-0.93135546451507
0.688361942034931
2.30299535755108
3.78065089794731
5.00000000000005
5.86140655421804
6.29604609125742
6.27214474612736
5.79774329477958
4.91972682741966
3.71922093034356
2.30380549225202
0.797303321893957
-0.671867123836711
-1.98264999964003
-3.03247043930346
-3.74644819617836
-4.08383124504732
-4.04104838417351
-3.65111212712807
-2.97946076065455
-2.11667635369511
-1.16881969895185
-0.246353926793458
0.54723665551884
1.12600016763421
1.43019652014118
1.4322443993284
1.13935055172773
0.592566263814712
-0.137628952899835
-0.958771381957368
-1.76613863808692
-2.45378303578754
-2.92576761998453
-3.10647719172558
-2.94896544276118
-2.44049073765729
-1.60466843886334
-0.500000000000087
0.785104211782238
2.14034524834157
3.44383435570625
4.57367808386486
5.41972682742006
5.89434265755396
5.94113287704875
5.5407894171022
4.71345221297353
3.51735000035964
2.04383190313297
0.409252646738398
-1.25552085462641
-2.81698317325956
-4.15111212712866
-5.15458248786457
-5.75400373849112
-5.91230579416032
-5.63167326360434
-4.95276334448109
-3.95030217480162
-2.72550432277482
-1.39606599109263
-0.0847146591871351
1.09256626381438
2.03749277431011
2.6785560028395
2.97734745712177
2.93153630102352
2.57423238001503
1.96982515071025
1.20673540015438
0.387819652764033
-0.380603227949099
-1.00000000000022
-1.39001751542774
-1.49698213645459
-1.29965173950219
-0.811641252945901
-0.0802731725804433
0.818040315118103
1.78543203413271
2.71247902668157
3.48938700205909
4.01735000036021
4.21895363034235
4.04658003153386
3.48796524058209
2.56833616355138
1.34888787287222
-0.0782801454288784
-1.59830289557558
-3.08399540373945
-4.40760805268992
-5.45276334448123
-6.12542390201147
-6.36283170757088
-6.13955208630103
-5.47003399599776
-4.40743373618475
-3.0388095681264
-1.477144840077
0.149037066700547
1.70747109010943
3.07423238001569
4.14494687791996
4.84406278495076
5.13130574797203
5.00471610886173
4.49999999999966
3.68628482700806
2.65871870646117
1.52865865091875
0.412423957968621
-0.580273172580536
-1.35708141209173
-1.85189535066323
-2.03100706852737
-1.89593233475181
-1.48264999963997
-0.857348712093018
-0.109120811381488
0.659654850160821
1.34427095263672
1.84888787287193
2.09684158178143
2.03902448922085
1.65949069146941
0.977711284120944
0.0472366555186996
-1.04912155957572
-2.20713086465499
-3.3112416958799
-4.2459687850833
-4.90743373618557
-5.21393129533586
-5.11447222487268
-4.59444902850754
-3.67784824670235
-2.42576761998492
-0.931355464515828
0.688361942035292
2.30299535755143
3.78065089794782
4.99999999999954
5.86140655421806
6.29604609125746
6.27214474612732
5.79774329477942
4.91972682741948
3.7192209303442
2.30380549225257
0.797303321893619
-0.67186712383702
-1.98264999964029
-3.03247043930331
-3.74644819617811
-4.08383124504732
-4.04104838417341
-3.65111212712815
-2.97946076065492
-2.11667635369556
-1.16881969895145
-0.246353926793335
0.547236655519018
1.12600016763432
1.43019652014117
1.43224439932857
1.13935055172761
0.592566263814527
-0.137628952900059
-0.95877138195672
-1.76613863808655
-2.45378303578725
-2.92576761998465
-3.10647719172562
-2.94896544276114
-2.44049073765761
-1.60466843886382
-0.499999999999816
0.785104211782546
2.14034524834189
3.44383435570566
4.57367808386513
5.41972682741967
5.89434265755404
5.94113287704873
5.54078941710208
4.71345221297379
3.51735000036029
2.04383190313263
0.409252646738032
-1.25552085462705
-2.81698317325886
-4.15111212712809
-5.15458248786418
-5.75400373849138
-5.91230579416029
-5.6316732636042
-4.9527633444815
-3.95030217480134
-2.72550432277451
-1.39606599109232
-0.0847146591868486
1.09256626381462
2.03749277430972
2.67855600283927
2.97734745712176
2.93153630102343
2.57423238001487
1.96982515071059
1.20673540015477
0.387819652763801
-0.380603227949302
-1.00000000000037
-1.39001751542762
-1.49698213645461
-1.29965173950211
-0.811641252945747
-0.0802731725802315
0.818040315118351
1.78543203413297
2.71247902668115
3.48938700205929
4.01735000036034
4.21895363034212
4.04658003153403
3.48796524058245
2.5683361635519
1.34888787287168
-0.0782801454292092
-1.59830289557593
-3.08399540373876
-4.40760805268944
-5.45276334448144
-6.12542390201158
-6.36283170757089
-6.13955208630115
-5.47003399599771
-4.40743373618534
-3.03880956812607
-1.4771448400764
0.149037066700902
1.70747109010871
3.0742323800151
4.14494687792042
4.84406278495084
5.13130574797202
5.00471610886188
4.50000000000015
3.68628482700851
2.65871870646089
1.52865865091847
0.412423957968363
-0.580273172580104
-1.35708141209175
-1.85189535066329
-2.03100706852735
-1.89593233475171
-1.4826499996398
-0.857348712093356
-0.109120811381861
0.659654850161042
1.34427095263691
1.84888787287207
2.09684158178138
2.03902448922076
1.6594906914693
0.97771128412076
0.0472366555184571
-1.049121559576
-2.20713086465444
-3.31124169588026
-4.24596878508352
-4.90743373618553
-5.21393129533591
-5.11447222487289
-4.59444902850789
-3.67784824670184
-2.42576761998462
-0.931355464515484
0.688361942035653
2.30299535755091
3.78065089794716
4.99999999999977
5.8614065542182
6.29604609125758
6.27214474612744
5.79774329477975
4.91972682741924
3.71922093034378
2.30380549225223
0.797303321893281
-0.671867123837095
-1.98264999963997
-3.03247043930349
-3.7464481961782
-4.08383124504731
-4.04104838417379
-3.65111212712841
-2.9794607606547
-2.11667635369531
-1.16881969895119
-0.246353926793107
0.547236655518682
1.1260001676341
1.4301965201412
1.43224439932852
1.13935055172748
0.592566263814841
-0.137628952900502
-0.958771381956958
-1.76613863808678
-2.45378303578744
-2.92576761998477
-3.10647719172534
-2.9489654427613
-2.44049073765748
-1.60466843886361
-0.499999999999375
0.785104211781902
2.14034524834124
3.44383435570595
4.57367808386536
5.41972682741984
5.89434265755412
5.94113287704881
5.54078941710196
4.71345221297357
3.51735000035999
2.04383190313228
0.409252646737666
-1.25552085462627
-2.81698317325917
-4.15111212712835
-5.15458248786435
-5.75400373849144
-5.91230579416032
-5.63167326360444
-4.95276334448129
-3.95030217480107
-2.7255043227742
-1.39606599109296
-0.0847146591874552
1.09256626381485
2.03749277430989
2.67855600283935
2.97734745712175
2.93153630102334
2.5742323800151
1.96982515071038
1.20673540015454
0.387819652763809
-0.380603227948961
-1.00000000000012
-1.3900175154277
-1.49698213645453
-1.29965173950203
-0.811641252945592
-0.0802731725806303
0.818040315117775
1.78543203413323
2.71247902668139
3.48938700205948
4.0173500003599
4.21895363034244
4.04658003153398
3.48796524058231
2.56833616355141
1.34888787287139
-0.0782801454284918
-1.59830289557519
-3.08399540373924
-4.40760805268972
-5.45276334448164
-6.12542390201136
-6.36283170757084
-6.13955208630105
-5.47003399599752
-4.40743373618507
-3.03880956812574
-1.47714484007717
0.149037066700987
1.70747109010903
3.07423238001536
