"x"
7.99634077414997
9.02745668959101
8.9310769255973
7.70477069533163
5.50791457293323
2.63840127202919
-0.512228501817824
-3.51801096463414
-5.98258708560552
-7.59774211749217
-8.1871445080084
-7.72849536299228
-6.35093426415558
-4.30867252868478
-1.93574004039385
0.410224529792929
2.4055462630181
3.80984011755176
4.49909965483328
4.47751370282349
3.86674752277441
2.87535156180343
1.75436132182292
0.747441177043932
0.0447152565290319
-0.251404467614559
-0.142379118635248
0.270976162417333
0.812564279360753
1.2699310001045
1.44062539990267
1.17720001227288
0.42226005393051
-0.773272631623779
-2.25251455982596
-3.77570985124679
-5.06038847859041
-5.83175492253412
-5.87446924952897
-5.0765215515165
-3.45707550811292
-1.17277998874499
1.49932241316255
4.20014434298198
6.54230328656156
8.17065366255212
8.81965738629408
8.35800009432435
6.81284361273327
4.36939586674694
1.34552695679875
-1.85471743809208
-4.80135405242438
-7.1028155002742
-8.46410161513776
-8.72944779456996
-7.90280825139444
-6.14313496085864
-3.73559569741186
-1.0438129577955
1.5487432359792
3.69842057824854
5.15232905382601
5.78244274262352
5.59774211749217
4.73310702042
3.417654848365
1.92867421022507
0.539641873747
-0.528361574743908
-1.14333155021293
-1.28089782482152
-1.02189815281312
-0.5299246569135
-0.0134120876857335
0.320396985233989
0.310840514627291
-0.120043232631054
-0.947585520025935
-2.04471525652902
-3.20263301997384
-4.16846139599203
-4.69323621634784
-4.58159493429854
-3.73403261524225
-2.17373242032268
-0.0525515740763174
2.3656819108081
4.74244762954358
6.71661617496371
7.96285435925519
8.24658055502113
7.466073011726
5.67432490654697
3.07652155151652
0.00303802052450419
-3.13806052588227
-5.92158246709304
-7.96917499791979
-9.00640490169932
-8.90376068297213
-7.69500894809751
-5.57005812958573
-2.84366861481345
0.0947057483908076
2.84161755120965
5.04090951452279
6.43567214161624
6.90267115729221
6.46410161513775
5.27541030698157
3.59196773676714
1.72087490692816
-0.0334349575259369
-1.42028865734228
-2.28185025639921
-2.57377214005199
-2.36438708908737
-1.81326774470374
-1.13364050235443
-0.545962512411601
-0.231462771934272
-0.294356121033208
-0.739786216728983
-1.47163842525609
-2.31070593737545
-3.02994268980578
-3.40036190111739
-3.23910599802428
-2.45068952745204
-1.05350400565397
0.813807923569271
2.9079851973697
4.9167605179457
6.50881687166678
7.38977752798223
7.35465347242277
6.3275543055397
4.38145059131654
1.73403261524229
-1.28030506726569
-4.25828894055099
-6.78794196473864
-8.51147828448134
-9.18071779010147
-8.69596137967519
-7.12193211682457
-4.67813104698732
-1.70514990862722
1.38758006362124
4.18410648748388
6.324252602313
7.55590055628493
7.7690306549378
7.00640490169934
5.44972319538373
3.38416843347022
1.14779807565517
-0.925362040124321
-2.55880736352856
-3.57472457162964
-3.91626107632621
-3.64773017687765
-2.93349615937244
-2.00000000000003
-1.08826579897315
-0.405775660336431
-0.0865568177362759
-0.166709385456051
-0.579711342657716
-1.17218723118916
-1.7370683745753
-2.05787296484313
-1.95576291023407
-1.33046111278335
-0.187144508008443
1.35611121013087
3.08229808577189
4.70896121464876
5.93574004039384
6.49785044538388
6.21613476623648
5.03467999030929
3.03896165504233
0.450689527452051
-2.40053348193432
-5.12464843819657
-7.33024525130022
-8.68579117288351
-8.97291848680454
-8.12288454840225
-6.23000503422619
-3.53961234080107
-0.412275593396813
2.73006899989542
5.46744957527409
7.44448101698169
8.42226005393052
8.31133394149935
7.18071779010147
5.24192389208676
2.81109160219731
0.255870993056849
-2.06388074631059
-3.85168167875898
-4.9172135079039
-5.19960416411647
-4.76795859154627
-3.79985565701796
-2.54230328656158
-1.26257868737532
-0.197976357039493
0.486520013536676
0.725217697142341
0.558807363528571
0.120687084041255
-0.394579438301047
-0.774529877052896
-0.835534495565368
-0.464101615137745
0.355158778553153
1.53042409853299
2.87449878247492
4.13588438337586
5.04381295779546
5.3593317391976
4.92326045100606
3.69219105403503
1.7556185672521
-0.669538887216663
-3.26689297958002
-5.66695172475817
-7.50455813970235
-8.47799186958656
-8.39984165553161
-7.23095746580391
-5.09148632803996
-2.24673802557066
0.930213342877466
4.0134120876856
6.58767798994282
8.3108405146273
8.96456334049208
8.48564682990153
6.97291848680457
4.66884706081387
1.91916451959891
-0.882647713129409
-3.35675506154102
-5.1941706150332
-6.20055659569414
-6.31983257878517
-5.63431808919189
-4.34215894357955
-2.71661617496376
-1.05477938407841
0.375100474233444
1.37844709613505
1.86373640332865
1.85168167875901
1.46317602031551
0.888763649489169
0.345698537615824
0.0308250020802139
0.0782016714238081
0.529471666955319
1.32262479523603
2.30142195120193
3.24395730077748
3.90529425160921
4.06645742396713
3.58077151473175
2.40884796624479
0.635390152583363
-1.53589838486222
-3.80919626614155
-5.84126461316028
-7.29675883640538
-7.90491503831362
-7.50791457293325
-6.09243875961762
-3.79861201280954
-0.904249089296379
2.21355643066773
5.13364050235443
7.45403748758839
8.85314380118886
9.13887622889423
8.27784752660459
6.39984165553166
3.77691997821553
0.780645813412661
-2.17552202835988
-4.69924399781528
-6.4775137028235
-7.32078501036284
-7.18619207643073
-6.17662137575346
-4.51647183198175
-2.50881687166681
-0.481702552805488
1.26702755683181
2.51696580232128
3.15661071855901
3.1941706150333
2.74651910810572
2.0089920641579
1.21205803526139
0.573128288641799
0.252514559825967
0.321672363658371
0.749547963963098
1.40949486860364
2.10543859459123
2.61241993637872
2.72396848769288
2.29742842694158
1.28861955157609
-0.230969345062173
-2.07820167142376
-3.98350915454367
-5.63346530986333
-6.72368200513248
-7.01298795571527
-6.36939586674696
-4.79956444438721
-2.45612307653523
0.37909399849371
3.33378484533645
5.99999999999989
7.99634077414992
9.02745668959103
8.93107692559731
7.70477069533163
5.50791457293327
2.63840127202922
-0.512228501817746
-3.51801096463415
-5.98258708560542
-7.59774211749219
-8.18714450800842
-7.72849536299234
-6.35093426415553
-4.30867252868486
-1.93574004039378
0.410224529792903
2.4055462630181
3.80984011755171
4.49909965483331
4.47751370282356
3.86674752277439
2.87535156180349
1.75436132182299
0.747441177043914
0.0447152565290345
-0.251404467614544
-0.142379118635251
0.270976162417262
0.812564279360747
1.26993100010451
1.4406253999026
1.17720001227288
0.422260053930474
-0.773272631623787
-2.25251455982599
-3.77570985124671
-5.06038847859045
-5.83175492253409
-5.87446924952891
-5.07652155151652
-3.45707550811293
-1.17277998874516
1.49932241316254
4.200144342982
6.54230328656156
8.17065366255213
8.81965738629406
8.35800009432432
6.81284361273331
4.36939586674701
1.34552695679887
-1.85471743809203
-4.8013540524243
-7.10281550027421
-8.46410161513777
-8.72944779456996
-7.90280825139444
-6.14313496085876
-3.73559569741182
-1.04381295779561
1.54874323597925
3.69842057824847
5.15232905382604
5.78244274262351
5.59774211749218
4.73310702042005
3.417654848365
1.92867421022508
0.539641873747056
-0.528361574743919
-1.14333155021293
-1.28089782482153
-1.02189815281315
-0.529924656913538
-0.0134120876857071
0.320396985233964
0.31084051462725
-0.12004323263105
-0.947585520025922
-2.04471525652904
-3.20263301997383
-4.16846139599196
-4.69323621634782
-4.58159493429851
-3.73403261524227
-2.17373242032259
-0.0525515740763449
2.36568191080822
4.74244762954351
6.71661617496369
7.96285435925518
8.24658055502111
7.46607301172601
5.67432490654698
3.07652155151666
0.00303802052459146
-3.13806052588236
-5.92158246709302
-7.96917499791983
-9.00640490169931
-8.90376068297213
-7.69500894809753
-5.57005812958573
-2.84366861481366
0.094705748390814
2.84161755120952
5.04090951452281
6.43567214161626
6.90267115729222
6.46410161513773
5.27541030698162
3.5919677367672
1.72087490692817
-0.0334349575259347
-1.42028865734223
-2.28185025639923
-2.57377214005202
-2.36438708908732
-1.81326774470375
-1.13364050235444
-0.545962512411603
-0.231462771934273
-0.294356121033199
-0.739786216728985
-1.47163842525607
-2.31070593737547
-3.02994268980577
-3.40036190111731
-3.23910599802431
-2.45068952745203
-1.05350400565402
0.813807923569307
2.90798519736963
4.91676051794577
6.50881687166676
7.38977752798219
7.35465347242282
6.32755430553966
4.38145059131669
1.73403261524233
-1.2803050672658
-4.25828894055084
-6.78794196473864
-8.5114782844813
-9.18071779010148
-8.69596137967522
-7.12193211682461
-4.67813104698739
-1.70514990862723
1.38758006362098
4.1841064874839
6.32425260231304
7.55590055628495
7.7690306549378
7.00640490169939
5.44972319538369
3.38416843347032
1.14779807565529
-0.925362040124242
-2.55880736352852
-3.57472457162976
-3.91626107632621
-3.64773017687759
-2.93349615937242
-2
-1.08826579897324
-0.40577566033642
-0.0865568177362581
-0.166709385455995
-0.579711342657732
-1.17218723118909
-1.73706837457535
-2.05787296484307
-1.95576291023399
-1.33046111278339
-0.187144508008367
1.35611121013074
3.08229808577186
4.70896121464869
5.93574004039377
6.49785044538383
6.21613476623648
5.03467999030926
3.03896165504232
0.450689527452057
-2.40053348193439
-5.12464843819656
-7.33024525130011
-8.6857911728835
-8.97291848680456
-8.12288454840221
-6.23000503422632
-3.5396123408012
-0.412275593396627
2.73006899989538
5.46744957527418
7.44448101698167
8.4222600539305
8.31133394149943
7.18071779010149
5.24192389208692
2.81109160219726
0.255870993056905
-2.06388074631057
-3.85168167875903
-4.91721350790396
-5.19960416411654
-4.76795859154627
-3.79985565701808
-2.54230328656158
-1.26257868737533
-0.197976357039547
0.486520013536642
0.725217697142384
0.558807363528628
0.120687084041198
-0.394579438301007
-0.774529877052962
-0.835534495565341
-0.464101615137748
0.355158778553148
1.53042409853297
2.87449878247481
4.1358843833758
5.04381295779543
5.35933173919747
4.92326045100599
3.6921910540351
1.75561856725197
-0.669538887216551
-3.26689297957991
-5.66695172475807
-7.50455813970233
-8.4779918695865
-8.3998416555316
-7.23095746580389
-5.09148632803992
-2.2467380255706
0.930213342877394
4.01341208768577
6.58767798994278
8.31084051462729
8.96456334049206
8.48564682990154
6.97291848680471
4.66884706081392
1.91916451959887
-0.882647713129394
-3.35675506154112
-5.1941706150332
-6.2005565956941
-6.31983257878519
-5.63431808919194
-4.34215894357965
-2.71661617496378
-1.05477938407842
0.375100474233447
1.37844709613506
1.86373640332864
1.85168167875906
1.46317602031554
0.888763649489207
0.345698537615805
0.0308250020802396
0.0782016714238001
0.529471666955289
1.32262479523603
2.30142195120194
3.24395730077744
3.90529425160917
4.06645742396714
3.58077151473176
2.40884796624478
0.635390152583432
-1.53589838486226
-3.80919626614143
-5.8412646131602
-7.29675883640539
-7.90491503831357
-7.50791457293318
-6.09243875961768
-3.79861201280934
-0.904249089296571
2.21355643066754
5.13364050235426
7.4540374875883
8.85314380118882
9.13887622889424
8.27784752660463
6.39984165553167
3.77691997821554
0.78064581341267
-2.17552202835987
-4.69924399781529
-6.47751370282352
-7.32078501036276
-7.18619207643076
-6.17662137575341
-4.51647183198171
-2.50881687166675
-0.481702552805451
1.2670275568319
2.51696580232131
3.15661071855897
3.19417061503338
2.74651910810563
2.00899206415799
1.21205803526147
0.573128288641844
0.252514559825972
0.321672363658337
0.749547963963028
1.40949486860349
2.10543859459118
2.61241993637863
2.72396848769294
2.29742842694149
1.28861955157614
-0.230969345062167
-2.07820167142378
-3.98350915454371
-5.63346530986312
-6.72368200513243
-7.01298795571528
-6.36939586674695
-4.79956444438736
-2.45612307653518
0.379093998493939
3.33378484533615
5.99999999999979
7.99634077415003
9.02745668959097
8.93107692559734
7.70477069533153
5.50791457293328
2.63840127202935
-0.512228501817677
-3.51801096463416
-5.98258708560545
-7.59774211749215
-8.18714450800843
-7.72849536299231
-6.35093426415562
-4.30867252868485
-1.93574004039385
0.410224529792941
2.40554626301813
3.8098401175517
4.49909965483331
4.4775137028235
3.86674752277456
2.87535156180358
1.75436132182288
0.747441177044013
0.0447152565290549
-0.251404467614577
-0.142379118635326
0.270976162417227
0.812564279360776
1.26993100010464
1.44062539990261
1.17720001227285
0.422260053930585
-0.773272631623744
-2.25251455982591
-3.77570985124677
-5.06038847859035
-5.83175492253406
-5.87446924952904
-5.07652155151656
-3.45707550811283
-1.17277998874503
1.49932241316231
4.20014434298169
6.5423032865616
8.170653662552
8.81965738629403
8.35800009432427
6.81284361273321
4.36939586674707
1.34552695679901
-1.85471743809221
-4.80135405242431
-7.10281550027408
-8.46410161513779
-8.72944779457001
-7.9028082513945
-6.14313496085873
-3.73559569741186
-1.04381295779556
1.54874323597915
3.69842057824843
5.15232905382611
5.78244274262351
5.59774211749237
4.73310702042006
3.41765484836497
1.92867421022504
0.53964187374713
-0.528361574743929
-1.14333155021293
-1.28089782482157
-1.02189815281318
-0.529924656913454
-0.0134120876858002
0.320396985233947
0.310840514627285
-0.120043232631061
-0.947585520025874
-2.04471525652896
-3.2026330199737
-4.16846139599199
-4.6932362163478
-4.58159493429853
-3.73403261524225
-2.17373242032267
-0.0525515740764053
2.36568191080814
4.74244762954357
6.71661617496373
7.96285435925506
8.24658055502111
7.46607301172593
5.67432490654714
3.07652155151672
-2.61267756707277
-0.261433438279365
2.54802849764759
5.31800560177039
7.50000000000003
8.66825087409636
8.6553845056575
7.60069057024778
5.89383051644739
4.03553390593274
2.46735579894547
1.43331154376662
0.923175039987789
0.715482114705114
0.499999999999977
0.029246781629316
-0.761920914091588
-1.716605400101
-2.5124407708202
-2.79289321881345
-2.32203403081787
-1.10151653659571
0.597904398716693
2.30585902963106
3.49999999999996
3.77889072147441
2.9970564742271
1.31272147505713
-0.868948974807096
-3.03553390593278
-4.73788717647414
-5.72868960032173
-6.01923203528293
-5.83638578902663
-5.5
-5.27114540178057
-5.23219203436273
-5.24668254627306
-5.01540172789993
-4.20710678118656
-2.61267756707286
-0.261433438279489
2.54802849764745
5.31800560177004
7.5000000000001
8.66825087409638
8.65538450565747
7.60069057024785
5.89383051644748
4.03553390593282
2.46735579894553
1.43331154376658
0.923175039987775
0.715482114705108
0.500000000000021
0.0292467816292876
-0.761920914091628
-1.71660540010104
-2.51244077082018
-2.79289321881344
-2.32203403081784
-1.10151653659564
0.59790439871661
2.30585902963099
3.49999999999992
3.77889072147447
2.99705647422716
1.31272147505722
-0.86894897480699
-3.03553390593287
-4.7378871764742
-5.72868960032176
-6.01923203528293
-5.83638578902662
-5.49999999999999
-5.27114540178057
-5.23219203436273
-5.24668254627306
-5.01540172789991
-4.20710678118651
-2.61267756707296
-0.261433438279613
2.54802849764732
5.31800560176992
7.50000000000002
8.66825087409635
8.6553845056575
7.60069057024779
5.8938305164474
4.03553390593275
2.46735579894547
1.43331154376655
0.923175039987762
0.715482114705101
0.500000000000007
0.0292467816292601
-0.761920914091669
-1.71660540010108
-2.51244077082015
-2.79289321881346
-2.32203403081796
-1.10151653659585
0.597904398716688
2.30585902963106
3.49999999999996
3.77889072147446
2.9970564742271
1.31272147505713
-0.868948974807089
-3.03553390593295
-4.73788717647426
-5.72868960032179
-6.01923203528293
-5.83638578902661
-5.49999999999997
-5.27114540178056
-5.23219203436273
-5.24668254627307
-5.01540172789997
-4.20710678118667
-2.61267756707287
-0.261433438279498
2.54802849764744
5.31800560177003
7.5000000000001
8.66825087409638
8.65538450565747
7.60069057024799
5.89383051644732
4.03553390593267
2.46735579894541
1.43331154376652
0.923175039987749
0.715482114705094
0.499999999999994
0.0292467816293476
-0.761920914091543
-1.71660540010095
-2.51244077082007
-2.79289321881345
-2.32203403081792
-1.10151653659579
0.597904398716766
2.30585902963113
3.49999999999999
3.77889072147445
2.99705647422705
1.31272147505704
-0.868948974807188
-3.03553390593268
-4.73788717647432
-5.72868960032181
-6.01923203528293
-5.83638578902665
-5.50000000000001
-5.27114540178058
-5.23219203436272
-5.24668254627306
-5.01540172789995
-4.20710678118662
-2.61267756707314
-0.261433438279382
2.54802849764757
5.31800560177014
7.50000000000017
8.66825087409641
8.65538450565745
7.60069057024792
5.89383051644723
4.03553390593259
2.46735579894536
1.43331154376662
0.92317503998779
0.715482114705116
0.500000000000036
0.0292467816293196
-0.761920914091583
-1.716605400101
-2.51244077082009
-2.79289321881345
-2.32203403081788
-1.10151653659572
0.59790439871652
2.30585902963119
3.50000000000002
3.77889072147444
2.99705647422699
1.31272147505696
-0.868948974807287
-3.03553390593277
-4.73788717647413
-5.72868960032173
-6.01923203528293
-5.83638578902669
-5.5
-5.27114540178057
-5.23219203436273
-5.24668254627306
-5.01540172789993
-4.20710678118657
-2.61267756707306
-0.261433438279266
2.5480284976477
5.31800560177026
7.49999999999994
8.66825087409643
8.65538450565742
7.60069057024786
5.89383051644749
4.03553390593283
2.46735579894554
1.43331154376673
0.923175039987777
0.715482114705109
0.500000000000022
0.0292467816292921
-0.761920914091623
-1.71660540010104
-2.51244077082012
-2.79289321881345
-2.32203403081784
-1.10151653659565
0.597904398716598
2.30585902963126
3.50000000000006
3.77889072147443
2.99705647422693
1.31272147505687
-0.868948974807386
-3.03553390593285
-4.73788717647419
-5.72868960032176
-6.01923203528293
-5.83638578902668
-5.49999999999999
-5.27114540178057
-5.23219203436273
-5.24668254627306
-5.01540172789991
-4.20710678118652
-2.61267756707297
-0.26143343827915
2.54802849764782
5.31800560177037
7.50000000000001
8.66825087409646
8.6553845056574
7.6006905702478
5.89383051644741
4.03553390593276
2.46735579894548
1.43331154376669
0.923175039987764
0.715482114705101
0.500000000000009
0.0292467816293798
-0.761920914091663
-1.71660540010108
-2.51244077082015
-2.79289321881344
-2.3220340308178
-1.10151653659559
0.597904398716676
2.30585902963133
3.50000000000009
3.77889072147441
2.99705647422711
1.31272147505714
-0.868948974807075
-3.03553390593258
-4.73788717647425
-5.72868960032178
-6.01923203528293
-5.83638578902666
-5.49999999999997
-5.27114540178056
-5.23219203436273
-5.24668254627307
-5.01540172789989
-4.20710678118647
-2.61267756707288
-0.261433438279034
2.54802849764795
5.31800560177048
7.50000000000009
8.66825087409638
8.65538450565748
7.600690570248
5.89383051644767
4.03553390593268
2.46735579894542
1.43331154376666
0.92317503998775
0.715482114705095
0.499999999999995
0.029246781629352
-0.761920914091703
-1.71660540010112
-2.51244077082017
-2.79289321881345
-2.32203403081777
-1.10151653659552
0.597904398716754
2.30585902963112
3.49999999999999
3.77889072147445
2.99705647422729
1.31272147505706
-0.868948974807174
-3.03553390593267
-4.73788717647406
-5.72868960032181
-6.01923203528293
-5.83638578902665
-5.49999999999996
-5.27114540178055
-5.23219203436273
-5.24668254627306
-5.01540172789987
-4.20710678118642
-2.61267756707279
-0.261433438279398
2.54802849764755
5.31800560177013
7.49999999999985
8.6682508740964
8.65538450565745
7.60069057024793
5.89383051644758
4.0355339059326
2.46735579894536
1.43331154376663
0.923175039987737
0.715482114705087
0.499999999999981
0.029246781629324
-0.761920914091743
-1.71660540010116
-2.5124407708202
-2.79289321881345
-2.32203403081789
-1.10151653659573
0.597904398716508
2.30585902963118
3.50000000000002
3.77889072147444
2.99705647422723
1.31272147505697
-0.868948974807273
-3.03553390593275
-4.73788717647412
-5.72868960032184
-6.01923203528293
-5.83638578902664
-5.49999999999995
-5.27114540178055
-5.23219203436273
-5.24668254627306
-5.01540172789993
-4.20710678118658
-2.61267756707307
-0.261433438279762
2.54802849764768
5.31800560177024
7.49999999999992
8.66825087409643
8.65538450565743
7.60069057024787
5.8938305164475
4.03553390593252
2.46735579894531
1.43331154376659
0.923175039987779
0.715482114705081
0.499999999999967
0.0292467816292965
-0.761920914091617
-1.71660540010103
-2.51244077082012
-2.79289321881346
-2.32203403081785
-1.10151653659566
0.597904398716587
2.30585902963097
3.50000000000005
3.77889072147443
2.99705647422717
1.31272147505688
-0.868948974807371
-3.03553390593284
-4.73788717647418
-5.72868960032186
-6.01923203528293
-5.83638578902662
-5.49999999999999
-5.27114540178057
-5.23219203436273
-5.24668254627307
-5.01540172789992
-4.20710678118653
-2.61267756707298
-0.261433438279646
2.5480284976478
5.31800560177035
7.5
8.66825087409635
8.6553845056574
7.60069057024781
5.89383051644742
4.03553390593245
2.46735579894525
1.43331154376656
0.923175039987765
0.715482114705103
0.500000000000011
0.029246781629384
-0.761920914091491
-1.71660540010107
-2.51244077082014
-2.79289321881346
-2.32203403081781
-1.1015165365956
0.597904398716665
2.30585902963104
3.50000000000009
3.77889072147442
2.99705647422712
1.31272147505716
-0.86894897480747
-3.03553390593293
-4.73788717647424
-5.72868960032178
-6.01923203528293
-5.83638578902667
-5.50000000000003
-5.27114540178056
-5.23219203436273
-5.24668254627307
-5.01540172789998
-4.20710678118648
-2.61267756707289
-0.26143343827953
2.54802849764793
5.31800560177046
7.50000000000008
8.66825087409637
8.65538450565738
7.60069057024774
5.89383051644734
4.03553390593269
2.46735579894543
1.43331154376666
0.923175039987808
0.715482114705095
0.499999999999997
0.0292467816293551
-0.761920914091532
-1.71660540010111
-2.51244077082017
-2.79289321881345
-2.32203403081793
-1.10151653659553
0.597904398716743
2.30585902963111
3.50000000000012
3.77889072147441
2.99705647422706
1.31272147505707
-0.86894897480716
-3.03553390593265
-4.73788717647405
-5.72868960032181
-6.01923203528293
-5.83638578902665
-5.50000000000002
-5.27114540178056
-5.23219203436273
-5.24668254627306
-5.01540172789996
-4.20710678118642
-2.61267756707281
-0.261433438279415
2.54802849764806
5.31800560177058
7.50000000000015
8.6682508740964
8.65538450565746
7.60069057024794
5.8938305164476
4.03553390593293
2.46735579894537
1.43331154376663
0.923175039987795
0.715482114705089
0.499999999999983
0.029246781629328
-0.761920914091571
-1.71660540010115
-2.51244077082019
-2.79289321881345
-2.32203403081789
-1.10151653659546
0.597904398716822
2.30585902963117
3.50000000000001
3.77889072147444
2.99705647422724
1.31272147505735
-0.868948974807259
-3.03553390593274
-4.73788717647411
-5.72868960032172
-6.01923203528293
-5.83638578902664
-5.50000000000001
-5.27114540178055
-5.23219203436273
-5.24668254627306
-5.01540172789994
-4.20710678118637
-2.61267756707272
-0.261433438279299
2.54802849764766
5.31800560177022
7.49999999999991
8.66825087409632
8.65538450565743
7.60069057024788
5.89383051644751
4.03553390593286
2.46735579894531
1.4333115437666
0.923175039987782
0.715482114705111
0.49999999999997
0.0292467816293001
-0.761920914091612
-1.71660540010119
-2.51244077082022
-2.79289321881345
-2.32203403081785
-1.10151653659567
0.597904398716576
2.30585902963096
3.49999999999991
3.77889072147443
2.99705647422718
1.31272147505726
-0.868948974806948
-3.03553390593283
-4.73788717647442
-5.72868960032175
-6.01923203528293
-5.83638578902668
-5.49999999999999
-5.27114540178054
-5.23219203436273
-5.24668254627306
-5.01540172789992
-4.20710678118653
-2.61267756707299
-0.261433438279183
2.54802849764726
5.31800560177034
7.49999999999968
8.66825087409634
8.65538450565741
7.60069057024808
5.89383051644743
4.03553390593246
2.46735579894549
1.43331154376657
0.923175039987711
0.715482114705103
0.499999999999956
0.0292467816293884
-0.761920914091652
-1.71660540010107
-2.51244077082014
-2.79289321881346
-2.32203403081781
-1.10151653659588
0.597904398716654
2.30585902963131
3.49999999999994
3.77889072147442
2.99705647422736
1.31272147505717
-0.868948974807456
-3.03553390593255
-4.73788717647423
-5.72868960032189
-6.01923203528293
-5.83638578902661
-5.49999999999998
-5.27114540178056
-5.23219203436273
-5.24668254627307
-5.01540172789998
-4.20710678118648
-2.61267756707327
-0.261433438279547
2.54802849764791
5.31800560176998
7.50000000000006
8.66825087409648
8.65538450565748
7.60069057024775
5.89383051644769
4.0355339059327
2.4673557989452
1.43331154376667
0.923175039987754
0.715482114705096
0.499999999999999
0.02924678162936
-0.761920914091691
-1.71660540010094
-2.51244077082016
-2.79289321881347
-2.32203403081793
-1.10151653659554
0.597904398716408
2.3058590296311
3.50000000000012
3.77889072147445
2.99705647422707
1.31272147505672
-0.868948974807146
-3.035533905933
-4.73788717647404
-5.7286896003218
-6.01923203528293
-5.83638578902665
-5.50000000000002
-5.27114540178056
-5.23219203436272
-5.24668254627306
-5.01540172789988
-4.20710678118665
-2.61267756707282
-0.261433438279911
2.54802849764752
5.31800560177056
7.49999999999983
8.66825087409639
8.65538450565735
7.60069057024795
5.89383051644727
4.03553390593262
2.46735579894538
1.43331154376664
0.923175039987797
0.715482114705119
0.499999999999985
0.0292467816294486
-0.761920914091566
-1.71660540010115
-2.51244077082008
-2.79289321881345
-2.32203403081774
-1.10151653659575
0.597904398716811
2.30585902963144
3.50000000000001
3.7788907214744
2.99705647422725
1.31272147505699
-0.868948974807245
-3.03553390593273
-4.7378871764741
-5.72868960032183
-6.01923203528293
-5.83638578902664
-5.49999999999995
-5.27114540178057
-5.23219203436273
-5.24668254627307
-5.01540172789994
-4.20710678118638
-2.61267756707309
-0.261433438279315
2.54802849764816
5.31800560177021
7.50000000000021
8.66825087409642
8.65538450565743
7.60069057024789
5.89383051644753
4.03553390593287
2.46735579894532
1.43331154376674
0.923175039987784
0.715482114705083
0.500000000000028
0.0292467816293036
-0.761920914091772
-1.71660540010102
-2.51244077082022
-2.79289321881346
-2.32203403081786
-1.10151653659541
0.597904398716565
2.30585902963123
3.50000000000004
3.77889072147443
2.99705647422719
1.31272147505691
-0.868948974806935
-3.03553390593282
-4.73788717647392
-5.72868960032174
-6.01923203528293
-5.83638578902668
-5.49999999999999
-5.27114540178054
-5.23219203436273
-5.24668254627306
-5.01540172789984
-4.20710678118654
-2.61267756707264
-0.261433438279679
2.54802849764777
5.31800560177032
7.49999999999998
8.66825087409634
8.65538450565741
7.60069057024809
5.89383051644744
4.03553390593247
2.4673557989455
1.43331154376657
0.923175039987825
0.715482114705105
0.499999999999958
0.029246781629392
-0.761920914091646
-1.71660540010123
-2.51244077082013
-2.79289321881344
-2.32203403081782
-1.10151653659561
0.597904398716643
2.30585902963102
3.49999999999994
3.77889072147442
2.99705647422737
1.31272147505718
-0.868948974807441
-3.03553390593254
-4.73788717647422
-5.72868960032188
-6.01923203528293
-5.83638578902661
-5.50000000000004
-5.27114540178056
-5.23219203436273
-5.24668254627307
-5.0154017278999
-4.20710678118649
-2.61267756707292
-0.261433438279564
2.54802849764789
5.31800560176997
7.50000000000005
8.66825087409626
8.65538450565749
7.60069057024776
5.8938305164477
4.03553390593271
2.46735579894521
1.43331154376667
0.923175039987757
0.715482114705069
0.500000000000001
0.0292467816292485
-0.76192091409152
-1.7166054001011
-2.51244077082016
-2.79289321881345
-2.32203403081794
-1.10151653659555
0.597904398716397
2.30585902963109
3.50000000000011
3.77889072147445
2.99705647422708
1.31272147505746
-0.868948974807132
-3.03553390593299
-4.73788717647404
-5.7286896003218
-6.01923203528293
-5.83638578902666
-5.49999999999997
-5.27114540178056
-5.23219203436273
-5.24668254627307
-5.01540172789996
-4.20710678118665
-2.61267756707283
-0.261433438279927
2.5480284976475
5.31800560177054
7.49999999999982
8.66825087409639
8.65538450565736
7.60069057024796
5.89383051644728
4.03553390593296
2.46735579894539
1.43331154376651
0.923175039987799
0.715482114705091
0.499999999999987
0.0292467816293358
-0.76192091409156
-1.71660540010114
-2.51244077082008
-2.79289321881345
-2.32203403081806
-1.10151653659576
0.597904398716799
2.30585902963088
3.5
3.7788907214744
2.99705647422725
1.31272147505701
-0.868948974807639
-3.03553390593272
-4.73788717647434
-5.72868960032171
-6.01923203528293
-5.83638578902664
-5.50000000000001
-5.27114540178058
-5.23219203436273
-5.24668254627307
-5.01540172789994
-4.20710678118639
-2.61267756707311
-0.261433438279332
2.5480284976471
5.31800560177019
7.50000000000021
8.66825087409631
8.65538450565744
7.60069057024763
5.89383051644754
4.03553390593256
2.46735579894533
1.43331154376661
0.923175039987785
0.715482114705113
0.50000000000003
0.0292467816293083
-0.761920914091434
-1.71660540010101
-2.51244077082021
-2.79289321881346
-2.32203403081786
-1.10151653659542
0.597904398716554
2.30585902963122
3.4999999999999
3.77889072147443
2.99705647422697
1.31272147505728
-0.86894897480733
-3.0355339059328
-4.73788717647416
-5.72868960032174
-6.01923203528293
-5.83638578902669
-5.49999999999994
-5.27114540178059
-5.23219203436273
-5.24668254627306
-5.01540172789992
-4.20710678118655
-2.61267756707302
-0.261433438279696
2.54802849764723
5.31800560177077
7.49999999999966
8.66825087409644
8.65538450565762
7.60069057024783
5.89383051644746
4.0355339059328
2.46735579894551
1.43331154376644
0.923175039987828
0.715482114705076
0.499999999999959
0.0292467816292807
-0.76192091409164
-1.71660540010105
-2.51244077082013
-2.79289321881346
-2.32203403081798
-1.1015165365959
0.597904398716956
2.30585902963073
3.50000000000007
3.77889072147442
2.99705647422714
1.31272147505719
-0.868948974807837
-3.03553390593253
-4.73788717647446
-5.72868960032166
-6.01923203528293
-5.83638578902661
-5.49999999999998
-5.27114540178056
-5.23219203436273
-5.24668254627307
-5.01540172789999
-4.20710678118628
-2.61267756707329
-0.2614334382791
2.54802849764683
5.31800560177042
7.50000000000004
8.66825087409636
8.65538450565749
7.6006905702475
5.89383051644771
4.0355339059324
2.46735579894521
1.43331154376654
0.923175039987758
0.715482114705099
0.500000000000003
0.0292467816293678
-0.761920914091514
-1.71660540010092
-2.51244077082026
-2.79289321881347
-2.32203403081779
-1.10151653659556
0.59790439871671
2.30585902963108
3.49999999999997
3.77889072147446
2.99705647422685
1.31272147505747
-0.868948974807526
-3.03553390593298
-4.73788717647428
-5.7286896003218
-6.01923203528293
-5.83638578902666
-5.50000000000002
-5.27114540178058
-5.23219203436272
-5.24668254627306
-5.01540172790005
-4.20710678118645
-2.61267756707284
-0.261433438279464
2.54802849764748
5.31800560177099
7.49999999999981
8.66825087409649
8.65538450565757
7.60069057024771
5.89383051644729
4.03553390593265
2.4673557989454
1.43331154376665
0.9231750399878
0.71548211470512
0.499999999999933
0.0292467816294555
-0.76192091409172
-1.7166054001008
-2.51244077082018
-2.79289321881345
-2.32203403081791
-1.10151653659577
0.597904398717113
2.30585902963087
3.50000000000014
3.7788907214744
2.99705647422703
1.31272147505702
-0.868948974807216
-3.0355339059327
-4.73788717647409
-5.72868960032171
-6.01923203528293
-5.83638578902659
-5.50000000000007
-5.27114540178055
-5.23219203436273
-5.24668254627306
-5.01540172789995
-4.20710678118661
-2.61267756707312
-0.261433438278869
2.54802849764708
5.31800560177064
7.50000000000019
8.66825087409641
8.65538450565744
7.60069057024791
5.89383051644755
4.03553390593289
2.46735579894558
1.43331154376675
0.923175039987731
0.715482114705142
0.499999999999976
0.0292467816293114
-0.761920914091594
-1.71660540010101
-2.51244077082032
-2.79289321881346
-2.32203403081771
-1.10151653659598
0.597904398716867
2.30585902963121
3.50000000000003
3.77889072147443
2.99705647422721
1.3127214750573
-0.868948974806906
-3.03553390593315
-4.7378871764739
-5.72868960032185
-6.01923203528293
-5.83638578902663
-5.5
-5.27114540178057
-5.23219203436273
-5.24668254627305
-5.01540172790001
-4.20710678118634
-2.61267756707267
-0.261433438279233
2.54802849764773
5.31800560177029
7.49999999999996
8.66825087409633
8.65538450565752
7.60069057024811
5.89383051644713
4.03553390593313
2.46735579894528
1.43331154376658
0.923175039987773
0.715482114705106
0.500000000000019
0.0292467816294004
-0.7619209140918
-1.71660540010088
-2.51244077082023
-2.79289321881344
-2.32203403081783
-1.10151653659563
0.59790439871662
2.305859029631
3.49999999999993
3.77889072147447
2.99705647422738
1.31272147505684
-0.868948974806595
-3.03553390593288
-4.73788717647421
-5.72868960032176
-6.01923203528293
-5.83638578902656
-5.50000000000004
-5.27114540178054
-5.23219203436272
-5.24668254627306
-5.01540172789991
-4.20710678118651
-2.61267756707294
-0.261433438279596
2.54802849764734
5.31800560176994
7.50000000000034
8.66825087409625
8.65538450565739
7.60069057024831
5.89383051644739
4.03553390593274
2.46735579894546
1.43331154376668
0.923175039987704
0.715482114705129
0.499999999999948
0.0292467816292568
-0.761920914091674
-1.71660540010109
-2.51244077082015
-2.79289321881345
-2.32203403081795
-1.10151653659584
0.597904398716375
2.30585902963135
3.49999999999982
3.77889072147441
2.9970564742271
1.31272147505712
-0.868948974807104
-3.0355339059326
-4.73788717647402
-5.7286896003219
-6.01923203528293
-5.8363857890266
-5.49999999999997
-5.27114540178056
-5.23219203436273
-5.24668254627307
-5.01540172789997
-4.20710678118667
-2.61267756707322
-0.261433438279961
2.54802849764798
5.31800560176958
7.50000000000011
8.66825087409639
8.65538450565747
7.60069057024798
5.89383051644697
4.03553390593298
2.46735579894517
1.43331154376679
0.923175039987746
0.715482114705092
0.499999999999991
0.0292467816293431
-0.761920914091549
-1.71660540010096
-2.51244077082007
-2.79289321881344
-2.32203403081807
-1.1015165365955
0.597904398716129
2.30585902963114
3.49999999999999
3.77889072147445
2.99705647422727
1.31272147505667
-0.868948974806794
-3.03553390593305
-4.73788717647433
-5.72868960032182
-6.01923203528293
-5.83638578902665
-5.50000000000001
-5.27114540178058
-5.23219203436272
-5.24668254627307
-5.01540172789986
-4.20710678118683
-2.61267756707277
-0.261433438279365
2.54802849764759
5.31800560177016
7.49999999999987
8.66825087409631
8.65538450565734
7.60069057024818
5.89383051644722
4.03553390593258
2.46735579894535
1.43331154376662
0.923175039987789
0.715482114705114
0.500000000000034
0.0292467816292004
-0.761920914091422
-1.71660540010117
-2.51244077081999
-2.79289321881345
-2.32203403081787
-1.10151653659571
0.597904398716531
2.30585902963148
3.49999999999989
3.77889072147439
2.99705647422698
1.31272147505694
-0.868948974807301
-3.03553390593278
-4.73788717647414
-5.72868960032173
-6.01923203528293
-5.83638578902669
-5.49999999999994
-5.27114540178059
-5.23219203436273
-5.24668254627306
-5.01540172789993
-4.20710678118656
-2.61267756707304
-0.261433438279729
2.54802849764824
5.31800560176981
7.50000000000026
8.66825087409644
8.65538450565742
7.60069057024785
5.8938305164468
4.03553390593282
2.46735579894505
1.43331154376672
0.923175039987719
0.715482114705078
0.499999999999963
0.0292467816292872
-0.761920914091628
-1.71660540010104
-2.51244077082012
-2.79289321881343
-2.32203403081799
-1.10151653659537
0.597904398716286
2.30585902963127
3.50000000000006
3.77889072147442
2.99705647422716
1.31272147505649
-0.86894897480699
-3.03553390593323
-4.73788717647445
-5.72868960032187
-6.01923203528293
-5.83638578902662
-5.49999999999999
-5.27114540178057
-5.23219203436273
-5.24668254627307
-5.01540172789982
-4.20710678118673
-2.61267756707259
-0.261433438279133
2.54802849764784
5.31800560177038
7.50000000000002
8.66825087409635
8.65538450565729
7.60069057024805
5.89383051644706
4.03553390593243
2.46735579894523
1.43331154376655
0.923175039987762
0.715482114705101
0.500000000000007
0.029246781629376
-0.761920914091503
-1.71660540010125
-2.51244077082004
-2.79289321881344
-2.3220340308178
-1.10151653659558
0.597904398716688
2.30585902963161
3.49999999999996
3.77889072147437
2.99705647422733
1.31272147505677
-0.868948974807498
-3.03553390593295
-4.73788717647426
-5.72868960032179
-6.01923203528293
-5.83638578902666
-5.49999999999991
-5.27114540178058
-5.23219203436273
-5.24668254627308
-5.01540172789989
-4.20710678118646
-2.61267756707287
-0.261433438279498
2.54802849764849
5.31800560177003
7.50000000000041
8.66825087409649
8.65538450565737
7.60069057024772
5.89383051644732
4.03553390593267
2.46735579894541
1.43331154376666
0.923175039987804
0.715482114705065
0.50000000000005
0.0292467816292321
-0.761920914091708
-1.71660540010112
-2.51244077082018
-2.79289321881345
-2.32203403081792
-1.10151653659523
0.597904398716442
2.3058590296314
3.50000000000013
3.7788907214744
2.99705647422705
1.31272147505704
-0.868948974807188
-3.03553390593268
-4.73788717647407
-5.7286896003217
-6.01923203528293
-5.83638578902671
-5.49999999999996
-5.27114540178055
-5.23219203436273
-5.24668254627306
-5.01540172789978
-4.20710678118662
-2.61267756707242
-0.261433438279861
2.54802849764809
5.31800560177061
7.50000000000017
8.66825087409641
8.65538450565745
7.60069057024792
5.89383051644757
4.03553390593227
2.46735579894559
1.43331154376649
0.923175039987846
0.715482114705086
0.49999999999998
0.0292467816293196
-0.761920914091583
-1.71660540010133
-2.51244077082009
-2.79289321881344
-2.32203403081772
-1.10151653659544
0.597904398716844
2.30585902963119
3.50000000000002
3.77889072147444
2.99705647422722
1.31272147505732
-0.868948974807695
-3.0355339059324
-4.73788717647438
-5.72868960032184
-6.01923203528293
-5.83638578902664
-5.5
-5.27114540178057
-5.23219203436274
-5.24668254627307
-5.01540172789985
-4.20710678118636
-2.61267756707269
-0.261433438279266
2.5480284976477
5.31800560177026
7.49999999999994
8.66825087409633
8.65538450565753
7.6006905702476
5.89383051644783
4.03553390593251
2.4673557989453
1.43331154376659
0.923175039987777
0.715482114705051
0.500000000000022
0.0292467816291766
-0.761920914091456
-1.71660540010121
-2.51244077082023
-2.79289321881345
-2.32203403081784
2.35489341217339
1.62319416929992
0.820553552278046
-0.0179491924311859
-0.85566747130117
-1.65598897572723
-2.38393581559729
-3.0076932209327
-3.49999999999999
-3.8393399842038
-4.0108823879007
-4.00712998489728
-3.82824677321087
-3.48205080756894
-2.98367251290262
-2.35489341217342
-1.62319416929975
-0.820553552278313
0.0179491924309134
0.855667471301127
1.65598897572719
2.38393581559744
3.00769322093283
3.49999999999996
3.83933998420378
4.0108823879007
4.00712998489728
3.82824677321081
3.48205080756896
2.98367251290265
2.35489341217346
1.6231941693
0.820553552278131
-0.017949192431099
-0.855667471301085
-1.65598897572736
-2.38393581559759
-3.00769322093265
-3.49999999999994
-3.83933998420384
-4.01088238790069
-4.00712998489726
-3.82824677321082
-3.48205080756898
-2.98367251290268
-2.35489341217349
-1.62319416929983
-0.820553552277949
0.0179491924310555
0.855667471301042
1.65598897572732
2.38393581559737
3.00769322093277
3.49999999999992
3.83933998420383
4.01088238790071
4.00712998489729
3.82824677321084
3.48205080756889
2.98367251290271
2.35489341217334
1.62319416929966
0.820553552278216
-0.0179491924310122
-0.855667471301
-1.65598897572728
-2.38393581559752
-3.00769322093274
-3.4999999999999
-3.83933998420381
-4.01088238790068
-4.00712998489727
-3.82824677321078
-3.48205080756891
-2.98367251290259
-2.35489341217356
-1.62319416929991
-0.820553552278034
0.0179491924309685
0.855667471301181
1.65598897572745
2.3839358155973
3.00769322093271
3.49999999999999
3.8393399842038
4.0108823879007
4.00712998489727
3.82824677321086
3.48205080756893
2.98367251290277
2.35489341217341
1.62319416929974
0.820553552278077
-0.0179491924311543
-0.855667471301139
-1.6559889757272
-2.38393581559745
-3.00769322093268
-3.49999999999997
-3.83933998420386
-4.01088238790068
-4.00712998489728
-3.82824677321081
-3.48205080756895
-2.98367251290264
-2.35489341217326
-1.62319416929999
-0.82055355227812
0.0179491924308817
0.855667471301096
1.65598897572737
2.38393581559741
3.00769322093281
3.49999999999995
3.83933998420377
4.01088238790069
4.00712998489726
3.82824677321082
3.48205080756886
2.98367251290283
2.35489341217348
1.62319416929982
0.820553552278162
-0.0179491924310675
-0.855667471301278
-1.65598897572712
-2.38393581559738
-3.00769322093278
-3.49999999999993
-3.83933998420383
-4.01088238790069
-4.00712998489726
-3.82824677321083
-3.482050807569
-2.9836725129027
-2.35489341217333
-1.62319416929986
-0.82055355227798
0.017949192431024
0.855667471301011
1.65598897572729
2.38393581559734
3.00769322093275
3.50000000000002
3.83933998420375
4.01088238790069
4.00712998489727
3.82824677321085
3.4820508075689
2.98367251290258
2.35489341217337
1.6231941692999
0.820553552278247
-0.0179491924309807
-0.855667471301193
-1.65598897572725
-2.38393581559749
-3.00769322093272
-3.49999999999988
-3.8393399842038
-4.0108823879007
-4.00712998489727
-3.82824677321079
-3.48205080756904
-2.98367251290276
-2.3548934121734
-1.62319416929994
-0.820553552278066
0.0179491924311661
0.855667471301151
1.65598897572721
2.38393581559746
3.00769322093269
3.49999999999998
3.83933998420379
4.0108823879007
4.00712998489728
3.82824677321087
3.48205080756895
2.98367251290264
2.35489341217344
1.62319416929977
0.820553552277884
-0.0179491924308937
-0.855667471301108
-1.65598897572717
-2.38393581559742
-3.00769322093281
-3.49999999999996
-3.83933998420378
-4.0108823879007
-4.00712998489728
-3.82824677321081
-3.48205080756885
-2.98367251290267
-2.35489341217347
-1.62319416930002
-0.820553552278151
0.0179491924310793
0.855667471301065
1.65598897572734
2.38393581559757
3.00769322093263
3.49999999999993
3.83933998420383
4.01088238790069
4.00712998489726
3.82824677321083
3.48205080756899
2.98367251290269
2.35489341217351
1.62319416929985
0.820553552277969
-0.0179491924310358
-0.855667471301023
-1.6559889757273
-2.38393581559735
-3.00769322093276
-3.49999999999991
-3.83933998420382
-4.01088238790071
-4.00712998489729
-3.82824677321084
-3.4820508075689
-2.98367251290272
-2.35489341217336
-1.62319416929968
-0.820553552278236
0.0179491924309925
0.855667471300981
1.65598897572726
2.3839358155975
3.00769322093273
3.49999999999989
3.83933998420381
4.01088238790068
4.00712998489727
3.82824677321078
3.48205080756892
2.9836725129026
2.35489341217358
1.62319416929993
0.820553552278054
-0.0179491924309487
-0.855667471301162
-1.65598897572743
-2.38393581559728
-3.0076932209327
-3.49999999999998
-3.83933998420379
-4.0108823879007
-4.00712998489728
-3.82824677321087
-3.48205080756894
-2.98367251290278
-2.35489341217343
-1.62319416929976
-0.820553552278096
0.0179491924311346
0.855667471301119
1.65598897572718
2.38393581559743
3.00769322093267
3.49999999999996
3.83933998420385
4.01088238790067
4.00712998489728
3.82824677321081
3.48205080756896
2.98367251290266
2.35489341217328
1.62319416930001
0.820553552278139
-0.0179491924308619
-0.855667471301077
-1.65598897572735
-2.3839358155974
-3.00769322093279
-3.49999999999994
-3.83933998420377
-4.01088238790069
-4.00712998489726
-3.82824677321083
-3.48205080756887
-2.98367251290284
-2.3548934121735
-1.62319416929984
-0.820553552278181
0.0179491924310478
0.855667471301258
1.6559889757271
2.38393581559736
3.00769322093276
3.49999999999992
3.83933998420382
4.01088238790069
4.00712998489727
3.82824677321084
3.48205080756901
2.98367251290272
2.35489341217335
1.62319416929988
0.820553552277999
-0.017949192431004
-0.855667471300992
-1.65598897572727
-2.38393581559751
-3.00769322093273
-3.4999999999999
-3.83933998420381
-4.01088238790071
-4.00712998489725
-3.82824677321085
-3.48205080756891
-2.98367251290259
-2.35489341217357
-1.62319416929992
-0.820553552278042
0.0179491924311901
0.85566747130095
1.65598897572723
2.38393581559748
3.00769322093286
3.49999999999987
3.8393399842038
4.0108823879007
4.0071299848973
3.82824677321087
3.48205080756893
2.98367251290262
2.35489341217323
1.62319416929996
0.820553552278085
-0.0179491924311463
-0.855667471300907
-1.65598897572719
-2.38393581559744
-3.00769322093283
-3.49999999999985
-3.83933998420378
-4.0108823879007
-4.00712998489726
-3.82824677321088
-3.48205080756896
-2.98367251290265
-2.35489341217364
-1.6231941693
-0.820553552278127
0.0179491924311033
0.855667471301312
1.65598897572757
2.38393581559741
3.0076932209328
3.49999999999983
3.83933998420377
4.01088238790069
4.00712998489726
3.82824677321089
3.48205080756898
2.98367251290268
2.3548934121733
1.62319416929962
0.82055355227817
-0.0179491924310595
-0.855667471300822
-1.65598897572711
-2.38393581559737
-3.00769322093277
-3.50000000000004
-3.8393399842039
-4.01088238790069
-4.00712998489727
-3.82824677321076
-3.482050807569
-2.98367251290271
-2.35489341217334
-1.62319416930008
-0.820553552278212
0.017949192431016
0.855667471301228
1.65598897572749
2.38393581559734
3.00769322093274
3.50000000000002
3.83933998420374
4.01088238790068
4.00712998489727
3.82824677321078
3.48205080756879
2.98367251290274
2.35489341217337
1.6231941692997
0.820553552278255
-0.0179491924309727
-0.855667471301185
-1.65598897572703
-2.3839358155973
-3.00769322093271
-3.49999999999999
-3.83933998420387
-4.01088238790068
-4.00712998489727
-3.82824677321079
-3.48205080756904
-2.98367251290277
-2.35489341217341
-1.62319416929974
-0.820553552277849
0.0179491924309292
0.855667471301143
1.65598897572741
2.38393581559727
3.00769322093268
3.49999999999997
3.83933998420372
4.01088238790068
4.00712998489728
3.8282467732108
3.48205080756884
2.9836725129028
2.35489341217344
1.62319416929978
0.82055355227834
-0.0179491924308859
-0.8556674713011
-1.65598897572737
-2.3839358155976
-3.00769322093266
-3.49999999999995
-3.83933998420384
-4.01088238790067
-4.00712998489728
-3.82824677321082
-3.48205080756909
-2.98367251290282
-2.35489341217348
-1.62319416929982
-0.820553552277934
0.0179491924313004
0.855667471301057
1.65598897572733
2.3839358155972
3.00769322093263
3.49999999999993
3.83933998420383
4.01088238790071
4.00712998489729
3.82824677321083
3.48205080756888
2.98367251290255
2.35489341217352
1.62319416929986
0.820553552278425
-0.0179491924307988
-0.855667471301016
-1.65598897572729
-2.38393581559753
-3.0076932209329
-3.49999999999991
-3.83933998420382
-4.01088238790071
-4.00712998489729
-3.82824677321084
-3.4820508075689
-2.98367251290257
-2.35489341217355
-1.62319416929989
-0.820553552278019
0.0179491924312136
0.855667471300973
1.65598897572725
2.38393581559713
3.00769322093257
3.49999999999989
3.83933998420381
4.0108823879007
4.0071299848973
3.82824677321086
3.48205080756892
2.9836725129026
2.35489341217321
1.62319416929993
0.820553552278062
-0.0179491924311703
-0.855667471300931
-1.65598897572721
-2.38393581559746
-3.00769322093254
-3.49999999999986
-3.83933998420379
-4.0108823879007
-4.00712998489725
-3.82824677321087
-3.48205080756895
-2.98367251290263
-2.35489341217325
-1.62319416929955
-0.820553552278104
0.0179491924306685
0.855667471300888
1.65598897572717
2.38393581559743
3.00769322093282
3.49999999999984
3.83933998420378
4.0108823879007
4.00712998489726
3.82824677321074
3.48205080756874
2.98367251290297
2.35489341217366
1.62319416930001
0.820553552278147
-0.0179491924310831
-0.855667471300845
-1.65598897572713
-2.38393581559739
-3.00769322093279
-3.50000000000005
-3.8393399842039
-4.01088238790069
-4.00712998489726
-3.8282467732109
-3.48205080756899
-2.98367251290269
-2.35489341217369
-1.62319416930005
-0.820553552278189
0.0179491924310398
0.855667471301251
1.65598897572751
2.38393581559736
3.00769322093276
3.50000000000003
3.83933998420389
4.01088238790069
4.00712998489732
3.82824677321091
3.48205080756901
2.98367251290272
2.35489341217335
1.62319416929967
0.820553552278232
-0.0179491924309962
-0.855667471301208
-1.65598897572747
-2.38393581559769
-3.00769322093242
-3.49999999999978
-3.83933998420374
-4.01088238790068
-4.00712998489727
-3.82824677321078
-3.48205080756903
-2.98367251290275
-2.35489341217339
-1.62319416929971
-0.820553552277826
0.0179491924309529
0.855667471301166
1.65598897572701
2.38393581559728
3.0076932209327
3.49999999999998
3.83933998420373
4.01088238790068
4.00712998489728
3.8282467732108
3.48205080756882
2.98367251290278
2.35489341217343
1.62319416929975
0.820553552277868
-0.0179491924309092
-0.855667471301123
-1.65598897572697
-2.38393581559725
-3.00769322093267
-3.49999999999996
-3.83933998420385
-4.01088238790067
-4.00712998489728
-3.82824677321081
-3.48205080756885
-2.9836725129025
-2.35489341217309
-1.62319416930021
-0.820553552278359
0.0179491924308659
0.855667471301081
1.65598897572735
2.38393581559721
3.00769322093264
3.49999999999994
3.83933998420384
4.01088238790072
4.00712998489724
3.82824677321082
3.4820508075691
2.98367251290284
2.3548934121735
1.62319416929983
0.820553552278402
-0.0179491924308224
-0.855667471301039
-1.65598897572731
-2.38393581559755
-3.00769322093292
-3.49999999999992
-3.83933998420383
-4.01088238790071
-4.00712998489729
-3.82824677321084
-3.48205080756912
-2.98367251290287
-2.35489341217353
-1.62319416929987
-0.820553552277996
0.0179491924312374
0.855667471300996
1.65598897572727
2.38393581559751
3.00769322093289
3.50000000000013
3.83933998420367
4.01088238790066
4.0071299848973
3.82824677321085
3.48205080756891
2.98367251290259
2.35489341217357
1.62319416929991
0.820553552278038
-0.0179491924311941
-0.855667471301402
-1.65598897572723
-2.38393581559711
-3.00769322093256
-3.49999999999988
-3.8393399842038
-4.0108823879007
-4.0071299848973
-3.82824677321086
-3.48205080756893
-2.98367251290262
-2.35489341217323
-1.62319416929995
-0.820553552278081
0.0179491924311503
0.855667471300911
1.65598897572719
2.38393581559744
3.00769322093253
3.49999999999985
3.83933998420379
4.0108823879007
4.00712998489726
3.82824677321088
3.48205080756895
2.98367251290265
2.35489341217326
1.62319416929957
0.820553552278124
-0.0179491924306485
-0.855667471300869
-1.65598897572716
-2.38393581559741
-3.0076932209328
-3.49999999999983
-3.83933998420377
-4.01088238790069
-4.00712998489726
-3.82824677321075
-3.48205080756875
-2.98367251290298
-2.35489341217367
-1.62319416930003
-0.820553552278166
0.0179491924310635
0.855667471300827
1.65598897572712
2.38393581559737
3.00769322093277
3.50000000000004
3.8393399842039
4.01088238790069
4.00712998489727
3.82824677321091
3.482050807569
2.9836725129027
2.35489341217334
1.62319416930007
0.820553552278209
-0.0179491924310202
-0.855667471301232
-1.65598897572749
-2.38393581559734
-3.00769322093275
-3.50000000000002
-3.83933998420389
-4.01088238790069
-4.00712998489727
-3.82824677321092
-3.48205080756902
-2.98367251290273
-2.35489341217337
-1.62319416929969
-0.820553552278251
0.0179491924309765
0.855667471301189
1.65598897572745
2.38393581559767
3.00769322093302
3.49999999999977
3.83933998420373
4.01088238790068
4.00712998489727
3.82824677321079
3.48205080756904
2.98367251290276
2.35489341217341
1.62319416929973
0.820553552277845
-0.0179491924313915
-0.855667471301147
-1.655988975727
-2.38393581559727
-3.00769322093269
-3.49999999999997
-3.83933998420372
-4.01088238790068
-4.00712998489728
-3.8282467732108
-3.48205080756883
-2.98367251290248
-2.35489341217344
-1.62319416929977
-0.820553552277887
0.0179491924308897
0.855667471301104
1.65598897572696
2.38393581559723
3.00769322093266
3.49999999999995
3.83933998420385
4.01088238790072
4.00712998489728
3.82824677321082
3.48205080756886
2.98367251290251
2.3548934121731
1.62319416930023
0.820553552278379
-0.0179491924308464
-0.855667471301062
-1.65598897572734
-2.38393581559757
-3.00769322093263
-3.49999999999993
-3.83933998420383
-4.01088238790071
-4.00712998489724
-3.82824677321083
-3.48205080756911
-2.98367251290285
-2.35489341217351
-1.62319416929985
-0.820553552277973
0.0179491924308028
0.855667471301019
1.6559889757273
2.38393581559753
3.00769322093291
-0.580273172580244
-1.35708141209159
-1.85189535066338
-2.03100706852752
-1.89593233475148
-1.48264999963951
-0.857348712093698
-0.109120811382221
0.659654850161401
1.34427095263723
1.84888787287151
2.09684158178117
2.03902448922085
1.65949069146929
0.97771128412103
0.0472366555185637
-1.04912155957583
-2.20713086465472
-3.31124169587959
-4.24596878508327
-4.90743373618548
-5.21393129533609
-5.11447222487269
-4.59444902850777
-3.67784824670204
-2.42576761998453
-0.931355464515069
0.68836194203519
2.30299535755064
3.7806508979473
5.00000000000005
5.86140655421805
6.29604609125754
6.27214474612737
5.7977432947796
4.91972682741967
3.71922093034399
2.30380549225248
0.797303321892903
-0.671867123836709
-1.98264999963976
-3.03247043930332
-3.74644819617839
-4.08383124504743
-4.04104838417379
-3.65111212712846
-2.9794607606546
-2.11667635369516
-1.1688196989519
-0.246353926793224
0.547236655518815
1.1260001676342
1.43019652014119
1.43224439932853
1.13935055172752
0.592566263814755
-0.137628952899784
-0.958771381956869
-1.7661386380867
-2.45378303578749
-2.92576761998476
-3.10647719172537
-2.94896544276139
-2.44049073765727
-1.60466843886334
-0.499999999999922
0.785104211781684
2.14034524834155
3.44383435570622
4.57367808386483
5.41972682741975
5.89434265755398
5.94113287704873
5.54078941710219
4.71345221297376
3.51735000035997
2.04383190313187
0.409252646738399
-1.25552085462598
-2.81698317325919
-4.15111212712867
-5.15458248786458
-5.75400373849133
-5.91230579416045
-5.63167326360436
-4.95276334448112
-3.95030217480165
-2.72550432277435
-1.39606599109265
-0.0847146591871466
1.09256626381438
2.03749277430996
2.67855600283949
2.97734745712185
2.93153630102356
2.57423238001542
1.96982515071072
1.20673540015444
0.387819652763466
-0.380603227948676
-0.999999999999898
-1.39001751542772
-1.49698213645458
-1.2996517395022
-0.811641252945703
-0.0802731725804744
0.818040315118062
1.78543203413266
2.71247902668108
3.48938700205918
4.01735000036017
4.21895363034231
4.0465800315338
3.48796524058218
2.56833616355137
1.34888787287128
-0.078280145428461
-1.59830289557513
-3.08399540373943
-4.4076080526899
-5.45276334448128
-6.12542390201129
-6.36283170757087
-6.13955208630103
-5.47003399599776
-4.4074337361851
-3.03880956812578
-1.47714484007701
0.149037066700546
1.70747109010905
3.07423238001542
4.14494687792059
4.84406278495079
5.13130574797218
5.004716108862
4.4999999999997
3.68628482700797
2.65871870646129
1.52865865091921
0.412423957968644
-0.580273172580452
-1.35708141209173
-1.85189535066344
-2.0310070685274
-1.89593233475162
-1.48264999964002
-0.857348712093487
-0.109120811381991
0.659654850161623
1.34427095263667
1.8488878728716
2.09684158178123
2.03902448922083
1.65949069146903
0.977711284121186
0.0472366555190584
-1.04912155957569
-2.20713086465496
-3.31124169587986
-4.24596878508349
-4.90743373618553
-5.21393129533582
-5.11447222487265
-4.59444902850763
-3.67784824670182
-2.42576761998491
-0.931355464515828
0.688361942034846
2.30299535755099
3.78065089794781
5.00000000000028
5.8614065542179
6.29604609125744
6.27214474612733
5.79774329477943
4.91972682741943
3.71922093034463
2.30380549225258
0.797303321893628
-0.671867123837019
-1.98264999964001
-3.03247043930349
-3.74644819617814
-4.08383124504736
-4.0410483841737
-3.65111212712829
-2.97946076065438
-2.11667635369561
-1.16881969895192
-0.246353926793644
0.547236655518993
1.12600016763431
1.43019652014122
1.4322443993286
1.13935055172764
0.59256626381457
-0.137628952900008
-0.958771381957106
-1.7661386380865
-2.4537830357872
-2.9257676199846
-3.10647719172542
-2.94896544276108
-2.44049073765714
-1.60466843886381
-0.500000000000163
0.785104211782119
2.14034524834187
3.44383435570652
4.57367808386473
5.41972682741936
5.89434265755401
5.94113287704871
5.54078941710207
4.71345221297331
3.51735000036028
2.04383190313263
0.409252646738033
-1.25552085462662
-2.8169831732595
-4.1511121271281
-5.15458248786419
-5.75400373849137
-5.91230579416042
-5.63167326360423
-4.95276334448091
-3.95030217480178
-2.72550432277498
-1.39606599109234
-0.0847146591868593
1.09256626381462
2.03749277430957
2.67855600283929
2.97734745712179
2.93153630102347
2.57423238001526
1.96982515071051
1.20673540015483
0.387819652763855
-0.380603227948878
-1.00000000000005
-1.3900175154278
-1.4969821364546
-1.29965173950223
-0.811641252946002
3.48205080756902
2.98367251290273
2.35489341217337
1.62319416930011
0.820553552278247
-0.0179491924309807
-0.855667471301193
-1.65598897572746
-2.38393581559731
-3.00769322093272
-3.5
-3.83933998420387
-4.01088238790068
-4.00712998489727
-3.82824677321093
-3.48205080756904
-2.98367251290276
-2.3548934121734
-1.62319416929973
-0.82055355227829
0.0179491924309372
0.855667471301151
1.65598897572742
2.38393581559764
3.007693220933
3.49999999999975
3.83933998420372
4.01088238790068
4.00712998489728
3.8282467732108
3.48205080756906
2.98367251290279
2.35489341217344
1.62319416929977
0.820553552277884
-0.0179491924313517
-0.855667471301108
-1.65598897572696
-2.38393581559724
-3.00769322093266
-3.49999999999996
-3.83933998420371
-4.01088238790067
-4.00712998489728
-3.82824677321081
-3.48205080756885
-2.98367251290251
-2.35489341217347
-1.62319416929981
-0.820553552277926
0.0179491924308501
0.855667471301065
1.65598897572692
2.3839358155972
3.00769322093263
3.49999999999993
3.83933998420383
4.01088238790071
4.00712998489729
3.82824677321083
3.48205080756888
2.98367251290254
2.35489341217314
1.62319416930027
0.820553552278418
-0.0179491924308066
-0.855667471301023
-1.6559889757273
-2.38393581559754
-3.0076932209326
-3.49999999999991
-3.83933998420382
-4.01088238790071
-4.00712998489724
-3.82824677321084
-3.48205080756913
-2.98367251290288
-2.35489341217354
-1.62319416929989
-0.820553552278011
0.0179491924307633
0.855667471300981
1.65598897572726
2.3839358155975
3.00769322093288
3.49999999999989
3.83933998420381
4.0108823879007
4.0071299848973
3.82824677321086
3.48205080756892
2.98367251290291
2.35489341217358
1.62319416929993
0.820553552278054
-0.0179491924311779
-0.855667471300938
-1.65598897572722
-2.38393581559747
-3.00769322093285
-3.5000000000001
-3.83933998420379
-4.01088238790065
-4.0071299848973
-3.82824677321087
-3.48205080756894
-2.98367251290263
-2.35489341217361
-1.62319416929997
-0.820553552278096
0.0179491924311346
0.855667471301344
1.6559889757276
2.38393581559706
3.00769322093252
3.49999999999985
3.83933998420378
4.0108823879007
4.00712998489731
3.82824677321088
3.48205080756896
2.98367251290266
2.35489341217328
1.62319416929959
0.820553552278139
-0.0179491924310911
-0.855667471300853
-1.65598897572714
-2.3839358155974
-3.00769322093249
-3.49999999999983
-3.83933998420377
-4.01088238790069
-4.00712998489726
-3.82824677321075
-3.48205080756899
-2.98367251290269
-2.35489341217331
-1.62319416929963
-0.820553552278181
0.0179491924305895
0.855667471300811
1.6559889757271
2.38393581559736
3.00769322093276
3.50000000000003
3.83933998420375
4.01088238790069
4.00712998489727
3.82824677321077
3.48205080756878
2.98367251290302
2.35489341217372
1.62319416930009
0.820553552278224
-0.017949192431004
-0.855667471301216
-1.65598897572706
-2.38393581559733
-3.00769322093273
-3.50000000000001
-3.83933998420388
-4.01088238790068
-4.00712998489727
-3.82824677321092
-3.48205080756903
-2.98367251290274
-2.35489341217338
-1.62319416930013
-0.820553552278267
0.0179491924309607
0.855667471301174
1.65598897572744
2.38393581559766
3.00769322093271
3.49999999999999
3.83933998420387
4.01088238790068
4.00712998489728
3.82824677321094
3.48205080756905
2.98367251290277
2.35489341217342
1.62319416929975
0.82055355227786
-0.0179491924309172
-0.855667471301131
-1.6559889757274
-2.38393581559763
-3.00769322093298
-3.49999999999974
-3.83933998420371
-4.01088238790067
-4.00712998489728
-3.82824677321081
-3.48205080756884
-2.9836725129028
-2.35489341217345
-1.62319416929979
-0.820553552277903
0.0179491924313322
0.855667471301089
1.65598897572694
2.38393581559722
3.00769322093265
3.49999999999994
3.83933998420384
4.01088238790067
4.00712998489729
3.82824677321082
3.48205080756886
2.98367251290252
2.35489341217349
1.62319416929983
0.820553552277945
-0.0179491924308304
-0.855667471301046
-1.65598897572732
-2.38393581559719
-3.00769322093262
-3.49999999999992
-3.83933998420383
-4.01088238790071
-4.00712998489729
-3.82824677321083
-3.48205080756888
-2.98367251290255
-2.35489341217315
-1.62319416929987
-0.820553552278437
0.0179491924307869
0.855667471301004
1.65598897572728
2.38393581559752
3.00769322093259
3.4999999999999
3.83933998420381
4.01088238790071
4.00712998489724
3.8282467732107
3.48205080756914
2.98367251290289
2.35489341217356
1.62319416929991
0.820553552278031
-0.0179491924307436
-0.855667471300961
-1.65598897572724
-2.38393581559749
-3.00769322093287
-3.50000000000011
-3.8393399842038
-4.0108823879007
-4.0071299848973
-3.82824677321086
-3.48205080756893
-2.98367251290292
-2.3548934121736
-1.62319416929995
-0.820553552278073
0.0179491924311583
0.855667471301367
1.6559889757272
2.38393581559745
3.00769322093284
3.50000000000009
3.83933998420379
4.01088238790065
4.0071299848973
3.82824677321088
3.48205080756895
2.98367251290264
2.35489341217326
1.62319416929999
0.820553552278116
-0.017949192431115
-0.855667471301324
-1.65598897572758
-2.38393581559705
-3.0076932209325
-3.49999999999984
-3.83933998420377
-4.01088238790069
-4.00712998489726
-3.82824677321089
-3.48205080756897
-2.98367251290267
-2.35489341217329
-1.62319416929961
-0.820553552278158
0.0179491924310713
0.855667471300834
1.65598897572712
2.38393581559738
3.00769322093278
3.49999999999982
3.83933998420376
4.01088238790069
4.00712998489726
3.82824677321076
3.48205080756899
2.9836725129027
2.35489341217333
1.62319416929965
0.820553552278201
-0.017949192431028
-0.855667471300792
-1.65598897572708
-2.38393581559735
-3.00769322093275
-3.50000000000002
-3.83933998420375
-4.01088238790069
-4.00712998489727
-3.82824677321077
-3.48205080756879
-2.98367251290242
-2.35489341217374
-1.6231941693001
-0.820553552278243
0.0179491924309845
0.855667471301197
1.65598897572704
2.38393581559731
3.00769322093272
3.5
3.83933998420387
4.01088238790073
4.00712998489727
3.82824677321093
3.48205080756904
2.98367251290276
2.3548934121734
1.62319416930014
0.820553552278286
-0.0179491924309412
-0.855667471301154
-1.65598897572742
-2.38393581559764
-3.00769322093269
-3.49999999999998
-3.83933998420386
-4.01088238790068
-4.00712998489728
-3.82824677321094
-3.48205080756906
-2.98367251290279
-2.35489341217344
-1.62319416929976
-0.82055355227788
0.0179491924308977
0.855667471301112
1.65598897572738
2.38393581559761
3.00769322093297
3.49999999999973
3.83933998420371
4.01088238790067
4.00712998489728
3.82824677321081
3.48205080756885
2.98367251290282
2.35489341217347
1.6231941692998
0.820553552277922
-0.0179491924313122
-0.855667471301069
-1.65598897572692
-2.38393581559721
-3.00769322093263
-3.49999999999994
-3.83933998420384
-4.01088238790067
-4.00712998489729
-2.45378303578728
-2.9257676199844
-3.10647719172538
-2.94896544276139
-2.44049073765766
-1.60466843886366
-0.499999999999692
0.785104211782503
2.14034524834185
3.44383435570566
4.57367808386509
5.41972682741967
5.89434265755405
5.94113287704859
5.54078941710212
4.71345221297384
3.51735000036035
2.04383190313242
0.40925264673782
-1.25552085462698
-2.81698317325879
-4.15111212712829
-5.15458248786436
-5.75400373849134
-5.91230579416026
-5.63167326360467
-4.95276334448157
-3.95030217480136
-2.72550432277454
-1.39606599109236
-0.0847146591867509
1.09256626381457
2.03749277430968
2.67855600283923
2.97734745712199
2.93153630102367
2.57423238001523
1.96982515071056
1.20673540015501
0.387819652764021
-0.380603227949319
-1.00000000000038
-1.39001751542751
-1.49698213645454
-1.29965173950212
-0.811641252945755
-0.0802731725803083
0.818040315117527
1.78543203413297
2.71247902668116
3.48938700205907
4.01735000036011
4.21895363034216
4.04658003153408
3.48796524058222
2.56833616355169
1.34888787287174
-0.0782801454291495
-1.59830289557498
-3.08399540373886
-4.40760805268941
-5.45276334448141
-6.12542390201157
-6.36283170757085
-6.13955208630117
-5.47003399599775
-4.40743373618521
-3.03880956812591
-1.47714484007646
0.149037066700564
1.70747109010893
3.07423238001532
4.14494687792036
4.8440627849508
5.13130574797198
5.00471610886207
4.50000000000014
3.68628482700851
2.6587187064609
1.52865865091852
0.412423957969137
-0.580273172580077
-1.35708141209172
-1.85189535066342
-2.03100706852752
-1.89593233475168
-1.48264999963952
-0.857348712093606
-0.109120811382119
0.659654850161068
1.34427095263694
1.84888787287152
2.09684158178118
2.03902448922079
1.65949069146933
0.977711284120686
0.0472366555184287
-1.04912155957515
-2.20713086465443
-3.31124169588016
-4.24596878508338
-4.90743373618555
-5.21393129533583
-5.11447222487268
-4.59444902850767
-3.6778482467019
-2.42576761998468
-0.931355464515553
0.688361942034699
2.30299535755085
3.78065089794711
4.99999999999973
5.8614065542183
6.29604609125742
6.27214474612744
5.79774329477976
4.9197268274192
3.71922093034382
2.30380549225228
0.797303321894401
-0.67186712383727
-1.98264999963991
-3.03247043930343
-3.74644819617815
-4.08383124504727
-4.04104838417376
-3.65111212712839
-2.97946076065468
-2.11667635369548
-1.16881969895134
-0.246353926793756
0.547236655518677
1.12600016763409
1.43019652014124
1.43224439932851
1.1393505517278
0.592566263815011
-0.137628952900299
-0.958771381956978
-1.7661386380868
-2.45378303578719
-2.9257676199848
-3.10647719172538
-2.94896544276134
-2.44049073765729
-1.60466843886345
-0.500000000000275
0.78510421178186
2.14034524834128
3.44383435570596
4.57367808386534
5.41972682741984
5.8943426575538
5.94113287704868
5.540789417102
4.71345221297362
3.51735000036006
2.04383190313318
0.409252646737737
-1.25552085462619
-2.81698317325911
-4.15111212712854
-5.15458248786453
-5.75400373849116
-5.91230579416029
-5.63167326360454
-4.95276334448135
-3.95030217480109
-2.72550432277516
-1.39606599109291
-0.0847146591873571
1.09256626381481
2.03749277430984
2.67855600283955
2.97734745712193
2.9315363010233
2.57423238001507
1.96982515071063
1.20673540015478
0.38781965276355
-0.380603227948978
-0.999999999999966
-1.39001751542759
-1.49698213645454
-1.29965173950204
-0.811641252946075
-0.0802731725807067
0.818040315117775
1.78543203413323
2.7124790266812
3.48938700205875
4.01735000035993
4.21895363034248
4.04658003153375
3.48796524058208
2.56833616355147
1.3488878728717
-0.0782801454286566
-1.59830289557533
-3.08399540373919
-4.40760805268968
-5.45276334448105
-6.12542390201135
-6.36283170757085
-6.13955208630107
-5.47003399599755
-4.40743373618493
-3.03880956812663
-1.47714484007724
0.149037066700918
1.70747109010925
3.07423238001558
4.14494687791993
4.84406278495062
5.13130574797218
5.00471610886196
4.49999999999995
3.68628482700826
2.65871870646151
1.52865865091906
0.412423957968879
-0.580273172580286
-1.35708141209198
-1.85189535066326
-2.03100706852751
-1.89593233475182
-1.48264999963961
-0.857348712093396
-0.109120811381889
0.659654850160711
1.34427095263712
1.84888787287166
2.09684158178124
2.03902448922077
1.65949069146922
0.977711284121079
0.047236655518923
-1.04912155957543
-2.20713086465471
-3.31124169588043
-4.24596878508299
-4.90743373618531
-5.21393129533589
-5.11447222487264
-4.59444902850754
-3.67784824670243
-2.42576761998535
-0.931355464515209
0.688361942035061
2.30299535755119
3.78065089794741
4.99999999999996
4.18410648748274
6.32425260231236
7.55590055628459
7.76903065493753
7.00640490169977
5.44972319538405
3.38416843347026
1.14779807565492
-0.925362040124343
-2.55880736352902
-3.57472457162961
-3.9162610763265
-3.64773017687796
-2.93349615937268
-2.00000000000007
-1.08826579897342
-0.405775660336561
-0.0865568177363913
-0.166709385456278
-0.579711342658143
-1.17218723118983
-1.7370683745741
-2.05787296484222
-1.95576291023343
-1.33046111278294
-0.187144508008108
1.35611121013015
3.08229808577129
4.70896121464844
5.93574004039369
6.49785044538378
6.21613476623622
5.03467999030982
3.03896165504323
0.4506895274529
-2.40053348193382
-5.12464843819634
-7.33024525129918
-8.68579117288317
-8.97291848680469
-8.12288454840257
-6.2300050342264
-3.53961234080093
-0.412275593397227
2.73006899989544
5.46744957527441
7.44448101698183
8.42226005393085
8.31133394149987
7.18071779010222
5.24192389208744
2.8110916021976
0.255870993056771
-2.06388074631096
-3.85168167875836
-4.91721350790354
-5.19960416411619
-4.76795859154594
-3.7998556570175
-2.54230328656246
-1.26257868737598
-0.197976357039902
0.486520013536436
0.725217697142126
0.558807363528291
0.120687084041832
-0.394579438300624
-0.774529877052628
-0.835534495565185
-0.464101615137545
0.355158778553529
1.53042409853218
2.87449878247414
4.13588438337524
5.04381295779508
5.35933173919733
4.92326045100653
3.69219105403567
1.75561856725263
-0.669538887216382
-3.26689297958011
-5.66695172475858
-7.50455813970214
-8.47799186958648
-8.39984165553132
-7.23095746580363
-5.09148632803945
-2.24673802557178
0.930213342876667
4.01341208768535
6.58767798994283
8.31084051462749
8.96456334049215
8.48564682990174
6.97291848680477
4.66884706081384
1.91916451959857
-0.882647713129254
-3.3567550615397
-5.19417061503253
-6.20055659569386
-6.31983257878508
-5.6343180891918
-4.34215894357935
-2.71661617496423
-1.05477938407853
0.375100474233613
1.37844709613535
1.86373640332888
1.85168167875974
1.4631760203163
0.888763649489836
0.345698537616213
0.0308250020804373
0.0782016714239075
0.529471666955077
1.32262479523588
2.30142195120197
3.24395730077766
3.9052942516095
4.06645742396781
3.58077151473253
2.40884796624549
0.635390152584079
-1.53589838486176
-3.80919626614141
-5.84126461315947
-7.29675883640496
-7.90491503831337
-7.50791457293295
-6.09243875961707
-3.79861201281028
-0.904249089296914
2.21355643066758
5.13364050235372
7.45403748758815
8.85314380118887
9.13887622889438
8.27784752660511
6.39984165553218
3.77691997821584
0.780645813412632
-2.17552202835942
-4.69924399781528
-6.47751370282378
-7.32078501036313
-7.18619207643078
-6.17662137575397
-4.51647183198284
-2.50881687166756
-0.481702552805757
1.26702755683192
2.51696580232169
3.15661071855894
3.19417061503332
2.74651910810578
2.00899206415778
1.21205803526118
0.573128288641588
0.252514559826049
0.321672363658217
0.749547963962871
1.40949486860343
2.10543859459117
2.61241993637795
2.72396848769238
2.29742842694124
1.28861955157584
-0.230969345062541
-2.07820167142429
-3.98350915454335
-5.63346530986328
-6.7236820051318
-7.01298795571487
-6.36939586674666
-4.79956444438817
-2.4561230765363
0.379093998493022
3.33378484533596
5.99999999999993
7.99634077415013
9.02745668959087
8.93107692559723
7.70477069533135
5.50791457293252
2.63840127202895
-0.512228501816477
-3.51801096463337
-5.98258708560531
-7.59774211749234
-8.18714450800868
-7.72849536299237
-6.3509342641562
-4.30867252868525
-1.93574004039401
0.410224529793051
2.40554626301838
3.80984011755123
4.49909965483328
4.47751370282377
3.86674752277475
2.87535156180363
1.75436132182294
0.747441177044299
0.0447152565289901
-0.251404467614869
-0.142379118635658
0.270976162416956
0.812564279360514
1.26993100010442
1.44062539990203
1.17720001227256
0.422260053930412
-0.773272631623799
-2.25251455982519
-3.77570985124622
-5.06038847859013
-5.83175492253405
-5.87446924952896
-5.0765215515173
-3.45707550811373
-1.17277998874557
-0.00542776520864663
5.20872990834013
8.04766276830108
8.21137564916141
6.87983329172857
5.66300512818176
5.33963058713428
5.33907084866919
4.34158994322827
1.51351555428701
-2.59545040176169
-6.21476441168223
-7.49501300674038
-5.79990933731415
-2.18935485231598
1.27499751853019
2.90119731436191
2.41862557729129
0.960719860805975
0.0338502134770731
0.282546884049735
1.00028747974432
0.755792827251629
-1.35338797559013
-4.79586018037798
-7.7729740051472
-8.37542510873194
-5.89725565085901
-1.34369748697168
3.24085890669362
6.12904528607087
6.95748250455492
6.71699547529437
6.74041875921162
7.49531087451624
8.12620405923434
7.11083978240591
3.53670840982287
-1.98242516659853
-7.4757058823889
-10.7888300644754
-10.9274562281182
-8.60262416203305
-5.59880610916548
-3.454119012124
-2.44035150039275
-1.58606650261392
0.313694091125272
3.50804909617135
6.86307454831265
8.55641781824101
7.39407746360205
3.76286658109367
-0.512482393341267
-3.32998158019864
-3.65553880265939
-2.08379905293346
-0.232050807569151
0.548134877189979
0.159484483985506
-0.290070183482459
0.486525614605653
2.76166297174118
5.37349067134124
6.43809294504173
4.68986702417189
0.458655273354875
-4.45251302685323
-7.91578377751106
-8.82237229504009
-7.65380053264751
-5.89622598104545
-4.77894014529315
-4.31415512808834
-3.37057274275824
-0.71515596763662
3.78968985749774
8.77689302217678
12.1100894295881
12.2568645321722
9.30347052028163
4.86895764206773
0.986104494150615
-1.2251742097774
-2.12680370094889
-2.99033395937082
-4.76277677511499
-7.14355224919893
-8.69940771711082
-7.94544700217873
-4.57357208626085
0.119597526732507
3.96446609406584
5.30317904006196
4.02854912310938
1.53077260641741
-0.386255161009342
-0.799179439503821
-0.209944159340329
0.0389849709544612
-1.00168939116265
-2.97760040375379
-4.36722447670387
-3.58895959533284
-0.254837434447836
4.38201755963139
8.14908950379519
9.34055598711516
7.7686939550799
4.73174471063562
1.95589834699541
0.326138806708349
-0.639144751345492
-2.19394396270431
-5.13395082235436
-8.90183540100049
-11.7502983176158
-11.8824583315807
-8.74026893277255
-3.48224807113053
1.71767921261288
5.04928589545528
6.12573235847768
5.97421164123178
6.01206581349182
6.81808078998201
7.64775385638473
7.06217782649027
4.1821459303435
-0.408414855534874
-4.83261440969091
-7.0825318899179
-6.33993734493979
-3.49178606806441
-0.466247874492421
1.11555350564654
0.979266904539336
0.181461569362426
0.0929523825703336
1.18892587527796
2.59067015330129
2.72339445756659
0.59634881436837
-3.27531838541277
-7.03302418830665
-8.64074148338298
-7.22034944693272
-3.58913238160729
0.379409490850084
3.08141489380916
4.20711487624908
4.72031849662467
5.84922799705898
7.89549442101118
9.80343414376753
9.84931103705613
6.9513957695206
1.61477800000156
-4.21958917452737
-8.34347336062406
-9.63375440267482
-8.6193329588666
-6.87951718421082
-5.75825012204973
-5.37604942194682
-4.67751550832192
-2.45383398085032
1.4687697529268
5.81617236542231
8.58618152613409
8.39697380535674
5.47214705378002
1.52570257316178
-1.38024987157769
-2.17490591839859
-1.34741553340867
-0.360692075112235
-0.391494820453224
-1.37379553263385
-2.07767952394459
-1.15783766171907
1.6416012764041
5.06978624099185
7.09659764916311
6.27864893215817
2.76793661434923
-1.7785087345748
-5.32028050508898
-6.7607081157112
-6.51424902578823
-5.93069355482653
-6.05566999392932
-6.70087055511688
-6.55131913601983
-4.23834022099337
0.439919694161701
6.09781312674788
10.499999999999
11.9506454167033
10.334934122349
7.06630651235007
4.00119016383082
2.14118015595071
1.08294905947346
-0.403696723126986
-3.14977797225573
-6.68470718493826
-9.38071625712842
-9.56717519534738
-6.79037134037939
-2.26544881700942
1.84270450455639
3.80502208118239
3.38124863023871
1.7913851151803
0.663005128181283
0.768820500790737
1.50894382974774
1.51316281848188
-0.120459041928371
-2.92361980098649
-5.21476441168312
-5.23499195493914
-2.43388393353302
2.05328583480435
6.10512453745312
7.9896454909112
7.41862557729221
5.53152994714981
3.86397723239967
3.11097400879641
2.63426207596047
1.08396222647615
-2.35338797558946
-7.05588123217642
-11.1389994089301
-12.6180657958511
-10.7273826697799
-6.43214566351906
-1.75914109330785
1.55823519972841
3.12735548563215
3.88856835054805
5.10644416299544
7.16714147529302
9.12620405923323
9.3708608342072
6.90273381360691
2.26021552051991
-2.64557886346689
-5.70038188792716
-5.92745622811716
-4.03181407568917
-1.76867909024244
-0.625691887376062
-0.806376904178308
-1.25789710339074
-0.686305908874397
1.24802804437002
3.49704914452915
4.31377713112257
2.56395044468235
-1.32558159545436
-5.51248239334268
-7.90079166654274
-7.48566582158245
-4.91222617767932
-1.86602540378589
0.219965477964756
1.15948448398497
1.96995086831779
3.85255101838911
7.00430365885796
10.2036176902622
11.52654112159
9.68986702417085
5.02946535969746
-0.622386007931146
-5.08735665276378
-7.18839769882382
-7.32563113342378
-6.89622598104485
-7.03896119709514
-7.68018053187338
-7.61321342987737
-5.54528298655891
-1.29875831904967
0.499999999999963
0.0292467816292872
-0.761920914091628
-1.71660540010104
-2.51244077082012
-2.79289321881346
-2.32203403081736
-1.10151653659592
0.597904398716286
2.30585902963072
3.50000000000035
3.77889072147433
2.99705647422669
1.31272147505795
-0.868948974807808
-3.03553390593323
-4.73788717647445
-5.72868960032187
-6.01923203528293
-5.83638578902662
-5.49999999999998
-5.27114540178057
-5.23219203436273
-5.24668254627303
-5.01540172789999
-4.20710678118673
-2.61267756707332
-0.261433438278174
2.54802849764888
5.31800560176946
7.4999999999994
8.66825087409657
8.65538450565729
7.60069057024752
5.89383051644706
4.03553390593243
2.46735579894523
1.43331154376655
0.923175039987762
0.715482114705101
0.500000000000007
0.029246781629376
-0.761920914091503
-1.71660540010091
-2.51244077082047
-2.79289321881342
-2.32203403081811
-1.10151653659613
0.597904398717336
2.30585902963161
3.50000000000024
3.77889072147455
2.99705647422687
1.31272147505677
-0.868948974807498
-3.03553390593295
-4.73788717647426
-5.72868960032179
-6.01923203528293
-5.83638578902666
-5.50000000000003
-5.27114540178049
-5.23219203436274
-5.24668254627308
-5.01540172790006
-4.20710678118603
-2.61267756707214
-0.261433438278538
2.5480284976464
5.31800560177096
7.50000000000041
8.66825087409649
8.65538450565737
7.60069057024772
5.89383051644732
4.03553390593267
2.46735579894541
1.43331154376666
0.923175039987581
0.715482114705123
0.50000000000005
0.0292467816294635
-0.76192091409204
-1.71660540010146
-2.51244077082039
-2.79289321881348
-2.3220340308176
-1.10151653659523
0.59790439871709
2.3058590296314
3.50000000000013
3.7788907214744
2.99705647422705
1.31272147505704
-0.868948974807188
-3.03553390593412
-4.73788717647407
-5.7286896003217
-6.01923203528293
-5.83638578902648
-5.49999999999984
-5.2711454017806
-5.23219203436272
-5.24668254627305
-5.01540172789978
-4.20710678118619
-2.61267756707242
-0.261433438278902
2.54802849764809
5.31800560177061
7.50000000000017
8.66825087409641
8.65538450565745
7.60069057024792
5.89383051644757
4.03553390593291
2.46735579894464
1.43331154376622
0.923175039987846
0.715482114705145
0.499999999999866
0.0292467816290884
-0.761920914091915
-1.71660540010066
-2.51244077082031
-2.79289321881344
-2.32203403081772
-1.10151653659544
0.597904398716845
2.30585902963119
3.50000000000002
3.77889072147444
2.99705647422722
1.31272147505586
-0.868948974806878
-3.0355339059324
-4.73788717647388
-5.72868960032206
-6.01923203528293
-5.83638578902652
-5.50000000000011
-5.27114540178053
-5.23219203436274
-5.24668254627305
-5.01540172789985
-4.20710678118636
-2.61267756707269
-0.261433438279266
2.5480284976477
5.31800560177026
7.50000000000119
8.66825087409633
8.65538450565753
7.60069057024812
5.89383051644648
4.03553390593187
2.46735579894577
1.43331154376686
0.923175039987665
0.715482114705051
0.499999999999909
0.0292467816291766
-0.761920914091789
-1.71660540010121
-2.51244077082023
-2.79289321881345
-2.32203403081784
-1.10151653659565
0.597904398716598
2.30585902963098
3.49999999999992
3.77889072147429
2.99705647422647
1.3127214750576
-0.868948974806567
-3.03553390593357
-4.73788717647468
-5.72868960032198
-6.01923203528293
-5.83638578902656
-5.49999999999993
-5.27114540178054
-5.23219203436273
-5.24668254627306
-5.01540172789991
-4.20710678118652
-2.61267756707297
-0.26143343827963
2.54802849764939
5.3180056017699
7.4999999999997
8.66825087409625
8.65538450565719
7.60069057024727
5.89383051644673
4.0355339059334
2.467355798945
1.43331154376642
0.923175039987708
0.715482114705072
0.499999999999952
0.0292467816292645
-0.761920914091663
-1.71660540010108
-2.51244077082015
-2.7928932188134
-2.32203403081796
-1.10151653659586
0.597904398716352
2.30585902963188
3.50000000000038
3.77889072147451
2.99705647422758
1.31272147505641
-0.868948974807893
-3.0355339059333
-4.7378871764745
-5.72868960032189
-6.01923203528293
-5.83638578902661
-5.49999999999997
-5.27114540178056
-5.23219203436273
-5.24668254627307
-5.01540172789998
-4.20710678118668
-2.6126775670718
-0.261433438278075
2.54802849764691
5.31800560176955
7.50000000000071
8.66825087409659
8.65538450565727
7.60069057024853
5.89383051644699
4.03553390593236
2.46735579894518
1.43331154376652
0.92317503998775
0.715482114705095
0.499999999999995
0.0292467816293518
-0.761920914091538
-1.71660540010163
-2.51244077082006
-2.79289321881347
-2.32203403081808
-1.10151653659497
0.597904398717403
2.30585902963167
3.4999999999997
3.77889072147436
2.99705647422682
1.31272147505669
-0.868948974807583
-3.03553390593303
-4.73788717647431
-5.72868960032181
-6.01923203528293
-5.83638578902665
-5.49999999999979
-5.27114540178058
-5.23219203436272
-5.24668254627307
-5.0154017278997
-4.20710678118599
-2.61267756707352
-0.261433438280357
2.5480284976486
5.31800560177106
7.50000000000047
8.66825087409651
8.65538450565735
7.60069057024767
5.89383051644725
4.0355339059326
2.46735579894536
1.43331154376663
0.923175039987793
0.715482114705116
0.500000000000038
0.029246781628977
-0.761920914092075
-1.71660540010082
-2.51244077081998
-2.79289321881342
-2.32203403081757
-1.10151653659518
0.59790439871586
2.30585902963146
3.50000000000016
3.77889072147439
2.997056474227
1.31272147505697
-0.868948974807273
-3.03553390593275
-4.73788717647412
-5.72868960032173
-6.01923203528293
-5.83638578902669
-5.50000000000006
-5.2711454017806
-5.23219203436274
-5.24668254627304
-5.01540172789976
-4.20710678118701
-2.61267756707234
-0.261433438278803
2.5480284976482
5.3180056017707
7.50000000000024
8.66825087409643
8.65538450565743
7.60069057024787
5.8938305164475
4.03553390593156
2.46735579894554
1.43331154376673
0.923175039987836
0.715482114705022
0.499999999999854
0.0292467816295274
-0.761920914091286
-1.71660540010137
-2.51244077082033
-2.79289321881343
-2.32203403081769
-1.10151653659539
0.597904398716911
2.30585902963125
3.50000000000005
3.77889072147443
2.99705647422717
1.31272147505724
-0.868948974806962
-3.03553390593248
-4.73788717647492
-5.72868960032209
-6.01923203528293
-5.83638578902674
-5.49999999999988
-5.27114540178052
-5.23219203436274
-5.24668254627309
-5.01540172789983
-4.20710678118631
-2.61267756707262
-0.261433438279167
2.5480284976478
5.31800560177035
7.5
8.66825087409635
8.65538450565751
7.60069057024701
5.89383051644776
4.03553390593309
2.46735579894573
1.43331154376629
0.923175039987654
0.715482114705045
0.500000000000124
0.0292467816291522
-0.761920914091823
-1.71660540010124
-2.51244077082025
-2.79289321881344
-2.32203403081781
-1.1015165365956
0.597904398716666
2.30585902963104
3.50000000000051
3.77889072147446
2.99705647422735
1.31272147505752
-0.868948974808288
-3.03553390593365
-4.73788717647375
-5.72868960032156
-6.01923203528293
-5.83638578902655
-5.49999999999992
-5.27114540178054
-5.23219203436273
-5.24668254627306
-5.01540172789989
-4.20710678118648
-2.61267756707289
-0.26143343827953
2.54802849764741
5.31800560177
7.49999999999976
8.66825087409669
8.65538450565717
7.60069057024827
5.89383051644801
4.03553390593205
2.46735579894495
1.43331154376639
0.92317503998792
0.715482114705067
0.49999999999994
0.0292467816292405
-0.761920914091697
-1.71660540010111
-2.51244077082017
-2.79289321881345
-2.32203403081793
-1.1015165365958
0.597904398717717
2.30585902963083
3.49999999999984
3.7788907214745
2.9970564742266
1.31272147505634
-0.868948974807978
-3.03553390593193
-4.73788717647455
-5.72868960032192
-6.01923203528293
-5.8363857890266
-5.49999999999996
-5.27114540178056
-5.23219203436273
-5.24668254627306
-5.01540172789996
-4.20710678118578
-2.61267756707317
-0.261433438279894
2.54802849764701
5.3180056017715
7.50000000000078
8.66825087409619
8.65538450565766
7.60069057024741
5.89383051644692
4.03553390593229
2.46735579894513
1.4333115437665
0.923175039987739
0.715482114705089
0.499999999999983
0.029246781629328
-0.761920914091571
-1.71660540010098
-2.51244077082009
-2.79289321881346
-2.32203403081742
-1.10151653659491
0.597904398716173
2.30585902963062
3.5000000000003
3.77889072147435
2.99705647422677
1.31272147505807
-0.868948974807667
-3.0355339059331
-4.73788717647436
-5.72868960032183
-6.01923203528293
-5.83638578902664
-5.50000000000001
-5.27114540178057
-5.23219203436272
-5.24668254627304
-5.01540172790002
-4.2071067811868
-2.61267756707344
-0.26143343827834
2.5480284976487
5.31800560177115
7.49999999999929
8.66825087409653
8.65538450565733
7.60069057024761
5.89383051644718
4.03553390593254
2.46735579894531
1.4333115437666
0.923175039987781
0.715482114705111
0.4999999999998
0.0292467816294151
-0.761920914091446
-1.71660540010085
-2.51244077082043
-2.79289321881342
-2.32203403081817
-1.10151653659622
0.597904398717224
2.30585902963152
3.50000000000019
3.77889072147438
2.99705647422695
1.31272147505689
-0.868948974807357
-3.03553390593283
-4.73788717647417
-5.72868960032175
-6.01923203528293
-5.83638578902668
-5.50000000000005
-5.2711454017805
-5.23219203436274
-5.24668254627308
-5.01540172790009
-4.20710678118611
-2.61267756707227
-0.261433438278703
2.54802849764622
5.3180056017708
7.5000000000003
8.66825087409645
8.65538450565741
7.60069057024781
5.89383051644743
4.03553390593278
2.46735579894549
1.4333115437667
0.923175039987599
0.715482114705132
0.500000000000069
0.0292467816295034
-0.761920914091983
-1.7166054001014
-2.51244077082035
-2.79289321881348
-2.32203403081766
-1.10151653659533
0.597904398716978
2.30585902963131
3.50000000000008
3.77889072147442
2.99705647422713
1.31272147505717
-0.868948974807047
-3.035533905934
-4.73788717647399
-5.72868960032166
-6.01923203528293
-5.8363857890265
-5.49999999999986
-5.27114540178061
-5.23219203436272
-5.24668254627305
-5.01540172789981
-4.20710678118627
-2.61267756707254
-0.261433438279067
2.54802849764791
5.31800560177045
7.50000000000007
8.66825087409637
8.65538450565748
7.60069057024801
5.89383051644769
4.03553390593302
2.46735579894472
1.43331154376626
0.923175039987866
0.715482114705155
0.499999999999886
0.0292467816291291
-0.761920914091857
-1.7166054001006
-2.51244077082027
-2.79289321881344
-2.32203403081778
-1.10151653659554
0.597904398716733
2.3058590296311
3.49999999999998
3.77889072147445
2.9970564742273
1.31272147505599
-0.868948974806737
-3.03553390593228
-4.7378871764738
-5.72868960032203
-6.01923203528293
-5.83638578902654
-5.50000000000013
-5.27114540178053
-5.23219203436273
-5.24668254627306
-5.01540172789988
-4.20710678118643
-2.61267756707282
-0.261433438279431
2.54802849764752
5.3180056017701
7.50000000000108
8.66825087409629
8.65538450565756
7.60069057024822
5.89383051644659
4.03553390593198
2.4673557989449
1.43331154376691
0.923175039987685
0.715482114705061
0.499999999999929
0.0292467816292166
-0.761920914091732
-1.71660540010115
-2.51244077082019
-2.79289321881345
-2.3220340308179
-1.10151653659464
0.597904398716486
2.30585902963089
3.49999999999987
3.7788907214743
2.99705647422655
1.31272147505772
-0.868948974806427
-3.03553390593345
-4.7378871764746
-5.72868960032194
-6.01923203528293
-5.83638578902658
-5.49999999999995
-5.27114540178055
-5.23219203436273
-5.24668254627306
-5.01540172789994
-4.20710678118659
-2.61267756707309
-0.261433438279795
2.54802849764921
5.3180056017716
7.49999999999959
8.66825087409621
8.65538450565722
7.60069057024736
5.89383051644685
4.03553390593351
2.46735579894508
1.43331154376647
0.923175039987727
0.715482114705083
0.499999999999972
0.0292467816293036
-0.761920914091605
-1.71660540010102
-2.51244077082011
-2.79289321881341
-2.32203403081802
-1.10151653659596
0.59790439871624
2.30585902963179
3.50000000000033
3.77889072147434
2.99705647422765
1.31272147505654
-0.868948974807752
-3.03553390593318
-4.73788717647441
-5.72868960032186
-6.01923203528293
-5.83638578902663
-5.49999999999999
-5.27114540178057
-5.23219203436275
-5.24668254627307
-5.0154017279
-4.20710678118676
-2.61267756707192
-0.26143343827824
2.54802849764673
5.31800560176939
7.5000000000006
8.66825087409655
8.6553845056573
7.60069057024756
5.89383051644711
4.03553390593247
2.46735579894526
1.43331154376657
0.92317503998777
0.715482114705105
0.500000000000015
0.029246781629392
-0.76192091409148
-1.71660540010157
-2.51244077082046
-2.79289321881347
-2.32203403081813
-1.10151653659506
0.597904398717291
2.30585902963158
3.49999999999965
3.77889072147437
2.9970564742269
1.31272147505682
-0.868948974807441
-3.0355339059329
-4.73788717647422
-5.72868960032177
-6.01923203528293
-5.83638578902667
-5.49999999999981
-5.27114540178059
-5.23219203436272
-5.24668254627308
-5.01540172789973
-4.20710678118606
-2.61267756707219
-0.261433438280523
2.54802849764842
5.3180056017709
7.50000000000037
