"x"
8.66825087409637
8.65538450565746
7.6006905702479
5.89383051644746
4.03553390593274
2.46735579894541
1.43331154376662
0.923175039987779
0.715482114705104
0.5
0.0292467816293367
-0.761920914091595
-1.71660540010105
-2.51244077082015
-2.79289321881345
-2.32203403081789
-1.10151653659567
0.597904398716645
2.30585902963108
3.5
3.77889072147443
2.99705647422716
1.31272147505715
-0.868948974807163
-3.03553390593274
-4.73788717647417
-5.72868960032177
-6.01923203528293
-5.83638578902665
-5.5
-5.27114540178057
-5.23219203436273
-5.24668254627306
-5.01540172789994
-4.20710678118655
-2.61267756707294
-0.26143343827947
2.54802849764757
5.31800560177025
7.5
8.66825087409637
8.65538450565746
7.6006905702479
5.89383051644747
4.03553390593273
2.46735579894541
1.43331154376662
0.92317503998778
0.715482114705103
0.499999999999998
0.0292467816293347
-0.761920914091604
-1.71660540010105
-2.51244077082015
-2.79289321881345
-2.32203403081789
-1.10151653659568
0.597904398716642
2.30585902963109
3.5
3.77889072147443
2.99705647422716
1.31272147505714
-0.86894897480716
-3.03553390593274
-4.73788717647418
-5.72868960032177
-6.01923203528293
-5.83638578902664
-5.5
-5.27114540178057
-5.23219203436273
-5.24668254627306
-5.01540172789994
-4.20710678118654
-2.61267756707294
-0.261433438279475
2.54802849764757
5.31800560177026
7.49999999999999
8.66825087409637
8.65538450565746
7.60069057024788
5.89383051644745
4.03553390593273
2.46735579894542
1.43331154376663
0.923175039987781
0.715482114705103
0.499999999999997
0.0292467816293354
-0.761920914091591
-1.71660540010104
-2.51244077082015
-2.79289321881345
-2.32203403081789
-1.10151653659567
0.597904398716639
2.3058590296311
3.50000000000001
3.77889072147444
2.99705647422715
1.31272147505716
-0.868948974807207
-3.03553390593274
-4.73788717647418
-5.72868960032176
-6.01923203528293
-5.83638578902665
-5.5
-5.27114540178057
-5.23219203436273
-5.24668254627306
-5.01540172789995
-4.20710678118653
-2.61267756707295
-0.261433438279479
2.5480284976476
5.31800560177022
7.49999999999999
8.66825087409637
8.65538450565746
7.60069057024788
5.89383051644747
4.03553390593274
2.4673557989454
1.43331154376662
0.923175039987782
0.715482114705103
0.499999999999999
0.0292467816293294
-0.761920914091612
-1.71660540010105
-2.51244077082015
-2.79289321881345
-2.32203403081787
-1.10151653659567
0.597904398716657
2.3058590296311
3.5
3.77889072147444
2.99705647422715
1.31272147505712
-0.868948974807153
-3.03553390593274
-4.73788717647417
-5.72868960032178
-6.01923203528293
-5.83638578902665
-5.5
-5.27114540178057
-5.23219203436273
-5.24668254627306
-5.01540172789994
-4.20710678118654
-2.61267756707295
-0.261433438279483
2.54802849764759
5.31800560177028
7.49999999999999
8.66825087409637
8.65538450565746
7.60069057024791
5.89383051644748
4.03553390593278
2.46735579894538
1.43331154376662
0.923175039987774
0.715482114705103
0.499999999999999
0.0292467816293298
-0.761920914091589
-1.71660540010104
-2.51244077082014
-2.79289321881345
-2.32203403081789
-1.10151653659564
0.597904398716654
2.3058590296311
3.50000000000001
3.77889072147444
2.99705647422716
1.31272147505717
-0.868948974807149
-3.03553390593273
-4.73788717647414
-5.72868960032178
-6.01923203528293
-5.83638578902664
-5.5
-5.27114540178057
-5.23219203436273
-5.24668254627306
-5.01540172789994
-4.20710678118656
-2.61267756707295
-0.261433438279547
2.54802849764765
5.31800560177027
7.50000000000002
8.66825087409637
8.65538450565746
7.60069057024788
5.89383051644744
4.03553390593278
2.46735579894544
1.43331154376664
0.923175039987768
0.715482114705103
0.499999999999999
0.0292467816293309
-0.761920914091609
-1.71660540010106
-2.51244077082014
-2.79289321881345
-2.32203403081789
-1.10151653659568
0.597904398716651
2.3058590296311
3.50000000000001
3.77889072147443
2.99705647422713
1.31272147505717
-0.868948974807145
-3.03553390593273
-4.73788717647417
-5.72868960032178
-6.01923203528293
-5.83638578902665
-5.49999999999999
-5.27114540178056
-5.23219203436273
-5.24668254627306
-5.01540172789994
-4.20710678118654
-2.61267756707291
-0.261433438279551
2.54802849764752
5.31800560177021
7.49999999999998
8.66825087409637
8.65538450565746
7.60069057024789
5.89383051644744
4.0355339059327
2.46735579894538
1.43331154376664
0.923175039987782
0.715482114705104
0.5
0.0292467816293325
-0.761920914091607
-1.71660540010106
-2.51244077082016
-2.79289321881345
-2.3220340308179
-1.10151653659568
0.597904398716648
2.30585902963109
3.50000000000001
3.77889072147444
2.99705647422713
1.31272147505709
-0.868948974807245
-3.03553390593273
-4.73788717647417
-5.72868960032177
-6.01923203528293
-5.83638578902664
-5.50000000000001
-5.27114540178057
-5.23219203436273
-5.24668254627306
-5.01540172789994
-4.20710678118654
-2.61267756707291
-0.261433438279435
2.54802849764764
5.31800560177021
7.49999999999998
8.66825087409637
8.65538450565746
7.60069057024789
5.89383051644744
4.03553390593271
2.46735579894538
1.4333115437666
0.923175039987784
0.715482114705105
0.5
0.0292467816293334
-0.761920914091605
-1.71660540010102
-2.51244077082016
-2.79289321881345
-2.32203403081786
-1.10151653659568
0.597904398716646
2.30585902963109
3.50000000000001
3.77889072147443
2.99705647422719
1.31272147505718
-0.868948974807139
-3.03553390593282
-4.73788717647416
-5.72868960032177
-6.01923203528293
-5.83638578902664
-5.49999999999999
-5.27114540178057
-5.23219203436273
-5.24668254627307
-5.01540172789994
-4.20710678118654
-2.61267756707292
-0.26143343827944
2.54802849764764
5.31800560177032
7.49999999999998
8.66825087409637
8.65538450565746
7.60069057024789
5.89383051644744
4.03553390593279
2.46735579894544
1.4333115437666
0.923175039987784
0.715482114705105
0.500000000000015
0.0292467816293334
-0.761920914091646
-1.71660540010106
-2.51244077082016
-2.79289321881345
-2.32203403081786
-1.10151653659568
0.597904398716643
2.30585902963102
3.50000000000001
3.77889072147444
2.99705647422713
1.31272147505709
-0.868948974807135
-3.03553390593281
-4.73788717647416
-5.72868960032177
-6.01923203528293
-5.83638578902664
-5.50000000000001
-5.27114540178056
-5.23219203436273
-5.24668254627307
-5.01540172789992
-4.20710678118654
-2.61267756707292
-0.261433438279564
2.54802849764763
5.3180056017702
7.50000000000005
8.66825087409637
8.65538450565746
7.60069057024783
5.89383051644745
4.03553390593271
2.46735579894545
1.43331154376661
0.923175039987784
0.715482114705098
0.500000000000001
0.0292467816293351
-0.761920914091561
-1.71660540010106
-2.51244077082016
-2.79289321881345
-2.32203403081786
-1.10151653659569
0.597904398716721
2.30585902963109
3.50000000000001
3.77889072147444
2.99705647422714
1.31272147505719
-0.868948974807132
-3.03553390593281
-4.73788717647416
-5.7286896003218
-6.01923203528293
-5.83638578902664
-5.50000000000001
-5.27114540178056
-5.23219203436273
-5.24668254627307
-5.01540172789996
-4.20710678118655
-2.61267756707283
-0.261433438279448
2.54802849764763
5.3180056017702
7.50000000000005
8.66825087409637
8.65538450565746
7.60069057024796
5.89383051644745
4.0355339059328
2.46735579894539
1.43331154376661
0.92317503998777
0.715482114705105
0.500000000000016
0.0292467816293358
1.96410161513793
-0.598076211353206
-2.99999999999987
-4.59807621135328
-4.96410161513775
-4.00000000000003
-1.96410161513772
0.598076211353153
2.99999999999994
4.59807621135326
4.96410161513776
4.00000000000006
1.96410161513777
-0.598076211353099
-2.99999999999989
-4.5980762113533
-4.96410161513777
-4.00000000000001
-1.96410161513782
0.598076211353328
2.99999999999985
4.59807621135328
4.96410161513777
4.00000000000004
1.96410161513787
-0.598076211353275
-3.00000000000004
-4.59807621135326
-4.96410161513776
-4.00000000000007
-1.96410161513779
0.598076211353221
2.99999999999999
4.59807621135323
4.96410161513777
4.00000000000011
1.96410161513784
-0.598076211353309
-2.99999999999995
-4.59807621135332
-4.96410161513778
-4.00000000000005
-1.96410161513789
0.598076211353255
2.99999999999991
4.5980762113533
4.96410161513778
4.00000000000009
1.96410161513781
-0.598076211353201
-2.99999999999998
-4.59807621135328
-4.96410161513775
-4.00000000000012
-1.96410161513786
0.598076211353148
2.99999999999993
4.59807621135326
4.96410161513776
3.99999999999998
1.96410161513791
-0.598076211353236
-2.99999999999989
-4.5980762113533
-4.96410161513777
-4.00000000000001
-1.96410161513796
0.598076211353182
2.99999999999985
4.59807621135327
4.96410161513776
4.00000000000005
1.96410161513775
-0.598076211353129
-2.99999999999992
-4.59807621135325
-4.96410161513776
-4.00000000000008
-1.9641016151378
0.598076211353357
2.99999999999987
4.59807621135329
4.96410161513779
4.00000000000011
1.96410161513784
-0.598076211353304
-2.99999999999983
-4.59807621135327
-4.96410161513779
-4.00000000000014
-1.96410161513789
0.59807621135325
3.00000000000002
4.59807621135325
4.96410161513777
4.00000000000017
1.96410161513794
-0.598076211353197
-2.99999999999997
-4.59807621135322
-4.96410161513777
-4.00000000000004
-1.96410161513799
0.598076211353143
2.99999999999993
4.59807621135332
4.96410161513778
4.00000000000007
1.96410161513804
-0.59807621135309
-2.99999999999989
-4.59807621135329
-4.96410161513775
-4.0000000000001
-1.96410161513783
0.598076211353036
2.99999999999984
4.59807621135327
4.96410161513776
4.00000000000013
1.96410161513788
-0.598076211352983
-2.9999999999998
-4.59807621135325
-4.96410161513776
-4
-1.96410161513793
0.598076211353212
2.99999999999976
4.59807621135323
4.96410161513777
4.00000000000003
1.96410161513772
-0.598076211353158
-2.99999999999994
-4.59807621135321
-4.96410161513778
-4.00000000000006
-1.96410161513777
0.598076211353104
2.9999999999999
4.59807621135319
4.96410161513778
4.00000000000009
1.96410161513782
-0.598076211353333
-2.99999999999985
-4.59807621135328
-4.96410161513779
-4.00000000000013
-1.96410161513787
0.59807621135328
2.99999999999981
4.59807621135326
4.96410161513776
4.00000000000016
1.96410161513792
-0.598076211353226
-3
-4.59807621135324
-4.96410161513777
-4.00000000000019
-1.96410161513797
0.598076211353173
2.99999999999995
4.59807621135333
4.96410161513777
4.00000000000005
1.96410161513802
-0.598076211353119
-2.99999999999991
-4.59807621135331
-4.96410161513778
-4.00000000000008
-1.96410161513807
0.598076211353065
2.99999999999987
4.59807621135328
4.96410161513775
4.00000000000012
1.96410161513785
-0.598076211353012
-2.99999999999982
-4.59807621135326
-4.96410161513776
-4.00000000000015
-1.9641016151379
0.598076211353241
2.99999999999978
4.59807621135324
4.96410161513777
4.00000000000001
1.96410161513795
-0.598076211353187
-2.99999999999974
-4.59807621135322
-4.96410161513777
-4.00000000000004
-1.96410161513774
0.598076211353133
2.99999999999992
4.5980762113532
4.96410161513778
4.00000000000007
1.96410161513779
-0.59807621135308
-2.99999999999988
-4.59807621135329
-4.96410161513779
-4.00000000000011
-1.96410161513784
0.598076211353309
2.99999999999984
4.59807621135327
4.96410161513779
4.00000000000014
1.96410161513789
-0.598076211353255
-3.00000000000002
-4.59807621135325
-4.96410161513777
-4.00000000000017
-1.96410161513794
0.598076211353201
2.99999999999998
4.59807621135323
4.96410161513777
4.0000000000002
1.96410161513799
-0.598076211353148
-2.99999999999993
-4.59807621135332
-4.96410161513778
-4.00000000000007
-1.96410161513804
0.598076211353095
2.99999999999989
4.5980762113533
4.96410161513778
4.0000000000001
1.96410161513809
-0.598076211353323
-2.99999999999985
-4.59807621135327
-4.96410161513779
-3.99999999999996
-1.96410161513788
0.598076211352988
2.9999999999998
4.59807621135325
4.96410161513776
4.00000000000016
1.96410161513766
-0.598076211353216
-2.99999999999976
-4.59807621135323
-4.96410161513777
-4.00000000000002
-1.96410161513798
0.59807621135288
2.99999999999994
4.59807621135321
4.96410161513778
4.00000000000006
1.96410161513776
-0.598076211353109
-2.99999999999967
-4.5980762113533
-4.96410161513778
-4.00000000000009
-1.96410161513807
0.598076211353338
2.99999999999986
4.59807621135317
4.96410161513776
4.00000000000012
1.96410161513786
-0.598076211353002
-3.00000000000004
-4.59807621135326
-4.9641016151378
-4.00000000000015
-1.96410161513791
0.598076211353231
2.99999999999977
4.59807621135335
4.96410161513777
4.00000000000019
1.96410161513796
-0.598076211353177
-2.99999999999996
-4.59807621135322
-4.96410161513781
-4.00000000000005
-1.96410161513801
0.598076211353124
2.99999999999991
4.59807621135331
4.96410161513778
4.00000000000025
1.9641016151378
-0.59807621135307
-2.99999999999987
-4.59807621135329
-4.96410161513775
-4.00000000000011
-1.96410161513811
0.598076211353299
2.99999999999983
4.59807621135326
4.96410161513779
3.99999999999998
1.9641016151379
-0.598076211352963
-3.00000000000001
-4.59807621135324
-4.96410161513777
-4.00000000000018
-1.96410161513769
0.598076211353192
2.99999999999974
4.59807621135322
4.96410161513777
4.00000000000004
1.964101615138
-0.598076211353421
-2.99999999999993
-4.5980762113532
-4.96410161513778
-4.00000000000007
-1.96410161513779
0.598076211353085
2.99999999999965
4.59807621135329
4.96410161513779
4.0000000000001
1.96410161513784
-0.598076211353313
-2.99999999999984
-4.59807621135316
-4.96410161513776
-4.00000000000014
-1.96410161513788
0.598076211352978
3.00000000000002
4.59807621135325
4.9641016151378
4
1.96410161513793
-0.598076211353206
-2.99999999999975
-4.59807621135334
-4.96410161513777
-4.0000000000002
-1.96410161513798
0.598076211353153
2.99999999999994
4.59807621135321
4.96410161513774
4.00000000000006
1.96410161513803
-0.598076211353099
-2.99999999999989
-4.5980762113533
-4.96410161513778
-4.00000000000027
-1.96410161513782
0.598076211353046
2.99999999999985
4.59807621135328
4.96410161513776
4.00000000000013
1.96410161513813
-0.598076211353275
-2.99999999999981
-4.59807621135326
-4.9641016151378
-3.99999999999999
-1.96410161513792
0.598076211352939
2.99999999999999
4.59807621135323
4.96410161513777
4.00000000000019
1.96410161513771
-0.598076211353168
-2.99999999999972
-4.59807621135321
-4.96410161513778
-4.00000000000005
-1.96410161513802
0.598076211353396
2.99999999999991
4.59807621135319
4.96410161513778
4.00000000000009
1.96410161513781
-0.598076211353061
-2.99999999999964
-4.59807621135328
-4.96410161513779
-4.00000000000012
-1.96410161513786
0.598076211353289
2.99999999999982
4.59807621135315
4.96410161513776
4.00000000000015
1.96410161513791
-0.598076211352954
-3
-4.59807621135324
-4.9641016151378
-4.00000000000001
-1.96410161513796
0.598076211353182
2.99999999999973
4.59807621135333
4.96410161513777
4.00000000000022
1.96410161513775
-0.598076211353129
-2.99999999999992
-4.5980762113532
-4.96410161513775
-4.00000000000008
-1.96410161513806
0.598076211353075
2.99999999999987
4.59807621135329
4.96410161513779
3.99999999999994
1.96410161513784
-0.598076211353022
-2.99999999999983
-4.59807621135327
-4.96410161513776
-4.00000000000014
-1.96410161513816
0.59807621135325
2.99999999999979
4.59807621135325
4.96410161513777
4
1.96410161513794
-0.598076211352914
-2.99999999999997
-4.59807621135322
-4.96410161513777
-4.00000000000021
-1.96410161513773
0.598076211353143
2.9999999999997
4.59807621135332
4.96410161513778
4.00000000000007
1.96410161513804
-0.598076211353372
-2.99999999999989
-4.59807621135318
-4.96410161513779
-4.0000000000001
-1.96410161513783
0.598076211353036
3.00000000000007
4.59807621135327
4.96410161513779
4.00000000000013
1.96410161513788
-0.598076211353265
-2.9999999999998
-4.59807621135314
-4.96410161513776
-4.00000000000017
-1.96410161513793
0.598076211353212
2.99999999999998
4.59807621135323
4.9641016151378
4.00000000000003
1.96410161513798
-0.598076211353158
-2.99999999999971
-4.59807621135332
-4.96410161513778
-4.00000000000023
-1.96410161513777
0.598076211353105
2.9999999999999
4.59807621135319
4.96410161513775
4.00000000000009
1.96410161513808
-0.598076211353051
-2.99999999999985
-4.59807621135328
-4.96410161513779
-3.99999999999995
-1.96410161513787
0.598076211352997
2.99999999999981
4.59807621135326
4.96410161513776
4.00000000000016
1.96410161513818
-0.598076211353226
-2.99999999999977
-4.59807621135324
-4.96410161513777
-4.00000000000002
-1.96410161513797
0.59807621135289
2.99999999999995
4.59807621135321
4.96410161513777
4.00000000000022
1.96410161513775
-0.598076211353119
-2.99999999999968
-4.59807621135331
-4.96410161513778
-4.00000000000008
-1.96410161513807
0.598076211353347
2.99999999999987
4.59807621135317
4.96410161513779
4.00000000000012
1.96410161513785
-0.598076211353012
-3.00000000000005
-4.59807621135326
-4.96410161513779
-4.00000000000015
-1.9641016151379
0.598076211353241
2.99999999999978
4.59807621135313
4.96410161513777
4.00000000000018
1.96410161513795
-0.598076211353187
-2.99999999999996
-4.59807621135322
-4.96410161513781
-4.00000000000004
-1.964101615138
0.598076211353133
2.99999999999969
4.59807621135331
4.96410161513778
4.00000000000025
1.96410161513779
-0.59807621135308
-2.99999999999988
-4.59807621135318
-4.96410161513775
-4.00000000000011
-1.9641016151381
0.598076211353309
2.99999999999984
4.59807621135327
4.96410161513779
3.99999999999997
1.96410161513789
-0.598076211352973
-2.99999999999979
-4.59807621135325
-4.96410161513777
-4.00000000000034
-1.96410161513768
0.598076211352919
2.99999999999975
4.59807621135323
4.96410161513777
4.00000000000003
1.96410161513825
-0.598076211352866
-2.99999999999971
-4.5980762113532
-4.96410161513778
-4.00000000000007
-1.96410161513778
0.598076211352813
2.99999999999966
4.59807621135318
4.96410161513778
4.0000000000001
1.96410161513835
-0.598076211353323
-2.99999999999962
-4.59807621135316
-4.96410161513779
-4.00000000000013
-1.96410161513788
0.598076211352706
3.00000000000003
4.59807621135314
4.9641016151378
4.00000000000016
1.96410161513793
-0.598076211353216
-2.99999999999953
-4.59807621135334
-4.9641016151378
-4.0000000000002
-1.96410161513798
0.598076211353162
2.99999999999994
4.5980762113531
4.96410161513781
4.00000000000023
1.96410161513802
-0.598076211353109
-2.9999999999999
-4.5980762113533
-4.96410161513782
-4.00000000000026
-1.96410161513807
0.598076211353055
2.99999999999986
4.59807621135306
4.96410161513776
4.00000000000029
1.96410161513812
-0.598076211353002
-2.99999999999982
-4.59807621135326
-4.96410161513783
-3.99999999999998
-1.96410161513817
0.598076211352949
2.99999999999977
4.59807621135324
4.96410161513777
4.00000000000036
1.9641016151377
-0.598076211352895
-2.99999999999973
-4.59807621135322
-4.96410161513777
-4.00000000000005
-1.96410161513827
0.598076211352842
2.99999999999969
4.5980762113532
4.96410161513778
4.00000000000008
1.9641016151378
-0.598076211352788
-2.99999999999964
-4.59807621135317
-4.96410161513779
-4.00000000000011
-1.96410161513837
0.598076211353299
2.9999999999996
4.59807621135315
4.96410161513779
4.00000000000015
1.9641016151379
-0.598076211352681
-3.00000000000001
-4.59807621135313
-4.9641016151378
-4.00000000000018
-1.96410161513795
0.598076211353192
2.99999999999951
4.59807621135333
4.96410161513781
4.00000000000021
1.964101615138
-0.598076211353138
-2.99999999999993
-4.59807621135309
-4.96410161513774
-4.00000000000024
-1.96410161513805
0.598076211353085
2.99999999999988
4.59807621135329
4.96410161513782
4.00000000000027
1.9641016151381
-0.598076211353031
-2.99999999999984
-4.59807621135327
-4.96410161513776
-4.00000000000031
-1.96410161513815
0.598076211352978
2.9999999999998
4.59807621135325
4.96410161513783
4
1.9641016151382
-0.598076211352924
-2.99999999999975
-4.59807621135323
-4.96410161513777
-4.00000000000037
-1.96410161513772
0.598076211352871
2.99999999999971
4.59807621135321
4.96410161513778
4.00000000000006
1.9641016151383
-0.598076211353382
-2.99999999999967
-4.59807621135319
-4.96410161513778
-4.0000000000001
-1.96410161513782
0.598076211352764
2.99999999999962
4.59807621135317
4.96410161513779
4.00000000000013
1.96410161513787
-0.598076211353275
-2.99999999999958
-4.59807621135314
-4.9641016151378
-4.00000000000016
-1.96410161513792
0.598076211352657
2.99999999999999
4.59807621135312
4.9641016151378
4.00000000000019
1.96410161513797
-0.598076211353168
-2.99999999999949
-4.59807621135332
-4.96410161513781
-4.00000000000022
-1.96410161513802
0.598076211353114
2.99999999999991
4.59807621135308
4.96410161513775
4.00000000000026
1.96410161513807
-0.598076211353061
-2.99999999999986
-4.59807621135328
-4.96410161513782
-4.00000000000029
-1.96410161513812
0.598076211353007
2.99999999999982
4.59807621135326
4.96410161513776
4.00000000000032
1.96410161513817
-0.598076211352954
-2.99999999999978
-4.59807621135324
-4.96410161513784
-4.00000000000001
-1.96410161513822
0.5980762113529
2.99999999999973
4.59807621135322
4.96410161513777
4.00000000000039
1.96410161513775
-0.598076211352847
-2.99999999999969
-4.5980762113532
-4.96410161513778
-4.00000000000008
-1.96410161513832
0.598076211353357
2.99999999999965
4.59807621135318
4.96410161513779
4.00000000000011
1.96410161513784
-0.598076211352739
-2.9999999999996
-4.59807621135316
-4.96410161513779
-4.00000000000014
-1.96410161513789
0.59807621135325
2.99999999999956
4.59807621135313
4.9641016151378
4.00000000000017
1.96410161513794
-0.598076211352632
-2.99999999999997
-4.59807621135311
-4.96410161513781
-4.00000000000021
-1.96410161513799
0.598076211353143
2.99999999999947
4.59807621135332
4.96410161513781
4.00000000000024
1.96410161513804
-0.59807621135309
-2.99999999999989
-4.59807621135307
-4.96410161513775
-4.00000000000027
-1.96410161513809
0.598076211353036
2.99999999999984
4.59807621135327
4.96410161513783
3.99999999999996
1.96410161513814
-0.598076211352983
-2.9999999999998
-4.59807621135325
-4.96410161513776
-4.00000000000034
-1.96410161513819
0.598076211352929
2.99999999999976
4.59807621135323
4.96410161513777
4.00000000000003
1.96410161513824
-0.598076211352875
-2.99999999999971
-4.59807621135321
-4.96410161513778
-4.0000000000004
-1.96410161513777
0.598076211352822
2.99999999999967
4.59807621135319
4.96410161513778
4.00000000000009
1.96410161513834
-0.598076211353333
-2.99999999999963
-4.59807621135317
-4.96410161513779
-4.00000000000013
-1.96410161513787
0.598076211352715
3.00000000000004
4.59807621135315
4.9641016151378
4.00000000000016
1.96410161513792
-0.598076211353226
-2.99999999999954
-4.59807621135313
-4.9641016151378
-4.00000000000019
-1.96410161513797
0.598076211353173
2.99999999999995
4.5980762113531
4.96410161513781
4.00000000000022
1.96410161513802
-0.598076211353119
-2.99999999999946
-4.59807621135331
-4.96410161513782
-4.00000000000025
-1.96410161513807
0.598076211353065
2.99999999999987
4.59807621135306
4.96410161513775
4.00000000000029
1.96410161513812
-0.598076211353012
-2.99999999999982
-4.59807621135326
-4.96410161513783
-3.99999999999998
-1.96410161513816
0.598076211352958
2.99999999999978
4.59807621135324
4.96410161513777
4.00000000000035
1.96410161513821
-0.598076211352905
-2.99999999999974
-4.59807621135322
-4.96410161513784
-4.00000000000004
-1.96410161513774
0.598076211352851
2.99999999999969
4.59807621135298
4.96410161513778
4.00000000000007
1.96410161513831
-0.598076211352798
-3.00000000000011
-4.59807621135318
-4.96410161513779
-4.00000000000011
-1.96410161513836
0.598076211353309
2.99999999999961
4.59807621135316
4.96410161513779
4.00000000000048
1.96410161513789
-0.598076211353255
-2.99999999999956
-4.59807621135314
-4.96410161513773
-4.00000000000017
-1.96410161513794
0.598076211352637
2.99999999999952
4.59807621135334
4.96410161513781
4.0000000000002
1.96410161513799
-0.598076211352584
-2.99999999999993
-4.59807621135332
-4.96410161513781
-4.00000000000024
-1.96410161513856
0.598076211353095
2.99999999999989
4.59807621135307
4.96410161513782
3.99999999999993
1.96410161513809
-0.598076211353041
-2.99999999999985
-4.59807621135305
-4.96410161513776
-4.0000000000003
-1.96410161513814
0.598076211352988
2.99999999999935
4.59807621135325
4.96410161513776
4.00000000000033
1.96410161513819
-0.598076211353499
-2.99999999999976
-4.59807621135323
-4.96410161513784
-4.00000000000037
-1.96410161513771
0.59807621135288
2.99999999999972
4.59807621135321
4.96410161513784
4.00000000000006
1.96410161513776
-0.598076211352827
-2.99999999999967
-4.59807621135297
-4.96410161513778
-4.00000000000009
-1.96410161513834
0.598076211352773
3.00000000000009
4.59807621135317
4.96410161513779
4.00000000000012
1.96410161513839
-0.598076211353284
-2.99999999999959
-4.59807621135315
-4.9641016151378
-4.0000000000005
-1.96410161513791
0.598076211353231
2.99999999999955
4.59807621135313
4.96410161513773
4.00000000000019
1.96410161513796
-0.598076211352613
-2.9999999999995
-4.59807621135333
-4.96410161513781
-4.00000000000022
-1.96410161513801
0.598076211352559
2.99999999999991
4.59807621135331
4.96410161513781
4.00000000000025
1.96410161513858
-0.59807621135307
-2.99999999999987
-4.59807621135306
-4.96410161513782
-3.99999999999994
-1.96410161513811
0.598076211353017
2.99999999999983
4.59807621135304
4.96410161513776
3.99999999999998
1.96410161513816
-0.598076211352963
-2.99999999999933
-4.59807621135324
-4.96410161513777
-4.00000000000035
-1.96410161513821
0.598076211353474
2.99999999999974
4.59807621135322
4.96410161513777
4.00000000000038
1.96410161513774
-0.598076211352856
-2.9999999999997
-4.5980762113532
-4.96410161513785
-4.00000000000007
-1.96410161513779
0.598076211352803
2.99999999999965
4.5980762113534
4.96410161513779
4.0000000000001
1.96410161513836
-0.598076211352749
-3.00000000000007
-4.59807621135316
-4.96410161513779
-4.00000000000014
-1.96410161513841
0.59807621135326
3.00000000000002
4.59807621135314
4.9641016151378
4.00000000000051
1.96410161513793
-0.598076211353206
-2.99999999999953
-4.59807621135312
-4.96410161513774
-4.0000000000002
-1.96410161513798
0.598076211353153
2.99999999999948
4.59807621135332
4.96410161513781
4.00000000000023
1.96410161513803
-0.598076211352535
-2.99999999999989
-4.5980762113533
-4.96410161513782
-4.00000000000027
-1.96410161513756
0.598076211353046
2.99999999999985
4.59807621135305
4.96410161513782
3.99999999999996
1.96410161513813
-0.598076211352993
-2.99999999999981
-4.59807621135303
-4.96410161513776
-3.99999999999999
-1.96410161513818
0.598076211352939
2.99999999999931
4.59807621135323
4.96410161513777
4.00000000000036
1.96410161513823
-0.59807621135345
-2.99999999999972
-4.59807621135321
-4.96410161513778
-4.0000000000004
-1.96410161513776
0.598076211352832
2.99999999999968
4.59807621135319
4.96410161513785
4.00000000000009
1.96410161513781
-0.598076211352778
-2.99999999999964
-4.59807621135339
-4.96410161513779
-4.00000000000012
-1.96410161513838
0.598076211352725
3.00000000000005
4.59807621135315
4.96410161513779
4.00000000000015
1.96410161513843
-0.598076211353236
-3
-4.59807621135313
-4.9641016151378
-4.00000000000052
-1.96410161513796
0.598076211353182
2.99999999999951
4.59807621135311
4.96410161513774
4.00000000000022
1.96410161513801
-0.598076211353129
-2.99999999999946
-4.59807621135331
-4.96410161513781
-4.00000000000025
-1.96410161513806
0.598076211352511
2.99999999999987
4.59807621135329
4.96410161513782
4.00000000000028
1.96410161513758
-0.598076211353022
-2.99999999999983
-4.59807621135304
-4.96410161513783
-3.99999999999997
-1.96410161513816
0.598076211352968
2.99999999999979
4.59807621135302
4.96410161513777
4
1.96410161513821
-0.598076211352914
-2.99999999999929
-4.59807621135322
-4.96410161513777
-4.00000000000038
-1.96410161513825
0.598076211353425
2.9999999999997
4.5980762113532
4.96410161513778
4.00000000000041
1.96410161513778
-0.598076211352808
-2.99999999999966
-4.59807621135318
-4.96410161513785
-4.0000000000001
-1.96410161513783
0.598076211352754
2.99999999999962
4.59807621135338
4.96410161513779
4.00000000000013
1.9641016151384
-0.598076211352701
-3.00000000000003
-4.59807621135314
-4.9641016151378
-4.00000000000017
-1.96410161513845
0.598076211353212
2.99999999999998
4.59807621135312
4.9641016151378
4.00000000000054
1.96410161513798
-0.598076211353158
-2.99999999999949
-4.5980762113531
-4.96410161513774
-4.00000000000023
-1.96410161513803
0.598076211353105
2.99999999999944
4.5980762113533
4.96410161513782
4.00000000000026
1.96410161513808
-0.598076211352487
-2.99999999999985
-4.59807621135328
-4.96410161513782
-4.0000000000003
-1.96410161513761
0.598076211352997
2.99999999999981
4.59807621135303
4.96410161513783
3.99999999999999
1.96410161513818
-0.598076211352944
-2.99999999999977
-4.59807621135301
-4.96410161513777
-4.00000000000002
-1.96410161513823
0.59807621135289
2.99999999999927
4.59807621135321
4.96410161513777
4.00000000000039
1.96410161513828
-0.598076211353401
-2.99999999999968
-4.59807621135319
-4.96410161513778
-4.00000000000042
-1.9641016151378
0.598076211352783
2.99999999999964
4.59807621135317
4.96410161513786
4.00000000000012
1.96410161513785
-0.59807621135273
-2.9999999999996
-4.59807621135337
-4.96410161513779
-4.00000000000015
-1.96410161513843
0.598076211352676
3.00000000000001
4.59807621135313
4.9641016151378
4.00000000000018
1.96410161513848
-0.598076211353187
-2.99999999999996
-4.59807621135311
-4.96410161513781
-4.00000000000055
-1.964101615138
0.598076211353133
2.99999999999947
4.59807621135309
4.96410161513775
4.00000000000025
1.96410161513805
-0.59807621135308
-2.99999999999942
-4.59807621135329
-4.96410161513775
-4.00000000000028
-1.9641016151381
0.598076211352462
2.99999999999984
4.59807621135327
4.96410161513783
4.00000000000031
1.96410161513763
-0.598076211352973
-2.99999999999979
-4.59807621135325
-4.96410161513783
-4
-1.9641016151382
0.598076211352919
2.99999999999975
4.598076211353
4.96410161513777
4.00000000000003
1.96410161513825
-0.598076211352866
-3.00000000000016
-4.5980762113532
-4.96410161513778
-4.00000000000041
-1.9641016151383
0.598076211353377
2.99999999999966
4.59807621135318
4.96410161513778
4.00000000000044
1.96410161513783
-0.598076211353323
-2.99999999999962
-4.59807621135316
-4.96410161513786
-4.00000000000013
-1.96410161513788
0.598076211352706
2.99999999999958
4.59807621135337
4.9641016151378
4.00000000000016
1.96410161513793
-0.598076211352652
-2.99999999999999
-4.59807621135312
-4.9641016151378
-4.0000000000002
-1.9641016151385
0.598076211353162
2.99999999999995
4.5980762113531
4.96410161513781
0.539641873746905
-0.528361574743831
-1.14333155021292
-1.28089782482156
-1.02189815281354
-0.529924656913831
-0.0134120876858972
0.320396985233955
0.310840514627293
-0.120043232631017
-0.947585520026005
-2.04471525652888
-3.2026330199736
-4.16846139599199
-4.69323621634773
-4.58159493429853
-3.73403261524215
-2.17373242032311
-0.0525515740766034
2.36568191080813
4.74244762954327
6.71661617496372
7.96285435925531
8.24658055502098
7.46607301172588
5.67432490654742
3.07652155151674
0.00303802052437185
-3.13806052588208
-5.92158246709319
-7.96917499791983
-9.00640490169925
-8.90376068297217
-7.69500894809738
-5.57005812958582
-2.84366861481322
0.0947057483900262
2.84161755120931
5.04090951452279
6.43567214161619
6.90267115729226
6.46410161513767
5.27541030698204
3.59196773676741
1.72087490692813
-0.0334349575257935
-1.42028865734234
-2.281850256399
-2.57377214005178
-2.36438708908752
-1.81326774470404
-1.13364050235458
-0.545962512411618
-0.231462771934316
-0.294356121033221
-0.739786216728835
-1.47163842525582
-2.31070593737532
-3.02994268980549
-3.40036190111727
-3.23910599802418
-2.45068952745218
-1.05350400565415
0.813807923569273
2.9079851973694
4.91676051794567
6.50881687166691
7.38977752798232
7.35465347242271
6.32755430553991
4.38145059131668
1.73403261524211
-1.28030506726527
-4.25828894055094
-6.78794196473864
-8.51147828448112
-9.18071779010146
-8.6959613796751
-7.12193211682479
-4.67813104698729
-1.70514990862827
1.38758006362058
4.18410648748364
6.32425260231289
7.55590055628501
7.76903065493782
7.00640490169934
5.44972319538403
3.38416843347023
1.14779807565558
-0.925362040124203
-2.55880736352856
-3.57472457162981
-3.91626107632669
-3.64773017687797
-2.93349615937269
-2.00000000000008
-1.08826579897324
-0.405775660336413
-0.0865568177362999
-0.166709385455993
-0.579711342657705
-1.17218723118881
-1.73706837457507
-2.05787296484299
-1.95576291023413
-1.33046111278332
-0.187144508008366
1.35611121013053
3.08229808577177
4.70896121464895
5.93574004039398
6.49785044538385
6.21613476623641
5.03467999030925
3.03896165504211
0.450689527452427
-2.40053348193437
-5.12464843819687
-7.33024525129974
-8.6857911728834
-8.97291848680455
-8.12288454840225
-6.23000503422595
-3.53961234080135
-0.412275593397174
2.73006899989549
5.46744957527365
7.44448101698159
8.42226005393051
8.31133394149932
7.18071779010178
5.24192389208691
2.81109160219757
0.255870993056729
-2.06388074631028
-3.85168167875896
-4.91721350790392
-5.19960416411657
-4.76795859154642
-3.79985565701801
-2.54230328656169
-1.26257868737532
-0.197976357039458
0.486520013536749
0.725217697142554
0.558807363528734
0.120687084041351
-0.394579438301096
-0.774529877053093
-0.835534495565332
-0.46410161513778
0.355158778553044
1.5304240985329
2.87449878247494
4.13588438337575
5.04381295779552
5.35933173919747
4.9232604510061
3.69219105403503
1.75561856725259
-0.669538887216425
-3.26689297958015
-5.66695172475762
-7.50455813970215
-8.47799186958648
-8.39984165553163
-7.23095746580383
-5.09148632804038
-2.24673802557125
0.930213342877229
4.01341208768492
6.58767798994247
8.31084051462723
8.96456334049209
8.48564682990145
6.97291848680459
4.6688470608143
1.91916451959902
-0.882647713128811
-3.35675506154074
-5.19417061503315
-6.20055659569437
-6.3198325787855
-5.63431808919209
-4.34215894357985
-2.71661617496376
-1.05477938407818
0.375100474233208
1.37844709613504
1.86373640332847
1.85168167875891
1.46317602031532
0.88876364948936
0.34569853761583
0.0308250020804484
0.0782016714238019
0.529471666955254
1.32262479523608
2.30142195120196
3.24395730077765
3.90529425160906
4.06645742396725
3.58077151473197
2.40884796624489
0.635390152583367
-1.5358983848625
-3.80919626614094
-5.84126461315998
-7.29675883640536
-7.90491503831365
-7.50791457293334
-6.09243875961752
-3.79861201280934
-0.904249089296331
2.21355643066712
5.13364050235422
7.45403748758851
8.85314380118874
9.13887622889422
8.27784752660466
6.39984165553215
3.77691997821579
0.780645813412581
-2.17552202835986
-4.69924399781556
-6.4775137028233
-7.32078501036293
-7.18619207643086
-6.17662137575368
-4.51647183198181
-2.50881687166663
-0.481702552805698
1.26702755683155
2.51696580232123
3.15661071855923
3.19417061503345
2.7465191081058
2.00899206415779
1.21205803526158
0.573128288641915
0.25251455982598
0.321672363658412
0.749547963962925
1.40949486860349
2.10543859459066
2.61241993637838
2.72396848769268
2.2974284269417
1.28861955157621
-0.230969345062286
-2.07820167142318
-3.98350915454336
-5.63346530986329
-6.7236820051322
-7.01298795571508
-6.36939586674666
-4.79956444438724
-2.45612307653536
0.379093998493071
3.333784845336
5.99999999999996
7.99634077414983
9.02745668959101
8.93107692559722
7.70477069533189
5.50791457293331
2.63840127202889
-0.512228501817515
-3.51801096463422
-5.98258708560487
-7.59774211749197
-8.18714450800841
-7.72849536299258
-6.3509342641557
-4.30867252868456
-1.93574004039398
0.410224529792767
2.40554626301828
3.80984011755164
4.49909965483329
4.47751370282337
3.86674752277425
2.87535156180364
1.75436132182334
0.747441177044055
0.0447152565289475
-0.251404467614587
-0.142379118635264
0.270976162417429
0.812564279360495
1.26993100010439
1.44062539990233
1.17720001227267
0.422260053930314
-0.773272631623674
-2.25251455982562
-3.77570985124657
-5.06038847859012
-5.83175492253404
-5.87446924952893
-5.07652155151677
-3.45707550811316
-1.17277998874539
1.49932241316236
4.2001443429821
6.54230328656126
8.17065366255209
8.81965738629408
8.35800009432455
6.81284361273345
4.36939586674688
1.34552695679931
-1.85471743809191
-4.80135405242417
-7.10281550027407
-8.46410161513787
-8.72944779457008
-7.90280825139456
-6.14313496085853
-3.73559569741214
-1.04381295779592
1.54874323597914
3.6984205782486
5.15232905382632
5.78244274262363
5.59774211749229
4.73310702041993
3.4176548483655
1.92867421022532
0.539641873746999
-0.528361574743723
-1.14333155021281
-1.28089782482134
-1.02189815281371
-0.529924656914001
-0.0134120876860511
0.320396985233837
0.310840514627225
-0.120043232630955
-0.947585520025688
-2.04471525652886
-3.20263301997361
-4.16846139599205
-4.69323621634799
-4.58159493429841
-3.73403261524207
-2.17373242032307
-0.0525515740766029
2.36568191080809
4.74244762954313
6.71661617496364
7.96285435925531
8.24658055502091
7.46607301172583
5.67432490654663
3.07652155151674
0.00303802052437629
-3.13806052588183
-8.54356795611483
-7.43175988697744
-6.85559643559182
-6.79041310840611
-6.07767952394401
-3.46862669625994
1.17749966126759
6.48399980336504
10.2927500718688
11.038927709481
8.76793661434754
5.05232240356896
1.87587191761724
0.31035969615569
-0.0501474106505712
-0.514075979054214
-2.05566999392893
-4.3900815205756
-6.08721752088091
-5.6525537833667
-2.75623272854144
1.33753434942535
4.49999999999978
5.119814278559
3.13878169964212
-0.00476129951553572
-2.46291145130743
-3.27543741982069
-2.91705094052602
-2.71448575766896
-3.61387958739415
-5.2704936225667
-6.18456383442314
-4.80689641802336
-0.790371340379013
4.56538232113418
9.03885692726279
10.876089893048
9.84535024537654
7.20800269095188
4.66300512818189
3.07960953533274
1.97304544488523
0.098949256108853
-3.31661146463578
-7.68389857831086
-11.2147644116824
-12.0658230930837
-9.63003635623754
-5.01778197706062
-0.358977077684419
2.5730279151387
3.41862557729119
3.22074091260691
3.39987561726095
4.52518757116889
5.83041449866639
5.84424100380052
3.64661202441071
-0.225050094034444
-3.94284698622438
-5.5469979839855
-4.26328105464166
-1.0155280877472
2.24085890669357
3.86902423426999
3.59145710077022
2.47435478817541
1.91029174028952
2.40686269796887
3.1262040592344
2.54002969606302
-0.293418609100223
-4.81085229134631
-9.10968047860495
-11.1169994636994
-9.92745622811782
-6.34260311023075
-2.23278070538064
0.788521674995033
2.38977551852905
3.50238167393369
5.31369409112598
8.07885918251514
10.6932015672359
11.3848449429881
9.02805205981898
4.0910359803163
-1.51248239334265
-5.59000263200067
-7.02156420644378
-6.32643974005272
-5.06217782649107
-4.54031329935826
-4.84051551601442
-4.86088026982567
-3.34360140431779
-0.0667641530056997
3.73951607512597
6.10992354581803
5.68986702417014
2.71867632515559
-1.08648762306876
-3.67314309039164
-3.9922452761176
-2.5653523560995
-0.896225981044828
-0.208130058950586
-0.484028109166866
-0.542145618011733
0.918818628579578
4.11785925672268
7.77689302217787
9.85006837778668
8.89083912838809
5.06082983316133
0.0388306231440962
-4.10234368239799
-6.22517420977771
-6.69761378729167
-6.82046097829348
-7.59120389986224
-8.77752684541568
-9.02757711633561
-6.94544700218011
-2.31355103445882
3.48562293051875
8.20710678118588
10.1333060589841
9.11699729965757
6.53077260641704
4.18455492533334
3.03094757941832
2.61848296540611
1.67295956717157
-0.673519991938775
-3.97760040375342
-6.62724552850504
-6.95498499911585
-4.49747812156505
-0.44810945929088
3.06064132724705
4.34055598711502
3.19788386873585
0.901617691712316
-0.872528777750926
-1.30783578950652
-0.967314150568984
-1.19394396270481
-2.87392977055357
-5.53580999721763
-7.50765763049642
-7.05233131265833
-3.65182075622202
1.51775192887158
6.28848929895668
8.87941291437789
8.95415948322407
7.60818623744703
6.34023521271627
5.81808078998256
5.38773280458444
3.69615242270722
-0.0604947567760978
-5.23854187446013
-9.9210625862399
-12.0825318899181
-10.9107474312833
-7.32191308698688
-3.29467499923872
-0.518421090569251
0.651097505315385
1.18146156936117
2.35297343437154
4.55495127906226
6.83331084042021
7.55352147648788
5.68479699091476
1.72468161458745
-2.46221410196336
-4.81061446446029
-4.39192232218505
-1.95515778539032
0.707578890074327
2.08141489380853
1.94709382444671
1.35429309284022
1.60658730993976
3.06536740209008
4.71498596721981
4.84931103705543
2.3805856831781
-2.21534901892313
-7.04801629927519
-9.97744795684061
-9.96192380189926
-7.61933295886638
-4.61949613240836
-2.39222471826568
-1.13340873482878
0.152611510599062
2.63461419569793
6.46876975292716
10.3869824517665
12.416308545057
11.2254009301034
7.10612164999607
1.85387197238579
-2.38024987157845
-4.43492697020039
-4.71344093719191
-4.60333276223126
-5.22162183937622
-6.46224370918213
-7.07767952394429
-5.72864774806114
-2.18852574251687
2.24135911624502
5.46262305294684
5.95047953293335
3.7679366143472
0.481512317226399
-1.95425510130399
-2.5180674285916
-1.68412200686582
-0.842245378278364
-1.05566999392969
-2.13006046877419
-2.72119211709641
-1.40991309624726
2.07389429038029
6.42598252597326
9.49999999999987
9.69062436490241
6.96890871856502
2.82366582523048
-0.828936855091321
-2.94726802059635
-3.91705094052605
-4.97450680946991
-6.97990499117834
-9.51313430968597
-11.0146908533452
-9.89534459457107
-5.79037134038002
-0.00542776520825761
5.20872990834036
8.04766276830128
8.21137564916128
6.87983329172757
5.6630051281819
5.33963058713441
5.33907084866947
4.34158994322801
1.51351555428641
-2.59545040176225
-6.2147644116823
-7.49501300674074
-5.7999093373158
-2.18935485231452
1.27499751853198
2.90119731436267
2.41862557729087
0.96071986080551
0.0338502134770065
0.282546884049724
1.00028747974449
0.755792827252423
-1.35338797558939
-4.79586018037652
-7.7729740051471
-8.37542510873187
-5.8972556508582
-1.34369748697189
3.24085890669379
6.12904528607171
6.95748250455406
6.71699547529502
6.74041875921146
7.49531087451679
8.12620405923456
7.11083978240582
3.53670840982195
-1.98242516659897
-7.47570588238877
-10.7888300644759
-10.9274562281179
-8.60262416203127
-5.59880610916567
-3.45411901212412
-2.44035150039298
-1.58606650261468
0.313694091125849
3.50804909617227
6.86307454831288
8.5564178182416
7.39407746360336
3.76286658109199
-0.512482393342892
-3.32998158019884
-3.65553880266009
-2.08379905293313
-0.232050807569502
0.548134877189443
0.159484483985798
-0.29007018348346
0.486525614604673
2.7616629717405
5.37349067134126
6.43809294504155
4.6898670241711
0.45865527335531
-4.45251302685372
-7.91578377751064
-8.82237229503935
-7.65380053264712
-5.89622598104485
-4.7789401452936
-4.31415512808908
-3.37057274275831
-0.715155967635944
3.78968985749802
8.77689302217763
12.1100894295881
12.2568645321727
9.30347052028057
4.86895764206549
0.986104494150586
-1.22517420977728
-2.12680370094908
-2.9903339593708
-4.76277677511574
-7.14355224919932
-8.69940771711164
-7.94544700217959
-4.5735720862612
0.119597526734366
3.96446609406706
5.30317904006243
4.02854912310923
1.53077260641673
-0.386255161009493
-0.799179439504219
-0.209944159339241
0.0389849709555292
-1.00168939116285
-2.97760040375315
-4.36722447670358
-3.58895959533161
-0.254837434447392
4.38201755963097
8.14908950379544
9.3405559871154
7.76869395507796
4.73174471063563
1.95589834699563
0.326138806709094
-0.639144751345039
-2.19394396270459
-5.13395082235489
-8.90183540100134
-11.7502983176152
-11.8824583315804
-8.74026893277118
-3.48224807112763
1.71767921261406
5.04928589545532
6.12573235847739
5.97421164123103
6.0120658134921
6.81808078998196
7.64775385638568
7.06217782649102
4.18214593034307
-0.408414855536264
-4.83261440969174
-7.08253188991826
-6.33993734494058
-3.49178606806406
-0.466247874492929
1.11555350564651
0.979266904539286
0.181461569361449
0.0929523825703211
1.18892587527742
2.59067015330126
2.72339445756624
0.596348814366986
-3.27531838541313
-7.03302418830759
-8.64074148338267
-7.22034944693086
-3.58913238160604
0.37940949084964
3.08141489380847
4.20711487624824
4.72031849662517
5.84922799705856
7.89549442101174
9.80343414376775
9.84931103705492
6.95139576952172
1.61477799999968
-4.2195891745296
-8.34347336062379
-9.63375440267458
-8.61933295886596
-6.87951718421004
-5.75825012204933
-5.37604942194633
-4.67751550832258
-2.45383398084976
1.46876975292559
5.81617236542309
8.58618152613509
8.39697380535713
5.47214705377976
1.52570257316207
-1.38024987157838
-2.17490591839874
-1.34741553340859
-0.360692075111979
-0.391494820453705
-1.3737955326346
-2.07767952394452
-1.15783766171863
1.64160127640558
5.06978624099157
7.09659764916305
6.2786489321574
2.76793661434678
-1.77850873457594
-5.3202805050884
-6.76070811571018
-6.51424902578866
-5.93069355482576
-6.05566999392949
-6.7008705551169
-6.5513191360181
-4.23834022099279
0.439919694163454
6.09781312675038
10.5000000000001
11.9506454167031
10.3349341223486
7.06630651235009
4.00119016383004
2.14118015594986
1.082949059474
-0.403696723127231
-3.14977797225588
-6.68470718493887
-9.38071625712891
-9.56717519534701
-6.79037134038037
-2.26544881700957
1.84270450455561
3.80502208118223
3.38124863023871
1.79138511517985
0.663005128181712
0.768820500791072
1.50894382974782
1.5131628184817
-0.120459041929804
-2.92361980098606
-5.21476441168321
-5.23499195493949
-2.43388393353095
2.05328583480562
6.10512453745269
7.98964549091014
7.41862557729165
5.53152994714884
3.86397723239944
3.11097400879578
2.63426207595969
1.0839622264752
-2.35338797558839
-7.05588123217762
-11.1389994089318
-12.6180657958511
-10.7273826697799
-6.43214566351893
-1.75914109330629
1.55823519972958
3.12735548563172
3.88856835054798
5.10644416299571
7.16714147529257
9.12620405923347
9.37086083420724
6.90273381360781
2.26021552051996
-2.64557886346704
-5.70038188792779
-5.92745622811726
-4.0318140756885
-1.76867909024277
-0.625691887377321
-0.806376904177843
-1.25789710339067
-0.686305908873864
1.24802804437059
3.49704914452824
4.31377713112299
2.56395044468159
2.57423238001536
1.96982515071025
1.20673540015483
0.387819652763419
-0.380603227948717
-1.00000000000022
-1.39001751542768
-1.4969821364546
-1.29965173950219
-0.811641252945929
-0.0802731725805006
0.818040315118022
1.78543203413297
2.71247902668079
3.48938700205923
4.01735000036009
4.21895363034226
4.04658003153386
3.48796524058224
2.56833616355167
1.34888787287122
-0.0782801454284034
-1.59830289557562
-3.08399540373896
-4.40760805268992
-5.45276334448123
-6.12542390201146
-6.36283170757087
-6.139552086301
-5.47003399599787
-4.40743373618548
-3.03880956812583
-1.47714484007626
0.149037066700343
1.70747109010861
3.07423238001535
4.1449468779205
4.84406278495092
5.13130574797214
5.00471610886196
4.5000000000001
3.68628482700801
2.65871870646124
1.52865865091881
0.41242395796902
-0.580273172580467
-1.35708141209165
-1.85189535066337
-2.03100706852745
-1.89593233475169
-1.48264999963984
-0.857348712093845
-0.109120811381935
0.659654850161107
1.34427095263734
1.84888787287137
2.09684158178127
2.03902448922074
1.65949069146914
0.977711284120873
0.0472366555186805
-1.04912155957528
-2.20713086465498
-3.31124169587987
-4.24596878508314
-4.90743373618557
-5.21393129533598
-5.11447222487271
-4.5944490285078
-3.67784824670174
-2.4257676199845
-0.931355464514795
0.688361942034336
2.30299535755105
3.78065089794728
5.00000000000024
5.86140655421816
6.29604609125746
6.27214474612742
5.79774329477944
4.91972682741945
3.71922093034413
2.3038054922521
0.79730332189368
-0.67186712383696
-1.98264999963966
-3.03247043930357
-3.74644819617824
-4.0838312450473
-4.04104838417388
-3.65111212712837
-2.97946076065463
-2.11667635369488
-1.16881969895162
-0.246353926793679
0.547236655518744
1.1260001676343
1.43019652014121
1.43224439932861
1.13935055172777
0.592566263814535
-0.137628952900049
-0.958771381956588
-1.76613863808685
-2.45378303578735
-2.92576761998466
-3.10647719172517
-2.94896544276127
-2.4404907376573
-1.60466843886318
-0.500000000000463
0.78510421178202
2.1403452483414
3.44383435570651
4.57367808386507
5.41972682741962
5.89434265755387
5.94113287704874
5.54078941710201
4.71345221297372
3.51735000035988
2.0438319031327
0.409252646737962
-1.25552085462598
-2.8169831732593
-4.15111212712858
-5.1545824878647
-5.7540037384912
-5.91230579416031
-5.63167326360445
-4.9527633444809
-3.95030217480138
-2.72550432277502
-1.3960659910928
-0.0847146591868975
1.09256626381466
2.03749277430979
2.67855600283951
2.97734745712174
2.93153630102355
2.5742323800154
1.96982515071046
1.2067354001546
0.387819652763929
-0.380603227948648
-1.00000000000008
-1.39001751542766
-1.49698213645456
-1.29965173950211
-0.811641252946001
-0.0802731725805934
0.81804031511827
1.78543203413287
2.71247902668093
3.48938700205891
4.01735000036022
4.21895363034228
4.04658003153378
3.4879652405821
2.56833616355131
1.34888787287186
-0.0782801454283226
-1.59830289557542
-3.08399540373936
-4.4076080526902
-5.45276334448084
-6.1254239020114
-6.36283170757084
-6.1395520863009
-5.47003399599768
-4.40743373618521
-3.03880956812655
-1.47714484007659
0.149037066700697
1.70747109010893
3.07423238001561
4.14494687792023
4.84406278495068
5.13130574797222
5.00471610886185
4.49999999999991
3.68628482700777
2.65871870646181
1.52865865091893
0.412423957968763
-0.580273172580676
-1.35708141209184
-1.85189535066323
-2.03100706852754
-1.89593233475159
-1.4826499996398
-0.857348712093634
-0.109120811381848
0.659654850161181
1.34427095263691
1.8488878728715
2.09684158178122
2.03902448922072
1.65949069146933
0.977711284121266
0.0472366555188062
-1.04912155957555
-2.20713086465525
-3.31124169588014
-4.24596878508305
-4.90743373618534
-5.21393129533593
-5.11447222487267
-4.59444902850766
-3.67784824670227
-2.42576761998468
-0.931355464515553
0.688361942034698
2.3029953575514
3.78065089794758
4.99999999999973
5.86140655421784
6.2960460912575
6.27214474612736
5.79774329477928
4.91972682741996
3.7192209303443
2.30380549225282
0.797303321893343
-0.671867123837269
-1.98264999964005
-3.03247043930314
-3.74644819617816
-4.08383124504729
-4.04104838417392
-3.6511121271282
-2.97946076065471
-2.11667635369532
-1.16881969895215
-0.246353926793451
0.547236655518894
1.12600016763441
1.43019652014116
1.43224439932858
1.13935055172772
-0.598076211352856
-3.00000000000015
-4.5980762113532
-4.96410161513785
-4.00000000000075
-1.96410161513831
0.598076211353367
2.99999999999965
4.59807621135296
4.96410161513792
4.00000000000044
1.96410161513784
-0.598076211352749
-3.00000000000007
-4.59807621135271
-4.96410161513786
-4.00000000000014
-1.96410161513841
0.59807621135326
2.99999999999866
4.59807621135291
4.9641016151378
4.00000000000051
1.96410161513793
-0.598076211353771
-2.99999999999907
-4.59807621135312
-4.96410161513787
-4.0000000000002
-1.96410161513746
0.598076211352024
2.99999999999948
4.59807621135287
4.96410161513781
3.99999999999989
1.96410161513803
-0.598076211352535
-2.99999999999898
-4.59807621135307
-4.96410161513775
-4.00000000000027
-1.96410161513861
0.598076211351917
2.9999999999994
4.59807621135328
4.96410161513782
3.99999999999996
1.96410161513918
-0.598076211352428
-2.99999999999981
-4.59807621135303
-4.96410161513776
-4.00000000000101
-1.96410161513871
0.598076211352939
2.99999999999931
4.59807621135323
4.9641016151377
4.0000000000007
1.96410161513823
-0.598076211352321
-2.99999999999972
-4.59807621135344
-4.96410161513791
-4.0000000000004
-1.9641016151388
0.598076211352832
3.00000000000013
4.59807621135319
4.96410161513785
4.00000000000077
1.96410161513833
-0.598076211353343
-2.99999999999964
-4.59807621135295
-4.96410161513792
-4.00000000000046
-1.96410161513786
0.598076211352725
3.00000000000005
4.5980762113527
4.96410161513786
4.00000000000015
1.96410161513843
-0.598076211353236
-2.99999999999864
-4.59807621135291
-4.9641016151378
-4.00000000000052
-1.96410161513796
0.598076211353747
2.99999999999905
4.59807621135311
4.96410161513788
4.00000000000022
1.96410161513748
-0.598076211352
-2.99999999999946
-4.59807621135286
-4.96410161513781
-3.99999999999991
-1.96410161513806
0.598076211352511
2.99999999999897
4.59807621135306
4.96410161513775
4.00000000000028
1.96410161513863
-0.598076211351893
-2.99999999999938
-4.59807621135327
-4.96410161513783
-3.99999999999997
-1.9641016151392
0.598076211352404
2.99999999999979
4.59807621135302
4.96410161513777
4.00000000000103
1.96410161513873
-0.598076211352914
-2.99999999999929
-4.59807621135322
-4.9641016151377
-4.00000000000072
-1.96410161513825
0.598076211352297
2.9999999999997
4.59807621135343
4.96410161513792
4.00000000000041
1.96410161513883
-0.598076211352808
-3.00000000000011
-4.59807621135318
-4.96410161513785
-4.00000000000078
-1.96410161513835
0.598076211353319
2.99999999999962
4.59807621135294
4.96410161513793
4.00000000000048
1.96410161513788
-0.598076211352701
-3.00000000000003
-4.59807621135269
-4.96410161513787
-4.00000000000017
-1.96410161513845
0.598076211353212
2.99999999999862
4.5980762113529
4.9641016151378
4.00000000000054
1.96410161513798
-0.598076211353722
-2.99999999999903
-4.5980762113531
-4.96410161513788
-4.00000000000023
-1.96410161513751
0.598076211351976
2.99999999999944
4.59807621135285
4.96410161513782
3.99999999999992
1.96410161513808
-0.598076211352487
-2.99999999999895
-4.59807621135305
-4.96410161513776
-4.0000000000003
-1.96410161513865
0.598076211351869
2.99999999999936
4.59807621135326
4.96410161513783
3.99999999999999
1.96410161513922
-0.59807621135238
-2.99999999999977
-4.59807621135301
-4.96410161513777
-4.00000000000104
-1.96410161513875
0.59807621135289
2.99999999999927
4.59807621135321
4.96410161513771
4.00000000000073
1.96410161513828
-0.598076211352272
-2.99999999999968
-4.59807621135342
-4.96410161513792
-4.00000000000042
-1.96410161513885
0.598076211352783
3.00000000000009
4.59807621135317
4.96410161513786
4.0000000000008
1.96410161513838
-0.598076211353294
-2.9999999999996
-4.59807621135293
-4.96410161513793
-4.00000000000049
-1.9641016151379
-4.20710678118624
-2.61267756707249
-0.26143343827996
2.54802849764694
5.31800560177051
7.50000000000011
8.66825087409659
8.65538450565768
7.60069057024798
5.89383051644764
4.03553390593234
2.46735579894517
1.43331154376651
0.923175039987859
0.715482114705092
0.499999999999991
0.0292467816293431
-0.76192091409188
-1.71660540010096
-2.51244077082007
-2.79289321881346
-2.32203403081775
-1.1015165365955
0.597904398717426
2.30585902963058
3.49999999999999
3.77889072147445
2.99705647422681
1.31272147505667
-0.868948974806794
-3.03553390593233
-4.73788717647433
-5.72868960032182
-6.01923203528293
-5.83638578902653
-5.50000000000001
-5.27114540178058
-5.23219203436272
-5.24668254627305
-5.01540172789986
-4.20710678118683
-2.61267756707349
-0.261433438279365
2.54802849764759
5.31800560177109
7.5000000000005
8.66825087409631
8.65538450565755
7.60069057024765
5.89383051644722
4.03553390593258
2.46735579894583
1.43331154376662
0.923175039987789
0.715482114705114
0.49999999999992
0.0292467816292004
-0.761920914091422
-1.71660540010083
-2.5124407708202
-2.79289321881345
-2.32203403081756
-1.10151653659626
0.597904398716531
2.30585902963093
3.50000000000017
3.77889072147439
2.99705647422698
1.31272147505767
-0.868948974807301
-3.03553390593278
-4.73788717647414
-5.72868960032196
-6.01923203528293
-5.83638578902669
-5.50000000000006
-5.27114540178055
-5.23219203436273
-5.24668254627304
-5.0154017279001
-4.20710678118656
-2.61267756707304
-0.26143343827877
2.54802849764824
5.31800560176981
7.49999999999963
8.66825087409644
8.65538450565742
7.60069057024785
5.8938305164468
4.03553390593282
2.46735579894553
1.43331154376672
0.923175039987719
0.715482114705078
0.500000000000077
0.0292467816295192
-0.761920914091628
-1.71660540010104
-2.51244077082034
-2.79289321881343
-2.32203403081799
-1.10151653659592
0.597904398716934
2.30585902963127
3.50000000000006
3.77889072147452
2.99705647422716
1.31272147505722
-0.868948974806991
-3.03553390593323
-4.73788717647445
-5.72868960032165
-6.01923203528293
-5.83638578902662
-5.49999999999998
-5.27114540178052
-5.23219203436272
-5.24668254627307
-5.01540172789999
-4.2071067811863
-2.61267756707259
-0.261433438279133
2.5480284976468
5.31800560177038
7.50000000000002
8.66825087409636
8.65538450565729
7.60069057024805
5.89383051644774
4.03553390593307
2.46735579894523
1.43331154376655
0.92317503998765
0.715482114705158
0.500000000000007
0.029246781629376
-0.761920914091835
-1.71660540010125
-2.51244077082004
-2.79289321881347
-2.3220340308178
-1.10151653659558
0.597904398716688
2.30585902963161
3.49999999999996
3.77889072147446
2.99705647422733
1.31272147505677
-0.868948974807498
-3.03553390593223
-4.73788717647376
-5.72868960032179
-6.01923203528293
-5.83638578902655
-5.49999999999991
-5.27114540178058
-5.23219203436272
-5.24668254627306
-5.01540172789989
-4.20710678118646
-2.61267756707359
-0.261433438279498
2.54802849764744
5.31800560177003
7.50000000000041
8.66825087409649
8.65538450565758
7.60069057024825
5.89383051644732
4.03553390593267
2.46735579894493
1.43331154376693
0.923175039987804
0.715482114705123
0.499999999999937
0.0292467816292321
-0.761920914091708
-1.71660540010078
-2.51244077082018
-2.79289321881345
-2.32203403081792
-1.10151653659523
0.597904398716442
2.30585902963085
3.49999999999985
3.7788907214744
2.99705647422705
1.31272147505631
-0.86894897480637
-3.03553390593268
-4.73788717647407
-5.72868960032193
-6.01923203528293
-5.83638578902671
-5.50000000000007
-5.27114540178055
-5.23219203436273
-5.24668254627306
-5.01540172789978
-4.20710678118662
-2.61267756707314
-0.261433438279861
2.54802849764809
5.31800560177061
7.49999999999955
8.66825087409619
8.65538450565745
7.60069057024792
5.8938305164469
4.03553390593227
2.46735579894559
1.43331154376676
0.923175039987735
0.715482114705086
0.49999999999998
0.0292467816295514
-0.761920914091583
-1.716605400101
-2.51244077082009
-2.79289321881344
-2.32203403081772
-1.101516536596
0.597904398716196
2.30585902963119
3.50000000000031
3.77889072147435
2.99705647422769
1.31272147505805
-0.868948974807695
-3.03553390593313
-4.73788717647438
-5.72868960032184
-6.01923203528293
-5.83638578902664
-5.5
-5.27114540178057
-5.23219203436273
-5.24668254627307
-5.01540172790002
-4.20710678118679
-2.61267756707342
-0.261433438278307
2.54802849764874
5.31800560176933
7.49999999999931
8.66825087409654
8.65538450565732
7.6006905702476
5.8938305164485
4.03553390593251
2.4673557989453
1.43331154376659
0.923175039987778
0.715482114705109
0.500000000000022
0.0292467816294071
-0.761920914091457
-1.71660540010087
-2.51244077082044
-2.79289321881347
-2.32203403081816
-1.1015165365962
0.597904398717247
2.30585902963154
3.5000000000002
3.77889072147456
2.99705647422693
1.31272147505687
-0.868948974807386
-3.03553390593285
-4.73788717647419
-5.72868960032176
-6.01923203528293
-5.83638578902668
-5.50000000000004
-5.2711454017805
-5.23219203436272
-5.24668254627308
-5.01540172790008
-4.20710678118609
-2.61267756707224
-0.261433438280589
2.54802849764626
5.31800560177083
7.50000000000032
8.66825087409646
8.6553845056574
7.6006905702478
5.89383051644741
4.03553390593276
2.46735579894548
1.43331154376669
0.923175039987595
0.715482114705131
0.500000000000066
0.0292467816294955
-0.761920914091994
-1.71660540010142
-2.51244077081993
-2.79289321881348
-2.32203403081765
-1.10151653659531
0.597904398717001
2.30585902963133
3.50000000000009
3.77889072147441
2.99705647422711
1.31272147505714
-0.868948974807075
-3.03553390593258
-4.737887176474
-5.72868960032167
-6.01923203528293
-5.83638578902649
-5.49999999999986
-5.27114540178061
-5.23219203436272
-5.24668254627305
-5.01540172789981
-4.20710678118625
-2.61267756707397
-0.261433438279034
2.54802849764795
5.31800560177048
7.50000000000009
8.66825087409638
8.65538450565748
7.600690570248
5.89383051644767
4.035533905933
2.4673557989447
1.4333115437668
0.923175039987862
0.715482114705153
0.499999999999881
0.0292467816291211
-0.761920914091868
-1.71660540010061
-2.51244077082028
-2.79289321881344
-2.32203403081777
-1.10151653659552
0.597904398716754
2.30585902963112
3.49999999999999
3.77889072147445
2.99705647422729
1.31272147505596
-0.868948974806765
-3.03553390593231
-4.73788717647382
-5.72868960032203
-6.01923203528293
-5.83638578902676
-5.50000000000013
-5.27114540178053
-5.23219203436273
-5.24668254627306
-5.01540172789987
-4.20710678118642
-2.61267756707279
-0.261433438279398
2.54802849764755
5.31800560177013
7.49999999999985
8.6682508740963
8.65538450565756
7.6006905702482
5.89383051644657
4.03553390593196
2.46735579894584
1.4333115437669
0.923175039987681
0.715482114705059
0.499999999999925
0.0292467816296709
-0.761920914091743
-1.71660540010116
-2.5124407708202
-2.79289321881345
-2.32203403081789
-1.10151653659573
0.597904398716509
2.30585902963091
3.49999999999988
3.7788907214743
2.99705647422746
1.3127214750577
-0.868948974806455
-3.03553390593348
-4.73788717647462
-5.72868960032195
-6.01923203528293
-5.83638578902658
-5.49999999999995
-5.27114540178055
-5.23219203436273
-5.24668254627306
-5.01540172789993
-4.20710678118658
-2.61267756707307
-0.261433438279762
2.54802849764924
5.31800560176978
7.49999999999961
8.66825087409622
8.65538450565722
7.60069057024734
5.89383051644818
4.03553390593349
2.46735579894507
1.43331154376646
0.923175039987723
0.715482114705081
0.499999999999967
0.0292467816292956
-0.761920914091617
-1.71660540010103
-2.51244077082012
-2.79289321881346
-2.322034030818
-1.10151653659594
0.597904398716262
2.30585902963181
3.50000000000034
3.77889072147452
2.99705647422764
1.31272147505652
-0.86894897480778
-3.0355339059332
-4.73788717647344
-5.72868960032186
-6.01923203528293
-5.83638578902662
-5.49999999999999
-5.27114540178057
-5.23219203436273
-5.24668254627307
-5.0154017279
-4.20710678118674
-2.61267756707189
-0.261433438280126
2.54802849764676
5.31800560176942
7.50000000000063
8.66825087409656
8.6553845056573
7.6006905702486
5.89383051644708
4.03553390593245
2.46735579894525
1.43331154376656
0.923175039987765
0.715482114705103
0.50000000000001
0.029246781629384
-0.761920914091491
-1.71660540010158
-2.51244077082003
-2.79289321881347
-2.32203403081812
-1.10151653659504
0.597904398717314
2.30585902963049
3.49999999999966
3.77889072147437
2.99705647422689
1.31272147505679
-0.86894897480747
-3.03553390593293
-4.73788717647424
-5.72868960032178
-6.01923203528293
-5.83638578902667
-5.50000000000003
-5.27114540178058
-5.23219203436272
-5.24668254627308
-5.01540172789972
-4.20710678118605
-2.61267756707362
-0.26143343828049
2.54802849764845
5.31800560177093
7.50000000000039
8.66825087409606
8.65538450565738
7.60069057024774
5.89383051644734
4.03553390593269
2.46735579894543
1.43331154376666
0.923175039987808
0.715482114705124
0.500000000000054
0.0292467816290096
-0.761920914091365
-1.71660540010077
-2.51244077081995
-2.79289321881343
-2.32203403081761
-1.10151653659525
0.597904398715771
2.30585902963138
3.50000000000012
3.77889072147441
2.99705647422706
1.31272147505707
-0.86894897480716
-3.03553390593265
-4.73788717647405
-5.72868960032169
-6.01923203528293
-5.83638578902671
-5.50000000000008
-5.2711454017806
-5.23219203436274
-5.24668254627305
-5.01540172790013
-4.20710678118707
-2.61267756707244
-0.261433438278935
2.54802849764806
5.31800560177058
7.50000000000015
8.6682508740964
8.65538450565746
7.60069057024794
5.8938305164476
4.03553390593293
2.46735579894561
1.43331154376677
0.923175039987851
0.71548211470503
0.499999999999869
0.029246781629559
-0.76192091409124
-1.71660540010132
-2.5124407708203
-2.79289321881344
-2.32203403081836
-1.10151653659546
0.597904398716822
2.30585902963117
3.50000000000001
3.77889072147444
2.99705647422724
1.31272147505735
-0.86894897480685
-3.03553390593238
-4.73788717647486
-5.72868960032161
-6.01923203528293
-5.83638578902675
-5.49999999999989
-5.27114540178053
-5.23219203436273
-5.24668254627309
-5.01540172789985
-4.20710678118637
-2.61267756707272
-0.261433438279299
2.54802849764766
5.31800560177022
7.49999999999991
8.66825087409632
8.65538450565754
7.60069057024709
5.89383051644785
4.03553390593318
2.46735579894579
1.43331154376633
0.923175039987669
0.715482114705169
0.50000000000014
0.0292467816291841
-0.761920914091777
-1.71660540010119
-2.51244077082022
-2.79289321881345
-2.32203403081785
-1.10151653659567
0.597904398716576
2.30585902963096
3.49999999999991
3.77889072147447
2.99705647422742
1.31272147505762
-0.868948974808175
-3.03553390593355
-4.73788717647368
-5.72868960032153
-6.01923203528293
-5.83638578902657
-5.49999999999993
-5.27114540178064
-5.23219203436273
-5.24668254627306
-5.01540172789992
-4.20710678118653
-2.61267756707299
-0.261433438279662
2.54802849764726
5.31800560176987
7.49999999999968
8.66825087409666
8.65538450565762
7.60069057024834
5.89383051644811
4.03553390593214
2.46735579894502
1.43331154376643
0.923175039987936
0.715482114705074
0.499999999999956
0.0292467816292725
-0.761920914091652
-1.71660540010107
-2.51244077082014
-2.79289321881346
-2.32203403081797
-1.10151653659588
0.597904398717627
2.30585902963075
3.4999999999998
3.77889072147451
2.99705647422666
1.31272147505644
-0.868948974806229
-3.03553390593183
-4.73788717647448
-5.72868960032189
-6.01923203528293
-5.83638578902661
-5.49999999999998
-5.27114540178056
-5.23219203436273
-5.24668254627307
-5.01540172789998
-4.2071067811867
-2.61267756707327
-0.261433438280027
2.54802849764687
5.31800560177138
7.50000000000069
8.66825087409616
8.6553845056577
7.60069057024749
5.89383051644701
4.03553390593238
2.46735579894615
1.43331154376653
0.923175039987754
0.715482114705096
0.499999999999999
0.02924678162936
-0.761920914091526
-1.71660540010094
-2.51244077082006
-2.79289321881347
-2.32203403081746
-1.10151653659609
0.597904398716084
2.30585902963054
3.50000000000026
3.77889072147436
2.99705647422684
1.31272147505818
-0.868948974807555
-3.035533905933
-4.73788717647429
-5.7286896003218
-6.01923203528293
-5.83638578902665
-5.50000000000002
-5.27114540178058
-5.23219203436272
-5.24668254627304
-5.01540172790005
-4.20710678118686
-2.61267756707354
-0.261433438278472
2.54802849764856
5.31800560176917
7.4999999999992
8.6682508740965
8.65538450565735
7.60069057024769
5.89383051644727
4.03553390593262
2.46735579894538
1.43331154376664
0.923175039987796
0.715482114705119
0.500000000000042
0.0292467816294479
-0.7619209140914
-1.71660540010081
-2.5124407708204
-2.79289321881342
-2.32203403081821
-1.1015165365963
0.597904398717135
2.30585902963144
3.50000000000015
3.77889072147458
2.99705647422701
1.31272147505699
-0.868948974807245
-3.03553390593273
-4.7378871764741
-5.72868960032172
-6.01923203528293
-5.8363857890267
-5.50000000000006
-5.2711454017805
-5.23219203436272
-5.24668254627308
-5.01540172790011
-4.20710678118617
-2.61267756707237
-0.261433438278836
2.54802849764608
5.31800560177067
7.50000000000021
8.66825087409642
8.65538450565743
7.60069057024789
5.89383051644753
4.03553390593287
2.46735579894556
1.43331154376674
0.923175039987615
0.71548211470514
0.500000000000085
0.0292467816295356
-0.761920914091937
-1.71660540010136
-2.51244077081989
-2.79289321881349
-2.3220340308177
-1.10151653659541
0.597904398716889
2.30585902963123
3.50000000000004
3.77889072147443
2.99705647422719
1.31272147505727
-0.868948974806935
-3.03553390593245
-4.73788717647392
-5.72868960032163
-6.01923203528293
-5.83638578902651
-5.49999999999988
-5.27114540178062
-5.23219203436272
-5.24668254627305
-5.01540172789984
-4.20710678118633
-2.61267756707409
-0.261433438279199
2.54802849764777
5.31800560177032
7.49999999999998
8.66825087409634
8.65538450565751
7.60069057024809
5.89383051644778
4.03553390593311
2.46735579894479
1.43331154376684
0.923175039987881
0.715482114705163
0.499999999999901
0.0292467816291611
-0.761920914091811
-1.71660540010055
-2.51244077082024
-2.79289321881344
-2.32203403081782
-1.10151653659561
0.597904398716643
2.30585902963102
3.49999999999994
3.77889072147447
2.99705647422737
1.31272147505609
-0.868948974806624
-3.03553390593218
-4.73788717647373
-5.72868960032199
-6.01923203528293
-5.83638578902678
-5.50000000000015
-5.27114540178054
-5.23219203436273
-11.1169994636995
-9.92745622811701
-6.34260311023137
-2.23278070538128
0.788521674995668
2.38977551852935
3.5023816739343
5.31369409112482
8.07885918251398
10.6932015672356
11.3848449429883
9.02805205981923
4.09103598031541
-1.51248239334134
-5.59000263200007
-7.0215642064443
-6.32643974005348
-5.06217782649072
-4.54031329935795
-4.84051551601459
-4.86088026982602
-3.34360140431796
-0.0667641530062131
3.73951607512543
6.10992354581721
5.68986702417078
2.71867632515648
-1.08648762306908
-3.67314309039227
-3.99224527611769
-2.56535235610053
-0.896225981045283
-0.208130058951026
-0.484028109167145
-0.542145618011613
0.918818628578653
4.11785925672157
7.776893022178
9.85006837778657
8.89083912838805
5.06082983315958
0.0388306231446884
-4.10234368239749
-6.22517420977857
-6.69761378729205
-6.82046097829324
-7.59120389986169
-8.77752684541457
-9.02757711633592
-6.94544700218006
-2.31355103445948
3.48562293052026
8.20710678118508
10.1333060589845
9.11699729965816
6.53077260641656
4.18455492533285
3.03094757941902
2.61848296540667
1.67295956717163
-0.673519991938696
-3.97760040375286
-6.62724552850523
-6.95498499911641
-4.49747812156617
-0.448109459290672
3.06064132724746
4.34055598711513
3.1978838687363
0.901617691713145
-0.872528777750483
-1.30783578950631
-0.96731415056906
-1.19394396270505
-2.87392977055214
-5.53580999721729
-7.50765763049618
-7.05233131265816
-3.65182075622159
1.51775192887091
6.28848929895593
8.87941291437858
8.9541594832233
7.60818623744674
6.34023521271627
5.81808078998261
5.38773280458525
3.69615242270715
-0.0604947567755889
-5.23854187445907
-9.92106258623909
-12.0825318899178
-10.9107474312836
-7.32191308698693
-3.29467499923825
-0.51842109056967
0.651097505314655
1.18146156936176
2.3529734343714
4.55495127906139
6.83331084042016
7.55352147648755
5.68479699091579
1.72468161458731
-2.46221410196361
-4.81061446446051
-4.39192232218454
-1.95515778539189
0.707578890073111
2.08141489380873
1.94709382444611
1.35429309284052
1.60658730993924
3.06536740208994
4.71498596722038
4.84931103705519
2.3805856831779
-2.21534901892514
-7.04801629927478
-9.97744795684078
-9.96192380189904
-7.61933295886629
-4.61949613240909
-2.39222471826631
-1.13340873482847
0.152611510599043
2.63461419569766
6.46876975292638
10.3869824517677
12.4163085450569
11.2254009301038
7.10612164999611
1.85387197238503
-2.38024987157785
-4.43492697019902
-4.71344093719301
-4.60333276223086
-5.22162183937559
-6.46224370918202
-7.0776795239436
-5.72864774806203
-2.18852574251737
2.24135911624482
5.46262305294694
5.95047953293281
3.76793661434846
0.48151231722762
-1.95425510130437
-2.51806742859052
-1.68412200686623
-0.842245378278415
-1.05566999392911
-2.13006046877423
-2.72119211709617
-1.40991309624676
2.0738942903817
6.425982525973
9.50000000000002
9.69062436490213
6.96890871856453
2.82366582523143
-0.828936855092
-2.94726802059645
-3.91705094052556
-4.97450680946991
-6.97990499117799
-9.51313430968544
-11.0146908533451
-9.8953445945713
-5.79037134037998
-0.00542776520864663
5.20872990834013
8.04766276830108
8.21137564916141
6.87983329172857
5.66300512818176
5.33963058713428
5.33907084866919
4.34158994322827
1.51351555428701
-2.59545040176169
-6.21476441168223
-7.49501300674038
-5.79990933731415
-2.18935485231598
1.27499751853019
2.90119731436191
2.41862557729129
0.960719860805975
0.0338502134770731
0.282546884049735
1.00028747974432
0.755792827251629
-1.35338797559013
-4.79586018037798
-7.7729740051472
-8.37542510873194
-5.89725565085901
-1.34369748697168
3.24085890669362
6.12904528607087
6.95748250455492
6.71699547529437
6.74041875921162
7.49531087451624
8.12620405923434
7.11083978240591
3.53670840982287
-1.98242516659853
-7.4757058823889
-10.7888300644754
-10.9274562281182
-8.60262416203305
-5.59880610916548
-3.454119012124
-2.44035150039275
-1.58606650261392
0.313694091125272
3.50804909617135
6.86307454831265
8.55641781824101
7.39407746360205
3.76286658109367
-0.512482393341267
-3.32998158019864
-3.65553880265939
-2.08379905293346
-0.232050807569151
0.548134877189979
0.159484483985506
-0.290070183482459
0.486525614605653
2.76166297174118
5.37349067134124
6.43809294504173
4.68986702417189
0.458655273354875
-4.45251302685323
-7.91578377751106
-8.82237229504009
-7.65380053264751
-5.89622598104545
-4.77894014529315
-4.31415512808834
-3.37057274275824
-0.71515596763662
3.78968985749774
8.77689302217678
12.1100894295881
12.2568645321722
9.30347052028163
4.86895764206773
0.986104494150615
-1.2251742097774
-2.12680370094889
-2.99033395937082
-4.76277677511499
-7.14355224919893
-8.69940771711082
-7.94544700217873
-4.57357208626085
0.119597526732507
3.96446609406584
5.30317904006196
4.02854912310938
1.53077260641741
-0.386255161009342
-0.799179439503821
-0.209944159340329
0.0389849709544612
-1.00168939116265
-2.97760040375379
-4.36722447670387
-3.58895959533284
-0.254837434447836
4.38201755963139
8.14908950379519
9.34055598711516
7.7686939550799
4.73174471063562
1.95589834699541
0.326138806708349
-0.639144751345492
-2.19394396270431
-5.13395082235436
-8.90183540100049
-11.7502983176158
-11.8824583315807
-8.74026893277255
-3.48224807113053
1.71767921261288
5.04928589545528
6.12573235847768
5.97421164123178
6.01206581349182
6.81808078998201
7.64775385638473
7.06217782649027
4.1821459303435
-0.408414855534874
-4.83261440969091
-7.0825318899179
-6.33993734493979
-3.49178606806441
-0.466247874492421
1.11555350564654
0.979266904539336
0.181461569362426
0.0929523825703336
1.18892587527796
2.59067015330129
2.72339445756659
0.59634881436837
-3.27531838541277
-7.03302418830665
-8.64074148338298
-7.22034944693272
-3.58913238160729
0.379409490850084
3.08141489380916
4.20711487624908
4.72031849662467
5.84922799705898
7.89549442101118
9.80343414376753
9.84931103705613
6.9513957695206
1.61477800000156
-4.21958917452737
-8.34347336062406
-9.63375440267482
-8.6193329588666
-6.87951718421082
-5.75825012204973
-5.37604942194682
-4.67751550832192
-2.45383398085032
1.4687697529268
5.81617236542231
8.58618152613409
8.39697380535674
5.47214705378002
1.52570257316178
-1.38024987157769
-2.17490591839859
-1.34741553340867
-0.360692075112235
-0.391494820453224
-1.37379553263385
-2.07767952394459
-1.15783766171907
1.6416012764041
5.06978624099185
7.09659764916311
6.27864893215817
2.76793661434923
-1.7785087345748
-5.32028050508898
-6.7607081157112
-6.51424902578823
-5.93069355482653
-6.05566999392932
-6.70087055511688
-6.55131913601983
-4.23834022099337
0.439919694161701
6.09781312674788
10.499999999999
11.9506454167033
10.334934122349
7.06630651235007
4.00119016383082
2.14118015595071
1.08294905947346
-0.403696723126986
-3.14977797225573
-6.68470718493826
-9.38071625712842
-9.56717519534738
-6.79037134037939
-2.26544881700942
1.84270450455639
3.80502208118239
3.38124863023871
1.7913851151803
0.663005128181283
0.768820500790737
1.50894382974774
1.51316281848188
-0.120459041928371
-2.92361980098649
-5.21476441168312
-5.23499195493914
-2.43388393353302
2.05328583480435
6.10512453745312
7.9896454909112
7.41862557729221
5.53152994714981
3.86397723239967
3.11097400879641
2.63426207596047
1.08396222647615
-2.35338797558946
-7.05588123217642
-11.1389994089301
-12.6180657958511
-10.7273826697799
-6.43214566351906
-1.75914109330785
1.55823519972841
3.12735548563215
3.88856835054805
5.10644416299544
7.16714147529302
9.12620405923323
9.3708608342072
6.90273381360691
2.26021552051991
-2.64557886346689
-5.70038188792716
-5.92745622811716
-4.03181407568917
-1.76867909024244
-0.625691887376062
-0.806376904178308
-1.25789710339074
-0.686305908874397
1.24802804437002
3.49704914452915
4.31377713112257
2.56395044468235
-1.32558159545436
-5.51248239334268
-7.90079166654274
-7.48566582158245
-4.91222617767932
-1.86602540378589
0.219965477964756
1.15948448398497
1.96995086831779
3.85255101838911
7.00430365885796
10.2036176902622
11.52654112159
9.68986702417085
5.02946535969746
-0.622386007931146
-5.08735665276378
-7.18839769882382
-7.32563113342378
-6.89622598104485
-7.03896119709514
-7.68018053187338
-7.61321342987737
-5.54528298655891
-1.29875831904967
3.77689302217765
7.53927934324549
8.42673751325007
6.47504339553381
3.23498304585007
0.657935094925509
-0.225174209776613
0.133217350852998
0.375691444413401
-0.520136087996157
-2.31342523027749
-3.61095954056409
-2.94544700217934
-0.00276199991954762
3.94972454565674
6.79289321881367
6.93715363627829
4.35671852233385
0.530772606419054
-2.64627621280948
-4.16520484328786
-4.45258484645921
-4.79114204796665
-6.09013756771096
-7.97760040375243
-8.93803456304662
-7.41908661425443
-3.08326455919301
2.74804296341581
7.8209201045699
10.3405559871146
10.0287150068801
8.09777011441975
6.19853903411502
5.15626582563125
4.44930342520289
2.80605603729585
-0.563140736011343
-5.07170838207882
-8.9218711928692
-10.2484837353643
-8.41209953354704
-4.48224807112795
-0.542341839187593
1.68326049167105
1.8830916713579
1.14408462230923
0.923617636944308
1.81808078998138
3.07694377004305
3.23205080756859
1.35371880559822
-2.04238945175165
-5.1607838089162
-6.08253188991836
-4.0799162931389
-0.125760664278639
3.77639281262482
5.94568052456796
6.06771508108701
5.18146156936151
4.66376246891357
5.01905289419968
5.41909727804739
4.35736905378206
0.924518213591392
-4.27531838541279
-9.29304524010846
-12.0067668871667
-11.4629901340508
-8.41925940052963
-4.70903868569861
-1.91858510619144
-0.363695210094907
0.890191477702146
3.02080087231179
6.26151982479574
9.47526474454423
10.8493110370548
9.2114168213235
4.98080340378339
0.0230515125903343
-3.51334634170189
-4.54530622612645
-3.61933295886551
-2.30870709786764
-1.92812310312686
-2.54762229720154
-3.04354091210678
-2.12566458162557
0.468769752925594
3.55615131362217
5.22015612235029
4.15433311823779
0.642020034857329
-3.56274560338588
-6.38024987157769
-6.7457160047415
-5.1775425523315
-3.18911919985874
-2.02546941666938
-1.70196493185804
-1.07767952394398
1.10218339008272
5.00762668018979
9.31242692811092
11.9267246680854
11.3670971087055
7.76793661434875
2.79230135176939
-1.49015348616624
-3.93228099096365
-4.88027442957253
-5.60252415560195
-7.05566999392908
-8.96089160691845
-9.91734453980256
-8.4809809081119
-4.39020732475835
1.00936495020128
5.49999999999869
7.37983533036054
6.50480710342566
4.23787938760463
2.36721556761471
1.81301075672672
2.0829490594738
1.85632432867396
0.216247431528287
-2.44206649781874
-4.55058923820682
-4.47872701879907
-1.79037134037848
2.30536126933345
5.67283152347758
6.63344920592835
5.01522322645544
2.11955451440399
-0.336994871818125
-1.49120055101042
-1.85708157403745
-2.72947786863734
-4.95058606085178
-8.01206797753402
-10.2147644116827
-9.8058020412831
-6.26401095245548
-0.775141289943563
4.4711499412366
7.66147609168629
8.41862557729099
7.79155099895064
7.23000263618354
7.35361469591528
7.46438909488206
6.17241040302317
2.64661202441231
-2.48507114583438
-7.30887239000808
-9.78963867110445
-9.09340807356343
-6.1039762642951
-2.75914109330719
-0.701785852072837
-0.23866991815262
-0.354072336571142
0.276317144073741
2.07869329874353
4.12620405923348
4.80005074786363
3.07260679468337
-0.568211604225377
-4.27955345968299
-6.02855128715115
-4.92745622811857
-1.7717930238886
1.59734631354153
3.61694879974191
4.02375011474537
3.83055107315806
4.31369409112673
5.81883813071362
7.32717616345092
7.14220425586892
4.19792504089896
-0.997412196230241
-6.51248239334134
-10.1608127183433
-10.851691225366
-9.15486686480012
-6.69615242270797
-4.86848269858248
-3.84051551601473
-2.60085921802416
0.0224239994678601
4.175876534112
8.56964309404674
11.1983717223655
10.6898670241709
7.28948641149857
2.74363939585505
-0.844715965644643
-2.35827067990221
-2.23718295687538
-1.89622598104482
-2.4681511107517
-3.85005351294967
-4.7847863051301
-3.9113083903416
-0.970588919826681
2.77689302217863
5.2792582914432
5.06071210946632
2.23240270841542
-1.59514397307189
-4.43051308162155
-5.22517420977837
-4.43759273549136
-3.45443557450975
-3.34856321274299
-3.94739982649278
-3.93912893978694
2.99999999999849
4.59807621135239
4.96410161513782
4.00000000000063
1.96410161513917
-0.598076211353566
-2.999999999998
-4.59807621135304
-4.9641016151379
-4.00000000000101
-1.96410161513765
0.598076211350691
2.99999999999932
4.59807621135279
4.96410161513797
4.00000000000002
1.96410161513822
-0.598076211352331
-2.99999999999882
-4.59807621135255
-4.96410161513777
-4.00000000000039
-1.9641016151388
0.598076211351713
2.99999999999832
4.5980762113532
4.96410161513785
4.00000000000076
1.96410161513937
-0.598076211351095
-2.99999999999964
-4.59807621135295
-4.96410161513792
-4.00000000000114
-1.96410161513994
0.598076211352735
2.99999999999915
4.59807621135271
4.96410161513773
4.00000000000151
1.96410161513842
-0.598076211352117
-2.99999999999865
-4.59807621135336
-4.96410161513807
-4.00000000000052
-1.96410161513899
0.598076211351499
2.99999999999997
4.59807621135311
4.96410161513787
4.00000000000089
1.96410161513957
-0.598076211353139
-2.99999999999947
-4.59807621135287
-4.96410161513795
-4.00000000000127
-1.96410161513805
0.598076211352521
2.99999999999897
4.59807621135262
4.96410161513802
4.00000000000027
1.96410161513862
-0.598076211351902
-2.99999999999847
-4.59807621135238
-4.96410161513783
-4.00000000000065
-1.96410161513919
0.598076211353542
2.99999999999798
4.59807621135303
4.9641016151379
4.00000000000102
1.96410161513767
-0.598076211350667
-2.9999999999993
-4.59807621135278
-4.96410161513797
-4.00000000000003
-1.96410161513825
0.598076211352307
2.9999999999988
4.59807621135254
4.96410161513778
4.0000000000004
1.96410161513882
-0.598076211351688
-2.9999999999983
-4.59807621135319
-4.96410161513785
-4.00000000000078
-1.96410161513939
0.598076211351071
2.99999999999962
4.59807621135294
4.96410161513793
4.00000000000115
1.96410161513996
-0.59807621135271
-2.99999999999913
-4.5980762113527
-4.96410161513773
-4.00000000000152
-1.96410161513844
0.598076211352093
2.99999999999863
4.59807621135335
4.96410161513808
4.00000000000053
1.96410161513902
-0.598076211351475
-2.99999999999995
-4.5980762113531
-4.96410161513788
-4.00000000000091
-1.96410161513959
0.598076211353114
2.99999999999945
4.59807621135286
4.96410161513795
4.00000000000128
1.96410161513807
-0.598076211352496
-2.99999999999895
-4.59807621135261
-4.96410161513803
-4.00000000000029
-1.96410161513864
0.598076211351878
2.99999999999846
4.59807621135237
4.96410161513783
4.00000000000066
1.96410161513921
-0.598076211353518
-2.99999999999796
-4.59807621135302
-4.9641016151379
-4.00000000000104
-1.9641016151377
0.598076211350643
2.99999999999928
4.59807621135277
4.96410161513798
4.00000000000005
1.96410161513827
-0.598076211352283
-2.99999999999878
-4.59807621135253
-4.96410161513778
-4.00000000000042
-1.96410161513884
0.598076211351664
2.99999999999828
4.59807621135318
4.96410161513785
4.00000000000079
1.96410161513941
-0.598076211351047
-2.9999999999996
-4.59807621135293
-4.96410161513793
-4.00000000000117
-1.96410161513999
0.598076211352686
2.99999999999911
4.59807621135269
4.96410161513773
4.00000000000154
1.96410161513847
-0.598076211352068
-2.99999999999861
-4.59807621135334
-4.96410161513808
-4.00000000000055
-1.96410161513904
0.59807621135145
2.99999999999993
4.59807621135309
4.96410161513788
4.00000000000092
1.96410161513961
-0.59807621135309
-2.99999999999943
-4.59807621135285
-4.96410161513796
-4.00000000000129
-1.96410161513809
0.598076211352472
2.99999999999893
4.5980762113526
4.96410161513803
4.0000000000003
1.96410161513866
-0.598076211351854
-2.99999999999844
-4.59807621135236
-4.96410161513783
-4.00000000000068
-1.96410161513924
0.598076211353494
2.99999999999794
4.59807621135301
4.96410161513791
4.00000000000105
1.96410161513772
-0.598076211350618
-2.99999999999926
-4.59807621135276
-4.96410161513798
-4.00000000000006
-1.96410161513829
0.598076211352258
2.99999999999876
4.59807621135252
4.96410161513778
4.00000000000043
1.96410161513886
-0.59807621135164
-2.99999999999826
-4.59807621135317
-4.96410161513786
-4.00000000000081
-1.96410161513944
0.598076211351023
2.99999999999958
4.59807621135292
4.96410161513793
4.00000000000118
1.96410161514001
-0.598076211352662
-2.99999999999909
-4.59807621135268
-4.96410161513773
-4.00000000000155
-1.96410161513849
0.598076211352044
2.99999999999859
4.59807621135333
4.96410161513808
4.00000000000056
1.96410161513906
-0.598076211351426
-2.99999999999991
-4.59807621135308
-4.96410161513788
-4.00000000000094
-1.96410161513963
0.598076211353066
2.99999999999941
4.59807621135284
4.96410161513796
4.00000000000131
1.96410161513811
-0.598076211352448
-2.99999999999891
-4.59807621135259
-4.96410161513803
-4.00000000000032
-1.96410161513869
0.59807621135183
2.99999999999842
4.59807621135235
4.96410161513784
4.00000000000069
1.96410161513926
-0.598076211353469
-2.99999999999792
-4.598076211353
-4.96410161513791
-4.00000000000107
-1.96410161513774
0.598076211350594
2.99999999999924
4.59807621135275
4.96410161513798
4.00000000000007
1.96410161513831
-0.598076211352234
-2.99999999999874
-4.59807621135251
-4.96410161513779
-4.00000000000045
-1.96410161513889
0.598076211351616
2.99999999999824
4.59807621135316
4.96410161513786
4.00000000000082
1.96410161513946
-0.598076211350997
-2.99999999999956
-4.59807621135291
-4.96410161513793
-4.0000000000012
-1.96410161514003
0.598076211352637
2.99999999999907
4.59807621135267
4.96410161513774
4.00000000000157
1.96410161513851
-0.59807621135202
-2.99999999999857
-4.59807621135332
-4.96410161513808
-4.00000000000058
-1.96410161513908
0.598076211351402
2.99999999999989
4.59807621135307
4.96410161513789
4.00000000000095
1.96410161513966
-0.598076211353041
-2.99999999999939
-4.59807621135283
-4.96410161513796
-4.00000000000132
-1.96410161513814
0.598076211352423
2.99999999999889
4.59807621135258
4.96410161513804
4.00000000000033
1.96410161513871
-0.598076211351806
-2.9999999999984
-4.59807621135234
-4.96410161513784
-4.00000000000071
-1.96410161513928
0.598076211353445
2.9999999999979
4.59807621135299
4.96410161513791
4.00000000000108
1.96410161513776
-0.59807621135057
-2.99999999999922
-4.59807621135274
-4.96410161513799
-4.00000000000009
-1.96410161513834
0.598076211352209
2.99999999999872
4.5980762113525
4.96410161513779
4.00000000000046
1.96410161513891
-0.598076211351591
-2.99999999999822
-4.59807621135315
-4.96410161513786
-4.00000000000084
-1.96410161513948
0.598076211350973
2.99999999999955
4.5980762113529
4.96410161513794
3.99999999999985
1.96410161514005
-0.598076211352613
-2.99999999999905
-4.59807621135266
-4.96410161513774
-4.00000000000158
-1.96410161513853
0.598076211351995
2.99999999999855
4.59807621135331
4.96410161513781
4.00000000000059
1.96410161513911
-0.598076211351378
-2.99999999999987
-4.59807621135306
-4.96410161513789
-4.00000000000097
-1.96410161513968
0.598076211353017
2.99999999999937
4.59807621135282
4.96410161513796
4.00000000000134
1.96410161513816
-0.598076211352399
-2.99999999999888
-4.59807621135257
-4.96410161513804
-4.00000000000035
-1.96410161513873
0.598076211351781
3.0000000000002
4.59807621135233
4.96410161513784
4.00000000000072
1.9641016151393
-0.598076211353421
-2.99999999999788
-4.59807621135298
-4.96410161513792
-4.0000000000011
-1.96410161513779
0.598076211352803
2.9999999999992
4.59807621135273
4.96410161513799
4.0000000000001
1.96410161513836
-0.598076211352185
-2.9999999999987
-4.59807621135249
-4.96410161513779
-4.00000000000048
-1.96410161513893
0.598076211351567
2.9999999999982
4.59807621135314
4.96410161513787
4.00000000000085
1.9641016151395
-0.598076211350949
-2.99999999999953
-4.59807621135289
-4.96410161513794
-3.99999999999986
-1.96410161514008
0.598076211352589
2.99999999999903
4.59807621135265
4.96410161513774
4.0000000000016
1.96410161513856
-0.59807621135197
-2.99999999999853
-4.5980762113533
-4.96410161513782
-4.00000000000061
-1.96410161513913
0.598076211351353
2.99999999999985
4.59807621135305
4.96410161513789
4.00000000000098
1.9641016151397
-0.598076211352993
-2.99999999999935
-4.59807621135281
-4.96410161513797
-4.00000000000135
-1.96410161513818
0.598076211352375
2.99999999999886
4.59807621135256
4.96410161513804
4.00000000000036
1.96410161513875
-0.598076211351757
-3.00000000000018
-4.59807621135232
-4.96410161513784
-4.00000000000074
-1.96410161513933
0.598076211353396
2.99999999999786
4.59807621135297
4.96410161513792
4.00000000000111
1.96410161513781
-0.598076211352779
-2.99999999999918
-4.59807621135272
-4.96410161513799
-4.00000000000012
-1.96410161513838
0.598076211352161
2.99999999999868
4.59807621135248
4.96410161513779
4.00000000000049
1.96410161513895
-0.598076211351543
-2.99999999999819
-4.59807621135313
-4.96410161513787
