"x"
7.99634077414997
9.02745668959101
8.9310769255973
7.70477069533163
5.50791457293323
2.63840127202919
-0.512228501817824
-3.51801096463414
-5.98258708560552
-7.59774211749217
-8.1871445080084
-7.72849536299228
-6.35093426415558
-4.30867252868478
-1.93574004039385
0.410224529792929
2.4055462630181
3.80984011755176
4.49909965483328
4.47751370282349
3.86674752277441
2.87535156180343
1.75436132182292
0.747441177043932
0.0447152565290319
-0.251404467614559
-0.142379118635248
0.270976162417333
0.812564279360753
1.2699310001045
1.44062539990267
1.17720001227288
0.42226005393051
-0.773272631623779
-2.25251455982596
-3.77570985124679
-5.06038847859041
-5.83175492253412
-5.87446924952897
-5.0765215515165
-3.45707550811292
-1.17277998874499
1.49932241316255
4.20014434298198
6.54230328656156
8.17065366255212
8.81965738629408
8.35800009432435
6.81284361273327
4.36939586674694
1.34552695679875
-1.85471743809208
-4.80135405242438
-7.1028155002742
-8.46410161513776
-8.72944779456996
-7.90280825139444
-6.14313496085864
-3.73559569741186
-1.0438129577955
1.5487432359792
3.69842057824854
5.15232905382601
5.78244274262352
5.59774211749217
4.73310702042
3.417654848365
1.92867421022507
0.539641873747
-0.528361574743908
-1.14333155021293
-1.28089782482152
-1.02189815281312
-0.5299246569135
-0.0134120876857335
0.320396985233989
0.310840514627291
-0.120043232631054
-0.947585520025935
-2.04471525652902
-3.20263301997384
-4.16846139599203
-4.69323621634784
-4.58159493429854
-3.73403261524225
-2.17373242032268
-0.0525515740763174
2.3656819108081
4.74244762954358
6.71661617496371
7.96285435925519
8.24658055502113
7.466073011726
5.67432490654697
3.07652155151652
0.00303802052450419
-3.13806052588227
-5.92158246709304
-7.96917499791979
-9.00640490169932
-8.90376068297213
-7.69500894809751
-5.57005812958573
-2.84366861481345
0.0947057483908076
2.84161755120965
5.04090951452279
6.43567214161624
6.90267115729221
6.46410161513775
5.27541030698157
3.59196773676714
1.72087490692816
-0.0334349575259369
-1.42028865734228
-2.28185025639921
-2.57377214005199
-2.36438708908737
-1.81326774470374
-1.13364050235443
-0.545962512411601
-0.231462771934272
-0.294356121033208
-0.739786216728983
-1.47163842525609
-2.31070593737545
-3.02994268980578
-3.40036190111739
-3.23910599802428
-2.45068952745204
-1.05350400565397
0.813807923569271
2.9079851973697
4.9167605179457
6.50881687166678
7.38977752798223
7.35465347242277
6.3275543055397
4.38145059131654
1.73403261524229
-1.28030506726569
-4.25828894055099
-6.78794196473864
-8.51147828448134
-9.18071779010147
-8.69596137967519
-7.12193211682457
-4.67813104698732
-1.70514990862722
1.38758006362124
4.18410648748388
6.324252602313
7.55590055628493
7.7690306549378
7.00640490169934
5.44972319538373
3.38416843347022
1.14779807565517
-0.925362040124321
-2.55880736352856
-3.57472457162964
-3.91626107632621
-3.64773017687765
-2.93349615937244
-2.00000000000003
-1.08826579897315
-0.405775660336431
-0.0865568177362759
-0.166709385456051
-0.579711342657716
-1.17218723118916
-1.7370683745753
-2.05787296484313
-1.95576291023407
-1.33046111278335
-0.187144508008443
1.35611121013087
3.08229808577189
4.70896121464876
5.93574004039384
6.49785044538388
6.21613476623648
5.03467999030929
3.03896165504233
0.450689527452051
-2.40053348193432
-5.12464843819657
-7.33024525130022
-8.68579117288351
-8.97291848680454
-8.12288454840225
-6.23000503422619
-3.53961234080107
-0.412275593396813
2.73006899989542
5.46744957527409
7.44448101698169
8.42226005393052
8.31133394149935
7.18071779010147
5.24192389208676
2.81109160219731
0.255870993056849
-2.06388074631059
-3.85168167875898
-4.9172135079039
-5.19960416411647
-4.76795859154627
-3.79985565701796
-2.54230328656158
-1.26257868737532
-0.197976357039493
0.486520013536676
0.725217697142341
0.558807363528571
0.120687084041255
-0.394579438301047
-0.774529877052896
-0.835534495565368
-0.464101615137745
0.355158778553153
1.53042409853299
2.87449878247492
4.13588438337586
5.04381295779546
5.3593317391976
4.92326045100606
3.69219105403503
1.7556185672521
-0.669538887216663
-3.26689297958002
-5.66695172475817
-7.50455813970235
-8.47799186958656
-8.39984165553161
-7.23095746580391
-5.09148632803996
-2.24673802557066
0.930213342877466
4.0134120876856
6.58767798994282
8.3108405146273
8.96456334049208
8.48564682990153
6.97291848680457
4.66884706081387
1.91916451959891
-0.882647713129409
-3.35675506154102
-5.1941706150332
-6.20055659569414
-6.31983257878517
-5.63431808919189
-4.34215894357955
-2.71661617496376
-1.05477938407841
0.375100474233444
1.37844709613505
1.86373640332865
1.85168167875901
1.46317602031551
0.888763649489169
0.345698537615824
0.0308250020802139
0.0782016714238081
0.529471666955319
1.32262479523603
2.30142195120193
3.24395730077748
3.90529425160921
4.06645742396713
3.58077151473175
2.40884796624479
0.635390152583363
-1.53589838486222
-3.80919626614155
-5.84126461316028
-7.29675883640538
-7.90491503831362
-7.50791457293325
-6.09243875961762
-3.79861201280954
-0.904249089296379
2.21355643066773
5.13364050235443
7.45403748758839
8.85314380118886
9.13887622889423
8.27784752660459
6.39984165553166
3.77691997821553
0.780645813412661
-2.17552202835988
-4.69924399781528
-6.4775137028235
-7.32078501036284
-7.18619207643073
-6.17662137575346
-4.51647183198175
-2.50881687166681
-0.481702552805488
1.26702755683181
2.51696580232128
3.15661071855901
3.1941706150333
2.74651910810572
2.0089920641579
1.21205803526139
0.573128288641799
0.252514559825967
0.321672363658371
0.749547963963098
1.40949486860364
2.10543859459123
2.61241993637872
2.72396848769288
2.29742842694158
1.28861955157609
-0.230969345062173
-2.07820167142376
-3.98350915454367
-5.63346530986333
-6.72368200513248
-7.01298795571527
-6.36939586674696
-4.79956444438721
-2.45612307653523
0.37909399849371
3.33378484533645
5.99999999999989
7.99634077414992
9.02745668959103
8.93107692559731
7.70477069533163
5.50791457293327
2.63840127202922
-0.512228501817746
-3.51801096463415
-5.98258708560542
-7.59774211749219
-8.18714450800842
-7.72849536299234
-6.35093426415553
-4.30867252868486
-1.93574004039378
0.410224529792903
2.4055462630181
3.80984011755171
4.49909965483331
4.47751370282356
3.86674752277439
2.87535156180349
1.75436132182299
0.747441177043914
0.0447152565290345
-0.251404467614544
-0.142379118635251
0.270976162417262
0.812564279360747
1.26993100010451
1.4406253999026
1.17720001227288
0.422260053930474
-0.773272631623787
-2.25251455982599
-3.77570985124671
-5.06038847859045
-5.83175492253409
-5.87446924952891
-5.07652155151652
-3.45707550811293
-1.17277998874516
1.49932241316254
4.200144342982
6.54230328656156
8.17065366255213
8.81965738629406
8.35800009432432
6.81284361273331
4.36939586674701
1.34552695679887
-1.85471743809203
-4.8013540524243
-7.10281550027421
-8.46410161513777
-8.72944779456996
-7.90280825139444
-6.14313496085876
-3.73559569741182
-1.04381295779561
1.54874323597925
3.69842057824847
5.15232905382604
5.78244274262351
5.59774211749218
4.73310702042005
3.417654848365
1.92867421022508
0.539641873747056
-0.528361574743919
-1.14333155021293
-1.28089782482153
-1.02189815281315
-0.529924656913538
-0.0134120876857071
0.320396985233964
0.31084051462725
-0.12004323263105
-0.947585520025922
-2.04471525652904
-3.20263301997383
-4.16846139599196
-4.69323621634782
-4.58159493429851
-3.73403261524227
-2.17373242032259
-0.0525515740763449
2.36568191080822
4.74244762954351
6.71661617496369
7.96285435925518
8.24658055502111
7.46607301172601
5.67432490654698
3.07652155151666
0.00303802052459146
-3.13806052588236
-5.92158246709302
-7.96917499791983
-9.00640490169931
-8.90376068297213
-7.69500894809753
-5.57005812958573
-2.84366861481366
0.094705748390814
2.84161755120952
5.04090951452281
6.43567214161626
6.90267115729222
6.46410161513773
5.27541030698162
3.5919677367672
1.72087490692817
-0.0334349575259347
-1.42028865734223
-2.28185025639923
-2.57377214005202
-2.36438708908732
-1.81326774470375
-1.13364050235444
-0.545962512411603
-0.231462771934273
-0.294356121033199
-0.739786216728985
-1.47163842525607
-2.31070593737547
-3.02994268980577
-3.40036190111731
-3.23910599802431
-2.45068952745203
-1.05350400565402
0.813807923569307
2.90798519736963
4.91676051794577
6.50881687166676
7.38977752798219
7.35465347242282
6.32755430553966
4.38145059131669
1.73403261524233
-1.2803050672658
-4.25828894055084
-6.78794196473864
-8.5114782844813
-9.18071779010148
-8.69596137967522
-7.12193211682461
-4.67813104698739
-1.70514990862723
1.38758006362098
4.1841064874839
6.32425260231304
7.55590055628495
7.7690306549378
7.00640490169939
5.44972319538369
3.38416843347032
1.14779807565529
-0.925362040124242
-2.55880736352852
-3.57472457162976
-3.91626107632621
-3.64773017687759
-2.93349615937242
-2
-1.08826579897324
-0.40577566033642
-0.0865568177362581
-0.166709385455995
-0.579711342657732
-1.17218723118909
-1.73706837457535
-2.05787296484307
-1.95576291023399
-1.33046111278339
-0.187144508008367
1.35611121013074
3.08229808577186
4.70896121464869
5.93574004039377
6.49785044538383
6.21613476623648
5.03467999030926
3.03896165504232
0.450689527452057
-2.40053348193439
-5.12464843819656
-7.33024525130011
-8.6857911728835
-8.97291848680456
-8.12288454840221
-6.23000503422632
-3.5396123408012
-0.412275593396627
2.73006899989538
5.46744957527418
7.44448101698167
8.4222600539305
8.31133394149943
7.18071779010149
5.24192389208692
2.81109160219726
0.255870993056905
-2.06388074631057
-3.85168167875903
-4.91721350790396
-5.19960416411654
-4.76795859154627
-3.79985565701808
-2.54230328656158
-1.26257868737533
-0.197976357039547
0.486520013536642
0.725217697142384
0.558807363528628
0.120687084041198
-0.394579438301007
-0.774529877052962
-0.835534495565341
-0.464101615137748
0.355158778553148
1.53042409853297
2.87449878247481
4.1358843833758
5.04381295779543
5.35933173919747
4.92326045100599
3.6921910540351
1.75561856725197
-0.669538887216551
-3.26689297957991
-5.66695172475807
-7.50455813970233
-8.4779918695865
-8.3998416555316
-7.23095746580389
-5.09148632803992
-2.2467380255706
0.930213342877394
4.01341208768577
6.58767798994278
8.31084051462729
8.96456334049206
8.48564682990154
6.97291848680471
4.66884706081392
1.91916451959887
-0.882647713129394
-3.35675506154112
-5.1941706150332
-6.2005565956941
-6.31983257878519
-5.63431808919194
-4.34215894357965
-2.71661617496378
-1.05477938407842
0.375100474233447
1.37844709613506
1.86373640332864
1.85168167875906
1.46317602031554
0.888763649489207
0.345698537615805
0.0308250020802396
0.0782016714238001
0.529471666955289
1.32262479523603
2.30142195120194
3.24395730077744
3.90529425160917
4.06645742396714
3.58077151473176
2.40884796624478
0.635390152583432
-1.53589838486226
-3.80919626614143
-5.8412646131602
-7.29675883640539
-7.90491503831357
-7.50791457293318
-6.09243875961768
-3.79861201280934
-0.904249089296571
2.21355643066754
5.13364050235426
7.4540374875883
8.85314380118882
9.13887622889424
8.27784752660463
6.39984165553167
3.77691997821554
0.78064581341267
-2.17552202835987
-4.69924399781529
-6.47751370282352
-7.32078501036276
-7.18619207643076
-6.17662137575341
-4.51647183198171
-2.50881687166675
-0.481702552805451
1.2670275568319
2.51696580232131
3.15661071855897
3.19417061503338
-3.91705094052613
-4.97450680947006
-6.97990499117833
-9.51313430968608
-11.0146908533452
-9.89534459457084
-5.79037134037887
-0.0054277652072382
5.20872990834069
8.04766276830142
8.21137564916076
6.87983329172758
5.66300512818174
5.3396305871345
5.33907084866981
4.34158994322785
1.51351555428624
-2.59545040176325
-6.21476441168293
-7.49501300674076
-5.79990933731551
-2.18935485231373
1.27499751853143
2.90119731436253
2.41862557729137
0.960719860805467
0.033850213476982
0.282546884049999
1.00028747974471
0.755792827252204
-1.35338797558987
-4.79586018037729
-7.77297400514743
-8.3754251087317
-5.89725565085731
-1.34369748697109
3.24085890669402
6.12904528607182
6.95748250455437
6.71699547529427
6.74041875921147
7.49531087451681
8.12620405923415
7.11083978240534
3.53670840982164
-1.9824251665997
-7.47570588238916
-10.7888300644759
-10.9274562281174
-8.60262416203161
-5.59880610916453
-3.45411901212398
-2.44035150039327
-1.5860665026145
0.313694091126538
3.5080490961729
6.86307454831356
8.55641781824179
7.39407746360305
3.76286658109114
-0.51248239334316
-3.3299815801993
-3.65553880265943
-2.08379905293326
-0.232050807569089
0.548134877189278
0.159484483985372
-0.290070183483242
0.48652561460493
2.76166297174078
5.37349067134146
6.43809294504167
4.68986702417025
0.458655273353752
-4.45251302685358
-7.91578377751104
-8.82237229503954
-7.65380053264695
-5.89622598104471
-4.77894014529347
-4.3141551280893
-3.37057274275794
-0.715155967635819
3.7896898574993
8.77689302217865
12.1100894295884
12.2568645321722
9.30347052027919
4.86895764206536
0.986104494150275
-1.2251742097775
-2.12680370094869
-2.99033395937126
-4.76277677511604
-7.14355224919992
-8.69940771711177
-7.94544700217968
-4.57357208626068
0.11959752673524
3.96446609406702
5.30317904006229
4.02854912310906
1.53077260641689
-0.386255161009328
-0.79917943950379
-0.209944159339355
0.0389849709553858
-1.001689391163
-2.97760040375344
-4.36722447670402
-3.5889595953317
-0.254837434445936
4.3820175596324
8.14908950379547
9.34055598711502
7.76869395507815
4.73174471063431
1.95589834699523
0.326138806708975
-0.639144751345582
-2.193943962705
-5.13395082235504
-8.9018354010019
-11.7502983176158
-11.8824583315804
-8.74026893277009
-3.48224807112772
1.71767921261441
5.04928589545561
6.12573235847748
5.97421164123106
6.0120658134924
6.81808078998271
7.64775385638574
7.06217782649114
4.18214593034282
-0.408414855537865
-4.83261440969246
-7.0825318899182
-6.33993734493987
-3.49178606806404
-0.466247874492677
1.11555350564641
0.979266904538709
0.181461569361607
0.0929523825703873
1.18892587527777
2.59067015330125
2.72339445756591
0.596348814366819
-3.27531838541345
-7.03302418830672
-8.64074148338264
-7.22034944693063
-3.58913238160577
0.379409490850581
3.08141489380887
4.20711487624792
4.72031849662466
5.84922799705889
7.89549442101246
9.80343414376832
9.84931103705558
6.95139576952078
1.61477799999777
-4.21958917452977
-8.34347336062461
-9.63375440267494
-8.61933295886595
-6.87951718421015
-5.75825012204981
-5.37604942194732
-4.6775155083227
-2.45383398084975
1.4687697529268
5.81617236542416
8.5861815261348
8.39697380535696
5.47214705377913
1.52570257316173
-1.38024987157844
-2.17490591839846
-1.34741553340789
-0.360692075111894
-0.391494820453921
-1.37379553263456
-2.07767952394433
-1.15783766171824
1.64160127640573
5.06978624099228
7.09659764916293
6.27864893215676
2.76793661434691
-1.77850873457594
-5.32028050508894
-6.76070811571024
-6.51424902578826
-5.93069355482579
-6.05566999392965
-6.70087055511709
-6.55131913601844
-4.23834022099312
0.439919694164911
6.09781312675019
10.4999999999998
11.9506454167035
10.3349341223486
7.06630651234955
4.00119016383014
2.14118015595085
1.08294905947418
-0.403696723127381
-3.14977797225629
-6.68470718493987
-9.38071625712933
-9.56717519534706
-6.79037134037882
-2.2654488170092
1.84270450455658
3.80502208118228
3.38124863023851
1.79138511517986
0.663005128181626
0.768820500791525
1.50894382974748
1.51316281848156
-0.120459041929613
-2.92361980098658
-5.2147644116829
-5.23499195493915
-2.43388393353093
2.05328583480528
6.10512453745308
7.98964549091031
7.41862557729112
5.53152994714842
3.86397723239927
3.11097400879621
2.63426207596018
1.08396222647587
-2.35338797559008
-7.05588123217917
-11.1389994089316
-12.618065795851
-10.7273826697793
-6.43214566351858
-1.75914109330623
1.55823519972887
3.12735548563196
3.88856835054806
5.1064441629958
7.1671414752933
9.12620405923398
9.37086083420699
6.90273381360656
2.2602155205192
-2.64557886346731
-5.70038188792796
-5.92745622811753
-4.03181407568836
-1.76867909024243
-0.625691887377636
-0.806376904177532
-1.25789710339068
-0.686305908873764
1.24802804437111
3.49704914452929
4.31377713112268
2.56395044468105
-1.32558159545644
-5.51248239334312
-7.90079166654209
-7.48566582158185
-4.91222617767936
-1.8660254037846
0.219965477965647
1.15948448398541
1.96995086831851
3.85255101838944
7.00430365885981
10.2036176902634
11.5265411215895
9.68986702417048
5.02946535969725
-0.62238600793189
-5.08735665276503
-7.18839769882371
-7.32563113342339
-6.89622598104463
-7.03896119709515
-7.68018053187361
-7.61321342987713
-5.54528298655763
-1.29875831904888
3.7768930221783
7.53927934324564
8.42673751324988
6.47504339553322
3.23498304584991
0.657935094926423
-0.225174209777591
0.13321735085276
0.375691444413276
-0.520136087996903
-2.31342523027752
-3.61095954056405
-2.94544700217952
-0.00276199991751369
3.94972454565692
6.79289321881315
6.93715363627781
4.35671852233282
0.530772606417193
-2.64627621281077
-4.16520484328832
-4.45258484645871
-4.79114204796682
-6.09013756771099
-7.97760040375347
-8.9380345630468
-7.41908661425414
-3.08326455919219
2.74804296341642
7.8209201045717
10.3405559871147
10.0287150068797
8.09777011441891
6.19853903411472
5.156265825631
4.44930342520209
2.80605603729508
-0.56314073601193
-5.07170838207993
-8.92187119286936
-10.2484837353647
-8.41209953354602
-4.48224807112697
-0.542341839187828
1.68326049167124
1.88309167135838
1.14408462230883
0.923617636944502
1.81808078998254
3.07694377004308
3.23205080756894
1.35371880559664
-2.04238945175345
-5.16078380891634
-6.08253188991831
-4.07991629313859
-0.125760664279422
3.77639281262673
5.94568052456866
6.06771508108671
5.18146156936177
4.66376246891325
5.01905289419993
5.41909727804745
4.35736905378137
0.924518213591078
-4.27531838541298
-9.29304524010879
-12.0067668871669
-11.4629901340501
-8.41925940052825
-4.70903868569722
-1.91858510619127
-0.36369521009491
0.890191477702517
3.02080087231276
6.26151982479666
9.4752647445444
10.8493110370554
9.21141682132206
4.98080340378246
0.0230515125901136
-3.51334634170267
-4.54530622612716
-3.61933295886598
-2.30870709786726
-1.92812310312734
-2.54762229720124
-3.04354091210701
-2.12566458162589
0.468769752926956
3.55615131362235
5.22015612235041
4.15433311823738
0.642020034857227
-3.56274560338613
-6.38024987157865
-6.74571600474111
-5.17754255233042
-3.18911919985833
-2.02546941666971
-1.70196493185817
-1.07767952394432
1.1021833900828
5.00762668019033
9.31242692811131
11.9267246680849
11.3670971087046
7.76793661434668
2.7923013517675
-1.49015348616643
-3.9322809909642
-4.88027442957267
-5.60252415560213
-7.05566999392946
-8.96089160691864
-9.91734453980308
-8.48098090811252
-4.39020732475659
1.00936495020258
5.49999999999972
7.37983533036048
6.50480710342602
4.23787938760355
2.36721556761446
1.81301075672741
2.08294905947389
1.85632432867422
0.216247431528452
-2.44206649782076
-4.55058923820725
-4.47872701879919
-1.79037134037901
2.30536126933406
5.67283152347869
6.63344920592834
5.0152232264545
2.11955451440338
-0.336994871818016
-1.4912005510101
-1.85708157403705
-2.72947786863747
-4.95058606085165
-8.01206797753428
-10.2147644116831
-9.80580204128217
-6.26401095245325
-0.77514128994138
4.4711499412378
7.66147609168676
8.4186255772911
7.79155099894998
7.23000263618357
7.35361469591535
7.46438909488258
6.17241040302349
2.64661202441018
-2.48507114583559
-7.30887239000963
-9.78963867110465
-9.09340807356394
-6.10397626429525
-2.75914109330585
-0.701785852072807
-0.238669918152332
-0.354072336571072
0.276317144073678
2.07869329874524
4.12620405923378
4.80005074786409
3.07260679468392
-0.568211604227165
-4.27955345968303
-6.02855128715154
-4.92745622811737
-1.77179302388695
1.59734631354151
3.6169487997417
4.02375011474483
3.83055107315695
4.31369409112647
5.81883813071411
7.32717616345141
7.14220425586908
4.1979250408964
-0.997412196233063
-6.51248239334273
-10.1608127183436
-10.8516912253662
-9.15486686479886
-6.69615242270696
-4.86848269858198
-3.84051551601487
-2.60085921802437
0.0224239994670399
4.1758765341138
8.5696430940482
11.1983717223658
10.6898670241705
7.2894864114982
2.74363939585277
-0.844715965645293
-2.35827067990168
-2.23718295687565
-1.89622598104455
-2.46815111075215
-3.85005351295121
-4.78478630513065
-3.9113083903425
-0.970588919825395
2.77689302217867
5.27925829144384
5.06071210946565
2.23240270841343
-1.59514397307241
-4.43051308162137
-5.22517420977756
-4.43759273548983
-3.45443557450915
-3.34856321274313
-3.94739982649316
-3.93912893978783
-1.94544700217963
2.25725905188401
7.31574994944156
11.0355339059326
11.7672806552002
9.44516669888131
5.53077260641698
1.92453387353182
-0.33507782436563
-1.62415772171242
-3.15716745175137
-5.76196816848687
-8.97760040375289
-11.1980556148484
-10.7851120180385
-7.32590524631177
-2.08208405550607
2.73247192802418
5.34055598711464
5.45790492053664
4.26764309549642
3.37011190936836
3.52229122941519
4.12113402597829
3.80605603729522
1.6968803157892
-1.70568297829553
-4.67923050575013
-5.41835671644253
-3.32365135699855
0.517751928872162
4.02846824715478
5.51338751059367
4.71151879610452
2.77805921852474
1.25178703616805
0.818080789982391
0.816922718241104
-0.133974596215537
-2.88892188152275
-6.87251647067539
-10.249231985464
-11.0825318899184
-8.6507263794811
-3.95588768320172
0.947965687880377
4.3117059283528
5.73954568186318
6.18146156936163
6.92378352071464
8.38507829798458
9.66173796516687
9.18749607270403
6.01296639013903
0.724681614586614
-4.72223515376536
-8.17663986824451
-8.63456300930371
-6.78528480431232
-4.3808692864738
-2.918585106191
-2.62371626189599
-2.47583392608184
-1.22183981480658
1.43139280587401
4.38681656799676
5.84931103705532
4.64060673497927
1.15067638486
-2.80537561215679
-5.14732093791828
-4.87347562535067
-2.61933295886613
-0.0486860460656984
1.4379023006567
1.69501838991776
1.78658610681477
2.96278359492192
5.46876975292703
8.12696139996532
9.05028314127268
6.98276024298412
2.2759946310736
-3.23457620416276
-7.3802498715781
-9.00573705654311
-8.54356795611482
-7.43175988697755
-6.85559643559166
-6.79041310840589
-6.07767952394457
-3.46862669625942
1.17749966126779
6.48399980336435
10.2927500718695
11.0389277094809
8.7679366143465
5.05232240356849
1.87587191761754
0.310359696155395
-0.0501474106506327
-0.514075979054503
-2.05566999392959
-4.39008152057598
-6.08721752088067
-5.65255378336632
2.38393581559751
3.00769322093273
3.50000000000001
3.83933998420381
4.01088238790071
4.00712998489727
3.82824677321078
3.48205080756891
2.98367251290275
2.35489341217339
1.62319416929971
0.820553552278046
-0.0179491924309567
-0.85566747130117
-1.65598897572744
-2.38393581559747
-3.0076932209327
-3.49999999999999
-3.8393399842038
-4.0108823879007
-4.00712998489728
-3.82824677321079
-3.48205080756894
-2.98367251290262
-2.35489341217342
-1.62319416929975
-0.820553552278089
0.0179491924309134
0.855667471301127
1.6559889757274
2.38393581559744
3.00769322093267
3.49999999999996
3.83933998420385
4.0108823879007
4.00712998489726
3.82824677321081
3.48205080756896
2.98367251290265
2.35489341217327
1.62319416929979
0.820553552278131
-0.017949192431099
-0.855667471301085
-1.65598897572736
-2.3839358155974
-3.00769322093265
-3.49999999999994
-3.83933998420384
-4.01088238790069
-4.00712998489726
-3.82824677321082
-3.48205080756887
-2.98367251290268
-2.35489341217349
-1.62319416929983
-0.820553552277949
0.0179491924310555
0.855667471301266
1.65598897572732
2.38393581559737
3.00769322093277
3.49999999999992
3.83933998420383
4.01088238790071
4.00712998489729
3.82824677321084
3.48205080756889
2.98367251290271
2.35489341217334
1.62319416929966
0.820553552277992
-0.0179491924310122
-0.855667471301
-1.65598897572728
-2.38393581559752
-3.00769322093274
-3.50000000000001
-3.83933998420381
-4.01088238790068
-4.00712998489727
-3.82824677321078
-3.48205080756891
-2.98367251290259
-2.35489341217356
-1.62319416929991
-0.820553552278034
0.0179491924309685
0.855667471301181
1.65598897572745
2.38393581559748
3.00769322093271
3.49999999999999
3.8393399842038
4.0108823879007
4.00712998489727
3.82824677321079
3.48205080756893
2.98367251290277
2.35489341217341
1.62319416929974
0.820553552278077
-0.0179491924311543
-0.855667471301363
-1.6559889757272
-2.38393581559745
-3.00769322093268
-3.49999999999997
-3.83933998420386
-4.0108823879007
-4.00712998489728
-3.82824677321081
-3.48205080756895
-2.98367251290264
-2.35489341217326
-1.62319416929978
-0.82055355227812
0.0179491924308817
0.855667471301096
1.65598897572737
2.38393581559741
3.00769322093281
3.50000000000006
3.83933998420377
4.01088238790069
4.00712998489726
3.82824677321082
3.48205080756886
2.98367251290267
2.35489341217348
1.62319416929982
0.820553552278162
-0.0179491924310675
-0.855667471301278
-1.65598897572733
-2.38393581559738
-3.00769322093278
-3.49999999999993
-3.83933998420383
-4.01088238790069
-4.00712998489726
-3.82824677321076
-3.482050807569
-2.9836725129027
-2.35489341217333
-1.62319416929986
-0.82055355227798
0.0179491924312529
0.855667471301011
1.65598897572729
2.38393581559734
3.00769322093275
3.50000000000002
3.83933998420382
4.01088238790069
4.00712998489727
3.82824677321085
3.4820508075689
2.98367251290258
2.35489341217337
1.62319416929969
0.820553552278023
-0.0179491924309807
-0.855667471301193
-1.65598897572725
-2.38393581559749
-3.00769322093287
-3.49999999999988
-3.8393399842038
-4.0108823879007
-4.00712998489727
-3.82824677321079
-3.48205080756881
-2.98367251290276
-2.3548934121734
-1.62319416929994
-0.820553552278066
0.0179491924311661
0.855667471301151
1.65598897572742
2.38393581559746
3.00769322093269
3.49999999999998
3.83933998420386
4.0108823879007
4.00712998489725
3.82824677321087
3.48205080756895
2.98367251290264
2.35489341217344
1.62319416929977
0.820553552277884
-0.0179491924308937
-0.855667471301108
-1.65598897572738
-2.38393581559742
-3.00769322093281
-3.49999999999996
-3.83933998420385
-4.0108823879007
-4.00712998489728
-3.82824677321081
-3.48205080756885
-2.98367251290267
-2.35489341217329
-1.62319416929981
-0.820553552278151
0.0179491924310793
0.855667471301065
1.65598897572734
2.38393581559757
3.00769322093263
3.49999999999993
3.83933998420383
4.01088238790069
4.00712998489726
3.82824677321076
3.48205080756888
2.98367251290269
2.35489341217351
1.62319416929985
0.820553552277969
-0.0179491924310358
-0.855667471301247
-1.6559889757273
-2.38393581559735
-3.00769322093276
-3.50000000000003
-3.83933998420382
-4.01088238790071
-4.00712998489729
-3.82824677321084
-3.4820508075689
-2.98367251290272
-2.35489341217336
-1.62319416929968
-0.820553552278011
0.0179491924309925
0.855667471301204
1.65598897572726
2.3839358155975
3.00769322093273
3.5
3.83933998420381
4.01088238790068
4.00712998489727
3.82824677321078
3.48205080756892
2.9836725129026
2.35489341217321
1.62319416929993
0.820553552278054
-0.0179491924309487
-0.855667471301162
-1.65598897572743
-2.38393581559747
-3.0076932209327
-3.49999999999998
-3.83933998420379
-4.0108823879007
-4.00712998489725
-3.8282467732108
-3.48205080756894
-2.98367251290278
-1.96410161513796
0.598076211353182
2.99999999999951
4.59807621135311
4.96410161513774
4.00000000000022
1.96410161513801
-0.598076211353129
-2.99999999999946
-4.59807621135331
-4.96410161513781
-4.00000000000025
-1.96410161513806
0.598076211352511
2.99999999999987
4.59807621135329
4.96410161513782
4.00000000000028
1.96410161513758
-0.598076211353022
-2.99999999999983
-4.59807621135304
-4.96410161513783
-3.99999999999997
-1.96410161513816
0.598076211352968
2.99999999999979
4.59807621135302
4.96410161513777
4
1.96410161513821
-0.598076211352914
-2.99999999999929
-4.59807621135322
-4.96410161513777
-4.00000000000038
-1.96410161513825
0.598076211353425
2.9999999999997
4.5980762113532
4.96410161513778
4.00000000000041
1.96410161513778
-0.598076211352808
-2.99999999999966
-4.59807621135318
-4.96410161513785
-4.0000000000001
-1.96410161513783
0.598076211352754
2.99999999999962
4.59807621135338
4.96410161513779
4.00000000000013
1.9641016151384
-0.598076211352701
-3.00000000000003
-4.59807621135314
-4.9641016151378
-4.00000000000017
-1.96410161513845
0.598076211353212
2.99999999999998
4.59807621135312
4.9641016151378
4.00000000000054
1.96410161513798
-0.598076211353158
-2.99999999999949
-4.5980762113531
-4.96410161513774
-4.00000000000023
-1.96410161513803
0.598076211353105
2.99999999999944
4.5980762113533
4.96410161513782
4.00000000000026
1.96410161513808
-0.598076211352487
-2.99999999999985
-4.59807621135328
-4.96410161513782
-4.0000000000003
-1.96410161513761
0.598076211352997
2.99999999999981
4.59807621135303
4.96410161513783
3.99999999999999
1.96410161513818
-0.598076211352944
-2.99999999999977
-4.59807621135301
-4.96410161513777
-4.00000000000002
-1.96410161513823
0.59807621135289
2.99999999999927
4.59807621135321
4.96410161513777
4.00000000000039
1.96410161513828
-0.598076211353401
-2.99999999999968
-4.59807621135319
-4.96410161513778
-4.00000000000042
-1.9641016151378
0.598076211352783
2.99999999999964
4.59807621135317
4.96410161513786
4.00000000000012
1.96410161513785
-0.59807621135273
-2.9999999999996
-4.59807621135337
-4.96410161513779
-4.00000000000015
-1.96410161513843
0.598076211352676
3.00000000000001
4.59807621135313
4.9641016151378
4.00000000000018
1.96410161513848
-0.598076211353187
-2.99999999999996
-4.59807621135311
-4.96410161513781
-4.00000000000055
-1.964101615138
0.598076211353133
2.99999999999947
4.59807621135309
4.96410161513775
4.00000000000025
1.96410161513805
-0.59807621135308
-2.99999999999942
-4.59807621135329
-4.96410161513775
-4.00000000000028
-1.9641016151381
0.598076211352462
2.99999999999984
4.59807621135327
4.96410161513783
4.00000000000031
1.96410161513763
-0.598076211352973
-2.99999999999979
-4.59807621135325
-4.96410161513783
-4
-1.9641016151382
0.598076211352919
2.99999999999975
4.598076211353
4.96410161513777
4.00000000000003
1.96410161513825
-0.598076211352866
-3.00000000000016
-4.5980762113532
-4.96410161513778
-4.00000000000041
-1.9641016151383
0.598076211353377
2.99999999999966
4.59807621135318
4.96410161513778
4.00000000000044
1.96410161513783
-0.598076211353323
-2.99999999999962
-4.59807621135316
-4.96410161513786
-4.00000000000013
-1.96410161513788
0.598076211352706
2.99999999999958
4.59807621135337
4.9641016151378
4.00000000000016
1.96410161513793
-0.598076211352652
-2.99999999999999
-4.59807621135312
-4.9641016151378
-4.0000000000002
-1.9641016151385
0.598076211353162
2.99999999999995
4.5980762113531
4.96410161513781
3.99999999999989
1.96410161513802
-0.598076211353109
-2.99999999999945
-4.59807621135308
-4.96410161513775
-4.00000000000026
-1.96410161513807
0.598076211353055
2.9999999999994
4.59807621135328
4.96410161513776
4.00000000000029
1.96410161513812
-0.598076211352438
-2.99999999999982
-4.59807621135326
-4.96410161513783
-4.00000000000033
-1.96410161513765
0.598076211352949
2.99999999999977
4.59807621135324
4.96410161513784
4.00000000000002
1.96410161513822
-0.598076211352895
-2.99999999999973
-4.59807621135299
-4.96410161513777
-4.00000000000005
-1.96410161513827
0.598076211352842
3.00000000000014
4.5980762113532
4.96410161513778
4.00000000000042
1.96410161513832
-0.598076211353353
-2.99999999999964
-4.59807621135317
-4.96410161513779
-4.00000000000045
-1.96410161513785
0.598076211353299
2.9999999999996
4.59807621135315
4.96410161513786
4.00000000000015
1.9641016151379
-0.598076211352681
-2.99999999999956
-4.59807621135336
-4.9641016151378
-4.00000000000018
-1.96410161513795
0.598076211352628
2.99999999999997
4.59807621135311
4.96410161513781
4.00000000000021
1.96410161513852
-0.598076211353138
-2.99999999999993
-4.59807621135309
-4.96410161513781
-3.9999999999999
-1.96410161513805
0.598076211353085
2.99999999999943
4.59807621135307
4.96410161513775
4.00000000000027
1.9641016151381
-0.598076211353031
-2.99999999999938
-4.59807621135327
-4.96410161513776
-4.00000000000031
-1.96410161513815
0.598076211352414
2.9999999999998
4.59807621135325
4.96410161513783
4.00000000000034
1.96410161513767
-0.598076211352924
-2.99999999999975
-4.59807621135323
-4.96410161513784
-4.00000000000003
-1.96410161513825
0.598076211352871
2.99999999999971
4.59807621135298
4.96410161513778
4.00000000000006
1.9641016151383
-0.598076211352817
-3.00000000000012
-4.59807621135319
-4.96410161513778
-4.00000000000044
-1.96410161513835
0.598076211353328
2.99999999999962
4.59807621135317
4.96410161513779
4.00000000000047
1.96410161513787
-0.598076211353275
-2.99999999999958
-4.59807621135314
-4.96410161513787
-4.00000000000016
-1.96410161513792
0.598076211352657
2.99999999999954
4.59807621135335
4.9641016151378
4.00000000000019
1.96410161513797
-0.598076211352603
-2.99999999999995
-4.5980762113531
-4.96410161513781
-4.00000000000022
-1.96410161513854
0.598076211353114
2.99999999999991
4.59807621135308
4.96410161513782
3.99999999999992
1.96410161513807
-0.598076211353061
-2.99999999999941
-4.59807621135306
-4.96410161513776
-4.00000000000029
-1.96410161513812
0.598076211353007
2.99999999999936
4.59807621135326
4.96410161513776
4.00000000000032
1.96410161513817
-0.59807621135239
-2.99999999999978
-4.59807621135324
-4.96410161513784
-4.00000000000035
-1.9641016151377
0.5980762113529
2.99999999999973
4.59807621135322
4.96410161513784
4.00000000000005
1.96410161513827
-0.598076211352847
-2.99999999999969
-4.59807621135297
7.50000000000011
8.66825087409639
8.65538450565747
7.60069057024798
5.89383051644697
4.03553390593298
2.46735579894517
1.43331154376679
0.923175039987746
0.715482114705092
0.499999999999991
0.0292467816293431
-0.761920914091549
-1.71660540010096
-2.51244077082007
-2.79289321881344
-2.32203403081807
-1.1015165365955
0.597904398716129
2.30585902963114
3.49999999999999
3.77889072147445
2.99705647422727
1.31272147505667
-0.868948974806794
-3.03553390593305
-4.73788717647433
-5.72868960032182
-6.01923203528293
-5.83638578902665
-5.50000000000001
-5.27114540178058
-5.23219203436272
-5.24668254627307
-5.01540172789986
-4.20710678118683
-2.61267756707277
-0.261433438279365
2.54802849764759
5.31800560177016
7.49999999999987
8.66825087409631
8.65538450565734
7.60069057024818
5.89383051644722
4.03553390593258
2.46735579894535
1.43331154376662
0.923175039987789
0.715482114705114
0.500000000000034
0.0292467816292004
-0.761920914091422
-1.71660540010117
-2.51244077081999
-2.79289321881345
-2.32203403081787
-1.10151653659571
0.597904398716531
2.30585902963148
3.49999999999989
3.77889072147439
2.99705647422698
1.31272147505694
-0.868948974807301
-3.03553390593278
-4.73788717647414
-5.72868960032173
-6.01923203528293
-5.83638578902669
-5.49999999999994
-5.27114540178059
-5.23219203436273
-5.24668254627306
-5.01540172789993
-4.20710678118656
-2.61267756707304
-0.261433438279729
2.54802849764824
5.31800560176981
7.50000000000026
8.66825087409644
8.65538450565742
7.60069057024785
5.8938305164468
4.03553390593282
2.46735579894505
1.43331154376672
0.923175039987719
0.715482114705078
0.499999999999963
0.0292467816292872
-0.761920914091628
-1.71660540010104
-2.51244077082012
-2.79289321881343
-2.32203403081799
-1.10151653659537
0.597904398716286
2.30585902963127
3.50000000000006
3.77889072147442
2.99705647422716
1.31272147505649
-0.86894897480699
-3.03553390593323
-4.73788717647445
-5.72868960032187
-6.01923203528293
-5.83638578902662
-5.49999999999999
-5.27114540178057
-5.23219203436273
-5.24668254627307
-5.01540172789982
-4.20710678118673
-2.61267756707259
-0.261433438279133
2.54802849764784
5.31800560177038
7.50000000000002
8.66825087409635
8.65538450565729
7.60069057024805
5.89383051644706
4.03553390593243
2.46735579894523
1.43331154376655
0.923175039987762
0.715482114705101
0.500000000000007
0.029246781629376
-0.761920914091503
-1.71660540010125
-2.51244077082004
-2.79289321881344
-2.3220340308178
-1.10151653659558
0.597904398716688
2.30585902963161
3.49999999999996
3.77889072147437
2.99705647422733
1.31272147505677
-0.868948974807498
-3.03553390593295
-4.73788717647426
-5.72868960032179
-6.01923203528293
-5.83638578902666
-5.49999999999991
-5.27114540178058
-5.23219203436273
-5.24668254627308
-5.01540172789989
-4.20710678118646
-2.61267756707287
-0.261433438279498
2.54802849764849
5.31800560177003
7.50000000000041
8.66825087409649
8.65538450565737
7.60069057024772
5.89383051644732
4.03553390593267
2.46735579894541
1.43331154376666
0.923175039987804
0.715482114705065
0.50000000000005
0.0292467816292321
-0.761920914091708
-1.71660540010112
-2.51244077082018
-2.79289321881345
-2.32203403081792
-1.10151653659523
0.597904398716442
2.3058590296314
3.50000000000013
3.7788907214744
2.99705647422705
1.31272147505704
-0.868948974807188
-3.03553390593268
-4.73788717647407
-5.7286896003217
-6.01923203528293
-5.83638578902671
-5.49999999999996
-5.27114540178055
-5.23219203436273
-5.24668254627306
-5.01540172789978
-4.20710678118662
-2.61267756707242
-0.261433438279861
2.54802849764809
5.31800560177061
7.50000000000017
8.66825087409641
8.65538450565745
7.60069057024792
5.89383051644757
4.03553390593227
2.46735579894559
1.43331154376649
0.923175039987846
0.715482114705086
0.49999999999998
0.0292467816293196
-0.761920914091583
-1.71660540010133
-2.51244077082009
-2.79289321881344
-2.32203403081772
-1.10151653659544
0.597904398716844
2.30585902963119
3.50000000000002
3.77889072147444
2.99705647422722
1.31272147505732
-0.868948974807695
-3.0355339059324
-4.73788717647438
-5.72868960032184
-6.01923203528293
-5.83638578902664
-5.5
-5.27114540178057
-5.23219203436274
-5.24668254627307
-5.01540172789985
-4.20710678118636
-2.61267756707269
-0.261433438279266
2.5480284976477
5.31800560177026
7.49999999999994
8.66825087409633
8.65538450565753
7.6006905702476
5.89383051644783
4.03553390593251
2.4673557989453
1.43331154376659
0.923175039987777
0.715482114705051
0.500000000000022
0.0292467816291766
-0.761920914091456
-1.71660540010121
-2.51244077082023
-2.79289321881345
-2.32203403081784
-1.10151653659565
0.597904398716598
2.30585902963098
3.5000000000002
3.77889072147447
2.99705647422693
1.3127214750576
-0.868948974807386
-3.03553390593285
-4.73788717647419
-5.72868960032176
-6.01923203528293
-5.83638578902668
-5.49999999999993
-5.27114540178054
-5.23219203436273
-5.24668254627306
-5.01540172789991
-4.20710678118652
-2.61267756707297
-0.26143343827963
2.5480284976473
5.31800560177083
7.4999999999997
8.66825087409646
8.6553845056574
7.6006905702478
5.89383051644741
4.03553390593276
2.46735579894548
1.43331154376642
0.92317503998782
0.715482114705072
-1.00000000000016
-1.39001751542771
-1.49698213645457
-1.29965173950218
-0.811641252945928
-0.0802731725805259
0.818040315118394
1.78543203413256
2.71247902668116
3.4893870020589
4.0173500003603
4.21895363034218
4.04658003153392
3.48796524058217
2.56833616355137
1.34888787287162
-0.0782801454288706
-1.59830289557566
-3.08399540373942
-4.40760805268995
-5.45276334448121
-6.12542390201145
-6.36283170757085
-6.13955208630098
-5.47003399599783
-4.4074337361851
-3.0388095681263
-1.47714484007632
0.149037066700975
1.70747109010905
3.07423238001542
4.14494687792043
4.84406278495083
5.13130574797208
5.00471610886202
4.49999999999972
3.68628482700806
2.65871870646123
1.52865865091882
0.412423957968645
-0.580273172580482
-1.35708141209168
-1.85189535066333
-2.03100706852752
-1.89593233475164
-1.48264999963992
-0.857348712093516
-0.109120811382021
0.659654850161163
1.34427095263702
1.84888787287174
2.09684158178121
2.03902448922072
1.65949069146929
0.9777112841209
0.0472366555186987
-1.04912155957568
-2.20713086465496
-3.31124169587984
-4.24596878508317
-4.90743373618532
-5.21393129533597
-5.11447222487264
-4.59444902850762
-3.67784824670205
-2.42576761998457
-0.931355464515277
0.688361942034844
2.30299535755111
3.78065089794771
4.99999999999991
5.86140655421813
6.29604609125751
6.27214474612732
5.79774329477945
4.91972682741947
3.71922093034417
2.30380549225259
0.797303321893734
-0.671867123837018
-1.98264999964001
-3.03247043930334
-3.74644819617818
-4.08383124504741
-4.04104838417372
-3.65111212712844
-2.97946076065459
-2.11667635369528
-1.16881969895159
-0.246353926793713
0.547236655519008
1.1260001676343
1.4301965201412
1.4322443993286
1.13935055172765
0.592566263814591
-0.137628952899982
-0.958771381956635
-1.76613863808647
-2.45378303578741
-2.92576761998457
-3.10647719172526
-2.9489654427612
-2.44049073765736
-1.60466843886347
-0.499999999999654
0.785104211782048
2.14034524834186
3.44383435570606
4.57367808386507
5.41972682741963
5.894342657554
5.9411328770487
5.54078941710206
4.71345221297377
3.51735000036028
2.04383190313208
0.409252646738034
-1.25552085462648
-2.81698317325886
-4.15111212712852
-5.15458248786448
-5.75400373849128
-5.91230579416035
-5.63167326360424
-4.95276334448123
-3.95030217480139
-2.72550432277455
-1.39606599109235
-0.0847146591868659
1.09256626381462
2.03749277430974
2.67855600283943
2.97734745712181
2.93153630102364
2.57423238001515
1.96982515071081
1.20673540015455
0.387819652763691
-0.38060322794896
-1.00000000000003
-1.39001751542769
-1.49698213645454
-1.29965173950212
-0.811641252946011
-0.0802731725802781
0.81804031511823
1.7854320341329
2.71247902668097
3.48938700205909
4.01735000036014
4.2189536303422
4.04658003153384
3.48796524058227
2.56833616355138
1.3488878728718
-0.0782801454287896
-1.59830289557547
-3.08399540373932
-4.4076080526898
-5.45276334448142
-6.1254239020114
-6.36283170757088
-6.13955208630104
-5.47003399599771
-4.40743373618526
-3.03880956812608
-1.47714484007653
0.149037066700764
1.70747109010886
3.07423238001526
4.14494687792061
4.84406278495075
5.13130574797218
5.00471610886204
4.49999999999987
3.68628482700816
2.65871870646139
1.52865865091895
0.412423957968388
-0.58027317258037
-1.35708141209182
-1.85189535066339
-2.03100706852749
-1.89593233475165
-1.48264999963975
-0.85734871209358
-0.109120811382235
0.659654850161095
1.34427095263683
1.84888787287171
2.0968415817811
2.03902448922076
1.6594906914691
0.977711284121005
0.0472366555187973
-1.04912155957555
-2.20713086465481
-3.31124169588015
-4.24596878508301
-4.90743373618556
-5.21393129533597
-5.11447222487272
-4.59444902850773
-3.67784824670182
-2.42576761998475
-0.931355464515484
0.688361942034631
2.3029953575509
3.78065089794753
4.99999999999977
5.86140655421804
6.29604609125752
6.27214474612735
5.79774329477952
4.91972682741923
3.71922093034427
2.30380549225233
0.797303321893825
-0.67186712383721
-1.98264999963998
-3.03247043930338
-3.74644819617824
-4.08383124504737
-4.04104838417386
-3.65111212712849
-2.97946076065448
-2.11667635369538
-1.16881969895177
-0.24635392679381
0.547236655518902
1.12600016763425
1.4301965201412
1.43224439932861
1.13935055172753
0.592566263814656
-0.137628952900206
-0.958771381956874
-1.76613863808669
-2.45378303578736
-2.9257676199847
-3.10647719172528
-2.94896544276125
-2.44049073765746
-1.6046684388636
-0.49999999999981
0.78510421178188
2.14034524834169
3.44383435570636
4.57367808386495
5.41972682741955
5.89434265755398
5.94113287704873
5.54078941710194
4.71345221297391
3.51735000035999
2.04383190313228
0.409252646737668
-1.25552085462627
-2.81698317325931
-4.15111212712836
-5.15458248786448
-5.75400373849122
-5.91230579416042
-5.63167326360429
-4.95276334448136
-3.95030217480152
-2.72550432277468
-1.39606599109251
-0.0847146591869543
1.09256626381485
2.03749277430974
2.67855600283939
2.97734745712194
2.9315363010234
2.57423238001533
1.96982515071046
1.20673540015476
0.387819652763771
-0.380603227948786
-0.999999999999981
-1.3900175154277
-1.49698213645456
-1.29965173950215
-0.811641252945857
-0.0802731725804069
0.818040315118126
1.78543203413271
2.71247902668088
3.48938700205941
4.01735000036012
4.21895363034238
4.04658003153379
3.48796524058227
2.56833616355153
1.34888787287151
-0.0782801454285966
-1.59830289557527
-3.08399540373914
-4.40760805268965
-5.45276334448134
-6.12542390201134
-6.36283170757086
-6.13955208630094
-5.47003399599776
-4.40743373618542
-3.03880956812564
-1.47714484007674
0.149037066701118
1.70747109010866
3.07423238001552
4.14494687792048
4.84406278495083
5.13130574797215
5.00471610886204
4.49999999999994
3.68628482700832
2.65871870646111
1.5286586509191
0.412423957968516
-0.580273172580294
-1.35708141209173
-1.85189535066342
-2.03100706852747
-1.89593233475179
-1.48264999963958
-0.857348712093781
-0.109120811381863
0.659654850161316
1.34427095263715
1.84888787287168
2.09684158178127
2.0390244892208
1.65949069146918
0.977711284121109
0.047236655518923
-1.04912155957582
-2.20713086465467
-3.31124169588004
-4.24596878508323
-4.90743373618552
-5.21393129533587
-5.11447222487278
-4.5944490285077
-3.67784824670173
-2.42576761998479
-0.931355464515278
0.688361942035124
2.30299535755113
3.78065089794746
5
5.86140655421802
6.29604609125749
6.27214474612739
5.7977432947796
4.91972682741932
3.71922093034444
2.30380549225244
0.797303321893487
-0.671867123837143
-1.98264999963982
-3.03247043930369
-3.74644819617815
-4.08383124504736
-4.04104838417387
-3.65111212712832
-2.97946076065456
-2.11667635369513
-1.16881969895187
-0.246353926793583
0.547236655518823
1.12600016763419
1.43019652014123
1.43224439932862
1.13935055172757
0.59256626381472
-0.137628952900128
-0.958771381956793
-1.76613863808662
-2.45378303578731
-2.92576761998482
-3.10647719172529
-2.94896544276121
-2.44049073765733
-1.60466843886339
-0.499999999999966
0.785104211782187
2.14034524834153
3.44383435570623
4.57367808386483
5.41972682741944
5.89434265755406
5.94113287704868
5.54078941710203
4.71345221297358
3.51735000036017
2.04383190313235
0.409252646737886
-1.25552085462619
-2.8169831732595
-4.15111212712832
-5.15458248786453
-5.75400373849138
-5.91230579416031
-5.6316732636044
-4.95276334448114
-3.95030217480166
-2.72550432277484
-1.39606599109263
-0.0847146591871137
1.09256626381471
2.03749277430963
2.67855600283931
2.9773474571219
2.93153630102341
2.57423238001536
1.96982515071025
1.20673540015483
0.387819652763419
-0.380603227948717
-1.00000000000022
-1.39001751542768
-1.4969821364546
-1.29965173950219
-0.811641252945929
-0.0802731725805006
0.818040315118022
1.78543203413297
2.71247902668079
3.48938700205923
4.01735000036009
4.21895363034226
4.04658003153386
3.48796524058224
2.56833616355167
1.34888787287122
-0.0782801454284034
-1.59830289557562
-3.08399540373896
-4.40760805268992
-5.45276334448123
-6.12542390201146
-6.36283170757087
-6.139552086301
-5.47003399599787
-4.40743373618548
-3.03880956812583
-1.47714484007626
0.149037066700343
1.70747109010861
3.07423238001535
4.1449468779205
4.84406278495092
5.13130574797214
5.00471610886196
4.5000000000001
3.68628482700801
2.65871870646124
1.52865865091881
0.41242395796902
-0.580273172580467
-1.35708141209165
-1.85189535066337
-2.03100706852745
-1.89593233475169
-1.48264999963984
-0.857348712093845
-0.109120811381935
0.659654850161107
1.34427095263734
1.84888787287137
2.09684158178127
2.03902448922074
1.65949069146914
0.977711284120873
0.0472366555186805
-1.04912155957528
-2.20713086465498
-3.31124169587987
-4.24596878508314
-4.90743373618557
-5.21393129533598
-5.11447222487271
-4.5944490285078
-3.67784824670174
-2.4257676199845
-0.931355464514795
0.688361942034336
2.30299535755105
3.78065089794728
5.00000000000024
5.86140655421816
6.29604609125746
6.27214474612742
5.79774329477944
4.91972682741945
3.71922093034413
2.3038054922521
0.79730332189368
-0.67186712383696
-1.98264999963966
-3.03247043930357
-3.74644819617824
-4.0838312450473
-4.04104838417388
-3.65111212712837
-2.97946076065463
-2.11667635369488
-1.16881969895162
-0.246353926793679
0.547236655518744
1.1260001676343
1.43019652014121
1.43224439932861
1.13935055172777
0.592566263814535
-0.137628952900049
-0.958771381956588
-1.76613863808685
-2.45378303578735
4.9641016151379
4.00000000000035
1.96410161513874
-0.598076211352905
-3.00000000000019
-4.59807621135277
-4.96410161513784
-4.00000000000072
-1.96410161513826
0.598076211353416
2.99999999999969
4.59807621135298
4.96410161513792
4.00000000000042
1.96410161513779
-0.598076211352798
-2.9999999999992
-4.59807621135273
-4.96410161513785
-4.00000000000011
-1.96410161513836
0.598076211353309
2.9999999999987
4.59807621135293
4.96410161513779
4.00000000000048
1.96410161513789
-0.598076211351562
-2.99999999999911
-4.59807621135314
-4.96410161513787
-4.00000000000017
-1.96410161513742
0.598076211352073
2.99999999999952
4.59807621135289
4.96410161513781
3.99999999999986
1.96410161513903
-0.598076211352584
-2.99999999999902
-4.59807621135309
-4.96410161513774
-4.00000000000024
-1.96410161513856
0.598076211351966
2.99999999999944
4.5980762113533
4.96410161513782
4.00000000000061
1.96410161513913
-0.598076211352477
-2.99999999999985
-4.59807621135305
-4.96410161513776
-4.00000000000098
-1.96410161513866
0.598076211352988
2.99999999999935
4.59807621135325
4.96410161513797
4.00000000000068
1.96410161513819
-0.59807621135237
-2.99999999999976
-4.59807621135346
-4.96410161513791
-4.00000000000037
-1.96410161513876
0.598076211352881
3.00000000000017
4.59807621135276
4.96410161513784
4.00000000000074
1.96410161513829
-0.598076211353391
-2.99999999999967
-4.59807621135297
-4.96410161513792
-4.00000000000043
-1.96410161513781
0.598076211352773
2.99999999999918
4.59807621135272
4.96410161513786
4.00000000000012
1.96410161513839
-0.598076211353284
-2.99999999999868
-4.59807621135292
-4.9641016151378
-4.0000000000005
-1.96410161513791
0.598076211351538
2.99999999999909
4.59807621135313
4.96410161513787
4.00000000000019
1.96410161513744
-0.598076211352049
-2.9999999999995
-4.59807621135288
-4.96410161513781
-3.99999999999988
-1.96410161513906
0.598076211352559
2.999999999999
4.59807621135308
4.96410161513775
4.00000000000025
1.96410161513858
-0.598076211351942
-2.99999999999942
-4.59807621135329
-4.96410161513782
-4.00000000000062
-1.96410161513916
0.598076211352452
2.99999999999983
4.59807621135304
4.96410161513776
4.000000000001
1.96410161513868
-0.598076211352963
-2.99999999999933
-4.59807621135324
-4.96410161513797
-4.00000000000069
-1.96410161513821
0.598076211352346
2.99999999999974
4.59807621135345
4.96410161513791
4.00000000000038
1.96410161513878
-0.598076211352856
-3.00000000000015
-4.5980762113532
-4.96410161513785
-4.00000000000075
-1.96410161513831
0.598076211353367
2.99999999999965
4.59807621135296
4.96410161513792
4.00000000000044
1.96410161513784
-0.598076211352749
-3.00000000000007
-4.59807621135271
-4.96410161513786
-4.00000000000014
-1.96410161513841
0.59807621135326
2.99999999999866
4.59807621135291
4.9641016151378
4.00000000000051
1.96410161513793
-0.598076211353771
-2.99999999999907
-4.59807621135312
-4.96410161513787
-4.0000000000002
-1.96410161513746
0.598076211352024
2.99999999999948
4.59807621135287
4.96410161513781
3.99999999999989
1.96410161513803
-0.598076211352535
-2.99999999999898
-4.59807621135307
-4.96410161513775
-4.00000000000027
-1.96410161513861
0.598076211351917
2.9999999999994
4.59807621135328
4.96410161513782
3.99999999999996
1.96410161513918
-0.598076211352428
-2.99999999999981
-4.59807621135303
-4.96410161513776
-4.00000000000101
-1.96410161513871
0.598076211352939
2.99999999999931
4.59807621135323
4.9641016151377
4.0000000000007
1.96410161513823
-0.598076211352321
-2.99999999999972
-4.59807621135344
-4.96410161513791
-4.0000000000004
-1.9641016151388
0.598076211352832
3.00000000000013
4.59807621135319
4.96410161513785
4.00000000000077
1.96410161513833
-0.598076211353343
-2.99999999999964
-4.59807621135295
-4.96410161513792
-4.00000000000046
-1.96410161513786
0.598076211352725
3.00000000000005
4.5980762113527
4.96410161513786
4.00000000000015
1.96410161513843
-0.598076211353236
-2.99999999999864
-4.59807621135291
-4.9641016151378
-4.00000000000052
-1.96410161513796
0.598076211353747
2.99999999999905
4.59807621135311
4.96410161513788
4.00000000000022
1.96410161513748
-0.598076211352
-2.99999999999946
-4.59807621135286
-4.96410161513781
-3.99999999999991
-1.96410161513806
-4.01088238790066
-4.0071299848973
-3.82824677321086
-3.48205080756892
-2.9836725129026
-2.35489341217358
-1.62319416929993
-0.820553552278058
0.0179491924311739
0.855667471301382
1.65598897572763
2.38393581559709
3.00769322093254
3.49999999999987
3.83933998420379
4.0108823879007
4.0071299848973
3.82824677321087
3.48205080756894
2.98367251290263
2.35489341217325
1.62319416929955
0.8205535522781
-0.0179491924311304
-0.855667471300892
-1.65598897572718
-2.38393581559743
-3.00769322093251
-3.49999999999985
-3.83933998420378
-4.0108823879007
-4.00712998489726
-3.82824677321074
-3.48205080756896
-2.98367251290266
-2.35489341217328
-1.62319416929959
-0.820553552278143
0.017949192430629
0.855667471300849
1.65598897572714
2.38393581559739
3.00769322093279
3.50000000000005
3.83933998420377
4.01088238790069
4.00712998489726
3.82824677321075
3.48205080756876
2.983672512903
2.35489341217369
1.62319416930005
0.820553552278185
-0.0179491924310435
-0.855667471301255
-1.6559889757271
-2.38393581559736
-3.00769322093276
-3.50000000000003
-3.83933998420389
-4.01088238790069
-4.00712998489727
-3.82824677321091
-3.48205080756901
-2.98367251290272
-2.35489341217335
-1.62319416930009
-0.820553552278228
0.0179491924310002
0.855667471301212
1.65598897572748
2.38393581559732
3.00769322093273
3.50000000000001
3.83933998420388
4.01088238790068
4.00712998489727
3.82824677321092
3.48205080756903
2.98367251290275
2.35489341217339
1.62319416929971
0.82055355227827
-0.0179491924309567
-0.85566747130117
-1.65598897572744
-2.38393581559766
-3.00769322093301
-3.49999999999976
-3.83933998420373
-4.01088238790068
-4.00712998489728
-3.82824677321079
-3.48205080756905
-2.98367251290278
-2.35489341217342
-1.62319416929975
-0.820553552277864
0.0179491924313719
0.855667471301127
1.65598897572698
2.38393581559725
3.00769322093267
3.49999999999996
3.83933998420371
4.01088238790067
4.00712998489728
3.82824677321081
3.48205080756884
2.9836725129025
2.35489341217346
1.62319416929979
0.820553552277907
-0.0179491924308699
-0.855667471301085
-1.65598897572694
-2.38393581559722
-3.00769322093265
-3.49999999999994
-3.83933998420384
-4.01088238790072
-4.00712998489729
-3.82824677321082
-3.48205080756887
-2.98367251290253
-2.35489341217312
-1.62319416930025
-0.820553552278398
0.0179491924308264
0.855667471301043
1.65598897572732
2.38393581559755
3.00769322093262
3.49999999999992
3.83933998420383
4.01088238790071
4.00712998489724
3.82824677321084
3.48205080756912
2.98367251290286
2.35489341217353
1.62319416929987
0.820553552277992
-0.0179491924307829
-0.855667471301
-1.65598897572728
-2.38393581559752
-3.00769322093289
-3.4999999999999
-3.83933998420381
-4.01088238790071
-4.0071299848973
-3.82824677321085
-3.48205080756891
-2.98367251290289
-2.35489341217356
-1.62319416929991
-0.820553552278034
0.0179491924311976
0.855667471300958
1.65598897572724
2.38393581559748
3.00769322093286
3.50000000000011
3.8393399842038
4.01088238790066
4.0071299848973
3.82824677321086
3.48205080756893
2.98367251290261
2.3548934121736
1.62319416929995
0.820553552278077
-0.0179491924311543
-0.855667471301363
-1.65598897572762
-2.38393581559708
-3.00769322093253
-3.49999999999986
-3.83933998420379
-4.0108823879007
-4.0071299848973
-3.82824677321088
-3.48205080756895
-2.98367251290264
-2.35489341217326
-1.62319416929957
-0.82055355227812
0.0179491924311108
0.855667471300873
1.65598897572716
2.38393581559741
3.0076932209325
3.49999999999984
3.83933998420377
4.01088238790069
4.00712998489726
3.82824677321075
3.48205080756897
2.98367251290267
2.3548934121733
1.62319416929961
0.820553552278162
-0.017949192430609
-0.85566747130083
-1.65598897572712
-2.38393581559738
-3.00769322093278
-3.50000000000004
-3.83933998420376
-4.01088238790069
-4.00712998489726
-3.82824677321076
-3.48205080756877
-2.98367251290301
-2.3548934121737
-1.62319416930007
-0.820553552278205
0.017949192431024
0.855667471301236
1.65598897572708
2.38393581559734
3.00769322093275
3.50000000000002
3.83933998420389
4.01088238790069
4.00712998489727
3.82824677321092
3.48205080756902
2.98367251290273
2.35489341217337
1.62319416930011
0.820553552278247
-0.0179491924309807
-0.855667471301193
-1.65598897572746
-2.38393581559731
-3.00769322093272
-3.5
-3.83933998420387
-4.01088238790068
-4.00712998489727
-3.82824677321093
-3.48205080756904
-2.98367251290276
-2.3548934121734
-1.62319416929973
-0.82055355227829
0.0179491924309372
0.855667471301151
1.65598897572742
2.38393581559764
3.007693220933
3.49999999999975
3.83933998420372
4.01088238790068
4.00712998489728
3.8282467732108
3.48205080756906
2.98367251290279
2.35489341217344
1.62319416929977
0.820553552277884
-0.0179491924313517
-0.855667471301108
-1.65598897572696
-2.38393581559724
-3.00769322093266
-3.49999999999996
-3.83933998420371
-4.01088238790067
-4.00712998489728
-3.82824677321081
-3.48205080756885
-2.98367251290251
-2.35489341217347
-1.62319416929981
-0.820553552277926
0.0179491924308501
0.855667471301065
1.65598897572692
2.3839358155972
3.00769322093263
3.49999999999993
3.83933998420383
4.01088238790071
4.00712998489729
3.82824677321083
3.48205080756888
2.98367251290254
2.35489341217314
1.62319416930027
0.820553552278418
-0.0179491924308066
-0.855667471301023
-1.6559889757273
-2.38393581559754
-3.0076932209326
-3.49999999999991
-3.83933998420382
-4.01088238790071
-4.00712998489724
-3.82824677321084
-3.48205080756913
-2.98367251290288
-2.35489341217354
-1.62319416929989
-0.820553552278011
0.0179491924307633
0.855667471300981
1.65598897572726
2.3839358155975
3.00769322093288
3.49999999999989
3.83933998420381
4.0108823879007
4.0071299848973
3.82824677321086
3.48205080756892
2.98367251290291
2.35489341217358
1.62319416929993
0.820553552278054
-0.0179491924311779
-0.855667471300938
-1.65598897572722
-2.38393581559747
-3.00769322093285
-3.5000000000001
-3.83933998420379
-4.01088238790065
-4.0071299848973
-3.82824677321087
-3.48205080756894
-2.98367251290263
-2.35489341217361
-1.62319416929997
-0.820553552278096
0.0179491924311346
0.855667471301344
1.6559889757276
2.38393581559706
3.00769322093252
3.49999999999985
3.83933998420378
4.0108823879007
4.00712998489731
3.82824677321088
3.48205080756896
2.98367251290266
2.35489341217328
1.62319416929959
0.820553552278139
-0.0179491924310911
-0.855667471300853
-1.65598897572714
-2.3839358155974
-3.00769322093249
-3.49999999999983
-3.83933998420377
-4.01088238790069
-4.00712998489726
-3.82824677321075
-3.48205080756899
-2.98367251290269
-2.35489341217331
-1.62319416929963
-0.820553552278181
0.0179491924305895
0.855667471300811
1.6559889757271
2.38393581559736
3.00769322093276
3.50000000000003
3.83933998420375
4.01088238790069
4.00712998489727
3.82824677321077
3.48205080756878
2.98367251290302
2.35489341217372
1.62319416930009
0.820553552278224
-0.017949192431004
-0.855667471301216
-1.65598897572706
-2.38393581559733
-3.00769322093273
-3.50000000000001
-3.83933998420388
-4.01088238790068
-4.00712998489727
-3.82824677321092
-3.48205080756903
-2.98367251290274
-2.35489341217338
-1.62319416930013
-0.820553552278267
0.0179491924309607
0.855667471301174
1.65598897572744
2.38393581559766
3.00769322093271
3.49999999999999
3.83933998420387
4.01088238790068
4.00712998489728
3.82824677321094
3.48205080756905
2.98367251290277
2.35489341217342
1.62319416929975
0.82055355227786
-0.0179491924309172
-0.855667471301131
-1.6559889757274
-2.38393581559763
-3.00769322093298
-3.49999999999974
-3.83933998420371
-4.01088238790067
-4.00712998489728
-3.82824677321081
-3.48205080756884
-2.9836725129028
-2.35489341217345
-1.62319416929979
-0.820553552277903
0.0179491924313322
0.855667471301089
1.65598897572694
2.38393581559722
3.00769322093265
3.49999999999994
3.83933998420384
4.01088238790067
4.00712998489729
3.82824677321082
3.48205080756886
2.98367251290252
2.35489341217349
1.62319416929983
0.820553552277945
-0.0179491924308304
-0.855667471301046
-1.65598897572732
-2.38393581559719
-3.00769322093262
-3.49999999999992
-3.83933998420383
-4.01088238790071
-4.00712998489729
-3.82824677321083
-3.48205080756888
-2.98367251290255
-2.35489341217315
-1.62319416929987
-0.820553552278437
0.0179491924307869
0.855667471301004
1.65598897572728
2.38393581559752
3.00769322093259
3.4999999999999
3.83933998420381
4.01088238790071
4.00712998489724
3.8282467732107
3.48205080756914
2.98367251290289
2.35489341217356
1.62319416929991
0.820553552278031
-0.0179491924307436
-0.855667471300961
-1.65598897572724
-2.38393581559749
-3.00769322093287
-3.50000000000011
-3.8393399842038
-4.0108823879007
-4.0071299848973
-3.82824677321086
-3.48205080756893
-2.98367251290292
-2.3548934121736
-1.62319416929995
-0.820553552278073
0.0179491924311583
0.855667471301367
1.6559889757272
2.38393581559745
3.00769322093284
3.50000000000009
3.83933998420379
4.01088238790065
4.0071299848973
3.82824677321088
3.48205080756895
2.98367251290264
2.35489341217326
1.62319416929999
0.820553552278116
-0.017949192431115
-0.855667471301324
-1.65598897572758
-2.38393581559705
-3.0076932209325
-3.49999999999984
-3.83933998420377
-4.01088238790069
-4.00712998489726
-3.82824677321089
-3.48205080756897
-2.98367251290267
-2.35489341217329
-1.62319416929961
-0.820553552278158
0.0179491924310713
0.855667471300834
1.65598897572712
2.38393581559738
3.00769322093278
3.49999999999982
3.83933998420376
4.01088238790069
4.00712998489726
3.82824677321076
3.48205080756899
2.9836725129027
2.35489341217333
1.62319416929965
0.820553552278201
-0.017949192431028
-0.855667471300792
-1.65598897572708
-2.38393581559735
-3.00769322093275
-3.50000000000002
-3.83933998420375
-4.01088238790069
-4.00712998489727
-3.82824677321077
-3.48205080756879
-2.98367251290242
-2.35489341217374
-1.6231941693001
-0.820553552278243
0.0179491924309845
0.855667471301197
1.65598897572704
2.38393581559731
3.00769322093272
3.5
3.83933998420387
4.01088238790073
4.00712998489727
3.82824677321093
3.48205080756904
2.98367251290276
2.3548934121734
1.62319416930014
0.820553552278286
-0.0179491924309412
-0.855667471301154
-1.65598897572742
-2.38393581559764
-3.00769322093269
-3.49999999999998
-3.83933998420386
-4.01088238790068
-4.00712998489728
-3.82824677321094
-3.48205080756906
-2.98367251290279
-2.35489341217344
-1.62319416929976
-0.82055355227788
0.0179491924308977
0.855667471301112
1.65598897572738
2.38393581559761
3.00769322093297
3.49999999999973
3.83933998420371
4.01088238790067
4.00712998489728
3.82824677321081
3.48205080756885
2.98367251290282
2.35489341217347
1.6231941692998
0.820553552277922
-0.0179491924313122
-0.855667471301069
-1.65598897572692
-2.38393581559721
-3.00769322093263
-3.49999999999994
-3.83933998420384
-4.01088238790067
-4.00712998489729
-3.82824677321083
-3.48205080756887
-2.98367251290254
-2.35489341217351
-1.62319416929984
-0.820553552277965
0.0179491924308106
0.855667471301027
1.6559889757273
2.38393581559717
3.00769322093261
3.49999999999991
3.83933998420382
4.01088238790071
4.00712998489729
3.82824677321084
3.4820508075689
2.98367251290257
2.35489341217317
1.62319416929988
0.820553552278456
-0.0179491924307671
-0.855667471300985
-1.65598897572726
-2.3839358155975
-3.00769322093258
-3.49999999999989
-3.83933998420381
-4.01088238790071
-4.00712998489725
-3.82824677321071
-3.48205080756915
-2.9836725129029
-2.35489341217358
-1.62319416929992
-0.82055355227805
0.0179491924307238
0.855667471300942
1.65598897572722
2.38393581559747
3.00769322093285
3.5000000000001
3.8393399842038
4.0108823879007
4.0071299848973
3.82824677321087
3.48205080756894
2.98367251290293
2.35489341217361
1.62319416929996
0.820553552278092
-0.0179491924311386
-0.855667471301347
-1.65598897572718
-2.38393581559743
-3.00769322093282
-3.50000000000008
-3.83933998420378
-4.01088238790065
-4.00712998489731
-3.82824677321088
-3.48205080756896
-2.98367251290265
-2.35489341217327
-1.6231941693
-0.820553552278135
0.0179491924310951
0.855667471301305
1.65598897572756
2.38393581559703
3.00769322093249
3.49999999999983
3.83933998420377
4.01088238790069
4.00712998489726
3.8282467732109
3.48205080756898
2.98367251290268
2.35489341217331
1.62319416929962
0.820553552278178
-0.0179491924310515
-0.855667471300815
-1.6559889757271
-2.38393581559736
-3.00769322093277
-3.49999999999981
-3.83933998420376
-4.01088238790069
-4.00712998489727
-3.82824677321077
-3.482050807569
-2.98367251290271
-2.35489341217335
-1.62319416929966
-0.82055355227822
0.0179491924310082
0.855667471300772
1.65598897572707
2.38393581559733
3.00769322093274
3.50000000000001
3.83933998420374
4.01088238790068
4.00712998489727
3.82824677321078
3.4820508075688
2.98367251290243
2.35489341217375
1.62319416930012
0.820553552278263
-0.0179491924309647
8.66825087409666
8.65538450565762
7.60069057024834
5.89383051644811
4.03553390593214
2.46735579894502
1.43331154376643
0.923175039987936
0.715482114705074
0.499999999999956
0.0292467816292725
-0.761920914091652
-1.71660540010107
-2.51244077082014
-2.79289321881346
-2.32203403081797
-1.10151653659588
0.597904398717627
2.30585902963075
3.4999999999998
3.77889072147451
2.99705647422666
1.31272147505644
-0.868948974806229
-3.03553390593183
-4.73788717647448
-5.72868960032189
-6.01923203528293
-5.83638578902661
-5.49999999999998
-5.27114540178056
-5.23219203436273
-5.24668254627307
-5.01540172789998
-4.2071067811867
-2.61267756707327
-0.261433438280027
2.54802849764687
5.31800560177138
7.50000000000069
8.66825087409616
8.6553845056577
7.60069057024749
5.89383051644701
4.03553390593238
2.46735579894615
1.43331154376653
0.923175039987754
0.715482114705096
0.499999999999999
0.02924678162936
-0.761920914091526
-1.71660540010094
-2.51244077082006
-2.79289321881347
-2.32203403081746
-1.10151653659609
0.597904398716084
2.30585902963054
3.50000000000026
3.77889072147436
2.99705647422684
1.31272147505818
-0.868948974807555
-3.035533905933
-4.73788717647429
-5.7286896003218
-6.01923203528293
-5.83638578902665
-5.50000000000002
-5.27114540178058
-5.23219203436272
-5.24668254627304
-5.01540172790005
-4.20710678118686
-2.61267756707354
-0.261433438278472
2.54802849764856
5.31800560176917
7.4999999999992
8.6682508740965
8.65538450565735
7.60069057024769
5.89383051644727
4.03553390593262
2.46735579894538
1.43331154376664
0.923175039987796
0.715482114705119
0.500000000000042
0.0292467816294479
-0.7619209140914
-1.71660540010081
-2.5124407708204
-2.79289321881342
-2.32203403081821
-1.1015165365963
0.597904398717135
2.30585902963144
3.50000000000015
3.77889072147458
2.99705647422701
1.31272147505699
-0.868948974807245
-3.03553390593273
-4.7378871764741
-5.72868960032172
-6.01923203528293
-5.8363857890267
-5.50000000000006
-5.2711454017805
-5.23219203436272
-5.24668254627308
-5.01540172790011
-4.20710678118617
-2.61267756707237
-0.261433438278836
2.54802849764608
5.31800560177067
7.50000000000021
8.66825087409642
8.65538450565743
7.60069057024789
5.89383051644753
4.03553390593287
2.46735579894556
1.43331154376674
0.923175039987615
0.71548211470514
0.500000000000085
0.0292467816295356
-0.761920914091937
-1.71660540010136
-2.51244077081989
-2.79289321881349
-2.3220340308177
-1.10151653659541
0.597904398716889
2.30585902963123
3.50000000000004
3.77889072147443
2.99705647422719
1.31272147505727
-0.868948974806935
-3.03553390593245
-4.73788717647392
-5.72868960032163
-6.01923203528293
-5.83638578902651
-5.49999999999988
-5.27114540178062
-5.23219203436272
-5.24668254627305
-5.01540172789984
-4.20710678118633
-2.61267756707409
-0.261433438279199
2.54802849764777
5.31800560177032
7.49999999999998
8.66825087409634
8.65538450565751
7.60069057024809
5.89383051644778
4.03553390593311
2.46735579894479
1.43331154376684
0.923175039987881
0.715482114705163
0.499999999999901
0.0292467816291611
-0.761920914091811
-1.71660540010055
-2.51244077082024
-2.79289321881344
-2.32203403081782
-1.10151653659561
0.597904398716643
2.30585902963102
3.49999999999994
3.77889072147447
2.99705647422737
1.31272147505609
-0.868948974806624
-3.03553390593218
-4.73788717647373
-5.72868960032199
-6.01923203528293
-5.83638578902678
-5.50000000000015
-5.27114540178054
-5.23219203436273
-5.24668254627306
-5.0154017278999
-4.20710678118649
-2.61267756707292
-0.261433438279563
2.54802849764737
5.31800560176997
7.49999999999974
8.66825087409626
8.65538450565759
7.60069057024829
5.89383051644669
4.03553390593207
2.46735579894592
1.43331154376695
0.9231750399877
0.715482114705069
0.499999999999944
0.0292467816292485
-0.761920914091686
-1.7166054001011
-2.51244077082016
-2.79289321881345
-2.32203403081794
-1.10151653659582
0.597904398716397
2.30585902963081
3.49999999999983
3.77889072147432
2.99705647422661
1.31272147505782
-0.868948974806314
-3.03553390593335
-4.73788717647453
-5.72868960032191
-6.01923203528293
-5.8363857890266
-5.49999999999997
-5.27114540178056
-5.23219203436273
-5.24668254627307
-5.01540172789996
-4.20710678118665
-2.61267756707319
-0.261433438279927
2.54802849764906
5.31800560176962
7.4999999999995
8.66825087409618
8.65538450565725
7.60069057024743
5.89383051644694
4.0355339059336
2.46735579894515
1.43331154376651
0.923175039987743
0.715482114705091
0.499999999999987
0.0292467816293356
-0.761920914091561
-1.71660540010097
-2.51244077082008
-2.79289321881341
-2.32203403081806
-1.10151653659603
0.59790439871615
2.30585902963171
3.50000000000029
3.77889072147453
2.99705647422772
1.31272147505664
-0.868948974807639
-3.03553390593308
-4.73788717647434
-5.72868960032183
-6.01923203528293
-5.83638578902664
-5.50000000000001
-5.27114540178058
-5.23219203436272
-5.24668254627307
-5.01540172790003
-4.20710678118596
-2.61267756707202
-0.261433438278373
2.54802849764658
5.31800560177112
7.50000000000052
8.66825087409652
8.65538450565733
7.60069057024763
5.8938305164472
4.03553390593256
2.46735579894533
1.43331154376661
0.923175039987561
0.715482114705113
0.50000000000003
0.0292467816294237
-0.761920914092098
-1.71660540010152
-2.51244077082
-2.79289321881347
-2.32203403081755
-1.10151653659514
0.597904398717202
2.3058590296315
3.50000000000018
3.77889072147439
2.99705647422697
1.31272147505692
-0.86894897480733
-3.0355339059328
-4.73788717647416
-5.72868960032174
-6.01923203528293
-5.83638578902646
-5.49999999999982
-5.27114540178059
-5.23219203436272
-5.24668254627304
-5.01540172789975
-4.20710678118612
-2.61267756707374
-0.261433438278736
2.54802849764827
5.31800560177077
7.50000000000028
8.66825087409644
8.65538450565741
7.60069057024783
5.89383051644746
4.0355339059328
2.46735579894456
1.43331154376671
0.923175039987828
0.715482114705135
0.499999999999845
0.0292467816290487
-0.761920914091972
-1.71660540010071
-2.51244077082034
-2.79289321881343
-2.32203403081767
-1.10151653659535
0.597904398716956
2.30585902963129
3.50000000000007
3.77889072147442
2.99705647422714
1.31272147505574
-0.868948974807019
-3.03553390593253
-4.73788717647397
-5.7286896003221
-6.01923203528293
-5.83638578902673
-5.5000000000001
-5.27114540178052
-5.23219203436274
-5.24668254627305
-5.01540172789982
-4.20710678118628
-2.61267756707257
-0.2614334382791
2.54802849764788
5.31800560177042
7.50000000000004
8.66825087409636
8.65538450565749
7.60069057024803
5.89383051644636
4.03553390593176
2.46735579894569
1.43331154376681
0.923175039987645
0.715482114705041
0.49999999999989
0.0292467816295985
-0.761920914091845
-1.71660540010126
-2.51244077082026
-2.79289321881344
-2.32203403081779
-1.10151653659556
0.59790439871671
2.30585902963108
3.49999999999997
3.77889072147427
2.99705647422732
1.31272147505747
-0.868948974806709
-3.0355339059337
-4.73788717647477
-5.72868960032202
-6.01923203528293
-5.83638578902654
-5.49999999999991
-5.27114540178053
-5.23219203436273
-5.24668254627306
-5.01540172789988
-4.20710678118645
-2.61267756707284
-0.261433438279464
2.54802849764957
5.31800560177006
7.49999999999981
8.66825087409628
8.65538450565715
7.60069057024718
5.89383051644797
4.03553390593329
2.46735579894492
1.43331154376637
0.923175039987689
0.715482114705063
0.499999999999933
0.0292467816292246
-0.76192091409172
-1.71660540010114
-2.51244077082018
-2.79289321881345
-2.32203403081791
-1.10151653659577
0.597904398716464
2.30585902963198
3.50000000000043
3.77889072147449
2.99705647422749
1.31272147505629
-0.868948974808034
-3.03553390593343
-4.73788717647359
-5.72868960032193
-6.01923203528293
-5.83638578902659
-5.49999999999995
-5.27114540178055
-5.23219203436273
-5.24668254627306
-5.01540172789995
-4.20710678118661
-2.61267756707167
-0.261433438279828
2.54802849764709
5.31800560176971
7.50000000000082
8.66825087409662
8.65538450565723
7.60069057024843
5.89383051644687
4.03553390593225
2.4673557989451
1.43331154376648
0.923175039987731
0.715482114705085
0.499999999999976
0.0292467816293114
-0.761920914091595
-1.71660540010169
-2.5124407708201
-2.79289321881346
-2.32203403081803
-1.10151653659487
0.597904398717515
2.30585902963066
3.49999999999975
3.77889072147434
2.99705647422674
1.31272147505657
-0.868948974807724
-3.03553390593315
-4.73788717647439
-5.72868960032185
-6.01923203528293
-5.83638578902663
-5.5
-5.27114540178057
-5.23219203436273
-5.24668254627307
-5.01540172789967
-4.20710678118591
-2.61267756707339
-0.261433438280191
2.54802849764878
5.31800560177122
7.50000000000058
8.66825087409612
8.65538450565731
7.60069057024758
5.89383051644713
4.03553390593249
2.46735579894528
1.43331154376658
0.923175039987773
0.715482114705106
0.500000000000019
0.0292467816289372
-0.761920914091468
-1.71660540010088
-2.51244077082002
-2.79289321881342
-2.32203403081752
-1.10151653659508
0.597904398715972
2.30585902963156
3.50000000000021
3.77889072147438
2.99705647422692
1.31272147505684
-0.868948974807414
-3.03553390593288
-4.73788717647421
-5.72868960032176
-6.01923203528293
-5.83638578902667
-5.50000000000004
-5.27114540178059
-5.23219203436274
-5.24668254627304
-5.01540172790008
-4.20710678118693
-2.61267756707222
-0.261433438278637
2.54802849764838
5.31800560177086
7.50000000000034
8.66825087409646
8.65538450565739
7.60069057024778
5.89383051644739
4.03553390593273
2.46735579894546
1.43331154376668
0.923175039987816
0.715482114705013
0.499999999999834
0.0292467816294875
-0.761920914091343
-1.71660540010143
-2.51244077082037
-2.79289321881343
-2.32203403081826
-1.10151653659529
0.597904398717023
2.30585902963135
3.5000000000001
3.77889072147441
2.9970564742271
1.31272147505712
-0.868948974807104
-3.0355339059326
-4.73788717647501
-5.72868960032168
-6.01923203528293
-5.83638578902672
-5.49999999999986
-5.27114540178051
-5.23219203436274
-5.24668254627308
-5.0154017278998
-4.20710678118624
-2.61267756707249
-0.261433438279001
2.54802849764798
5.31800560177051
7.50000000000011
8.66825087409639
8.65538450565747
7.60069057024692
5.89383051644764
4.03553390593298
2.46735579894564
1.43331154376624
0.923175039987635
0.715482114705151
0.500000000000105
0.0292467816291124
-0.761920914091881
-1.7166054001013
-2.51244077082029
-2.79289321881344
-2.32203403081775
-1.1015165365955
0.597904398716777
2.30585902963114
3.5
3.77889072147445
2.99705647422727
1.3127214750574
-0.868948974808429
-3.03553390593377
-4.73788717647383
-5.72868960032159
-6.01923203528293
-5.83638578902653
-5.4999999999999
-5.27114540178062
-5.23219203436273
-5.24668254627305
-5.01540172789986
-4.2071067811864
-2.61267756707277
-0.261433438279365
2.54802849764759
5.31800560177016
7.49999999999987
8.66825087409672
8.65538450565755
7.60069057024818
5.8938305164479
4.03553390593194
2.46735579894487
1.43331154376635
0.923175039987901
0.715482114705057
0.49999999999992
0.0292467816292004
-0.761920914091754
-1.71660540010117
-2.5124407708202
-2.79289321881345
-2.32203403081787
-1.10151653659571
0.597904398717828
2.30585902963093
3.49999999999989
3.77889072147448
2.99705647422652
1.31272147505621
-0.868948974806483
-3.03553390593206
-4.73788717647463
-5.72868960032196
-6.01923203528293
-5.83638578902658
-5.49999999999994
-5.27114540178055
-5.23219203436273
-5.24668254627306
-5.01540172789993
-4.20710678118656
-2.61267756707304
-0.261433438279729
2.54802849764719
5.31800560177166
7.50000000000088
8.66825087409623
8.65538450565763
7.60069057024732
5.8938305164468
4.03553390593218
2.46735579894601
1.43331154376645
0.92317503998772
0.715482114705078
0.499999999999963
0.0292467816292872
-0.761920914091628
-1.71660540010104
-2.51244077082012
-2.79289321881346
-2.32203403081736
-1.10151653659592
0.597904398716286
2.30585902963072
3.50000000000035
3.77889072147433
2.99705647422669
1.31272147505795
-0.868948974807808
-3.03553390593323
-4.73788717647445
-5.72868960032187
-6.01923203528293
-5.83638578902662
-5.49999999999998
-5.27114540178057
-5.23219203436273
-5.24668254627303
-5.01540172789999
-4.20710678118673
-2.61267756707332
-0.261433438278174
2.54802849764888
5.31800560176946
7.4999999999994
8.66825087409657
8.65538450565729
7.60069057024752
5.89383051644706
4.03553390593243
2.46735579894523
1.43331154376655
0.923175039987762
0.715482114705101
0.500000000000007
0.029246781629376
-0.761920914091503
-1.71660540010091
-2.51244077082047
-2.79289321881342
-2.32203403081811
-1.10151653659613
0.597904398717336
2.30585902963161
3.50000000000024
3.77889072147455
2.99705647422687
1.31272147505677
-0.868948974807498
-3.03553390593295
-4.73788717647426
-5.72868960032179
-6.01923203528293
-5.83638578902666
-5.50000000000003
-5.27114540178049
-5.23219203436274
-5.24668254627308
-5.01540172790006
-4.20710678118603
-2.61267756707214
-0.261433438278538
2.5480284976464
5.31800560177096
7.50000000000041
8.66825087409649
8.65538450565737
7.60069057024772
5.89383051644732
4.03553390593267
2.46735579894541
1.43331154376666
0.923175039987581
0.715482114705123
0.50000000000005
0.0292467816294635
-0.76192091409204
-1.71660540010146
-2.51244077082039
-2.79289321881348
-2.3220340308176
-1.10151653659523
0.59790439871709
2.3058590296314
3.50000000000013
3.7788907214744
2.99705647422705
1.31272147505704
-0.868948974807188
-3.03553390593412
-4.73788717647407
-5.7286896003217
-6.01923203528293
-5.83638578902648
-5.49999999999984
-5.2711454017806
-5.23219203436272
-5.24668254627305
-5.01540172789978
-4.20710678118619
-2.61267756707242
-0.261433438278902
2.54802849764809
5.31800560177061
7.50000000000017
8.66825087409641
8.65538450565745
7.60069057024792
5.89383051644757
4.03553390593291
2.46735579894464
1.43331154376622
0.923175039987846
0.715482114705145
0.499999999999866
0.0292467816290884
-0.761920914091915
-1.71660540010066
-2.51244077082031
-2.79289321881344
-2.32203403081772
-1.10151653659544
0.597904398716845
2.30585902963119
3.50000000000002
3.77889072147444
2.99705647422722
1.31272147505586
-0.868948974806878
-3.0355339059324
-4.73788717647388
-5.72868960032206
-6.01923203528293
-5.83638578902652
-5.50000000000011
-5.27114540178053
-5.23219203436274
-5.24668254627305
-5.01540172789985
-4.20710678118636
-2.61267756707269
-0.261433438279266
2.5480284976477
5.31800560177026
7.50000000000119
8.66825087409633
8.65538450565753
7.60069057024812
5.89383051644648
4.03553390593187
2.46735579894577
1.43331154376686
0.923175039987665
0.715482114705051
0.499999999999909
0.0292467816291766
-0.761920914091789
-1.71660540010121
-2.51244077082023
-2.79289321881345
-2.32203403081784
-1.10151653659565
0.597904398716598
2.30585902963098
3.49999999999992
3.77889072147429
2.99705647422647
1.3127214750576
-0.868948974806567
-3.03553390593357
-4.73788717647468
-5.72868960032198
-6.01923203528293
-5.83638578902656
-5.49999999999993
-5.27114540178054
-5.23219203436273
-5.24668254627306
-5.01540172789991
-4.20710678118652
-2.61267756707297
-0.26143343827963
2.54802849764939
5.3180056017699
7.4999999999997
8.66825087409625
8.65538450565719
7.60069057024727
5.89383051644673
4.0355339059334
2.467355798945
1.43331154376642
0.923175039987708
0.715482114705072
0.499999999999952
0.0292467816292645
-0.761920914091663
-1.71660540010108
-2.51244077082015
-2.7928932188134
-2.32203403081796
-1.10151653659586
0.597904398716352
2.30585902963188
3.50000000000038
3.77889072147451
2.99705647422758
1.31272147505641
-0.868948974807893
-3.0355339059333
-4.7378871764745
-5.72868960032189
-6.01923203528293
-5.83638578902661
-5.49999999999997
-5.27114540178056
-5.23219203436273
-5.24668254627307
-5.01540172789998
-4.20710678118668
-2.6126775670718
-0.261433438278075
2.54802849764691
5.31800560176955
7.50000000000071
8.66825087409659
8.65538450565727
7.60069057024853
5.89383051644699
4.03553390593236
2.46735579894518
1.43331154376652
0.92317503998775
0.715482114705095
0.499999999999995
0.0292467816293518
-0.761920914091538
-1.71660540010163
-2.51244077082006
-2.79289321881347
-2.32203403081808
-1.10151653659497
0.597904398717403
2.30585902963167
3.4999999999997
3.77889072147436
2.99705647422682
1.31272147505669
-0.868948974807583
-3.03553390593303
-4.73788717647431
-5.72868960032181
-6.01923203528293
-5.83638578902665
-5.49999999999979
-5.27114540178058
-5.23219203436272
-5.24668254627307
-5.0154017278997
-4.20710678118599
-2.61267756707352
-0.261433438280357
2.5480284976486
5.31800560177106
7.50000000000047
8.66825087409651
8.65538450565735
7.60069057024767
5.89383051644725
4.0355339059326
2.46735579894536
1.43331154376663
0.923175039987793
0.715482114705116
0.500000000000038
0.029246781628977
-0.761920914092075
-1.71660540010082
-2.51244077081998
-2.79289321881342
-2.32203403081757
-1.10151653659518
0.59790439871586
2.30585902963146
3.50000000000016
3.77889072147439
2.997056474227
1.31272147505697
-0.868948974807273
-3.03553390593275
-4.73788717647412
-5.72868960032173
-6.01923203528293
-5.83638578902669
-5.50000000000006
-5.2711454017806
-5.23219203436274
-5.24668254627304
-5.01540172789976
-4.20710678118701
-2.61267756707234
-0.261433438278803
2.5480284976482
5.3180056017707
7.50000000000024
8.66825087409643
8.65538450565743
7.60069057024787
5.8938305164475
4.03553390593156
2.46735579894554
1.43331154376673
0.923175039987836
0.715482114705022
0.499999999999854
0.0292467816295274
-0.761920914091286
-1.71660540010137
-2.51244077082033
-2.79289321881343
-2.32203403081769
-1.10151653659539
0.597904398716911
2.30585902963125
3.50000000000005
3.77889072147443
2.99705647422717
1.31272147505724
-0.868948974806962
-3.03553390593248
-4.73788717647492
-5.72868960032209
-6.01923203528293
-5.83638578902674
-5.49999999999988
-5.27114540178052
-5.23219203436274
-5.24668254627309
-5.01540172789983
-4.20710678118631
-2.61267756707262
-0.261433438279167
2.5480284976478
5.31800560177035
7.5
8.66825087409635
8.65538450565751
7.60069057024701
5.89383051644776
4.03553390593309
2.46735579894573
1.43331154376629
0.923175039987654
0.715482114705045
0.500000000000124
0.0292467816291522
-0.761920914091823
-1.71660540010124
-2.51244077082025
-2.79289321881344
-2.32203403081781
-1.1015165365956
0.597904398716666
2.30585902963104
3.50000000000051
3.77889072147446
2.99705647422735
1.31272147505752
-0.868948974808288
-3.03553390593365
-4.73788717647375
-5.72868960032156
-6.01923203528293
-5.83638578902655
-5.49999999999992
-5.27114540178054
-5.23219203436273
-5.24668254627306
-5.01540172789989
-4.20710678118648
-2.61267756707289
-0.26143343827953
2.54802849764741
5.31800560177
7.49999999999976
8.66825087409669
8.65538450565717
7.60069057024827
5.89383051644801
4.03553390593205
2.46735579894495
1.43331154376639
0.92317503998792
0.715482114705067
0.49999999999994
0.0292467816292405
-0.761920914091697
-1.71660540010111
-2.51244077082017
-2.79289321881345
-2.32203403081793
-1.1015165365958
0.597904398717717
2.30585902963083
3.49999999999984
3.7788907214745
2.9970564742266
1.31272147505634
-0.868948974807978
-3.03553390593193
-4.73788717647455
-5.72868960032192
-6.01923203528293
-5.8363857890266
-5.49999999999996
-5.27114540178056
-5.23219203436273
-5.24668254627306
-5.01540172789996
-4.20710678118578
-2.61267756707317
-0.261433438279894
2.54802849764701
5.3180056017715
7.50000000000078
8.66825087409619
8.65538450565766
7.60069057024741
5.89383051644692
4.03553390593229
2.46735579894513
1.4333115437665
0.923175039987739
0.715482114705089
0.499999999999983
0.029246781629328
-0.761920914091571
-1.71660540010098
-2.51244077082009
-2.79289321881346
-2.32203403081742
-1.10151653659491
0.597904398716173
2.30585902963062
3.5000000000003
3.77889072147435
2.99705647422677
1.31272147505807
-0.868948974807667
-3.0355339059331
-4.73788717647436
-5.72868960032183
-6.01923203528293
-5.83638578902664
-5.50000000000001
-5.27114540178057
-5.23219203436272
-5.24668254627304
-5.01540172790002
-4.2071067811868
-2.61267756707344
-0.26143343827834
2.5480284976487
5.31800560177115
7.49999999999929
8.66825087409653
8.65538450565733
7.60069057024761
5.89383051644718
4.03553390593254
2.46735579894531
1.4333115437666
0.923175039987781
0.715482114705111
0.4999999999998
0.0292467816294151
-0.761920914091446
-1.71660540010085
-2.51244077082043
-2.79289321881342
-2.32203403081817
-1.10151653659622
0.597904398717224
2.30585902963152
3.50000000000019
3.77889072147438
2.99705647422695
1.31272147505689
-0.868948974807357
-3.03553390593283
-4.73788717647417
-5.72868960032175
-6.01923203528293
-5.83638578902668
-5.50000000000005
-5.2711454017805
-5.23219203436274
-5.24668254627308
-5.01540172790009
-4.20710678118611
-2.61267756707227
-0.261433438278703
2.54802849764622
5.3180056017708
7.5000000000003
8.66825087409645
8.65538450565741
7.60069057024781
5.89383051644743
4.03553390593278
2.46735579894549
1.4333115437667
0.923175039987599
0.715482114705132
0.500000000000069
0.0292467816295034
-0.761920914091983
-1.7166054001014
-2.51244077082035
-2.79289321881348
-2.32203403081766
-1.10151653659533
0.597904398716978
2.30585902963131
3.50000000000008
3.77889072147442
2.99705647422713
1.31272147505717
-0.868948974807047
-3.035533905934
-4.73788717647399
-5.72868960032166
-6.01923203528293
-5.8363857890265
-5.49999999999986
-5.27114540178061
-5.23219203436272
-5.24668254627305
-5.01540172789981
-4.20710678118627
-2.61267756707254
-0.261433438279067
2.54802849764791
5.31800560177045
7.50000000000007
8.66825087409637
8.65538450565748
7.60069057024801
5.89383051644769
4.03553390593302
2.46735579894472
1.43331154376626
0.923175039987866
0.715482114705155
0.499999999999886
0.0292467816291291
-0.761920914091857
-1.7166054001006
-2.51244077082027
-2.79289321881344
-2.32203403081778
-1.10151653659554
0.597904398716733
2.3058590296311
3.49999999999998
3.77889072147445
2.9970564742273
1.31272147505599
-0.868948974806737
-3.03553390593228
-4.7378871764738
-5.72868960032203
-6.01923203528293
-5.83638578902654
-5.50000000000013
-5.27114540178053
-5.23219203436273
-5.24668254627306
-5.01540172789988
-4.20710678118643
-2.61267756707282
-0.261433438279431
2.54802849764752
5.3180056017701
7.50000000000108
8.66825087409629
8.65538450565756
7.60069057024822
5.89383051644659
4.03553390593198
2.4673557989449
1.43331154376691
0.923175039987685
0.715482114705061
0.499999999999929
0.0292467816292166
-0.761920914091732
-1.71660540010115
-2.51244077082019
-2.79289321881345
-2.3220340308179
-1.10151653659464
0.597904398716486
2.30585902963089
3.49999999999987
3.7788907214743
2.99705647422655
1.31272147505772
-0.868948974806427
-3.03553390593345
-4.7378871764746
-5.72868960032194
-6.01923203528293
-5.83638578902658
-5.49999999999995
-5.27114540178055
-5.23219203436273
-5.24668254627306
-5.01540172789994
-4.20710678118659
-2.61267756707309
-0.261433438279795
2.54802849764921
5.3180056017716
7.49999999999959
8.66825087409621
8.65538450565722
7.60069057024736
5.89383051644685
4.03553390593351
2.46735579894508
1.43331154376647
0.923175039987727
0.715482114705083
0.499999999999972
0.0292467816293036
-0.761920914091605
-1.71660540010102
-2.51244077082011
-2.79289321881341
-2.32203403081802
-1.10151653659596
0.59790439871624
2.30585902963179
3.50000000000033
3.77889072147434
2.99705647422765
1.31272147505654
-0.868948974807752
-3.03553390593318
-4.73788717647441
-5.72868960032186
-6.01923203528293
-5.83638578902663
-5.49999999999999
-5.27114540178057
-5.23219203436275
-5.24668254627307
-5.0154017279
-4.20710678118676
-2.61267756707192
-0.26143343827824
2.54802849764673
5.31800560176939
7.5000000000006
8.66825087409655
8.6553845056573
7.60069057024756
5.89383051644711
4.03553390593247
2.46735579894526
1.43331154376657
0.92317503998777
0.715482114705105
0.500000000000015
0.029246781629392
-0.76192091409148
-1.71660540010157
-2.51244077082046
-2.79289321881347
-2.32203403081813
-1.10151653659506
0.597904398717291
2.30585902963158
3.49999999999965
3.77889072147437
2.9970564742269
1.31272147505682
-0.868948974807441
-3.0355339059329
-4.73788717647422
-5.72868960032177
-6.01923203528293
-5.83638578902667
-5.49999999999981
-5.27114540178059
-5.23219203436272
-5.24668254627308
-5.01540172789973
-4.20710678118606
-2.61267756707219
-0.261433438280523
2.54802849764842
5.3180056017709
7.50000000000037
