"x"
10.7141035768172
8.8230014248552
12.9548082453755
0.722243904633343
4.80105760112893
-2.52158406938457
1.2587433199884
0.81601455122587
-10.8391013330786
-4.79273929013953
-10.3780132771295
-3.15464064870943
-4.35770822919995
4.79300301674938
4.02887803430204
4.42651045595261
0.227199225687254
0.166005820360294
3.57311729164208
3.65854164276203
-2.57284193806649
2.52095380400934
1.66055552882359
-6.11645036825454
-6.15636603399953
-0.590715364599899
-0.638143745155858
7.04971981536422
2.40209589409866
4.87969396198658
2.87668844907595
11.0500055953368
9.09076787089608
-2.76040026101231
1.80645857974189
-3.54585657573193
-9.24871474371228
-14.4628469720128
-15.8453676214502
-12.191957103733
-6.14949125603003
0.186305547321949
0.612676645091766
7.70831481270888
9.97967968904322
7.11370804112737
8.09465845871834
8.27190905060004
8.16484388970295
2.22445394680441
5.98677234381394
-2.35779603618287
-6.74209314368002
-1.90747925548784
-2.5117755276087
-2.56589289955315
1.11554436928898
-2.97468484245788
-0.545337631768121
1.91175299879867
-6.00252012196194
4.51569377769727
-0.340480051202884
2.49406195300306
4.30406345903415
-4.85815513198547
-9.59057182344538
-4.37997940000798
-5.65166144327937
-4.77516642376515
-1.60611310657824
-2.31731444184507
-2.5422163095547
5.04591400419348
5.60372481275306
6.21283527040206
7.94704688801239
4.434498049912
2.68858923108895
-2.80910874572397
-5.63562544153577
-6.15585830311706
-7.16538302991639
-7.73012178129459
-9.45166473426534
-9.29731929856695
-9.63338248559447
-10.6652281908485
0.750773315218044
5.23020382136269
6.8714855922072
9.12233328766796
4.57737258851806
3.27061697345073
-3.34847416975138
5.28712912237446
-4.3667031009073
-0.921402005545282
-1.80524180687851
-6.07311611238104
-4.2322965675874
-6.50772493832037
-2.38928071221083
4.95678493721593
4.41775779309308
11.7312351104282
4.71416151906871
2.46242323700482
0.326255345160433
-6.29302165433533
-8.19195039746189
2.26464403703473
-7.74730980900232
-7.23268409578109
-11.6252236184902
-11.5189975441087
-8.94274523861361
1.07120147284487
11.8886316919569
14.0654811483371
3.13152161113501
10.2230341750415
10.6993253552454
0.640110547526
4.11564275786756
3.23821234303603
-3.45337932331603
-5.33066619381017
-9.88171509493246
-9.86298410974223
-9.55003587583657
-4.20458257140072
3.39882237381898
-0.144161859460896
1.29802547603272
0.497813801193916
1.92977408579036
-1.24293092912046
1.04937442196878
4.35547004428999
5.50500412704674
-2.01105399221811
-3.17104392185493
-6.71602081137874
-4.41789150695536
-0.782624319378661
4.95800092076167
8.15204145554451
11.190867031015
5.24110774429739
12.9288425596479
6.44795872131454
7.01712307253717
7.20434203956323
2.05587472077044
-1.42889986019971
-10.7664321957181
-19.3650953220732
-14.4155798010221
-10.4541067069765
0.503941819689993
4.37549612109562
-2.60638259343215
0.839950665941989
2.31156886980905
11.9975926083201
5.72290474276457
14.3700370308776
8.47639552683672
5.43459384252583
1.57368694847514
-5.67255701756035
-5.34097330959992
-1.59821966769013
2.16547657515507
-1.97433272581368
-5.71166202920274
-3.44040483158062
-5.60642971873574
5.92880980147801
1.15195823782013
6.03990908635547
3.5085883710294
-2.30188581188502
-1.62780440594237
-7.01897415993802
-3.67882608606048
-2.34572444190289
-6.74111600943639
-7.73754926903969
0.912131542600596
-0.711339509290957
0.706957467025902
4.47495761249232
3.28648743494667
-3.28943903564506
0.454648379358455
-1.49418623840504
-4.39145850188705
-2.20303364745206
-5.35327765756126
-2.01644485603284
-0.762718222503182
4.15603127266907
1.11151920754978
0.484323181801357
6.0124899445578
0.653417819007459
-1.84734677381487
2.49473105374654
-8.83303743065879
-2.35087204162676
-3.16678200929487
-2.41229600779513
3.86618086736402
6.22882456110645
6.50654721595734
3.93220394691395
4.73560144474876
1.53933375889714
-1.16279744009125
1.23812669889326
-2.49503655739047
-3.26496144119572
-9.82834724734268
-0.603057371738453
-2.31369690675853
-0.44272705281965
6.8336265327198
6.72003712695811
2.73134825518416
2.84470871147477
0.649269952637519
-1.80598153507116
-8.68649504905352
-1.15600378530437
-8.7240776583098
-3.40114187687016
-4.0836239066968
3.24306287148562
4.32901528330283
4.80257128669744
7.22528223770508
-3.82350714405063
0.193822423760956
-0.157234962409152
-7.75110252350014
-4.56998723801901
-2.77872143277364
-3.71205243220162
0.462941196982563
1.1081077541782
5.42372336855873
4.78079342196472
2.24907800621559
0.700270266879675
2.11814064038624
-1.65987945710626
-4.6314625644066
-6.15558328617905
-3.15040540643539
-3.44894126008751
3.7496239786994
4.65986260933098
4.32913995800321
5.92646885372641
1.43294094555853
2.47757804781776
2.7302249202094
0.294377007330967
-8.71416356396375
-5.36729820820598
-7.84564124433513
-4.57843513246429
3.3534898314433
-0.410738497529664
3.57319428050581
5.60099053627688
-0.549626956574031
4.61982193233295
-1.74320771436532
-2.04609113117955
-4.64846967395219
-5.47879420523374
-6.09278237080017
-3.03613714611068
-0.161626517209853
1.05615060018433
-0.273931770117402
13.2156552095138
0.044046169328622
2.48262560866664
6.25544183328343
-9.40705681121734
-4.59576985649856
-4.03875346273125
-2.60376984466209
3.45475645031803
0.348753259162649
7.59959128986168
2.91615594037838
9.73263580537856
-0.62971975872406
3.50660226019794
-1.53105031100909
1.71793493506861
-6.95189499743243
-1.30348373404721
1.63193087293106
-0.464161184191545
5.39021177356037
1.40793024037748
7.11445937570831
7.21769163630957
5.89634089464594
4.96961827797427
-1.46157498360638
-0.195670013395787
-0.978523492478519
-0.0230387568471349
-7.07999288053806
1.61056530980789
-3.97663374595373
0.0354441229173861
0.995928333662003
11.4063121821338
1.29298758858092
4.44977934966151
0.0696713092475416
-0.390893844390791
-0.615074797543555
-6.36055034470298
-2.05347264033511
-2.77257000066381
-2.42184853688205
6.1533668429622
3.36767240454522
9.13914419453653
2.93928220357471
4.59950647023677
-3.08490866095456
-2.30270193704958
-8.2852060890336
-7.53354407432523
-7.22010899825362
-5.41778433086787
-4.86348085439698
3.90751167004408
2.79467549197555
6.32905967683417
7.07811223622806
6.35943054735469
2.29559587508438
-3.21634388753743
-1.55480009367992
-9.66686837612849
-5.34352479005526
-3.1938848157014
7.96079842935052
14.158522523186
0.477318266703082
9.89276683138488
5.47640276726932
2.30942508506344
-3.74865411125339
-2.68001637656333
-4.65603467490182
-2.08326570213854
-1.35416579032555
-3.59129205373399
0.431965568573619
3.06994816801422
13.4435457631459
2.33404802514301
6.17010717593216
0.457357487192116
-1.50031772857481
-9.1376901793589
-2.43085175291554
-0.846114467612511
-4.48469005544968
-0.798892889853878
-1.4105167228075
1.13216019035166
1.28448077163825
0.574949045967607
2.5719559773278
0.378507154773565
0.0462775987732436
-5.68142650659383
-5.4853584171241
-7.29041584529304
-1.36011960344484
-0.504789697244971
-3.62880569108696
4.70048023322478
4.1520225821393
2.76507662542235
3.30400227130235
-0.0752047672136267
-0.913403917580289
-9.37303446169958
-2.39899553409701
-3.90477202460155
-5.63812078238068
-0.468907089714417
2.33789376720257
5.7851060092613
0.915746399630903
5.27287063618782
0.686357927255027
0.928773396073273
-2.29929507537
-2.42798289570667
-1.50616975107347
-5.58204422557716
-2.71386078313131
5.87627124265265
2.65905768094101
3.78398825033613
3.05968640764504
5.58477428179094
7.20226544562245
4.51701980130144
3.71136072692703
-5.12210766823175
-4.85139486299344
-4.54548131373738
-9.59626481351251
4.05447963388119
1.46344659002602
1.87583150771258
7.31349694572886
6.0950890653109
1.61048083810207
-1.32176170633464
-3.4067062072801
-3.48574776896191
-2.38898355343316
-2.96236355076999
-4.32781798821741
-3.24727332238474
-2.56682497681131
-1.64261525394488
8.77773894451476
5.19398925566937
-0.40983332526482
-1.62395111262311
0.664031644819508
-8.56280476576128
-4.33454347935648
-4.38228761355736
-6.56330206828753
5.01586578902322
1.96078236582596
-1.15449514617679
1.18934982709925
2.18171061394947
4.69358753917917
-0.833928330623219
-1.30941984244715
-3.86656863682311
-6.55810241597192
-1.49035437986791
-7.32649419838573
-5.89249385419897
-1.25412125717935
-0.144829207010288
-4.63581177460057
-6.83812749046392
-4.36311679484988
-0.182471664701648
-5.50104724206848
-0.40575403183013
-0.157176309940959
-2.87007218929124
1.30486672704103
9.01289321959396
0.325407174075779
1.23536844668102
4.26580605736343
-2.23259737960424
2.50321027531121
1.02169386917724
7.10628570465287
5.70649090699994
3.07624788037953
-1.0002723989718
-0.894963897578823
-4.00769568947359
0.464932608591866
-1.61418452888184
3.89418765904252
-4.63569429221117
-3.63873329910296
2.65676333395772
-1.19632167745261
-1.68137831622472
-2.13442882643236
-0.27186330586421
-8.16715997735758
-4.05963127868886
-8.86058055683275
0.500794505447097
-0.809849071815687
2.88053466712255
0.979814898377736
2.93765730533962
2.26089878567286
5.23765882919451
3.61144466527806
1.58047169784826
7.5586130895257
7.03724432002588
9.93347353335589
3.61193262265182
-3.12981999584165
3.88078245709471
4.84958607922091
-2.35857554751292
2.96574758041401
-2.16159002768501
-5.2836483134192
-6.53106835222003
-9.72090021597072
-1.34514620360033
-5.4610109647001
-1.74554565066264
-2.98711084740801
-6.96541794557964
-0.816322603264601
-0.424939052647699
-0.680889304445861
-1.13274773717602
-1.71085918020857
2.01852239526126
3.29163962846052
5.33772610372195
3.14711363097548
3.36502812301436
2.5680851189513
4.8880416139973
4.2130182146783
8.8573895657021
2.33992507123249
3.72529615021606
0.1127320428554
3.97268046264954
-2.89165135271035
-1.82353252895624
4.13759910529775
-6.8587902725388
-0.763106372253574
-6.46309393622977
-2.52804430328602
-7.35626984681129
-5.57873612801643
-3.92828933533871
-3.56191655732098
-1.4481787078472
-1.94469362175336
-1.04863593413368
0.765895499638385
0.953486989382267
3.21586801321763
6.13215745435892
0.293972620401709
3.15954252144373
-2.00377073365473
-1.2047521034632
-0.284356604800992
-3.73222350427004
-0.65661706222669
-6.02260153463459
0.0188537010692622
-1.18551125307957
-6.79997158976826
-0.143560160502021
3.91632159711846
-1.5117196992426
4.18955297403686
-4.04767062087234
0.362774249550683
-3.25676334284105
-4.8890823512164
-2.63457432403999
2.17480310348827
2.46665638878194
-2.76606999880576
-9.48559393370964
-1.16337573498871
-3.12146751758956
1.1469585470711
-2.61061004544296
-6.56973427912705
2.24017146947042
-1.25380446787575
0.889203848547078
4.35764163661696
6.82080192712373
4.11254579545659
7.25871871592143
-4.80969173428804
5.76536862976022
5.11191454320915
2.338427456381
2.51323868718709
-3.48771796761966
-7.56880601457919
1.66270508127859
-7.30911986575879
-8.06236049941481
-4.54002586032746
-6.71349757414782
-6.10235331537668
-1.62130255414806
0.948373347513882
-2.92832903717177
-0.0994647747181496
2.53492053718963
3.39041959907197
6.22861266729897
-5.64941700506794
3.90642680796049
-1.87731278340067
4.41393170922604
1.8688396020869
-1.97520419193989
-0.995153130871237
-3.5292771458551
-1.27946947569671
1.77603838089351
0.0785223008941425
0.464353444188501
-4.30442029859901
3.2073903408069
7.63786252837607
5.27878718577784
7.32950464295363
0.468254711152924
2.901300491675
6.06747660230723
6.09903371012417
2.61683784806009
0.404643182115635
4.9422881510284
0.199853951622892
-1.71125677807149
-6.45096975479189
-4.26821834941859
-8.44191260989761
-8.20976555492491
-10.1947758579567
-8.0404603513554
-3.63791934682025
-1.51797129652625
-2.60857947727025
-0.534324239784257
5.22667926529965
-0.995312864616879
-0.33905838033322
6.75817144193366
5.7514077734042
6.02294072625516
2.71542833870842
1.00553775851304
2.14060624760243
7.54465771596482
5.21673343905347
-1.74024596970165
-1.31323879222145
-5.32070437589591
1.36523688082366
-0.374252432320985
-7.71948644881976
-2.32927078806105
1.06195188599656
1.00240433605129
-2.14158174050436
0.203751168704849
-3.44367323096031
1.95020333476997
-0.246624586625965
4.25850350602505
2.64438977654813
0.826527785748068
-3.51053346477226
-2.18711364167754
-8.12785524232179
-6.41573281828799
-8.70171100537768
-1.2731531557493
-1.55098949106888
-2.17737404981688
1.09943534297752
-1.6623177695116
-3.28242566001002
0.867577104149149
5.84410681702998
7.58038012055871
8.29051945480918
0.106582559599349
6.38981058938837
7.15273826176712
4.07668294327081
1.28916707953514
3.88489244535796
10.1542891517905
-7.08197626976024
-3.75419227113796
-7.23398456178116
-3.19587986529169
-3.73632710899282
-8.43202888088874
-4.81780434831436
-1.18987523854972
4.47285462107308
3.8325141835901
-0.0140262780792186
10.0379005726963
14.0925763554024
13.2125280386299
2.49135490008151
4.38661953787754
2.55174624093767
3.216747740587
7.70202870958946
4.21978312765422
1.4553895079455
3.35939360994765
-1.91707376880861
-2.5285244138459
2.29075533671206
-2.69568957597926
0.367729341078727
1.9214370378824
1.27367167671261
2.00326988231105
-0.627213478835535
5.44765945884912
1.1433940550586
6.92070155279129
-0.953075568478923
-2.27137724252619
-0.842169555373527
-5.33835130730104
-6.13100990530497
-7.68292852118153
-4.62358552373354
-4.65133245439901
-0.0453506225448317
-4.38102632706276
-6.53675074618683
-4.10541057821542
-3.28236001848823
0.559510851225909
1.32474377819372
4.41638999972198
1.52743769884412
3.02739215867025
10.2499851737918
16.4109970850302
8.56941993083814
7.53508522129341
-1.32222544431484
1.26786402981265
-0.0829819285889437
5.01242408685985
1.06920716261699
1.00131905990438
-5.12738840543171
4.09985053457263
0.821706734576011
-4.54344365940432
-5.08424576591227
-0.729118011722792
0.358780966826622
0.38686505583315
0.947016003120822
7.64967522276848
0.968958745412807
-0.218151326566194
-5.27791560173774
-3.10261722786652
-4.44527723659061
-4.47051075781103
-7.08437134690078
-4.44501547812009
-5.6131066257013
0.594347024966962
-5.8080525406108
-6.80513262868829
-8.26048996798564
-8.62961454564147
-6.80022129579181
0.257600279934498
1.7924305706871
3.05366574726237
8.2134172253331
4.44308971073578
8.60336168335872
11.4620356766802
3.96908190352078
3.30848171283465
4.0143422782734
1.88790031802783
7.52685042479222
-0.96664790294414
-5.16150344437734
-3.00134970523675
2.15765156689232
-0.0540346326089481
3.43341023820467
-4.0923607842863
-6.32468121321454
0.363210303116827
-1.51432913408227
-1.23143421149789
7.42079343991563
4.91903423390036
1.31394258415419
5.05859911045212
2.56802973161549
-1.90690726701259
0.137896964496488
2.68769362110609
-1.32364983242171
-6.3811896465394
-11.2663222527044
-7.95808624672674
-3.89751730115898
-6.00450790827055
-3.23823248086386
-5.55531630389461
1.15428733471397
-2.15262330022397
2.65725014829192
0.504919188511681
5.59411624889735
7.44750428070647
5.87783069902602
9.20515076470147
8.02705854415755
6.56058781209166
3.85094584658438
0.428292130859808
2.06639458891556
-2.39189332861586
-0.0328683061345372
0.766028198004049
0.93072688121912
1.98261814382919
1.32097439800282
-1.99631106409538
-2.20769826277673
-2.12056319563572
-0.0947944418883075
-2.46723979490233
-1.32220268439413
5.25702626618942
1.28137105071512
2.87222363585495
0.873590129810351
-1.0592073280964
-3.20574862373559
-4.07712523116138
-10.4023227539668
-7.44363015361262
-10.6382248878978
-4.547065685515
-11.622655227236
-7.31406770850609
-1.43196329148292
-5.90351514321796
-6.17150442959236
-6.97427722187137
-1.87654131279888
1.37533237853197
1.73184387396578
9.74340361134654
11.236205634936
11.5730291487086
8.83390855650353
6.33725751546102
8.4897666053702
4.21157685419014
4.47811750068453
7.36368825687112
0.916414644130482
0.207069153194016
-2.16062478316529
0.773060553583085
-6.35321561402798
-3.07887097022121
-4.43944623833606
-3.95295776378222
-1.25783376924483
-0.865758651820088
7.40384412706156
5.3441579208206
1.72223663220337
7.49574998260211
1.12881819194821
1.71025417461477
-2.01785982455853
-9.78107977606309
-6.18524344284773
-9.85647192078396
-3.65653690072945
-9.54832800601234
-9.45692988086368
-2.0057085272424
-7.75800255758783
0.0861870349066773
-5.79052232000427
-2.32699398417141
1.12882479398106
6.34982356860526
8.04284517332785
10.4159913669446
7.2142719714097
11.7859108551712
11.1192151349287
4.4318257923551
-1.78395886340979
-1.10637542515076
-2.04623448391943
-1.05209329862344
1.45133531032499
4.35609977125866
-0.828142159429933
0.676907093061096
1.62896233053298
-1.6052044300411
-1.87110984403116
-2.24360550207648
-4.17231906184854
1.59614163331276
4.35200099274372
7.68173639965486
2.48667047112673
1.94874858311477
2.60215033661735
-0.872637219639203
0.721323621918804
-10.4877208378191
-7.24802811107659
-11.8362978332271
-5.62179721818919
2.78631297088096
-1.86059146100509
-8.13149780363664
-4.467412592312
-5.8810565851376
-4.51487915938067
-1.96505258654902
2.52116017528796
0.0425386800479308
4.72267754737211
10.9630239252866
12.8106467244534
14.0911352009235
6.36447776897222
0.568767754548944
4.66315257157463
0.735839334324782
5.79849263456941
5.16364258613131
-3.96712006338017
3.22251591756338
1.49785168395169
-1.31003587023291
-4.39183462797351
0.264936309249355
-6.82638771962872
-1.32637299904707
0.852724273428938
-0.304320145620128
3.97423748003889
2.44650822452115
2.61275511360175
2.11801812367691
0.209713459766139
-1.30767988069804
-4.53499936230346
-6.43780111672124
-8.40719323696226
-9.25692326510278
-9.24033828552458
-4.08236767689152
3.46128884085528
-2.64269479438446
-7.73692804593716
-8.37156441810258
-7.68097337782166
-5.51305007537878
-2.39389482820525
4.00888190264695
1.47958319264481
4.94887007587746
