"x"
8.58718914500698
8.08333147953217
2.65397720638555
5.40264944098265
0.875575766936931
-1.23019184072639
-4.75085388590083
-3.8486595147375
-6.55465599235308
-9.61153891095434
-7.89826101966019
-8.05334928383166
-1.32307525206641
0.13330552248752
7.0348236815537
5.73658299284495
5.50064755836875
2.67554729288973
1.21015699434732
1.25470462871287
3.61231180573149
1.77822617937951
-2.02494179507704
-8.9136531342511
-2.81945807754808
-7.61045999261042
6.3387408171041
1.58299728958934
1.72257605130532
9.47160076109947
8.24964560031422
-2.16793431994829
2.18693969692005
3.51676062483735
5.38682052431876
-2.59643826969026
-8.91656395801711
-15.1258803656685
-11.846111323871
-5.42420503061385
-3.84358788826684
-1.30746841010908
3.23162718200642
5.30847924105569
7.83082825043792
3.34588190456692
8.94975686699224
2.36266790070836
10.6174731995755
10.4262567600742
-2.39578941708267
1.47860662815493
-2.47172438083757
-2.02246829054799
-4.1902564325686
-8.44045144266888
-1.27067675407669
-1.53957790455784
-5.11664792791901
-2.60930423469554
-1.33779902382585
8.338388376793
9.55080352256629
0.917564101048666
-4.77778748433098
-6.3649417819338
-13.4321911934638
-11.6140997261417
-5.03852690668616
0.366504031538508
-0.247862519333285
3.16735750307647
2.26476504032735
5.13718691415251
8.88379869658051
14.5864742914416
7.83359617313744
9.41437974662849
3.67992763819994
2.13528352445051
-5.70655465213398
-7.68305876866897
-7.65904621619941
-9.74377281267683
-6.74335406632547
-8.07840145257636
-3.04327470810851
-12.6838317272239
1.3091362744467
-0.904651226137305
5.8552947004555
8.61282236242218
4.92042304445872
-0.284655492448241
-4.59629950174731
-4.35893682873225
2.42757047153072
1.67068811218624
-1.36728354729567
-2.6248028067237
0.842497462083931
-1.90608741518997
1.0192175754126
0.664284224591988
4.5584819062534
10.5342034760432
4.80388181132945
1.01499737425325
2.60210100171427
-3.455928338411
-6.32697089045539
-4.35207521835822
-4.15421399868646
-5.31529500494655
-10.9108490894392
-15.410875858516
-2.87574799053728
3.64009602312859
4.88759995267694
10.6041302044719
8.39893645526887
9.08745860581462
12.1599200245215
4.26840342922821
7.21695601184356
7.61740531879638
0.686454688614558
-8.25768494271811
-7.57931660264838
-12.7231399047853
-8.8934224285361
-5.03785429149907
-5.01382157141902
3.25091550055015
4.29480033720224
2.22648173009666
0.659713990812897
1.4809632220646
1.90951167309321
0.328463084576097
-3.86792056929545
3.30631702175542
-8.63329905777903
-7.55430852543135
0.76146550405771
-1.45765424037133
-0.993705793965706
3.57999489246554
1.68389423600844
4.07308491734793
5.55942190488721
10.0354324208686
7.56092019285464
6.70741517521807
-3.17724201201845
-2.88183359220705
-9.92733284181393
-13.0024727788168
-14.0706087556441
-8.70609860552588
-8.74152529959081
-3.2345186902192
-0.319973361502469
6.56077457968805
2.26722454795907
4.2404008120985
7.14734098874063
11.5584186445933
7.8843432142337
1.62244839135288
-2.06734958312017
0.219360059222834
-8.07838243264388
-0.224216390701167
1.39006523413947
1.01335401961616
-3.91845309041485
-6.53591623115104
2.20496137871585
4.86213820298455
-1.10676681646237
5.36059748886346
7.97160247474242
-0.22381736922042
-0.565495856735049
-13.8767158952585
-7.29288736266229
-4.47728748497593
-1.2540210043064
-1.03795524054189
-3.82766903461704
-2.77819891330787
2.25513254602999
12.8880396026975
9.48151971609857
9.81904548186462
13.1010964023113
12.3956602412302
0.92092575582265
0.831605220702482
0.06856210266311
-9.41025856960879
-7.950410227073
-2.6988944437518
-13.4103630508065
-8.83266491046897
-9.485078286362
-6.23208912628544
-0.477982984637743
3.1251972297562
11.7352661480458
10.8774148683278
6.64855504583575
4.25895061118614
1.5134073468032
-0.455580113862265
5.50074891894747
-2.3530970725419
-1.73477068737409
0.786989425006914
-5.35540645794485
-4.06544352386155
0.166373528985125
5.94534258526471
6.50394654018886
6.84761834614759
1.37622732512972
0.523942458392307
-1.9395258370603
-3.00372704768851
-3.23522340687879
-3.28013134958068
-7.69280081480382
-14.0420631372596
-10.7447860112862
-4.27443837844456
-1.40895770337483
4.1817286399094
10.7315652967419
7.20609659300141
7.29208188927668
9.67710540019015
5.05988740766268
5.17655152604862
2.95951910448903
6.59111221852289
-4.06291348641702
-5.39601547968858
-14.7428089075994
-6.37549916381671
0.0339397596526405
1.06480342789912
-1.96491810370516
1.51927824585567
-5.56067544105237
-4.29449634028375
-0.163434984559649
0.0883260592197548
6.3489094722092
2.58473343839847
1.2698870737333
-4.63644500574888
-8.51388270394554
1.59463390759441
-4.16952977675727
0.482868476416052
2.13718272503594
12.7804132908968
10.5453023663031
2.6862956563718
0.926631633104652
5.0158366348884
9.51858453460891
2.85997372384883
-2.91129955354902
-5.38540844160688
-8.74030107817224
-12.8355773288043
-12.0377133773752
-6.5001564059354
-5.17290596698723
-2.92434535181068
-2.21632239506647
-5.53740927486437
8.02633115258146
16.7036645167514
15.0426188140751
10.5316335519842
8.0118196627598
2.37194634508522
-2.54434640700371
-2.18845951327373
-3.32339931880315
-5.34452276252254
1.34326613991721
-7.53017227882874
-4.9314396506065
1.79973868330519
0.642009510240617
4.31669036545655
7.98633752295529
9.62363533078433
-0.755432575356664
-2.61523813006424
-2.91362453724129
-3.23890987788054
-6.82127071870073
-2.72570523855628
-1.93459861212856
-4.14539583895263
-3.90744473202597
-5.94044909564444
1.06483929499629
6.09003934953577
15.4226963644768
6.1944508409976
11.65369744929
5.01212114377835
7.82896173681663
-3.04582755822764
0.647065697371178
-4.22320556516651
-3.39666569956669
-15.0390447763794
-3.42185010610927
-8.68301238757482
-4.73038234315305
-4.48348668333043
6.0836224164539
4.12113491720885
6.01106107498406
4.79128344956449
5.63537820023805
2.0804320276443
-8.78972961788667
-7.85754880578245
-8.03293714422782
-5.23742707102163
3.85646634743765
1.99846990338229
3.29308040782561
1.3765619020511
-1.9181066996141
-1.26170651591327
0.394670148860491
6.4314645973886
4.4996762744467
1.86158196012595
-3.1117106724825
-0.26137309789854
-4.00473017183595
-6.84682273302803
-2.9045374011112
-2.3429430795415
1.45036699720959
3.67901667057322
-4.63418713426715
-1.95524144989435
4.00542100784458
4.17799950949232
3.42589503151012
2.28456559136449
4.30896113376129
3.50520833267743
0.804041451347159
1.59300984680531
-2.83419634034934
-2.95132613722249
-2.43396644384354
-6.11948487594557
-6.44451489354009
-8.08137402657519
-10.5505879341481
-5.58652565564882
-3.93948811661681
-4.90806561454864
-5.35515962951864
0.941751611653036
2.93108363238485
5.26682665753617
6.61872043905741
0.0151924976901752
6.33278079813152
0.183946798923146
1.61942773305059
1.41052814451593
6.29225114130863
0.758760074420419
3.77351613416575
-4.97918964558288
7.03739544584628
-5.05000712213755
-4.36737724592181
-3.19814172278638
3.79309483891629
-0.843125312018538
1.37582011172711
1.83466271969115
-1.45634118240274
3.36903105487351
-0.128517974392961
-0.416245991217473
-1.19901087544433
2.80730673754628
-2.76960698356684
0.582093936396098
-7.08278716811203
-4.09388075251382
-4.58662620908613
-2.92545115257278
-10.5999415163068
-1.72578539089129
-5.11917535776313
-4.67230528091831
-2.55216885100571
-4.00489261939435
0.563411433034192
-2.70702117030548
6.29811232274307
1.55626584760439
4.14344294508461
6.53854544830073
3.45599689854571
2.66276888003701
3.05359039471513
6.76666471171684
5.42401488776452
2.39177760110603
0.999816135773548
1.53534818233128
-2.02186275982286
-6.97408548659442
-1.57687005270535
-12.2021982414907
-7.10690223487872
-3.34091983482386
-1.4231152905752
3.63228322953869
-1.16923508834131
-1.98500879204235
-0.371421556701423
5.97387454393955
1.16943356141227
4.48580376668422
-1.97674597147705
3.93848122704607
-3.89067711854812
-8.11742151705627
-0.80518248212198
-1.48095818237289
-5.61563064298224
-7.08025544294271
-1.59436269807345
-1.55065693493381
-0.33714898355685
-0.0844473189020394
4.60876295110924
6.32919526667073
4.33816883355121
7.75707396310667
6.31159890260433
8.73082180123921
9.96012352783332
7.66469766963163
-5.14225774886821
-2.99642429711171
-3.88257264301796
-1.30330200490392
-6.98943380958976
-3.00297198063022
-2.18210466860373
-6.63333117809262
-6.63797003463426
3.28101810966293
1.90983286537691
-3.88079783185784
1.86950209646525
6.31289616313046
-1.27998857869707
2.9138696373416
2.88745997630944
6.26431007055297
9.43178442889026
4.65877160379191
1.51697731771014
3.77596635993694
-3.76325871741481
3.59468651574179
1.14908430275086
0.540938060442289
0.0593982491145559
-0.728216833564127
-3.1483427701005
-8.73929573250621
2.08785296023376
-4.51797542419997
-2.74626083522963
-10.621632546344
-4.08356867946486
-5.02169482284063
-8.53466135305155
-3.72278030610519
-4.01315816837156
-6.2061815497625
-3.27554466052899
-7.11173678685756
1.32064574133551
-0.394768423635448
2.90556501724305
6.27991345681749
7.09391186141501
6.52065003173546
1.87856218351018
4.30806553726785
1.49561879012115
3.85130914484089
-2.87908799951699
4.0605118785928
3.95943074922968
1.26459590269466
0.264482956341289
-0.638397752930488
-6.298583423274
-4.96908498801201
-7.87683886065179
-5.08613246256921
2.41240218338081
-0.168216310474747
-4.89453038718045
1.93898865483227
-13.0372443079803
-4.00062772173495
-0.626090114055527
-0.480957382639847
-0.859858137729444
0.10376292355759
3.4050333591298
-2.63554171092394
7.34094209036736
3.23445809603898
10.5420293484067
5.43190500694055
2.06115254400156
0.561559600033831
2.53419341772266
1.13905891493949
3.14675261854909
0.70475952708716
1.03911763306752
1.39510046877707
-1.54064277288609
-2.06067954370631
-6.9277849491749
1.40729229143074
-5.78380463073646
-6.66441969149127
-2.66706390422112
-9.20138389511527
-8.02510523336681
2.35724011495337
-3.23232384467415
-1.59421721513323
-4.55484202034588
-2.29661222137601
2.44850123535934
6.77670200221954
5.6890307287219
2.07741389728953
4.73874187136567
6.49501418005307
5.674738082778
3.17561863662767
6.75376328069982
1.31369993016884
5.50717024922015
2.79318108406296
6.64430545403082
2.40859577362637
4.16459338295363
4.70391644328214
0.273408376877235
-4.83026663198506
-0.527914349317937
-5.52417970522608
4.517100568391
-5.99359227399021
-1.17160733357304
-3.16461914715519
-2.16547276252717
-5.12854042673308
-3.29807219511102
-1.59576948562216
-3.46162278230657
-7.27123706948421
-0.00354427217102676
5.52369388123901
0.939100041008544
1.76531295360245
3.141314759697
3.77266159000742
4.54011356234494
2.79285185936636
5.9578307931339
7.02110462590672
2.03490035873693
1.40229165385484
0.27973614021778
1.74622321755356
-7.98417221592911
2.0977000019839
-2.77374749030468
-1.96797219653573
1.76965817715143
-2.2795775614584
-4.9618396647077
-4.62646422007844
-2.18823341944249
-6.82596340211601
-1.46723027368527
-6.22015012233398
-2.43585984420793
-4.53958006527513
0.993945728985091
-5.07310062286568
-2.24757854474733
-7.98072561240119
-11.0533586507459
-8.62153629849012
-8.38800928518966
-0.77128862988813
-5.39337166165832
-3.26620365469355
-1.8557552456531
-5.59088711951403
-13.41900479692
-3.66593272155212
-6.33224003403171
6.62960799784447
6.13618352933656
2.43295496660173
11.0911974095895
6.44324565251336
12.0716351867014
8.94073384390196
5.17214328069733
4.87959378268322
0.560041199335493
-0.0982735655249022
-0.635492515311289
-4.75382766949149
2.05938477845234
-1.94701009013732
-6.57831094317826
-0.899395158477007
-3.86518952491302
-5.32159070947077
2.14100036138347
-2.36407405833471
3.67230227853962
5.16447571931256
6.86708475662664
3.94234096971763
-0.13106615923731
0.571266927402779
-2.27802879440577
-0.382909870321453
-8.13711316015929
-4.84615938665587
-3.65268014212307
-6.7779223975783
-8.74091036777054
-4.23800808334193
-3.06855119244128
-11.5262283635094
-10.0720422593267
-9.91950356074689
-1.6100060800962
13.1578403484468
6.2854034795663
3.97482813883334
7.97901927035152
10.6406893143758
9.38014764302074
3.88223856924981
4.01166694997843
3.29534333419908
0.0166620587554371
-1.56528137804604
-1.14951969362068
0.293816716266053
-1.73573871678659
-1.66246733687303
-7.95515934265411
-1.01655908831794
-5.28783859496061
-2.27406780616655
0.343443430942279
-0.5923251698884
4.09116162344457
0.167300818706052
1.99963830042899
-3.40270525388087
-0.698145532098813
5.79816628721212
-6.11718833769754
-7.24292998747252
-5.88057733693237
-11.4390800112343
-9.20210182498016
-1.22787950443177
-9.60822462641988
-11.7329376751349
-9.80727056700408
-9.34774478452386
-1.98480181026631
-3.87631344683682
-0.357699116668358
0.181649815948145
3.26935740796177
12.7184245870544
11.0288033520102
9.85923139396845
8.3632743943589
10.8091368001036
11.2427422711711
4.61442709201902
5.50332553876869
-4.16373955393429
-0.594763177158192
3.82726495195571
1.27661255203003
-0.244593674262353
-0.960367388614853
-2.31054298783501
-0.0425271764937882
-2.43037489415493
1.33268859603932
1.36285356697541
4.01481975391185
6.96524050858361
-0.233603262709337
2.59081427364896
-4.26560940882828
-4.48462545975436
0.49060914439889
-3.31850109722628
-5.34888417999825
-10.5807281150592
-3.71756941938566
-1.50903758960835
-4.51480522740087
-7.97984686180455
-6.22697293707711
-6.06406914075271
-0.0627964392877134
-4.59763982326386
-3.32099560340837
1.53968435222402
7.06756417814814
9.10531374783836
8.54670102345419
10.0582164074664
3.0877751210423
6.4975018476019
2.70016550046268
-2.10637112223993
2.73351491734256
-3.11196132248
-0.180554242243667
-2.05559482939253
3.76849657544519
2.77194398572949
0.0516773403479092
-6.43153162902707
-1.15696769926227
-1.50157241050428
-8.79007974516788
0.192535686767808
2.94055236950963
1.52809486547499
2.07576394979003
4.83456659367314
-0.468991316280411
-0.368034135804596
-3.24755739123462
-5.8638123545413
-5.59501130955641
-10.4972358182363
-5.25504101692708
-4.785555546793
-9.96174100141969
-5.83844867371404
-9.77713116600234
-6.20587823836926
-8.32104411164354
-4.69540179266938
-2.37948080652874
5.14761472009136
11.3776046158404
3.58639596108014
11.1707727447187
10.4023730245568
0.371404865576238
3.45379643518462
2.5045606874603
1.78341738633635
0.863566457270965
-0.825907688332739
3.35785257178841
1.18251033205509
-1.67948258974406
2.86190337652368
-1.45731494323017
-1.16104644570833
1.89232681145296
2.32922805741347
-0.374867381926245
2.92783984206146
-0.710044188256775
2.05931247999333
0.757317604757584
4.12810206084335
3.19545675943837
1.37383711103733
-2.83638024261537
0.364213342802627
-12.0384032205805
-3.82914085103367
-7.09683903861475
-4.81544230786485
-0.583319707447645
-5.11935881005212
-5.1434209408768
-5.54237576842492
-2.75948300711305
-8.16102881995149
-3.19526388245327
4.19765364607875
9.37419300026578
5.76373536357992
7.76047055327743
8.37281089385005
7.72902166356651
7.90780655425275
3.68433695217792
4.17528767207438
-0.951741950304467
-1.86894383949765
3.33373841505946
7.04568910943955
5.10099156138235
-4.62458097201614
-4.68054621407133
0.0524955085427909
-6.09100092836934
1.40464031579357
2.61293784971519
8.88618235282872
1.51554082829318
1.24835631910792
0.57917176308388
-0.0113030450932059
7.00184608314338
3.03767678535909
-2.46397081911147
-5.89727193397815
-4.54114870730262
-8.96248928508082
-5.57839759516772
-3.30512752135402
-6.78996777379784
-7.49960482367659
-4.06236395452619
-6.34678920950708
-4.52163550175186
-2.5487848598274
-1.89535830622055
1.25041493116521
2.71959379083954
7.96234089456823
3.94273025894299
4.852162799902
5.98914349884783
1.48924619947805
1.88819413798206
5.6228461793713
6.7861553270613
10.2707825784365
10.1054222265084
5.33178971325284
-1.99346795888181
-0.4142116147511
-5.43577729185019
-4.52765098633972
-0.00143131634662375
4.06616786415945
-0.384500661727998
2.35789709067239
-2.97386419361896
6.85511260700874
-0.857833913840158
4.03037563471239
3.9310283790147
1.78205105446049
-0.767719717114889
-3.78913106553476
-2.90058226983495
-10.1001172951904
-1.62566253765012
-2.97669232742296
-1.96423407402911
-5.83186326076708
3.51046500267923
5.62796945152336
5.98414083804918
15.7234358822792
7.83256896368542
11.6345982453153
4.25083707381466
-5.67902871309398
-4.58649588269366
-2.92019411012065
-6.7655833689093
-6.01116756482973
-4.4340317568968
-7.94575622432862
-7.54313771602593
-5.36667096978316
-0.568439851787297
5.26515312268346
6.96099275020291
11.6443119655774
11.0224701510364
5.10219005905643
1.11339495370499
0.023489183573799
3.66382668149045
5.86956210518398
-2.35540830678613
-6.71283915555263
-8.23661261376519
-4.53243649881929
3.30869184296116
3.8389847248249
2.98531910570945
7.24478131468627
4.46103215055665
-4.90047857072292
-5.9220191409234
-1.29632658717982
-2.70977910524366
-8.17371699629507
-8.07490931975963
-4.52433321542425
-8.24691499733042
-5.91034924495908
0.613038017336573
-0.6282066173011
4.12934211026581
6.49709025950333
9.68529565351084
4.82468424403023
1.94526665974901
9.67101229395359
3.21362095408621
6.82977185905672
0.909733788184099
-2.07930953655665
-13.1810228967362
-11.9322587876459
-2.75898789636062
-2.57180882695517
-2.92021284699132
-2.04657904566583
9.17456219312413
0.788335200255383
2.38208838518676
0.559267358256457
1.70857777007277
0.951294159633654
-0.0405156273451277
-0.2532981188931
-0.676686697104622
-7.77608159026275
-6.42983393027817
1.54709249878972
1.6156336413775
4.73414207691385
9.41517151190736
3.65047539021383
3.09163321545636
4.4522390955798
5.53894842010193
-0.658372086062391
-2.3169823508322
-3.40002719234916
-9.90333050934492
-12.1885213147212
-11.5779560162477
-14.6831473826343
