"x"
5.72401316217815
9.38215184170894
11.7084595929225
5.49388525918905
0.248376012737264
0.593330628088121
4.99262521989318
3.99086469916732
2.7835751276194
1.46266716001898
-3.14195809266684
0.286758165115477
8.59127403633783
1.1520128789681
0.169390185429741
-2.03822786137057
5.22926399000515
-1.34493697067636
4.20514439289206
0.0579915401672313
4.53800003411354
2.71681030440162
5.34351515024893
1.35526830335124
-7.07875463282601
-3.99263893985491
-2.91628426261215
-9.52900645532351
-8.17968793710359
-9.61015284209146
-5.29512318361604
-1.15628988280044
-2.99523988276484
-4.34315688053376
-8.84589527682666
-0.261277034628872
-1.66079032760304
2.83056608612462
10.8233933433689
11.2994052563233
5.92986518625575
7.35585953490316
10.0679311698868
4.2207542199872
2.97484305007252
1.34868688786636
0.917083266346198
0.282776791515547
-0.097039419962715
-0.931706857799937
-4.44075160259024
-0.616097514232504
-2.14369790160837
3.66676778330107
-1.64288782608134
-2.55662634183229
-8.25881148186221
-0.945435595635084
3.46415577342999
9.06805636844682
3.12016775163695
8.26621481637349
-2.31035054819541
-1.58174261008557
-2.59247350025962
0.172293416602913
-5.33350731296682
-7.53017819381655
-8.68513269172701
-10.297063309708
-7.49429068525892
-11.1337052993186
-5.47514136255199
-3.09858757433611
-0.830812852102219
0.419745870965459
0.596295084778806
2.04069034949479
1.17724450760307
9.03735741783537
5.61535278608914
13.6535341569799
10.0666672166214
13.7456062144336
-0.76283590421592
4.05720283926287
-4.6275131988028
2.33183115190773
1.06958743637763
1.68996657701366
-2.37656490632827
-2.87063762847607
-3.2922665261724
-8.34949808445108
-5.42883377938725
-2.53194165554373
-5.23754044561623
-2.84566496488369
0.51895368801073
-2.47984189583587
1.81203344907599
4.39876178645614
3.85301397906695
-6.74204976628322
-3.52485726907743
-6.25690295542179
-1.81325700578611
-7.32345211513014
-7.08297800656603
-6.67662612204081
-2.30610072747274
-6.28881621950254
-3.93807506693237
-1.97075841034152
1.04244718693193
-0.109002661139078
2.13954805502067
0.970294527137397
10.5103332025305
2.98155803254232
11.0692056375604
9.64044474985214
7.30533625532256
9.87077027590461
4.59294791126452
7.23922293177977
2.13270585875224
2.45794838595818
0.413641766457606
1.681084060878
3.03560002524306
1.83281487905972
-1.97611664105385
-3.80156476311373
3.41444503030442
-3.16972877636844
-4.94012501342526
3.07710867638302
0.772791133535143
0.156651108907913
0.10642957033384
4.15371516866463
-1.7200149360526
0.677287878705527
-2.6341946653994
-5.97877947495213
-4.51454739516783
-9.11575020638195
-9.82499341366515
-9.02519063106752
-2.23833569553932
-2.4790202609728
-2.72224669551664
-8.5072591021546
-3.00077655332092
-7.91163420561779
1.3045488834154
1.03812857293403
3.86079780764725
7.68041397319228
7.94885656552853
8.1542255344032
6.67647214493711
2.67662943477519
2.65546952750555
0.699119762933897
-3.51621532209878
-3.12082201501265
3.99136900647979
-0.513034988643606
-1.10090413114716
-2.09404995343948
-0.682660354451024
-0.718372040466967
4.19133873575348
2.04091637084267
4.3753387116365
5.43090087930582
-1.69627100163435
5.76691187184824
1.23051611735199
5.91133047983067
0.94368835894749
3.25180951829896
3.71790947151705
0.127526274758841
0.795036573766757
0.413659782002279
-0.148795239496655
-2.44225428725496
-4.17206813259936
-2.43190432194606
-2.89135385833508
-4.51674819260384
1.76657375214636
0.455959123465485
-3.63202942957519
-2.60042975465968
-2.61073738217932
-4.4514923948159
-3.55232934978981
-7.17087905330889
-2.59673050138093
-4.65067320535934
-7.41126807733891
2.69704243036455
-0.860318657863172
3.81137095178801
-0.308388081719618
4.73754293782582
1.59769200964592
5.0593919314094
3.40563182539735
6.44251199644392
-2.41842853297903
3.27401243979974
4.09336967986204
-0.436833532023945
2.12901978812766
0.790166399361594
0.0149507179112155
2.37986506131223
-4.70218119167765
-1.47676455713494
-1.43399996236421
-6.46664781996118
-3.0641687905214
-2.97814166214877
-7.42662154861621
-1.40454512814005
-7.84392664740922
1.46328014781931
-1.55216333188758
0.147420043193444
-2.84398029521302
-1.35262925653118
-1.68017473409357
3.47790737316886
9.29460136396806
3.96615438565449
5.8050570358866
1.07192952109283
1.86428284971641
6.20560844233382
13.6431133287948
2.37451181886642
-6.80296868572423
-0.557437197322698
4.23220812773128
0.120736449693848
-3.83112072903387
-4.82908423299637
-4.45205117798082
1.94403832527871
-2.08120398243164
-1.08236704413625
-0.559377931755784
-5.66660332451388
-7.52208553330958
-4.84220662557744
-3.30508819821139
-6.6962211550236
0.539326478549085
-2.16388497727947
-2.63568807278193
8.1409414973369
4.75228971892981
-3.94437152959666
4.00663131635253
5.63841570610021
5.73499999887343
2.17167405376602
6.71538775996652
-0.973952707946262
0.383604565767016
5.27374314305066
2.00952230476331
2.0797472030445
5.18318339650005
-3.32284472436825
-0.121393893778422
2.13616389131646
-5.3004512918813
-3.62065954481284
-3.51371305393788
-0.37387877715169
0.609753194108249
-4.79741647906186
-1.71706655230239
-4.96269025434096
5.54619557289573
0.111544478343281
-1.29860636883627
2.34266252364274
3.08819824957089
-1.88858618856209
1.69448263288387
1.22387093209876
4.29211039394057
4.43736747275128
3.30216536813849
3.61966268240193
5.22312691377986
-0.590230843962305
3.07250870750599
5.35633716528179
-2.12107190515735
-4.34723254933102
-2.60834490096713
-1.85118016163904
-9.61399022143967
6.30401600172349
3.8252118506558
9.43887927416101
12.1619337039476
12.2697884751853
7.5111421105099
8.66652037916301
2.36856943060315
2.01334772649311
1.43000531850915
-0.304249950653306
-7.74585044463195
-4.36161822407169
-14.1385000670392
-8.66909487125537
-9.47257109716366
-2.8441641115628
4.12741130076579
6.64412303789754
2.03649790166469
1.31026884080447
1.36735493906085
-1.18519198406962
0.771103389754737
7.6316404459702
0.79882695578899
-2.52721584851112
-7.84018989990232
-4.77692458688411
-6.40195556122758
0.843049712883869
8.25007533595169
-0.439884411198753
-0.815598143825317
3.15853274085945
3.24587116849229
8.03016230167018
2.56618296278441
-2.0701082267812
-3.81669786785683
-10.7743489249509
-8.13323317710325
-7.69671574346356
-8.20962440579207
-8.34244563443876
-0.156006417675967
5.20018570584433
7.58630322194075
5.42684797367109
6.03568216955723
2.37901517577844
12.7525363899856
12.4752333839237
7.50353875196665
2.37598235605084
-1.3155249141097
-16.8110070805595
-5.76488002491392
-4.96212346886277
-4.80494278093926
-8.86489775567502
-2.85878240009434
-3.40440404699875
-0.536655843827849
-2.85296696448965
7.39348452902459
2.21751138202787
2.25517235332706
-1.63542310922599
-1.43657717298209
-7.99039719078044
-8.62694741200565
-5.37451268258112
3.38489163142007
3.96310395731522
0.484904684731998
7.54227064594037
-0.571093222544607
3.30411711576903
0.808918579508094
6.35056814222163
6.42899345215638
0.819948346127718
-0.357165600335578
-2.16340459480923
-10.952875096932
-6.88168509534462
-8.89983316980341
-9.22540455711362
-6.60850353983236
-4.06438996431191
-3.34884546857654
6.51514676871405
8.02161779853607
9.66792364818935
9.00875274643035
7.09665464090279
2.92319779274154
2.51824294320394
0.721841387874149
2.32386344142121
-1.64496474165891
-4.50357173274421
-4.13775936701914
-7.11550418513717
-8.09807259443883
-8.07942276769064
3.79804622968457
9.59388482035724
8.88283242515296
6.98087063052647
0.922919409132931
-12.5698397384967
-6.87953372127947
2.09812902135671
-2.30346760829793
-8.29276360042092
-8.68205390766988
-5.09906315618236
-5.11080377727492
-3.21310800580354
5.938194870467
12.8694889197471
15.8718497039696
10.2882262706208
5.39226226046861
0.83647910248926
2.97688009365084
5.36356497203315
-3.31361853015595
-10.8780912819144
-3.76500332324743
-11.0466057855447
-10.6903510087935
-8.02801624559014
-4.14259304917937
0.118437300631519
0.187866627991685
3.52242543300341
-0.755079386480212
-3.09830261262752
-3.99953467185095
-4.78027440529525
-3.10494410892728
6.81576247309935
-2.29706948445536
3.01114716836785
11.5017762237335
7.81819709948786
9.37088575013768
7.3070406856449
5.49841437453222
10.6196560325482
2.25545511161983
1.59055669285471
-1.24095685509454
1.31739471161786
-6.71199905048543
-0.788538120875171
-2.18169187693191
-4.57773730180841
-4.30377262635771
-6.87751562529807
-4.64887395694538
-4.9515357282958
-3.71445161915627
0.00421903377213351
4.28558501352032
-0.551973775784257
5.20051444698094
1.64592452972619
7.27785380475842
3.21237890315749
-0.961491980845026
-4.83939674530941
-1.01518845993819
0.561615047481572
-4.19581007189263
1.42290524643295
2.9704436462417
-7.25846019801947
-1.41578424254157
-1.4935150737957
-4.68949444781975
0.536857748412635
-0.650740028282525
2.35622791770246
2.47427812210759
8.46202792456664
0.542925049296996
5.67672347179982
2.19916911613327
6.76265940192578
1.70947014175901
-1.23734125609884
-4.53218524397772
-3.63727377237516
-3.36186291431625
-7.72561180368828
-4.13561276183944
-1.47514080383286
-4.65597344101553
-3.02823535931356
-9.19659606200748
-7.27585778524772
1.48280500347215
-1.6732471451017
-0.284054793940972
3.69716567936974
10.4239134373957
2.62745140058114
2.66083126366607
4.21398423331138
7.23179970336391
1.61469980964493
2.00910204891467
2.30103374227948
2.6565657701826
-5.24962399223097
-8.64079975662419
-0.53425933228844
-0.773599561199812
-4.85128647325958
-1.20360509494647
-1.66864660001839
1.37576201971179
2.21981447497833
-3.46189171111296
4.44944573946283
5.38518677238447
1.769251050937
0.541096587684663
-2.74416984250273
0.636483122164578
5.20704023599778
-2.75970320935789
-2.86822454501247
-8.32510321023168
-5.53663182574945
-4.93794878991164
-8.92801378412718
-2.66334010089921
-4.59996569487338
-8.52336845919677
1.52824795219945
-1.14028729103892
2.89154093982594
3.29303691014722
9.60795329217538
9.64435311119178
4.20629387736038
3.53606913959285
0.414857955980199
4.63403449439615
-0.526784011793253
-3.61132809463747
-0.881004661482496
-3.03947467892515
1.50256966214274
-6.16498766740589
-4.5409825912061
-0.298919967853174
-5.3511620425821
4.52172469417065
-5.27974704281533
-1.07177112039555
-2.51076262646062
1.87662371931415
3.01940851113496
1.12483895912248
6.91774114953033
0.936308065899407
0.0700117158107407
-5.14245815246467
0.594150024688497
-9.21089464996607
2.56941557305809
1.84430508582437
-1.24249417034546
-11.5466119589568
-1.45482521046581
-3.22232105838049
-0.515495505018688
-0.339005779636354
-1.94546435968864
4.65334363538397
4.52843024755495
5.60988065561196
3.66422823811326
7.05067824598632
1.6884886701076
5.7637897004556
8.72846951096389
4.06919187916146
-0.83933531011843
5.26090001164509
2.2173145362005
-5.21656113784784
-8.03013937947388
-10.7602606933292
-5.55462492661879
-10.9715117590692
-5.34634747145336
-2.52257698638478
-3.63615120939227
-8.06356901522608
-3.68325929470449
3.0907451785533
3.75618919381153
0.689605047140029
-3.50127199324423
5.89196209329206
5.59481049593932
0.10547145445239
1.07087197385679
0.591906538362486
-0.4584424884196
-3.27433680201254
-2.20367102210384
0.096937958825041
-5.74857233876036
-1.35490096010675
-0.0804736352195601
0.616923542414448
-1.23336218661608
1.83037079599933
1.77715907896294
5.05603946148236
2.57738969254157
3.14089527794695
5.32332877822154
0.474628922277791
2.94052365925463
0.522442655414634
-1.75024580838551
0.872387606583892
1.59445845582819
-3.06719171835512
-6.23610956597549
-5.12049182636474
-6.31072304256007
-3.33267119572178
-14.0122261635043
-5.05339769759541
3.59885471946558
-0.337713657368519
0.563878940198038
1.58972817984622
2.87020751390824
3.91387671493387
1.54110455144229
5.52890036892536
6.73700877300966
3.29645508805336
3.25396853938042
5.43618863032671
2.86378201821267
-5.10199643431121
1.25228581970176
-0.745220188221416
-7.84548621622491
-2.99135089446364
0.9371108609511
0.186448645545705
2.7860571410431
-2.07071004648173
4.07335276012244
0.771794507003838
1.97159505657906
5.11902384175073
4.27916021210374
-5.19567997677296
3.98660834086262
0.948970014210132
-1.52021755050714
-6.64127350571898
-3.5552087979494
-5.04860596429479
-9.50342587175868
-2.51319894077408
-9.89044320373862
-3.88058703180006
-2.76877068460594
-0.129884546594049
-1.60825510105544
1.43763111772084
-1.82563580885595
5.32310868076654
2.65561317086013
0.757306641746137
7.05680116095054
7.75999758824056
1.53915253237311
6.54788967389538
3.46083744383286
2.23844345562893
3.529144499979
4.36157768939311
2.11187098993242
-6.55185326609539
-0.860347303693176
-5.33797193457546
-3.56610547337081
0.0113589556210032
0.221793095177073
-6.82035001364113
-2.96575094944735
0.522858078270489
1.52163082881355
0.519723045102137
2.18110644941595
3.67682367341936
5.92620034804833
1.65611011937184
0.964159131405561
-0.427664621523146
-9.72441160482626
-2.78995123193396
-3.23365409376143
-1.59724631782599
4.46742925398071
7.08144988789948
7.66939201020383
1.68648956894496
1.78507474370101
-1.17662998823259
1.29857441154683
-6.22888112844182
-1.55767321882267
-4.40680366842749
-4.90564215176726
-0.371793301979789
4.08221558058579
1.39375684557347
2.12198141617579
3.99000757935585
0.243065863132118
1.50198377618755
-0.840053554209389
-8.35805302492752
1.21238341095939
-2.54882842304922
0.672407038300801
4.90548699258259
6.24490639990945
4.60751957051815
2.6377128756169
2.26366193351076
-1.6423540795358
-2.53595793669971
-9.15517112181709
-4.73782520555738
-4.03601474397121
-2.21908584479225
-1.29500917558696
-5.65726715767515
4.5242291472555
6.95417402726718
11.2716314224448
2.29376859112179
-2.66430237284842
-6.11951221407646
-5.39946682835745
-2.16816315620615
-3.84365274121151
-7.48106826190633
-3.43504682379129
2.27231806002236
6.0160487047312
2.07284579770768
2.00474575585169
2.57544328598893
4.56346380384435
-6.36345765952907
-2.05003495775062
-7.66542395619455
-4.65427441775055
-3.58118023505843
2.07229932922368
3.67075653424412
-0.282610918356287
0.489997691275692
4.0371447818034
5.88506904083035
0.861367986211685
2.0036701361044
-3.13642825438946
-8.7078522153678
-7.00938363391391
-3.13726955462014
2.66893276219046
8.54914339779046
8.13927891441049
8.45391164334564
10.4317356700038
4.03803379235524
-0.187363924264802
-2.00422121036165
-2.27714856847217
-10.309681209228
-7.18167435475107
-7.90284369145671
-1.62446236099602
2.28839018860546
1.73492373318586
5.5113442535456
6.35241951211928
1.56702927317242
3.3113325570077
-3.98901937692866
-4.33797167075963
-6.60919097949412
-4.89342666402568
-2.96190234015938
-2.70988622338136
-3.57991878128877
2.68786940422025
3.78233639461676
6.61734277780851
8.44349611474179
0.494125697448584
7.07700242095866
-8.52778618555594
-3.98525983471532
-9.7862716640284
-0.649788291187838
-3.92252692813732
-5.58968065458539
3.88007162110123
6.15172007003426
1.67469817912129
-0.70744904849613
-0.658638199507312
-3.52583812780475
-6.51132157044427
-4.44773024292283
-3.28927330452064
-5.19042970765575
-3.76834709809655
0.396706090418025
1.26977002090487
9.55241320177449
-3.22426340025252
-0.857025836695533
1.81931502937036
0.392264195331547
0.285466092086009
-7.88393344100258
-11.1565210298336
-6.00423692858458
-1.14096389454567
4.22647357107891
-2.93883172163137
5.01937426326501
7.126101742481
6.11895749775592
1.00207878842649
-3.59775481244871
-8.93199418834891
-4.97635515905991
3.50347868197207
-4.48626908468334
-1.44095146413255
-1.57889705191219
7.5541197149647
-0.110704507730906
3.36670479213498
5.0609315329198
-0.0908744732980222
-2.34470707705463
1.22498596225022
-5.17373848784184
-4.46394201593282
-4.29367485484273
-0.734161446335138
0.0159270520712096
-5.78602324998875
3.5144959048472
8.1429689657736
1.49044431725096
-3.13939342973599
-0.27325761828335
-5.87520598565349
-7.06193217450359
-4.06377630768162
-2.27826884423019
-1.81119336119887
2.91637627329493
0.0143440236788579
8.22369725077195
8.38312099226441
13.4987214205672
1.13468696093361
-0.484230930011734
-3.99909617135938
-0.814301653223716
-4.90443740248862
-2.7383369514329
-0.324461525078517
3.04282137883224
1.0063113303362
11.5289049836177
4.34913302688305
-0.277645850329113
3.61859612305899
2.95432015023367
-3.62593446557114
-2.76474692799806
-5.19350446495145
-3.07239762065324
-3.63635133275222
-4.24234791983186
1.32885623925141
-0.692603618974347
1.8576446549485
0.207052407214843
1.25448617685765
-1.02041779069175
-2.64419250424305
1.28878578965467
-7.00003680427616
-2.84106733996287
-3.24814711720975
3.15654299610296
0.889518759660911
3.56415446222222
4.87682714584066
5.0320181038532
5.11769580830473
0.229108205613869
-1.18618089039619
-6.1263365962705
-2.02216860768767
-3.8182175270679
-1.98879197798595
5.92693539519599
-1.91684485552111
7.47699040917625
5.90812394504936
2.08587719773803
-4.82520599316572
-2.52671753798888
-3.09276663999797
2.93244906791978
0.144995579155042
-3.2098965082721
0.775469971994228
1.27799084793424
3.57296406293482
5.60004351991583
6.07200745897727
4.59059389810558
-2.36713569685783
-3.19579994376767
-4.32480654020649
-5.83972855567182
-6.7683000952694
-2.44027531234559
-1.87838059407083
0.637554391600452
-0.791145367539079
-0.795229684558386
4.25609180510626
-2.65717264754197
4.85208800236769
2.00799292300975
-5.36594645937525
0.0909665785636911
-1.88965321877696
-6.0774735169789
-0.290585167353769
-4.1522616303825
3.90500596088273
5.81885123237955
8.66554853951427
1.73794353889877
-0.746968772192415
-0.507985201225126
-3.29669659659837
-4.49871584270833
-2.24157962041767
-8.08690889362164
-1.40225997604371
-0.458650668455042
4.12910180669134
1.84489343163741
6.57616495837151
2.8550832983831
5.08944551531004
