"x"
8.43986324989161
0.607388288753513
-2.46945456407229
2.66852739039973
2.17925897293217
7.28068538498531
1.05529562653293
2.76158285193681
-4.57949999636606
2.876247610718
-4.54654581417289
-6.7780909190881
3.3073228651616
-4.98164930637923
-1.74847210262587
-1.1821229717224
-1.91184790469053
-3.68635818984377
-3.04819297913593
-2.72324077881534
-1.44990575180336
-4.64980972867936
1.4544601537681
-4.0162950414525
-3.16697451507186
-1.56446186713956
7.10229637337077
1.13815853908565
0.973653432862241
2.95181154333812
5.96964903611494
1.05745709112557
7.13042631166532
0.920230907158592
5.10283702890015
6.10476723777192
0.702154131851168
2.39090558531279
2.39802224757723
-3.7531631519244
-5.66627123813894
-1.90408998812617
-5.76217544260644
-4.90404939504806
-1.81117587031969
-5.65564787863184
-11.4002901369966
-2.44860959419492
-6.51286852611068
-2.6082494787864
-5.65268699263715
2.09776013676727
0.231820671511137
-3.62509533801413
3.01761950033156
3.82391588539489
1.39234016739234
6.46006384878021
2.21902291106429
0.587367364125508
7.43832757743157
1.13925669945509
2.64851603664966
6.25275828265632
5.63175633587373
-0.700387505453698
1.13039421980898
4.10603944468363
1.4566760762299
-4.6930381567416
3.46724461207892
-0.454048042973034
-0.748532792955834
-5.98680312349209
-1.07519240620384
-3.33817803355093
-4.62421357749808
-5.63171506245351
-8.46979638601209
-2.56960864193947
-3.11749933971286
-2.62842028934463
-0.967556794658089
0.522088539379994
-3.56409752806638
0.393598432248652
3.4004255891966
3.35378670685362
-3.22924718191875
7.04522961205708
4.04616247739475
-0.823379314841004
5.37289310755905
2.27325183694461
2.60308430244105
5.11580911827689
4.75545050646371
1.98099291362032
2.89117859802556
-2.98993544113903
0.195505453801211
-0.17799838712139
-4.45853801317494
-5.52961900020446
-5.64227573003351
1.34784894519012
-2.63181997920852
-2.46883728787935
-6.27468182644858
-4.17122449587194
-5.77785515263725
0.535390013813114
6.1556555748802
-0.645463389453362
-1.11326331743841
-3.32697625063838
3.36065265860928
-0.853843621385502
3.4443166895833
0.643000035457409
0.131799815299484
2.79556912734426
-2.47517003186719
3.64583928560668
1.66700101369343
3.62755175037741
3.072817589289
-1.65149178443749
-7.26796390252375
0.902442677573592
-4.35841384589831
-0.149610413355806
-6.37442621857758
1.72285984238119
-6.35696174375883
-3.43472168438971
-6.4519832177215
-3.11860840177007
-0.619803073137184
-3.68900825347594
-3.91802302177265
-6.94837036616835
-8.80471436920884
-1.20361258757766
-1.77172533695707
0.175788581071222
2.2198795622657
5.16812629213792
-1.71867831451625
4.99075907139613
-2.13057113667555
8.45962776662956
-0.701936127442568
-2.19257047262107
-0.0671601841700307
2.53964276571444
5.09944240620218
0.450511404283741
2.68725381099901
-5.10633612410921
-0.785835323932256
-3.26279101311229
-4.56876989115111
-0.634605198210207
0.545442858310718
-1.44291029889454
-5.33527195636933
-2.89037293755904
-2.60931422538009
-4.47795820458061
-2.70424740317503
-2.10261777329863
-1.44659338099314
-1.99867706662502
2.85237399504897
1.2280622904463
-0.0568378516671648
4.53969986030526
5.38554139980885
3.29905420715967
2.17018860037249
3.04981891398342
2.02885621993253
2.11164342980505
6.27262083004028
4.90989454262803
4.12618851535331
4.62289121012821
2.25989458254401
0.47405581331905
-2.31493276093422
-1.63686504857395
-4.53871394362569
-5.35902514573643
-6.5103177322554
-2.71232658236826
-6.55642656416269
-5.35330474022159
-5.47566174110961
-7.07241497179265
-3.15106406893247
-6.77702241940668
-0.459021650931219
4.89662847600362
-2.32108452578148
-3.09692702456654
0.180704173191129
-0.144387029678216
7.1138951000646
5.99761384786994
1.01465832156387
9.36936820024171
6.00876444954575
5.51233031489128
4.66206662638109
2.80327737258771
5.34992025735691
1.46849348509943
-4.00211313177
-2.07990491502856
-1.57426040265605
-4.02981510821113
-0.968285819172682
0.762602457250541
-1.9104557172022
-5.23297006672876
-7.6245503492932
2.68070248468438
-3.67452665759826
-7.13623046379003
-0.871533723132247
0.253091944477443
-0.943662580572504
-3.88669682124312
-2.8188289692054
1.14031413702155
2.71358581161284
5.90744816068685
3.12399117353238
6.11898721672474
1.55142191572517
7.59061381313218
-0.357079453757178
7.15475301161108
-1.35368599563359
4.93687237780584
-1.3753353784798
-3.22533296853128
2.37222697664353
1.90975888581885
-1.62895409970067
-2.55305252886911
-5.9613848172524
-0.0964291554500716
-4.24008126320733
-5.20339918371381
-3.77627898576553
-4.03837431097306
0.1823850382985
2.45830401141549
4.80639189413415
2.65698728542936
3.7347560516353
3.44475491631287
-0.214450891946601
-5.60828727271925
-8.4214045253243
-12.5017506646497
-2.92735474383675
-5.83317581754719
-8.47120177153137
-4.57892995579746
-5.87466845287626
-7.82613534239233
0.408957583724567
-0.457221776703423
-2.01677721914857
-2.35291411321485
9.29195240464939
9.45451619856512
7.08785154025598
7.00181518022061
1.5314720836629
8.84138953976407
-0.896579580244802
2.75428155964543
0.80925932004941
-2.08136814586993
1.82810444414695
1.09510265927758
0.375438958824913
-0.279591879756813
-1.63025304171249
-6.2010175519522
-7.80776717989265
-8.72853395856327
-0.37680763127193
-2.93758651202346
-3.32078590792067
5.78072710369604
-0.44220436628211
1.68895708831328
1.49766717910791
-1.83736836313659
-2.65300490143011
-6.8255826139785
-6.31526676326312
-10.1910505213333
0.927014563030061
-6.81394192515417
-7.8011324832954
-8.26820756639293
-3.27620594067827
-6.69024871878085
2.27742827100627
-3.65910949202667
2.25302441055898
1.9498656700268
6.62239496303557
10.3169913729383
7.65927303689648
8.94000445478881
9.30809830091191
5.25776779491055
6.33507809123863
5.37254821084211
6.23308917046306
-0.772117008748424
-1.07989707536997
-0.00937293036940856
-2.72189011826319
-3.32798942137564
4.21196766179938
-3.82557094070792
-2.35046970896723
-4.70787354942463
0.837801236146319
-0.629154242663515
5.71991093789344
5.15425211638004
2.8461664162186
-2.74748907260805
-2.34006102900452
-1.08090952911976
3.296586882512
-5.88111717526333
0.427534410797696
-9.68882246833743
-3.87440552107378
-4.77354597891626
-9.92744962844303
-6.7479917516581
-0.609877211901446
-10.8576338441639
-8.41810031325148
2.11010756579306
-1.85120683561801
4.6393796493851
3.94152994484308
13.4711053186042
4.61681845620342
11.7044565942776
9.42779427698306
8.49964119431563
1.24782139434234
0.0439555927212134
-9.9673171463058
-7.49834554061228
-8.12216053197968
-6.8213646521597
-5.74454208093241
-3.43978459879772
7.53576534829484
7.32030532986011
9.74207000313831
8.86547984762531
12.1840142419977
4.57532513904148
9.04335975738676
10.0597518939884
2.33883334975911
3.81064956410442
-6.51331157540326
-2.64537117030528
-8.21292777958534
-7.57051413612718
-11.52859652395
-9.36069000668506
-2.65263358042551
-1.2306161999495
-1.91197203461832
3.60149932555541
5.07142101221901
5.48183604100406
10.2393318022791
11.050505489526
-0.305095109504341
1.27183045678235
-1.62442738248525
0.34096559326669
-7.76727280323898
-2.28807496924904
-1.47624176600836
2.4885108242742
-3.8572282710641
1.44143780705574
0.164442301648397
-4.34346107560483
-1.36052457907109
2.78115888954579
3.855118864224
0.173698445630767
-1.37115775803917
-4.1619371301238
-3.36824404213007
-3.21895055516652
-2.76965943609112
-2.20620574655438
8.5790761016817
6.58868287507903
8.65097892896667
6.93822444931932
5.74343949555569
5.42161551770513
0.504406734598136
1.20541693574092
-0.852240191796653
-4.10611419916789
-0.227112486860785
-8.28436568261182
-10.5652706997361
-11.7511508790491
-7.88509798586504
-5.62335993801286
-2.00681202339408
3.02175367069567
6.19886310970143
4.7128407223005
12.3585302088114
7.6656120211134
0.915127829456961
-2.44733544241342
1.21607139657958
2.0903788627869
-4.51669483591368
-4.09751965103506
-5.37993025145162
-0.859795394958261
2.0074655448116
-2.0768695610119
0.286377504210963
0.889664542900879
-3.59361629481122
-1.73524646497244
-2.12763846468736
-5.85123093076357
1.70998655362807
-7.2398656190769
-1.92101803699712
-3.29821436849271
-3.15128218085399
-1.59677085682166
-0.341542247059883
2.54603770556391
2.29620762301813
9.21611780675467
5.52724464856563
5.01764730841711
5.95204442538725
-0.992972068370902
-4.56675881499111
-7.13017864847469
-2.54018041037411
-0.0944390729035494
-9.50155854964898
-15.0501788286948
-5.29973909601252
-6.7682513044094
-1.37606395838877
1.61333463911252
2.53043385623183
4.9395227116641
4.43316447684254
8.07267943933173
3.91424466959796
4.70891372282608
3.61408419318972
0.622328862243617
2.70893182213613
-1.26021709555024
-4.54670957346236
-8.31968172781913
-3.27664513223293
-5.55664207307879
0.174792939074833
0.158831416400494
3.62125055254708
-2.7170869214413
-2.0159393491033
2.78453696757503
-0.74097144891261
-0.359347386564926
-4.18908600304988
-1.99991262808265
-4.98899201510892
-3.39331657695153
2.95915490385435
9.66306970457139
0.837273010535459
2.91031816484918
0.179002229764052
4.69186567772768
6.47420065031068
2.43020288117416
0.461159813101403
0.991581959805773
-5.80739982051154
-1.71441092391637
-8.3763844836717
-10.9392308475317
-11.7494991584311
-8.38369435445036
-2.61553292261408
0.517294887636323
3.83507457441819
8.17786929435569
5.80358750664811
6.41988019860348
8.07155429756776
9.17666245475511
10.215602108358
4.87647697444693
-2.01113350731058
1.26672808278755
0.279968253063854
0.459484488841205
-4.88883779943388
-5.80650537181253
-0.981146229997596
0.846317767793752
-3.43529370275345
-3.10798969604039
-0.623180146126976
3.358522731726
0.982873907340202
-2.66455220850466
-2.29029160042833
1.34083728648322
0.582010196172788
1.40301529338989
-2.63763113274626
1.47241599153512
1.63865846689173
0.859945963765726
5.2221036346107
9.83166634852325
9.15263475604909
-1.57646328299607
-0.86955961576063
-2.3613756286836
-3.92023638761723
-11.0672107993683
-11.271777087246
-5.26562136042291
-9.73157792832791
-7.22917960343734
1.13626091094235
-2.82754549499783
0.182851954995118
4.16127848687519
7.76489712352541
8.57575369863116
12.1313116192592
9.39564530901904
6.19318804453287
2.39223332473744
3.1033173511764
-3.29367025206316
-1.76596080008394
-3.03739095216387
-13.5128509414383
-10.7001446446168
-4.2594341498276
-3.98385497892617
-3.35250910420058
-3.19089767675474
-1.74205230697104
1.89107241622691
-1.00462655730596
-1.36371871826646
3.61376659870502
-0.371493555939772
6.76546194352247
2.37387089319754
-2.73665070787898
0.73293802754584
2.83348288630015
7.11263811930572
10.2231657084681
8.31827367252469
4.29439683635661
5.55282652683322
2.89094261400156
-0.218069786097509
-1.72763137317539
-6.11660044002626
-11.5642258428372
-5.1402746837924
-7.55612072182187
-4.07249970542048
-0.675166037046112
-4.04948979523633
-0.786725698054918
1.62309610815071
1.3359719702111
7.74347388115844
15.0148123809886
6.27875229788989
10.2494943733814
11.107229401951
4.20703867878056
-6.97238101582827
-7.30882603244303
-4.96489237722396
-6.68522089650743
-6.82982215447166
-7.61797868813537
-2.82137742349323
-8.07474337751757
-0.880501062941641
1.42091814586183
1.19913702282849
6.19463479359084
0.336016885122543
7.1628270810698
1.93773182235563
2.57404813048496
2.59679982173951
-2.66594940714807
5.01409920956297
-1.75300901849808
1.75566849915322
9.48043136873077
1.98522103313417
-2.4775437129516
4.74914932225782
-0.0238927158966868
1.15526310981089
-3.63964743412011
-4.19084468432789
-7.68405771613756
-5.99684452992632
-5.51351851630473
-10.7363289818887
-8.28567957560419
-6.23610530538225
-5.07683402392204
0.810715109105082
-0.449417903959542
11.0922624133734
8.42711479031361
13.0668282460105
7.39747308851559
9.44402322478929
7.13813490347564
5.55315915896755
4.19553758321149
-4.58441653364365
-11.4172832792198
-3.58155235286628
-6.73350562729343
-10.2275762227652
-6.74771192492355
-7.58786177227824
-8.16439270687752
8.20854325748251
3.76152535447253
6.47149096252039
6.80066839442856
3.09510243517292
0.505993696475657
3.72379104684742
-2.30261194428135
-0.941469668146526
-4.56175181807369
6.40618927653516
-5.48699965170013
-0.908581392837056
-1.99658469227685
-2.61015551048032
0.371230073477643
1.15362751240288
6.77414264944336
8.22105257548299
3.52261796359439
-2.17716622205119
-2.52778115805653
-5.8474847894167
-5.98972647263742
-0.223225636447846
7.91144490212952
4.98890913939961
-2.00068182439011
3.45641219296613
-1.52668064853599
8.03827334503034
9.38251384811968
3.75644365961996
3.24837102964026
-9.7650983283894
-3.94401826654844
-6.07320089896919
-7.89419920213624
-8.32787674387481
0.191007069856025
-2.81802653004259
-0.691604740670794
6.61055846284884
5.93236572098072
9.1111235181511
8.44043461837836
17.5659147598557
6.36747090570401
2.31518898690535
5.67782356368486
-2.47487415136258
-1.30348926789737
-2.29356448272746
-1.32066310192363
-9.82473582362409
-7.27260448164473
-11.2248076409185
-4.53761393119531
-0.364562714902306
4.6411230453787
0.615908696553561
5.49471359153338
4.19195391295117
2.97026502831939
2.62413955656061
0.333141948840569
3.89815252805061
-3.78327399913375
-1.87182610307141
-4.27682512662555
-3.5987900566149
4.1903234132665
8.17270416708037
7.93247460673459
9.57015279231037
3.66426151322305
1.53947322002979
1.62436048868739
5.79018916155783
3.82312140982335
-4.21007866880793
0.335667134758474
-15.0459441368066
-10.6642530124213
-14.4378152787637
-12.7464865207131
3.20779427251618
-0.187973065845874
2.78765884917849
6.3354627780044
5.34450338580353
6.89838057461374
7.7956932675092
5.54831394975591
2.5089761883004
9.5280927492533
3.41683648153418
-5.32561086205751
-10.9260876731096
-5.64332504350342
-3.08941326302016
1.0277778490116
-2.37765178947986
1.99059182529742
1.76840782054532
0.398033672267286
0.406555755158723
2.05795207864323
2.46397577702247
5.25304637590105
-0.926188196287433
-9.00104636315497
-6.32883942820287
-4.08518684000674
-2.71324955377963
1.9151468758027
2.45104702760952
7.33474974947246
4.81131941226802
7.62996552893533
7.41661897781417
8.69040558076591
9.28800377696929
4.56597666348474
2.32352466527092
-1.44373908708744
-9.41611505453678
-13.1911322491345
-3.78776457441294
-6.95605383051504
-1.69657125051233
-6.4998766842637
0.416073660815084
-6.86330005583306
1.48697361114024
3.37869500875462
12.3986686456507
5.43760536974726
2.40581902645814
3.00728288323252
-4.86825192532546
-2.92265227544998
-0.463011171856776
-2.79923365102742
-2.22204562055372
-6.88742989874945
-0.741070231265153
-1.41400793226691
-3.4058136550102
1.62407869017344
6.44326596992373
6.20030892732465
0.25853847050734
-6.31770886851484
-7.64781392343341
-3.4380511936604
-4.73982123133205
-8.27231353907521
-3.21826128777454
-9.99375285232076
-4.17139751024281
-0.504486334137274
3.0863439549759
-0.777025932881478
7.97667034655655
16.2648938518069
9.37701780533686
6.16003216510696
5.05876093428963
3.8349378442987
0.848691659063476
-9.24675053548185
1.02950595617251
-10.3411962881056
-7.84197735497056
-0.749010335982051
-8.03455222321312
-4.25347321196009
-4.67875072988088
8.5931048394485
1.14193997511234
7.17707222703986
10.5781497859122
4.57960874327376
10.5494705902489
7.05683070725014
7.43078656891137
0.462184156677051
-2.75707654791697
-5.3901230766495
-6.19399045702919
-6.67831018309325
-1.75569825528321
-4.15977872483422
-6.14220008765677
4.14141667660437
-1.46534177356527
2.10794276872153
-4.69950391264705
-3.48841504820003
-0.659020403309046
-0.994960265913565
0.47619746731666
-2.16613274875685
1.95397579829705
3.18199158390385
1.88955671649086
5.23670893439039
-1.39630943945249
6.63193260935402
4.8481977100756
0.432135910627963
5.1722578146342
-1.13484453687844
2.26351733939749
-0.172256087491997
-6.29222154094873
-8.8712741010417
-11.0690682949857
-13.6182396194255
-5.11175508687635
-7.72529023305217
-1.88581419267651
-2.10647429579604
3.93469020598468
6.99290652505326
7.39858837948075
4.3588861595997
5.07508595365898
12.0175396855893
9.8588026962632
4.70353122587453
-1.07986266864839
-3.06482392026181
-5.12699144010377
-5.1539313925856
-3.10033988996852
-5.66078332008869
0.560661217353377
-3.11838441707266
-4.94572307826969
3.03100388576187
4.19519578120645
1.77472617153417
6.56381134930768
1.08638983159251
-1.099648433448
-1.59464998898875
2.34526283459612
1.2563124041016
1.08429074520669
2.09314965831842
-1.72870366554277
8.22832617537503
0.771293370927467
6.50498535361749
-4.34401620244674
2.66259408388317
0.12810980577299
-0.201854609429497
-4.189362991681
-6.39492392888644
-14.5847996519953
-4.81783070736508
-7.22397321875884
-10.3922935855848
-8.43345687918719
-6.88010658773549
-0.611680184628105
4.77938421760721
3.49298927927536
14.1012827093856
6.08680004431806
6.10389361517957
2.27785496775651
0.132696893484773
0.910826329014964
-2.03319360997529
-3.2578731016776
-6.57196428359638
-4.31176351042816
-8.03129646465236
-4.88957195821058
-1.89353528764725
-2.83494205750313
-2.19781097997576
2.08941826339708
-3.01969828310588
1.28108545272031
1.42721823607119
5.4616691976661
2.70979376880545
-0.0994084508283541
-0.621302987995584
-1.70921349210803
3.05054371167699
3.29785090035058
-6.60176521071898
-3.47786807857928
2.31659344864525
-0.532522427061287
-2.16680743196265
2.2727503558324
1.04149265237577
-2.62390354086502
-0.366344843602386
-5.29595019497273
-8.44497451395455
-8.65751797481915
-0.831198200105312
-3.62110087593844
-8.97269494914475
2.86144491481191
3.89458441091801
6.20179494660742
10.8896201307605
7.63010041333967
7.30374329320033
7.42840225555544
1.31473564161635
-0.465974409651704
-0.666996955611744
-3.83287840875811
-6.51342982199391
-11.6246160529968
