"x"
6.0097252505192
6.92608113564169
6.9378577424388
10.9594691165687
9.06553900828571
9.44085773165115
2.1258378310113
-1.7692167273096
-5.70064023053281
-6.86413978751001
-9.03307865066969
-2.88374145193183
-9.26390220492561
-5.6592692177519
-4.68174132330006
1.50738166378656
1.56185008014937
0.832910269338544
1.43660237734029
-2.41474507881857
8.24630567091752
-2.8542607021079
7.42023750059981
-0.927333364663591
0.873201383780188
-4.45464497805977
-1.65336512495033
2.06375230234708
-1.00721157392331
-2.86595668742793
1.14443050821785
-2.16867772287063
6.72656576101682
3.67465153100456
-0.237962683945146
-2.17614950609128
-6.21426826826929
-0.95517944336808
-7.00908218491406
-10.2917676869789
-7.01001967029841
-0.15487757136189
3.50132206192078
5.20625599791801
9.71147254762436
12.2838357203848
14.907168688209
7.90717436773157
6.37993442309865
3.61480322039083
-3.51370392572922
-0.807365356274436
-6.04774371474208
-3.87777704952144
-9.92010222644165
-12.1994113209092
-10.2398892617114
-7.38131361185154
0.382898596300739
2.5795782922395
-2.62309630913605
3.63354262134476
-0.25192336351911
8.48785306304197
-1.41184280808207
4.38189325858529
2.91935812058002
-0.985106105963919
2.42730108448539
-1.58334064100268
-3.37115889602973
-1.67536450318021
-5.15652534702007
2.85183791745867
-2.24733033980378
-2.68507729319355
1.66522887457603
0.945861088256074
-5.0646409957865
-9.37768155146012
-4.21529417007671
-7.140665441302
-5.05933474828803
-5.03127186081436
-1.72428701347714
-4.65660553421058
-1.58667653758923
-0.441314181956701
-1.65827533304576
6.16001498676509
9.92268607943982
10.2315724298072
2.57537219958099
4.93894889551989
-0.00734566217195365
3.84530266307064
-8.13209648716293
-8.19048580760385
-9.35642856526018
-9.56988551652115
-15.2520150202689
-6.27560170750726
-3.56780184684957
-1.53348881573648
4.08314843354644
4.79398414122859
6.52249543564054
2.6857221763262
5.01980511528757
7.46196337415494
4.31146769082415
8.26081232844079
1.53862539365045
-3.05196607581312
-6.54147754839704
-4.93727625635172
-1.60003547857254
2.79025234377154
0.102126796206828
4.26356058886666
-3.84596261708083
2.69675828403292
-3.0596674406658
-1.36832846408072
-1.52350206069086
1.41503471098338
-3.49743350755122
-4.33317717751309
-5.87679352472455
-1.32380246290872
2.50297978536191
-2.74793461358874
-0.105279864744042
3.60435329318218
3.43006923026123
5.15382986332596
10.6170578708383
5.01819384930489
4.95604695058281
1.43163169303138
-1.70248178548256
-3.53367844132485
-8.03373416674638
-7.27061161562602
-9.05755245861865
-9.79687366205635
-5.81051726574633
3.10256370868036
-1.84961562810052
-4.2145703435103
1.49886862266155
8.82758921411557
2.51403319496836
14.0696961394726
6.61845925497312
8.77799660343653
10.4207428953358
-2.02796056008478
-1.85859084832091
-5.92112091006318
-8.16124257344702
-5.21382325366187
-4.69117548477248
-1.94753581898734
-8.72231024880541
-1.65761506194648
0.396914617372047
1.50642984192601
3.6872044779692
-1.96576358225469
3.05305685528774
-0.526093093336961
-1.00287942477442
-4.70213395287243
-3.48173384875622
2.34939966145734
2.52521816320213
0.334764340853495
6.60510518151753
3.10487006648191
7.15497090073623
2.01040304624779
8.88374822887692
10.5088921893671
2.99662292714121
-2.63897884505965
-4.58634681882039
-6.99773452984323
-5.42724195369188
-5.59681049827136
-7.49349459265514
-9.03429310339298
-5.52400729422306
-0.411124073047927
4.1268358501061
6.37998953040141
7.14888933577748
10.4380318578843
8.20596935688586
5.70659702245903
4.75369514588756
3.97574909682089
0.922971152129804
-0.0425464751038183
-3.1706873740374
-11.907922863355
-7.55048182320413
-4.43620234850634
-5.16533383766815
-1.97163169907155
-1.6546457764614
-1.03507763158864
1.5140900964418
4.70590410312876
0.186540629089097
0.993959640097852
4.10320418020661
-2.55992478390561
-9.983241526466
1.33338351070633
-2.04519233817544
-2.05976998135472
4.68337417638542
0.714794093885239
7.93909311311179
4.73286555182222
9.36830372899443
2.27344693128117
-3.00310894210776
4.87379992822232
-5.89491371497583
-8.03595949845967
-9.54361694678625
-6.88541600196745
-8.27131759740009
-4.75713041459033
-7.23877741377075
1.64051663742473
0.809189269099406
11.8353981955825
6.74131720181518
7.12437619635452
6.66605475012974
3.02572492043618
11.1179676401122
4.40181113861513
2.54542378800575
1.24306512002868
-1.76911628410792
-8.48376731727718
-0.18914628550394
-3.6578061156347
-3.96636598538333
-6.9106297231973
-4.48411728389789
-5.23973699544952
-0.0190162537665879
7.37477671349945
0.0238188930780856
0.976545795622198
1.44568734939401
-0.445195747415329
4.08174235660171
3.36594390649171
-3.49392493482223
1.05953077383236
2.05644989862942
3.61087146746189
-0.272746676996374
-6.8364549331911
-7.23230181342539
-1.59847450740554
-4.69338904188539
-1.877905131108
-3.44856053854886
1.81020750674908
1.61939308449401
1.80780410310152
7.87199089555456
0.965596467981508
-4.5798523113504
-1.35648489507691
-5.15321706906935
-3.40691239066767
-6.51775873860521
1.12188617699074
-1.57722632129715
0.493079927036001
2.88510613768417
4.77284378607589
1.28665452991417
0.193125456721009
-0.634529709961918
-3.13187254641262
-2.9551817465109
-3.09279274769135
-2.96293760431183
-1.05546444681689
3.33504090599008
-2.19221092820315
2.45991023489231
4.88703270021389
5.97052752433769
-0.391289843546404
-1.27530171842459
4.30134177030999
-10.1901234115606
-7.61535128204834
-6.75126232398419
-2.27458764833829
-1.73743309497804
2.18834094647029
2.59698159810121
9.65090771966125
9.55917564008312
1.23978372205471
-0.728235432750403
-7.3536605699224
0.228471106484496
-6.83905522033141
1.50046971939159
-1.99582677456844
1.56898408075332
2.31125174776428
2.64554661011185
8.43858317520297
-0.00925199792227804
5.67362583508793
-1.2776489509944
-1.78753552056592
-1.38898586843331
-2.70365228869501
-0.500360274072961
-2.09144484350569
-7.01182155322354
2.30005672876348
8.05220758838397
3.15496530244944
9.65734464339072
0.989124238508575
-4.52165217427253
-0.56517430915353
-1.6534086074779
-4.18791718970752
-10.6534745189342
-1.45246639706314
5.64638009779369
-3.30530662693822
-0.0278609944676518
3.10638584830575
4.71353393855962
4.21882355834272
-1.85161274907948
-0.772885376400921
-7.9236789312835
-5.28218244912993
-7.27230234069832
-0.903822538903814
-1.38396149545937
2.86231647499227
4.31612885523657
3.21116064785417
3.57100227771702
1.73683768851364
-5.32208378710456
-5.12260792713334
-6.0567006305366
1.62877239876602
3.3980413264418
-5.4377012605542
-4.68084805594591
-0.238601948585765
3.76577893670428
3.62895610565332
2.99960059279649
3.12399381633789
-2.72378915294482
-7.68833093620471
-2.96987752042366
-8.4582487893019
-4.92625359540823
-4.02415715268852
-6.50821829063952
3.87372820182985
5.96423294091938
7.15301916716728
5.70291434483337
3.69492002935539
-0.0455981743968099
-5.24587052780436
-2.91149532806243
-7.18606208977265
-2.06303973690797
-3.00448930181809
-1.83738164585511
0.518261659462192
2.21631536916885
3.96467298291394
3.04161005185801
2.17860551706134
2.88699053840338
-4.50160788254816
-1.71088071454405
-3.71325541913792
-4.23302574855646
-5.59045249785736
-1.64232941732088
7.49210533297969
7.48285956983736
7.68160949842241
2.5805360811464
2.65169953503908
-3.16320630857385
-6.13661537800923
-3.77380806928412
-7.1878948760283
-5.84373075417413
-3.18997823243847
4.25051126944012
3.96839308832409
1.95423092618832
8.38801427047188
4.4730027768651
4.65749229185432
-1.13476205058933
-6.50210581351432
-5.15186272027171
-2.5471256835801
-0.129834168842805
-1.47594238864991
-2.92331036004808
5.79842784975796
1.38211170828508
7.04646533009505
2.8047471958123
4.25244852864809
-7.04635934975262
-5.2050121989472
-10.0230037460901
-2.13591987907708
-0.853791413488954
-3.41023919693565
0.678248508324114
-1.86041630864468
7.50139155695733
10.630523312725
2.44789659278398
0.786604774297501
1.73987908615833
-7.8173075940195
0.739321810050281
-5.53520500575066
-4.25503422625826
-0.970898543079261
7.52526597833598
-1.58764291252538
9.11947883043822
8.34256513634951
-0.227236281925567
4.86113731150484
1.35049127849865
-3.48043111434985
-0.284300001734657
-6.24439063786886
-3.93512232179205
-3.92245756928966
-0.345281495093112
3.65257531884794
2.87178229838011
4.64324330580016
5.97303359641677
6.71975416417341
3.27991039196517
-2.61679007541895
-3.23452569070092
-6.12199971775131
-4.78363077544483
-6.44444444550571
3.09213502782516
2.1968071054576
4.69258813877042
9.08452151282088
2.55082210571667
4.17023539247577
-3.66657488507661
2.29517241178652
-10.4399828060882
-3.52205874913045
-6.07403498575897
-6.19091600786081
-3.99382150953116
1.68510207357314
6.14408897184336
0.734572651568782
6.69582024218051
-7.61018280857543
3.80350461083821
0.779613272160585
-6.52998008635029
-2.31290900702795
-2.02070801671567
-4.13545867108259
2.15206167545929
0.124319792618637
5.03882862702897
3.56160183719402
3.7950085431981
-0.900272396040454
-4.6688509280381
2.22785302481135
-5.21067080071621
-2.13327390103821
-7.28254060355061
1.69712649790608
5.87177660261947
1.79757063477963
7.31228096976794
0.00819171553929099
6.51947706153385
2.80770023851931
7.37019586701489
-0.0317819704918061
1.26871536750436
0.3232619495916
-7.36896858432941
0.774549358798473
3.82003861636599
6.80196416947923
3.153129638247
6.52117606089178
3.62809312135937
3.67816235925772
0.987238308628758
-1.17363104394842
-1.58900008119348
-3.56771101809627
-4.47653315661996
0.879932400276785
-0.545443740192314
0.727021307051806
0.361599721266933
0.36086369380251
4.93025859867236
-2.51754580683373
-1.13986051606037
-1.98207539591129
-4.24724353970218
-2.03305696407444
-4.24523952187243
0.516673376634293
0.977603333076166
1.8460089819734
0.690562381317176
5.6617972861868
-0.0432404836106768
-0.525207114039111
-1.74008911966433
-5.32303866477855
-8.92248987787306
0.168893606217959
-3.47353566348716
-6.62499942478778
0.0853617765522801
3.94154200854319
6.72795653018878
2.42747476681036
8.77460758341265
4.22024098610492
2.40183052720019
-2.78903946176973
-8.20939449578326
-9.27005716998403
-5.9447814536581
-5.85247431680374
-1.95047482401595
0.136138498138329
2.3854138558918
7.11799523979244
1.84290156000293
6.15084746199909
-2.7259038504333
-0.299527324634325
2.02012213568765
-0.468934530193254
0.149943522715023
-4.13199364286061
-3.74528106359247
-7.78345293640775
-7.17175261678677
-9.17140516990329
-9.31264909595422
-6.50349760099239
-2.76829271093497
-5.66055848978697
0.746051839500003
-4.97841052178075
-1.00868751593776
0.991704956315978
1.68285690663569
8.78933088452479
12.9601272260688
11.5576853823986
10.4500653377148
7.39320917366472
3.25019320109714
3.55387910392493
-1.89300660420302
-0.245010636332256
4.21035851154703
3.51767454875925
-0.800442576181615
2.86151895814927
0.0429031892287344
1.84927866844415
-3.40852734922618
1.53088782881735
-1.64605157228481
0.691304347853167
2.35147601672308
6.38887877288872
8.99773812965665
4.00051190446867
3.688623612183
-5.69862904145067
-2.99591932440513
-2.33694746465385
-6.25314305238216
-1.95140352984583
-4.83317629115985
-1.48508547762447
-3.55772429415314
-8.9880384885557
-8.40980323400116
-6.03435368957283
-6.33848301991617
-2.04228392416466
-0.932001462315927
6.53151230479779
3.03223382405699
6.83218482869833
9.17766840227765
6.82030417637144
5.92735779312962
4.30628444991436
2.56772576461923
2.57742975783468
1.31511282660634
8.98189771235958
1.75135215189516
2.22438816921249
4.47711256106245
2.05245497816929
-2.72446150986774
0.552924769652447
-3.01356807828726
-5.73159193902486
2.18497146501581
-1.55407235450693
3.22180506071327
1.18734830457399
4.25526855561158
4.16185876312683
0.71559868921959
-1.51770128213184
-2.86848765373042
-4.89734211338296
-1.47975530608109
-7.41506762082984
-11.2292238957868
-2.2741933628865
-0.551796346222749
-6.67191845761586
0.753196659439948
-9.12577200739418
0.871490157457844
-5.68439441630555
0.459788876102058
5.90991992882249
2.50215782649824
9.55141092824585
15.2219176950906
8.27072084039701
6.59123123723382
2.88330842215203
3.11763588584538
3.73931001516412
0.193151583638836
1.16507109808805
6.35147803946596
-0.650164773319332
0.557567778138659
-3.84682997967478
-3.92919945839553
4.69492110977077
-5.35984963518274
-5.59964219437133
0.74221506363046
-0.343657396784772
1.521241993773
2.91307250342189
3.67153436947682
0.05074868389744
-0.956386794420006
-2.03530733728934
-3.71056193402018
-7.30613600440908
-3.84219104058176
-2.99991625638744
-4.61413442532663
-10.0516035222404
-2.48525952576318
-4.67528131692123
-0.863205184355141
-3.64114952109973
-8.63600885783548
-4.87552641205358
0.0568355641487944
0.570495993989658
4.02297949428005
0.880871903850314
7.82235418175379
5.2125468353739
7.06335784203373
8.18713141900809
2.05566135941693
-3.96096710697542
0.923420119217158
-2.31582354975104
0.35656041983656
-1.47397175667195
-9.51175218715527
-8.73643693104878
1.76991845978839
-4.03595528394954
6.08382539237362
2.48648044858585
4.04063034229596
4.00782072863654
0.405054797736119
-0.0409687636290847
0.0172040414988249
1.87475432555313
1.17760709241992
-2.63985241727755
-4.10348273778455
-5.51162655697709
-2.33673205283405
8.03687755193124
7.24099951078974
11.146677431566
6.44114373123508
10.5121000463786
6.05820148631545
0.723274546781631
0.196138895641966
-1.80299834752744
-6.03377595120472
-10.0373638429776
-12.6588435289793
-11.5370695321655
-6.77010939847862
-1.99118957466882
4.48078673297366
4.42813520357004
-0.340042312877448
6.83004658714834
5.18784516047367
10.4753263801515
7.51151659327504
13.7213745090777
2.70475402653792
0.198132027394905
-3.7337463449934
-7.24585652597521
-6.13192796757301
-3.7888449488998
-1.24336491199631
0.869631829607927
-0.135144471479107
7.30122102681847
-0.939114786646319
-1.43006453007253
4.02175739993801
0.526684579760129
1.4566920668148
-1.47315425593417
-1.48493153239241
-7.58787120192956
-11.5620187937528
-1.51680366590503
-0.0129647277524212
5.07246555912374
3.14892148175274
8.07864463301821
3.07388675917141
5.87603711162448
2.61586484391589
15.0683810677648
7.6098025154866
-1.32967949413036
-2.81003089938969
-11.140977127792
-13.4231754714876
-13.8533119413837
-9.99580934749678
-7.85525277274912
-7.29909740816015
-2.77502207844803
-5.02575532107346
-0.988033109185014
11.2685660559093
7.58981153186109
14.7234305099073
4.08383036327558
-2.05077607933219
-4.56126605579914
-2.83632957330481
-0.853469866471483
0.723328087901154
4.68462089013303
1.7007463436386
-2.76385203157338
0.202085302638143
2.79796323166323
3.20584983891305
10.1828163811579
3.54746614228532
0.0497350964669234
-4.57295472766371
0.718743236930811
-7.38479950345186
-4.04799767552642
-0.701262432966005
-1.72375298544206
-10.1796175633028
-7.71785474065323
-0.91434224896588
0.168798268418525
5.02405497883927
12.2341102774397
10.1842811307388
9.36626778430425
3.68274566452901
4.74786803132807
1.15256000593839
-0.285563685778348
2.35009581497049
-1.1309586900062
-6.80206053360337
-9.43615338368389
-2.67944186906912
-3.29198521501336
0.754462849202854
-0.225303987948398
2.29879811660572
2.15745914656363
1.91129034433368
-5.57468283003928
1.29009884820009
-0.529137540167491
0.075007157425319
1.16321580580276
-1.5795038148089
-2.68917468801988
-0.365727818268005
-0.978051331014857
-0.395147155361535
7.03070336630034
12.3099726940709
7.54737932074157
8.21179905602234
9.1489024567848
3.80476707984833
-0.0482108933035366
2.09586947506031
-2.84102035025516
-12.1718888637287
-13.4760568245389
-10.023785932797
-10.7564426591145
-10.7475565173074
-1.18556646337223
4.06845081772329
2.10100524156655
2.29621037364806
4.88392963810346
7.20347503043988
6.41556921046231
0.0700327159656058
-3.5724847065963
-1.1135529580948
-6.13021965546571
-4.31326490605526
-13.5439308962828
-9.07856865510772
-9.44584382538021
-3.49363604381065
-2.52315538815182
0.0173764400879899
-2.47238013827927
4.52492183656191
10.7177258738734
12.6469264555594
11.7292680310449
5.98506381150403
5.92174418903367
5.69276375284061
2.19590352859325
-2.64445469530083
-7.5263764384062
-1.31330585346755
-9.18251689647397
-3.48271630586142
-4.96879431655769
-2.14378048063658
-0.52537640945299
-4.04434129628646
3.75817268378463
2.68687055266465
1.1394740378357
0.305247531797541
-4.47646286422093
4.17347439084243
0.361002416706751
0.689246355679432
2.26938725689037
0.033238439531414
0.563538765293797
6.49157128005439
7.57913339636559
1.15445526201336
3.77383917830318
4.6722406145106
1.23018111673733
-4.7831639157511
-5.15215738244734
-12.7450676942739
-0.818692445683963
-10.6850728361543
-10.4332114081801
-7.47575997507971
-8.00351559359421
-1.47299549137775
-6.53459646091355
6.29588949282345
4.9584787645507
2.78089438936834
13.9770519337004
9.45218022618147
3.24871888756451
5.93847543316676
-2.28422358920276
1.7027717480268
-3.29215838650378
-10.3046230904168
-9.38884958102394
-10.5808775482303
-5.68087190367497
-0.368851962535445
-4.2788224543015
0.179858230619839
4.84288795948805
-2.87497707792615
0.273302213298683
4.28114222162733
7.45419696994807
4.32788447789329
2.91356617443873
7.12286015909596
-4.52103777864891
0.476183106316614
2.63914228708163
-0.392504978815396
-2.22331597813335
3.88087036018625
1.27986262052304
5.19865353066933
-0.887139659932452
1.15408350677033
-1.26226583934405
-3.11031167372452
-3.08696340105209
-8.05350569033497
-3.91571762303231
-11.6399567214536
-8.18207774230384
-1.26246886959544
9.13828682533266
8.18247519158442
3.01795031720743
11.3335050932186
6.40611024847659
8.70229150326552
9.63984771308755
6.00399195252088
0.0137562632291464
-4.9278609621514
-6.08984003235723
-9.84845610234311
-5.88111981397225
