"x"
17.1347243909841
14.3872658119251
9.09862459695808
10.0585331296793
8.42714657073411
3.45023024662191
-5.27092415415548
-3.25026693850864
-6.18535919144392
-11.4851872889215
-9.05866024390833
-9.22106575329624
-1.81129293227984
5.41050411738083
4.61101206800531
-0.582490476226503
3.50048685449032
1.8485486633913
4.71259061041522
-2.78976139729416
2.18412996039693
-1.10806910080216
-0.0252931157932581
-7.76253568703298
-8.36983118082795
-5.69867750385036
1.57660715362996
7.01242394846418
5.81263564929446
10.4082316820058
-0.506088414296528
9.35275892944667
3.55961411622693
2.53756767250928
1.95409875948521
-7.1825174751267
-2.58915431013381
-11.258370674516
-20.86994260686
-14.5096271428376
-6.38237221539688
2.91533209647308
1.16465302702979
-0.243532464860523
2.90706043924481
3.48143824318141
8.54307876036635
10.8534031453346
8.92463245544059
13.4754093916886
4.03390255704498
-1.31955766244736
-9.74032847607846
-8.62091521521693
-6.62224042630959
3.61122219455835
-5.29838937893014
1.63836666962646
2.01241671883077
-0.7114082373882
-0.444607976773759
7.69485391244635
3.92384069533769
-1.24162623571528
-5.31001866202648
-2.70060430507704
-10.1442530194762
-4.41531231245343
-8.48091983626654
-4.85384600032466
-1.66733635627013
5.42878228656716
6.29407149309257
0.895442269151357
3.56233822763999
11.9925819917885
17.6209478492625
2.86217939701024
5.64870306957129
-3.65158883178201
-7.06854239389057
-7.16438637320101
-8.29595164738234
-6.3851620049823
-7.5605334008395
-12.9609842628517
-6.64190952284078
-5.09680203352402
2.13684691785551
6.5636979139251
2.65152901542189
6.92744527344789
6.69766284235641
4.91341575717413
-0.643645374171751
0.227965929506704
-5.12086795861815
2.17317313082254
-3.27782436269051
0.554023207943386
-1.17606468192737
-6.61054190118507
-2.81957429921228
2.8560268145445
7.16664656365845
8.67402440806978
3.86623624273489
2.02865530320872
0.56996311306704
-4.01591535269545
-4.51376141251509
-6.09825476953137
-2.06907474135536
-6.24646566231402
-7.92587132888213
-9.10800584717865
-5.01667778197537
2.80744070738174
5.00705433897115
10.9037658678373
14.1761532423631
4.04119860157663
2.08283308086786
2.25614192964664
1.51676165480917
3.4654302294066
-2.61527524591187
1.11989550378837
-5.65855203767881
-7.66363379641651
-10.1189317305861
0.711931651502709
4.56916564663125
-2.67803344265916
1.88196834060216
-1.6629175747008
1.23635487875697
4.28144372723233
0.263659476888932
2.5048530972085
6.48554379658614
-3.05053865798719
-4.63348423560025
-9.6206210256669
-7.7276984597287
-4.29086952987532
4.02695928964313
4.59899731127629
7.71585061531823
7.21128424169106
7.03005694458213
8.03696272313633
8.35607990198893
3.72117542038577
-3.02334793181826
-5.93728207482194
-9.95489632639413
-9.29125916503092
-17.4673016414334
-5.09513220986266
-4.98034509089913
-7.25235119728291
0.366670468427044
1.18289521834484
-0.495881466493768
3.84347984099935
10.3323210782858
8.04722493251085
10.7416357827776
5.80015785030482
-2.4051200893844
-0.539130071073829
-6.47959003895719
-3.18451009232684
-4.69046887667576
-2.36293249600059
-1.80471571715441
-4.25568191709119
-5.60286054915048
1.90813534941983
-0.299340764711938
4.95402795106213
6.4903295716839
1.9961807549536
-1.26392305761609
-4.7721123563344
-6.25351940299487
-4.77727443581886
4.0258446212812
1.08306002795283
3.15632054914133
0.61520449165732
-0.162340513873029
-3.22971532008911
-3.23984228025583
-2.58274354121101
-2.38325339893159
-9.83067879522605
-5.00495673647428
-0.967464976604164
-3.28338639472492
-0.829731572518598
-9.56635791172539
-2.33622027719177
2.49625632738359
4.73069221749553
0.610632321111022
5.17335592597198
-1.65486792175579
1.14332399777099
3.25759657168944
7.38747254303412
7.2256024534652
3.72591622989971
5.42132875140929
-2.31259676264159
4.61130490548418
-0.995981141385148
-0.525511322692025
-3.52373612486437
0.491700805897573
-0.817828594379513
-2.28579806123349
-6.8672167130783
0.240832408777417
-5.13846394438973
-9.41153265841172
-2.63400400914107
-9.07396747576154
-7.21436319318511
-7.1570993246929
-2.02105336147411
-2.46024910912363
-1.01109776892077
-0.330704926336467
2.95484879299893
-2.50004048853764
8.68589844847626
4.19009287024172
7.30482431987375
2.56675301610771
3.93666744924041
4.95997633778174
1.77917680115685
3.88396756538507
-1.40309154394971
-0.949335245874805
-2.73554774669245
1.23244807775392
-4.80937759725223
-2.51116565102566
0.263468656879757
-3.53892223379657
-1.63137642884123
-4.88822967662323
-3.59620112885854
-9.31461984573393
-2.01794322662681
-3.16663063523889
-2.78529174333788
-2.49943577059091
-0.473923347831358
-5.80829586797562
-1.84873775516329
-4.01624163392996
2.63334999702023
8.36327910858267
-0.985033483368969
1.06636589938
0.0880505371347695
3.42376216703337
-6.05470184018101
6.24899715739555
3.45067975056157
4.97697343889091
1.84827416534851
2.47249573127016
4.92639671383688
5.53765374472004
5.45871970124465
-1.1612944287077
-1.50472013671198
-0.417628616092077
-3.00332100770384
-6.02512814566297
-3.94609601997792
-9.64803922078883
-2.71203833394476
-3.09306658490079
-2.71307223785767
-6.8513138214489
-2.59538908037352
-2.08479379757476
-2.69889425147669
0.0556354820682374
-3.95719094479069
-4.47944253578014
-3.70606077327467
-1.68399906637214
3.38154607703661
2.92861990332179
7.09529945321016
8.30350140837243
-3.44164854468368
-5.29603725776762
-6.82499496089625
-3.99243549003831
-6.93295892396015
-3.38934920081704
-0.793511601667887
-0.0368021786509081
-5.12286324558127
-2.1255019502404
3.24820607673907
15.4369338334208
12.58961435903
12.2113773367463
7.55729409815645
0.882717107061063
-0.840293882783547
-5.5165820734148
-2.69741886716856
-9.21121659852053
-11.0177026185974
-11.5768021479306
-10.8534120810971
-5.10487455294168
-11.701677095357
0.0718159752544736
9.59424940675406
9.06626660950845
4.34506126134817
2.65776024916554
-2.24103532628443
4.27738244773508
0.0360949099808394
4.28535521597066
-0.910310745537238
-3.30234655867285
-5.13787811406526
-11.6995166986592
-3.20750275053381
6.76950483772615
3.5399591526851
5.13570773715419
0.679652815943281
6.82014720433069
-2.48345219928784
-0.593562364135048
2.27256704802843
-1.11678879071744
-6.7799862219761
-5.68660755258405
-6.10891759683633
-1.55736489269384
-4.47280534535961
-5.09576549670333
2.91261395516118
7.12101917779032
2.74869136568093
3.69894398707685
6.9578262016988
11.9279574475859
9.99121835135216
10.5887721625127
-0.773291011961087
-5.45218401531846
-10.1640789097853
-8.60905579287943
-4.80857406363358
-4.48616782523982
-8.9550810131991
-0.195388278823597
-3.12578125088553
-1.74830734751544
0.307822386518974
5.01827097351868
4.46569570616109
3.09211021350774
-0.805465442187741
-3.85610848771719
-4.12614827822649
-4.8287173176798
-2.87183285416165
1.88373256374624
-1.71268713993545
1.06531298717194
0.713989656443085
3.03832236310253
2.89375616529777
11.8156599770319
7.14291967274521
13.1885246107243
7.93762253869903
-3.56191744104735
-8.38454193800843
-7.52211041288067
-12.3616795291337
-8.17536080160179
-8.03302625762973
-8.00279858854687
-1.54070833719031
-1.39898420369219
2.7493122160154
6.84000304164307
10.585148190541
11.4938216073721
7.82137837983539
4.85386389834733
-0.132059624147536
-2.34383870203951
4.64717109709088
-4.44282724496214
-4.81145259923772
-7.2409405074577
-5.08180059445854
-2.98181446760502
-3.35124182760557
0.527565072706111
0.32044429538316
5.55372913725308
4.44906791858826
6.23455825206216
-0.937596324065341
3.83686864194992
-2.091197782223
2.76899451256667
-3.31716024626128
-3.82887579135076
-2.0276970094022
-10.0586245736932
3.41223294306424
-4.70410172935564
8.24374348277587
12.1696901543538
9.12961678845836
3.72562870508162
3.41644224706676
-1.99290371511562
1.04209776035749
-3.88716903911678
-0.463498085575633
-1.22567438108822
3.2838495750352
3.76507631893687
3.59699583699464
1.43156686361791
6.6695441344411
-1.21242628548271
-5.21562953940094
1.81880683591898
-4.15500284974698
-0.716053910059135
-6.64703811576059
3.30009485524166
1.51678404109546
1.05939121289309
7.44434788286271
0.0290800413318868
4.33290770552821
3.34745254620771
-3.11935964344401
-4.49940422774652
-3.12091990173787
-6.03374581935718
-4.22235804329403
2.26952364666914
6.19568446683922
4.10643008603559
1.75046090569997
4.82387250928907
3.46509125976854
-1.7554443002783
-0.871788592082011
-2.21073807738442
-3.59233276708772
-5.79033941632854
-6.93506467826525
0.604139542064809
-0.339437799952392
7.4544707734519
6.29560687728757
2.17488375152426
-0.557766043866195
-0.348665744106742
-5.5753174960917
-6.16221546884327
-8.78794268515035
-5.18616402142341
-0.156595690409695
-1.09945483133569
7.99769003784529
5.05034496353725
2.28134899188042
5.27609263275626
0.480165934145364
-2.43056333618578
-0.390763467271556
3.09231884625645
-8.02774598093079
-3.43502802617636
-2.73528201553684
-2.89966027196595
9.86626973709361
0.0230244170999603
2.23895055213483
6.31524030094527
1.15664304334558
1.15436493579476
-8.40583477995835
-3.29321267620706
-6.58325332088348
-5.00766913216456
1.49723092702307
1.90118843292754
3.90977815317075
6.06976252893888
3.54389875841071
5.2363282486469
0.997741369882798
-4.53316448477624
0.780620490472437
-7.38472365951172
-8.09429490049612
-2.922363760505
-6.10981512645791
6.29476223958895
4.60245333663186
6.06405752579566
2.42940429508662
5.86793557341331
1.31408451540766
6.86462750334146
-3.82820866808643
-4.0959276818692
-1.83907070593128
-4.61470716681275
1.48599119095844
-2.32007354013242
5.52251701842233
3.09739417277714
2.75550130091504
1.35553912503394
-0.0138639101766893
-3.32302732718533
-7.66578357770441
-5.56861253991205
-0.0257768540630394
-7.81842210508578
2.58566411269923
2.02933676808349
0.778053368611738
8.80898910131473
4.94725878334185
1.67521926675831
3.62734023592164
1.68561344968266
-1.8888581213687
-13.8090850739488
-2.66852667493111
-5.85605894380606
-2.96604355455753
4.92829702794439
3.58355584510354
6.50221517226697
8.11440146278756
4.07174321112482
1.46848588329953
1.32831792748685
1.64177762419375
-3.47887078149462
0.323077315306066
-3.30708222387819
2.67132582352592
-0.584255503891417
3.88759956653212
2.25816074777638
8.94530216216565
2.40178142768145
1.17452854042792
2.35952586008115
-7.46995116292168
-3.5937417514236
-5.72194141901616
0.551382059662072
-0.59003425837336
-0.20866871670333
2.28889855002703
6.94875968899138
-0.797109568712044
6.53431745523394
0.254725338407253
-0.595598166966002
-4.06183358645056
-3.01614918649797
-5.20879068121166
-5.80615329185591
-0.638908422858337
1.46565848881576
5.08256039779647
5.77956331511107
3.99336429493351
5.44042180766963
4.85720436845616
4.99628290444613
-1.71138327470978
-6.08913937054167
-1.57420125569001
-4.07967507772222
-1.80057022112281
-5.1171565090442
8.85939099109727
4.96203711811795
1.04092157814207
7.87131504179521
1.09051963186349
-4.00128522231394
-5.84254208484678
1.32383357129563
-3.18800326824071
-2.91224832734183
-1.87825849194814
0.292889044186704
4.01629733939172
6.24299523556284
7.92737015226348
7.27756135894512
0.909448691717427
-2.63935569502419
0.260336205044511
-5.22154553383932
-5.82276909755271
-6.4832593059712
-4.52576306664583
1.67688100938034
-3.1300783643339
4.73715649457341
5.98383679783235
4.91833092559613
1.80261250747911
4.24290681716064
-3.48436649814722
-5.47100727251429
-2.69982124596036
-5.35238814755535
1.14011503533778
-2.83512759414555
2.21164552457792
3.37807383199721
7.05053365377374
-1.68915467858244
-2.21329390545467
1.57498147036195
-3.7733871052141
-4.99266166335282
-8.39506765602695
-2.72618888706552
-2.77419794025932
2.62779131763785
-0.439562730750912
7.20833129627793
3.54805944768588
2.04419433302164
5.30996151845677
-3.18544909793979
0.797114328676937
0.172669936671998
-5.72441433796493
-3.92895248767325
1.37691350840316
3.40069635009085
4.73772122046227
2.79834408397003
3.99026753281416
2.13311876127035
0.511780872575944
-1.54185311037427
-9.29808349705187
-2.87374214766199
-1.63275242486826
-7.27331056869016
-5.66421411622259
1.96261878856775
4.03115474823202
4.52271599505727
7.3637419401432
5.20879487689566
-3.89195484108678
-2.51034583203083
-4.37156422267911
-5.07671587320147
-2.74146311334999
-3.58817135560906
-2.82868144142388
-5.33163211547339
5.49272864522492
2.71214911602631
2.69113031502247
5.61139141356231
-0.541264720362065
3.53494998896561
-4.52508309722769
-3.17961058712146
-3.61231835711366
-1.54534506057
-9.47295739346906
-0.234826613783067
1.88027541275148
4.61174816305641
4.65524679277855
0.0147859913095845
-1.52475518803427
-6.87840922206129
-4.2375638969211
-0.352102602333232
-8.33361609808474
-1.5359507811876
-3.17996155067499
-0.500595224052349
-1.94170982200588
3.23610237089388
3.82008888314882
3.57011019040896
-3.27121225028372
6.1102921791155
-7.69006243835992
0.8222848549228
-4.68813792902316
-3.72023990022337
-7.72533465355305
0.216006610969962
4.03004906537731
6.95434349598797
7.10336467695541
9.02283370619047
3.14389735626867
-0.527077188100747
0.443678916415263
-0.896886838926555
-4.0395797726404
-6.1035757027256
2.47717767527589
-4.31136666967161
3.25143858571508
0.882820898277822
-1.14956970189125
7.12037933652611
-1.22127443821957
0.287865784389278
-2.01195819247401
-1.05652194117613
-2.12365324797724
-7.35145802045147
4.3269705980556
2.37332148308815
0.68305714181404
1.4167307777161
6.93745292356482
7.80319619846486
0.60994093081161
-2.72942256380552
3.47887883098926
-3.09342288560211
-8.47860819741721
-3.65855770411704
-1.71474082070085
-1.16080457959405
4.45628133086613
4.49716125311083
8.83632693549454
2.19995765909
2.85431489072992
-0.0140069565559592
3.71266255486582
-5.89790139883439
-3.96533481577551
-6.81079209705054
-2.67771030464233
-0.538609387650658
1.76756021921962
-0.285756070248218
12.1866589122887
5.04371780347913
0.772133392740823
1.41271782400331
-1.0589488365398
-1.13768027445246
-5.3296264488022
-2.13702021351867
-2.2423920945752
3.43986427692167
5.27437251098033
7.15925565876713
5.3021159086102
0.87103690424358
8.4464214489201
-4.64636241185268
-6.56899598354333
3.4269996272305
-3.94112652995661
-1.52197502759733
-5.71341128812001
0.756501551995912
4.89375210765193
7.43493860173089
6.11486055688428
-3.00820987524135
4.60119611121271
3.22601386623382
-8.97418938530343
-7.89301495477915
-2.93952595391229
-1.14255941585451
-3.70119422854335
-5.34372345957211
-4.87294182866281
-4.38067550484681
2.63931226812336
-0.347788629268777
-1.56031283879881
1.76140757872404
2.51817916921761
-2.70058432816055
-7.4238076767207
-0.23222790611081
-4.47213089189369
-9.54305382769644
-8.45499862172777
-2.37722619771453
-4.85140841787833
-3.39451659437166
-5.44850500484436
-7.41172856411688
-8.07351477957826
-4.03127123598187
-2.32559946114197
-2.44672438399258
-2.46274821218947
7.34377505554256
7.56266303491766
0.800138550948299
7.18438795824847
6.7716927718657
5.78282421383866
3.68400559913347
4.98540554785588
1.12562519318516
1.02409017654311
-2.82397418532319
0.285875059214777
0.569086234614148
-5.15295053310184
-6.3517088359068
1.91379248286443
-3.9562235492438
-0.321687419612116
-5.20762561395215
1.61292079279547
1.22820415100034
-2.31743975208558
4.53879460899758
8.92818871960905
3.3773601228619
-5.053473183276
-6.44758467516629
-6.91993297566252
-9.25202660254161
-11.3690476041609
-4.55441174934284
-2.87704323100011
-4.53585095774493
-4.97377134973905
-5.64314561474537
1.95773222909025
-3.318088468697
-3.53496094075254
0.153577737667375
-1.30517759723304
8.96753031113902
6.08597132162848
11.8393252569939
14.2410062066559
5.716804603155
7.17968702436993
5.52147508036874
6.98638519245568
1.8942228344695
0.252001920489643
1.21714900396693
0.674120074689761
-0.854181937739369
0.0197127451523111
-4.21041291035902
-0.859062570666279
-2.88895301451094
-2.50008644055582
-2.25720569646599
-2.08396677172949
0.888387709706981
-0.785599693726712
4.57553474013789
-3.24541082424724
0.398084402533744
-2.9749040337759
-3.29009317625657
-2.84800252843042
-8.60513548277316
-5.06180752169174
-7.64110755494983
-5.97429754054787
-8.22835573587879
-6.2843621339
-5.19970653355091
-7.44506910367492
-2.64539000472487
-0.104787120581579
-0.36069742545754
10.6731910271206
7.36442172579627
4.7501827274764
11.8746815411121
5.92949232123535
14.1012873241402
9.97817866753665
10.5472689030878
7.22169096094019
1.4070248397974
-0.462641746914793
-3.646619552714
-0.0821892307092265
2.73939382458839
0.0104203011537546
-0.0569894583979613
0.586008991823825
-2.55901421033759
-2.81984386826999
2.12348191748897
-1.44174295293585
0.42352785155919
6.90169379420605
2.99648943515819
3.41720305945982
2.75284689004206
-3.94692464095006
0.2851212167187
-2.53862154699529
-7.71220758929821
-7.26663140746336
-9.35160396813993
-7.73811898600491
-4.618810293048
-7.17155884326261
-5.14424235642709
-8.42200722898094
-3.37745718987627
-5.16085982681276
2.55678953755619
2.91816029167616
-1.25375919670313
6.93927001048992
8.38834483777503
9.72070361982957
13.8469063966378
3.99033433082332
3.07973408479929
3.30386653312076
-0.0157131893621463
0.485689138662761
-1.79696794121193
0.43301836436416
2.42644031546231
-9.17370311220922
-2.75394583867091
-9.13702138915497
-2.78862574411987
-1.37315039540278
-2.9676018402834
-0.313264989980261
10.2006776374581
7.8122821294297
-1.07244503410305
3.7401997811771
-4.37647153587098
3.24645549673863
-2.24756887625642
-1.81324567747337
-3.73844353855994
-9.90009264219081
-8.79354234293899
-5.39036356807066
-8.70245416438547
-8.75769385870966
-2.49740074667372
-9.60822167503213
-3.82116426343742
-0.265832786447934
3.86555197121992
4.99192816018181
9.13766034390027
2.36360806052594
