"x"
19.8854933156355
11.3968990361193
6.6490357403631
3.63977043153766
0.582760176564024
-3.41970315706271
-0.129209648717018
-4.16294327508307
-8.30191668116758
-6.52913282379472
-10.7196505037645
-4.79159637119844
-1.66628723919458
-2.14848406522655
2.53990967698279
5.08433169178992
2.59449878380349
3.66259207472787
-0.518553525429924
2.64299609542588
-4.03619354037047
-0.908956608550729
-0.322652095239855
-7.45063396612331
-10.2250160609925
-0.0400791309685151
0.966031595917038
1.72578091602315
3.33854252578462
4.4027674298726
1.14540543427439
3.160615169459
1.43889122252228
4.08924551564964
4.35558790731652
-6.56046550429616
-7.38510684910705
-11.593036391646
-17.7856237432942
-15.4638881490368
-10.1651819011861
-6.53074444714417
-3.39990026486069
7.04335831083834
8.42292397134688
4.03887788257191
7.05238822069272
5.73439222600613
10.6656709972931
1.98761736433517
4.65634625626133
2.5533430643573
-3.24269758065509
-9.19397855267315
-2.70057308590559
-5.61096811740187
1.27808976474689
-5.2858659244219
-1.01984722354056
3.12797302052385
2.2874348532874
1.74495075566061
-2.36481307683621
9.19662960445477
-5.00622373243032
-8.56542305270427
-7.30175088118819
-9.84993154346745
-2.14218291644796
4.66881099257934
0.46684403605423
0.740754396149683
8.00775072437904
7.20538822850348
8.4129640589265
12.6268278047388
7.53154434486214
11.4350880287556
7.33079659823235
0.841433625062378
-5.44559835155595
-11.1903340458608
-5.54380153839541
-5.49767821366237
-6.42136141067151
-5.91583719770222
-2.67664582358787
-6.8331504671685
-3.87088044352547
-0.548663737373047
1.48830757453576
7.34623330684397
9.42763791667511
4.69676694261207
2.12303768033298
0.621431295928863
-5.55127094470254
1.46686255416854
2.5922567224504
2.7854640874066
-7.50509276861704
-4.80047283500077
2.67819263916889
7.90897472890342
9.96087871303072
6.92257620325343
-2.44710513739965
5.18479699051427
10.5350144202482
9.61854012103728
10.6660395030716
6.63077457279594
-2.53526956504676
-0.865951941931302
-5.49710401565185
-3.3497728770962
-2.97492379584483
-4.10958221342499
-0.171034606497652
2.89456228595098
2.93303465078864
5.38154266385302
-0.923545134613202
2.47664013941257
5.79013378727539
-0.699648810269478
-5.85269399676471
-6.15514873045742
0.0350451175136568
4.89009085369791
-5.68668574361351
0.798955566799456
9.87037303840006
2.68432954998571
6.66493562696723
-1.92921178520964
3.20087028264072
-3.7889869964195
-7.93168865267107
-0.473963122513752
-6.26573155122251
-1.71890683184484
-3.72991779954966
6.21416688702624
2.89968389217093
-2.08969906490765
4.13220854686207
-2.62863180576797
-4.7117092677315
-5.62843295005579
-4.92965695464684
-6.31677700347011
2.0428847965508
-1.35033314310779
0.418568889584215
-1.45890527015461
4.51029135769997
4.95139860835037
6.41232533640951
4.03435989802556
0.462506523984091
-3.46826924775432
-5.04948932541615
-2.04022296606347
-3.95722135607412
-6.03788125886457
-1.6458284260253
1.82843356456739
9.27659204867489
2.89395151795783
5.07428566221776
5.64048938537405
-0.804958124583173
1.80017795743048
-6.41985767720867
-6.77069026680731
-0.466584556447514
-2.25977637860158
7.58253131472555
7.18178018860028
2.65653040567177
1.42142683195028
1.37338151402962
0.981762410978058
2.72987334057045
-6.10321820000568
-6.5912162105576
-4.51516901159474
-7.50981823061985
-3.9707862006222
0.780654837940401
6.37246302928107
6.64870722545786
3.74309323173968
7.18283793902971
-0.128451299051653
-0.697045976659537
0.561135829504173
-1.74027204324068
-6.78428378682407
-3.90497695209971
-2.87056865050273
2.90111016555684
4.3163026913072
3.32734826197822
4.29805075457134
1.62068545132155
1.19056545659233
1.03205163181447
-3.2231640057026
-0.681361893996862
-9.96441082073985
0.0157940575506226
-4.85547642202799
-4.28372672764464
4.08980322180456
1.57576753653389
7.28296448878963
10.1390275795978
2.27547283724109
1.09482933289468
0.712783524613341
-6.38978300592928
-5.89421078937725
-2.46092082539466
1.37544272915873
0.795313451550988
2.386894230466
8.27931613469789
2.66231008074243
7.66930047229276
3.15471879249165
4.10288079619281
-6.54154582659967
-6.8318180445718
-8.95932333365365
-1.05747295026762
1.23967036193237
-2.98750434231515
6.03120363750103
1.89601816456263
-0.331916771644591
8.40891078362795
4.01880455703215
1.2463845392276
-5.79008471860048
-3.68954607812438
-6.53420558313722
-4.75367080978593
-8.07147439603822
0.119752984911185
5.70841603697427
2.95387264201091
4.28265721787315
2.51511219061846
6.31103470440587
-0.797737292191862
-3.95044555560018
-4.2578676939452
-6.5275041848418
-2.75994008049092
-1.25072086468986
5.08858887059624
5.05873488464229
2.92092496410318
5.99657724029771
1.81909207604418
3.20701857259435
-2.59673819550892
-6.37723646282762
-2.82689135477319
-8.44336357499702
-7.71976026593375
4.52564525839775
3.01315951332392
4.2696299130021
6.1617743603728
3.30748178057182
6.41513814252259
5.7954213847753
0.604751544567175
-0.721631338516612
-6.46346003650589
-3.6753025109363
-1.15819940908897
-3.07125174974075
3.54232252034078
3.01361208003072
3.03312911153879
6.52760701679061
3.69725963108453
0.207362679354061
-2.18733020816047
-4.10952480231495
-6.69026483353035
-6.75815301270729
-3.70057065154059
-1.85201413977917
-4.94842959491611
7.17550288249785
11.1297503051127
7.58998806188039
0.30460350252435
2.99532346778751
3.75015082740994
-2.31664108950664
-2.06812866096837
-0.262915890530169
-5.8024333644781
-2.21151122453204
-1.16436606096388
7.06358400439667
0.185309999927814
5.53421755419077
0.965753394047412
0.937216400715431
0.990659853194334
0.630156741362677
-1.26512535830003
-3.41342409152499
-3.16965866006726
-3.26654099856021
-3.57966986146476
2.40008704976466
1.86686150574476
12.0373474295183
2.9079614614467
-3.70519194471348
-3.92935151303082
-1.42313198895972
-8.61892097794694
-2.77625306177167
0.696304095647177
0.279556899339289
-0.112998948059363
5.87657042364218
4.83286419901322
1.23949547244848
4.41214950863963
2.27145903988875
-4.40873196710536
1.62257430488836
-6.88280226530518
-3.88664455894885
-4.41234025384905
-3.05374399050466
9.73474702890436
-0.330710756816806
8.60250913273601
1.79707369492355
4.97459912826427
1.34654859937519
-5.58906795426442
-1.1179560537095
-0.138260219784796
-2.16797638896051
-2.33468405752973
-6.74062140081804
-2.98751329009391
1.85370502065383
6.89447675282909
1.41141222809961
11.8734577607358
-3.51282502800463
-1.9121736021431
-3.28314792143973
-4.74544953082429
-13.3841419980618
-6.17677083101277
-0.38464120947182
-1.81489684662092
-1.63541544388039
2.23653648141931
3.17744305300045
4.76262270616762
1.67860814244276
-0.853092458027587
-0.0972949418956737
-4.83937509345803
0.425971753290707
-7.76297112800339
-4.22715583661945
1.57809657442893
5.23346863736002
7.19044001323553
7.7898203138767
2.53183002231456
3.10451916259577
1.08378171107185
-3.79400361444182
-4.25981875450685
-6.46924756162974
-9.26339598821237
-0.0471776881146357
-0.49704077567145
-2.58305891284406
2.40677333861034
0.00753481038125603
1.82593888665772
-1.39492977989589
-2.18947032069478
-3.25968777101489
-1.44034792761594
-8.08788547353587
-4.64569669698663
-5.59489158676992
-1.4733322808521
-3.79146164313845
-4.01880679627464
-4.18660155612364
-1.67076309432073
-1.5374196223764
-3.6485721238389
1.32413910328439
-3.96520803946269
2.29529277451932
1.44482684954439
3.31570376486052
2.18366470654045
4.27995623779441
1.31322028146669
7.45941819103268
7.02496919071742
2.9262673957532
5.87671793651855
2.35688717434315
5.54818296367859
-4.70784399878492
7.96978826594567
3.02311535236679
2.91994268700586
-1.49753731292952
-2.0811122089608
-5.68795774190985
-2.85588339998822
-0.908545581206928
-3.92781379718851
-0.169448794357621
-2.13049266335585
-2.04236147768689
-1.49521672728956
-2.60412071422631
-3.29415659678087
-0.595574036664266
5.91167623847995
5.9668860817728
2.8476066208825
3.29917186920656
8.72356554366048
4.27378644451055
5.98949593601053
4.17274773449957
4.48181432574272
3.23928011994921
3.74914028108524
1.32404385505409
5.38346786239112
6.00968050968107
0.355955809526056
1.83062306757537
2.37813413550692
-2.69716163596093
1.24312397316228
2.36815296999799
-7.29889616182554
-3.0768282053237
-6.44656577210741
-1.82689013313544
0.359587721269775
-5.43751892934003
-5.63353039994434
-4.91114960931919
-2.16774108294483
-1.48267157045287
3.88054372713588
3.98609336319689
3.38175455851927
4.12226512530108
2.69937076945385
2.87643520699081
6.13924973936828
8.61814303471977
6.83548828890477
6.65350673860035
0.388538302133027
4.85404841623831
2.56470576922509
-1.22459289136187
-4.18462200154054
-0.5242714434863
-3.8991239642661
-4.14234469250502
-4.9466295609546
-7.39265152308081
-2.99477379208722
-7.85814010133253
-5.2573211936461
-7.23437404537473
-4.91861096573445
-2.29543332745475
-7.37789849234204
-0.879080857289429
-0.141764322526822
-2.53416270396134
-3.70017773797014
1.81691015399759
-1.75877227460994
-1.02827466274288
0.888088773021643
0.482190754628254
3.24674921529451
5.05538535338601
3.39035386741517
4.83777243956338
3.50237826390602
4.80326506730263
-0.834576341891151
4.8831213798919
0.259466583834156
2.47885823266601
4.95253821771193
0.612438914368279
1.00217966408769
1.62367633848314
-2.63144632311272
-1.65684489981121
-2.74648380546696
-8.77861197995455
-2.94993938585011
0.953421883546008
1.24519257889395
-1.40392962066962
-1.26804007126647
2.81878011613189
-2.87657246890276
-4.2417575643263
-4.12695912127207
7.64909852176264
0.655208391423597
5.12906380704906
5.79390915957599
7.17227875637864
1.88494864917922
4.02939461976185
-2.71655968835797
7.93572542276972
6.88271758623079
5.91273447317189
-1.3220924511974
5.14105866674551
-5.17423034494836
-3.5532124477373
-7.07001989865525
-4.2499775647766
-2.16398810183422
-0.465419729742013
-8.08609087420849
-3.46495060529694
-1.31491997793301
-5.83492949348158
1.33503370876437
2.78389099532447
1.39555792359497
-3.50092698957567
-1.85713997191941
5.78999981724309
2.02190582713681
-3.98608898514031
1.58584468344913
4.30044022354568
-1.2234715057527
5.42562401808694
8.83712715042359
3.67347845913129
6.60774043194614
-1.47746440887904
-4.51518217201779
-11.7048195061834
-4.20700037263663
-0.103584077252672
-2.544088333976
9.14090455395047
-0.648622027996723
-0.649589987947646
5.42694032532244
2.64192421966284
4.83292000214878
3.54633827497264
5.49282740328571
-6.71772606009282
-7.66983997435281
-5.2002343924392
-12.5690211915627
-6.36388850779322
-7.09538412021197
4.85053330223747
2.57522236732211
3.72666075796851
-0.210044146633039
5.66831991056277
11.4935625530722
19.2609653138478
8.3774599594146
8.31677569840791
-3.22372788193953
-3.23601882301648
-6.13930342046224
-4.19686237963425
-2.53788626392831
-3.33360442551344
-8.17342603246944
-11.2110099451733
-10.3147670447744
-1.7774003384396
2.25326642425275
4.60872992723108
8.80602845449242
5.03231361142903
-4.68612959558768
-2.70815710340413
-4.93189880683351
-4.51575828000539
-2.13038636893079
-6.83525124941277
-9.4111074473288
-0.967975600438429
-1.31300663105488
-0.704068194566859
3.66602437602664
5.61177132406734
7.49267307917526
9.47333893961155
0.558815836066791
-1.70983747146534
-5.53293325675633
-0.847725734213337
-7.00932990607799
-3.22061072334319
-9.59955847796554
-13.1746349576161
-9.94267523954813
-2.12623233021342
0.678872667524989
5.70716966938961
9.17047472396503
11.7938431407909
3.57707717511226
6.44495688430927
5.21345406880512
6.29477983063179
3.66701854087617
2.5140223194317
-2.59295510504454
-9.59253244973466
-7.8258354245906
-3.93747169823488
-4.41525172805838
1.7338713979942
7.31875388133118
7.09602947751789
4.43818177915771
-0.184038724016409
-2.70251337415506
3.35677557840155
2.85129713144836
-4.96522796556958
-7.8393218154325
-10.0176201474456
-6.86549707563094
-8.42494330331562
1.16378672617458
6.77341967617696
5.80590442090777
7.77374069069203
2.62255260998785
8.85886219398496
7.77026416240093
12.6494193057426
5.70731777986397
1.08193306155231
-2.59016548201726
-8.07086734824565
-8.50226971571279
-10.159672391693
-8.15356707557921
-1.51689323322037
-9.35768856931385
1.47649953102519
-5.2557825958783
0.218826828255985
-1.16444142161851
6.79819693848039
4.10420599877898
8.77165899909634
2.53213375539043
4.89868451658435
-1.27125425092848
-6.21728761452288
-2.08194442951486
2.28870218874199
-3.34582064487596
2.21641966196207
-4.05158607342099
-1.10048678594967
4.07354744290584
1.20730562877067
8.98998103088094
2.152038395688
-3.84684679606735
-4.693633296641
-4.72538356842938
-7.97450609829103
-8.35400114550967
-3.63927705074853
1.00651272914603
-4.77090542813052
-6.26060326980038
1.97541536786981
2.61093582761025
10.5517930529797
16.3681256023409
14.6924295623893
8.26415681702866
4.81949031077389
-0.554350913696719
-0.0831551129477699
1.06607106244696
0.710303533736969
-2.60859235764629
-4.67315978109689
-7.8271044941369
-12.4315716389497
-12.0521081061884
6.52388480536609
6.50845871218073
2.45375147492483
3.41713245367354
-0.594265744403732
-0.158226588983849
-0.509493375471575
-2.82261840789213
-1.17076094098923
1.21782076478994
-11.157073917513
-4.54221520460186
-6.43820447675249
3.90187390217142
9.52918927091302
9.86297626700547
9.90317688893537
11.0517831923342
9.29564652304225
0.729409891368772
3.63947531810093
-1.57076997002407
-4.50309800858869
-4.77764975707305
-6.21835513296165
-8.83149322432769
-8.53236498801054
-10.6085068437303
-3.19485477222033
2.12639123166322
3.25345089762687
7.10084826291394
6.5853998506702
5.74638025957581
5.49944411367851
9.75433843451361
8.62055513180509
3.84921638105385
1.23266835096372
-5.06989036721684
-3.38618234363564
-9.44802025598416
-5.76700977396421
-4.77865322267393
4.41363372325091
2.54116314621943
3.23910849888656
0.668312814138324
4.06704772586712
-1.7277508171623
2.97895911996468
0.529719460146373
-0.652723404063228
-7.4332174191548
-11.509791540083
-8.33408879098764
-5.76095222768469
1.54651564779711
4.83418680462077
1.35997083780107
6.35589433388069
5.53309116024677
4.43979026810192
8.4037225532459
12.2994718049236
8.83371827547752
-1.31645730309318
-6.92835445764287
-4.43177652078978
-13.7890483437042
-8.36234094993991
-6.86700958715133
-6.61889039277655
-0.588026105456554
1.10314891781697
-5.42034350184905
2.25831657125574
9.90150566844834
7.07729097412042
11.3633977479936
1.97706919713219
2.37958811066691
-6.41975267839342
-5.31370971946388
1.19623685965865
1.81245531289224
-6.89552584644266
-9.58034512752875
-10.270520775159
-5.39994714458443
-6.47732614532767
-0.259466912272337
-1.11035590407175
-0.389305443799597
1.03867699329598
9.55189669316952
1.95486126137007
4.31707925349245
-0.131453920689938
2.12374193509406
-1.99938052155452
-5.08822883409068
-4.95696932411623
-3.41129861033714
-2.03221691834848
-2.13877197387482
5.15830652186098
3.75836286534147
4.53971700404769
0.326055695145989
7.26913643379369
-0.516323990170281
-2.41425212097801
-9.84987285233121
-5.63390642664235
-4.11437278356005
-2.07407500030965
1.55166904581742
1.62174462308946
4.77351178466302
4.78205421113872
3.57855859807511
3.74864094786055
-3.0162688041659
-4.36388379568205
-7.27490182409615
-6.4275218851996
-6.73565240202622
-3.22671920058033
0.886225714602831
-1.28405607117325
3.20837193280083
5.75358850272722
10.6128531779315
2.55652165567984
-0.720645074437067
-6.00394197166501
-4.43102519993299
-2.01783536080333
-3.51634567605045
0.0553617655996044
-0.158345230116217
6.22975796888331
4.79916204202402
9.46097552641416
6.35398106995427
1.42720687042352
-3.2019881695
1.60587244243338
-0.310635405607317
-7.74751132117014
-7.2012058268509
-1.68329516462522
-1.69275577476744
1.70773259839261
4.34023826113076
4.31147551419937
5.14014122470338
3.74891033122606
-1.22029710712037
1.05125345736184
-4.27393367432399
-2.53107028058192
-2.96434261245023
-0.169496427029839
-1.78328552852727
4.35152732228353
3.33214079151481
5.40999043098805
8.48687509258588
-2.97018798816833
2.27008865488384
-4.27857217658327
-5.15155134787405
-3.22945697228295
-6.41363719523196
-0.113318688956791
0.983385554740408
4.52088953015063
7.10463121393381
5.27467365008742
6.32333827276046
2.20652723850719
-0.956693916883623
-2.54778589286028
-3.06573538549365
-10.2349494961515
-2.69117825041885
-5.16004571628481
-0.916720623176401
2.97381110907258
4.42327551147983
0.483643547887851
-1.40824688403126
3.40238480798718
3.88448119035731
-3.17667660338386
-8.11553454077466
-3.71957859381003
-1.14669439136489
-2.22732133346215
2.79996365426562
3.17575089267413
4.08446137887318
5.74825257794009
2.51639862190653
5.8017603465301
1.75831768587826
-5.32025978840406
-6.74562592370709
-3.44535577819117
-4.44803287881102
-0.478805988027381
2.16827838416667
1.72582898673035
1.02069831778347
8.11073871685026
2.38927648249211
7.10544079783677
2.42872329800345
-4.86888067671498
-3.88342375881889
-1.30489371133368
-5.0390390105653
0.820537123844953
-2.05185120844807
7.52340947425854
6.38108732713522
8.85468871458095
9.19486490918911
3.10395002854498
1.53307474242204
-0.156737465161521
-4.70457958131082
-7.99369494225639
-5.06235373928382
-2.57168304837828
-3.69112773330377
4.65569148961031
6.61984034576158
1.03416663478395
6.19864823152727
-0.840649302764148
-1.25681274360138
-1.84983411602587
-12.3300635858636
-3.32667767691736
-2.19121957977347
-0.956227894967075
3.61573803760787
2.89981222850473
7.96914895339182
10.8613556069978
4.97247032057028
7.32294036450782
-1.53051871772372
-1.51383060874007
-3.40385660187674
-0.436240479806858
2.0805977101262
-2.77759731206762
0.054905583925519
5.45297153341823
4.85159415028799
6.13725071499783
4.15116132982102
1.41945873362791
