"x"
9.86554092955876
2.26565336032722
7.18440882277722
9.8039131446267
4.59001302987735
0.311474898213181
-1.86004263082829
3.52996643963162
-6.97834017635931
-11.2983835421525
-7.20529803064974
-4.70697551690413
0.619946531686852
1.15062195144206
-9.23041659232723
-0.723133259780278
1.11922239086897
6.19865925885619
1.73656650113507
0.994987643978228
5.35911167157075
-0.422041043122339
-1.65926063043918
3.17927331721117
1.53672403085992
1.70698993770813
5.97118244267615
-0.576954149683459
-2.0547567597286
-1.2084714650769
2.77553701460609
3.91416359207468
-0.0487475870575759
-3.6861546253854
-2.81365710248687
-0.211483093080696
-4.32892922391036
-1.53713463303843
-7.81243016774966
-6.04966054417008
-4.33128452522681
-1.5995938486941
4.108218693937
5.30436404494862
3.87656011320789
7.26442497527817
14.093014076772
8.7611149004745
4.87352252655265
-0.0374068685247568
5.70093258679139
-1.70394730049024
-6.46691023070816
-12.0288695657351
-8.07390509620526
-6.69144375048672
-5.63593475276325
-6.86866300308126
-4.13386726946238
-2.21803451260841
3.61809702869664
5.07497391256097
2.98861257691416
4.56454255614662
0.361933545277896
1.30849931992397
3.5350736439107
1.22630811391201
-3.79053439182625
-2.82465018303343
-0.194365117144594
-2.62152790568973
-2.23287148575595
-0.352955966347803
-0.0134896736081048
4.46853320854272
-2.1025549788801
3.67119302209147
-0.905354244334102
-4.73345911200788
-9.23858291842835
0.167930384878105
-2.14706661732447
-6.50769942735908
-3.62325642980412
1.90698457700322
3.29174552323398
4.2964655084836
2.67342234434627
6.07895466728124
13.4534855657559
8.38452676250485
9.19808573606849
1.23719932078016
5.12336742119967
3.27759953961518
-1.67984499342737
-6.26596841729043
-12.5024964719508
-7.91911903161972
-7.8920393553143
-11.0575263951214
-7.87864454691722
-0.868676819129321
-3.39848049480198
2.52299923108269
5.36724105386206
7.18229991939021
8.24901626890564
7.46504273768358
8.59638801891288
-1.80274468357814
-0.67634944970642
1.09135016314648
-2.40044386561309
-2.72899345825189
-3.9364107763703
-2.99634749859877
1.04399237539219
-0.0664056456497299
1.41055316024946
-4.94076065950851
0.522348242978601
-1.30199689382579
2.06938785942864
-3.79115521813257
-2.08072582114259
1.14082703124172
-7.72997910425814
-0.72579935217578
-3.39921523643694
-0.493095619677604
0.583911311213379
5.45019620150527
1.13411617494727
6.69599840640151
6.36793128556446
11.7563495263721
5.4235225024439
-0.249823467647832
-2.74574123927269
-0.320672172740571
-10.9654837462921
-4.5449064157048
-7.65666066288199
-13.6333432588225
-8.96025364141424
-7.76123353180717
-2.92778554568378
2.11035254490956
-0.743577265936882
9.06533216153764
-0.74639793170975
10.1237332012582
5.61053060114517
-0.921320301160094
4.33134070433052
-0.138851194673201
-0.817389126989393
-8.07506011551986
-2.40684652148385
-5.52118862599903
2.43838473785258
-4.64791167947454
1.96870653275699
1.01587476480624
0.781725201918174
4.30288553341326
2.32420617125117
-6.75899079995637
-1.56999015790076
-5.12034216829794
-1.18894247505152
-0.985279325682726
1.16639661281451
1.6583922181688
1.26463591285676
2.87237381726613
1.48513083537886
2.44534180420241
4.479576569558
6.04508762042911
0.420590535316196
1.5407352099574
5.94730170685296
0.439544146605656
1.30956000422596
4.03817278958822
-2.37097717052848
-0.113271995573028
-2.22077059495579
-4.73468939249412
-7.86119077590474
-10.6451625274056
0.467563316149477
-1.87953743395131
-10.4897728444323
-2.08731445735441
-0.136000922836392
1.91509698943133
4.29811094487753
-3.17913046840987
4.07201308393672
3.91997953857146
1.59540738399892
-0.437892863352097
-1.80145738201666
2.93663628151678
-2.55440078761152
-0.193967794234988
-0.311266317089541
-3.76092934175371
0.736177156581683
-2.41469994557926
1.42162633929533
0.661760882420193
6.4862789235296
5.1866056707881
0.816186138554281
-0.737188334019751
3.66671854360138
1.23722888727854
8.16434928958814
4.26016586756302
6.06953387261672
-1.76318750294649
-3.68805678436014
-3.07271292439072
-3.10096856525018
-10.3458855305931
-6.89874798004039
-5.71258654908551
-10.5799393263001
1.63863920289088
-10.3869249632998
-8.82841035542628
-2.30187692325458
2.13515112212922
4.25452271323317
-0.992461109981724
3.47277655763005
2.02738964564946
3.32642308354922
8.02318059221562
1.39195116315094
2.81049845527541
6.15794681970288
-3.18882367470743
-2.79281892822268
-0.948353134922738
-2.47390617519618
-0.313543734855881
-1.772017568849
1.6103736463548
-1.88500206277066
-2.17132906820447
-1.64603348613582
-2.93938374371778
4.17407049908397
-1.05171854681982
5.0590535078107
4.64857781059902
3.33403257462292
4.7793269468871
2.68838883989102
1.27319974485348
-2.24496999415157
-6.03493818911568
-0.896566219581755
-4.03577964869722
-6.85063877748236
-8.49681059612895
-1.91762256373094
-12.144622193861
-3.93518721653184
-6.93327831080893
-5.7572904123337
3.9503516760285
-0.914754507278573
9.66274070401771
6.82634967881303
11.3156009193447
4.92588434479063
1.57782527188981
5.74533827007308
4.73634351763433
7.86269234240483
-0.0110894683412891
1.93869834266994
-2.16307066506808
-6.77306655753208
-3.33275653331766
-8.92388099066796
2.68521002074461
-0.335728262739315
4.24436579532894
-5.7661963502933
-1.88581495281406
-3.76846970394012
-0.97983974955051
2.11671818772906
0.97253012423502
5.38882690634637
2.58671211221791
3.36832092070846
0.671255022046556
2.0550176874284
1.31301536633106
-2.73816231820483
-3.51026878742932
-4.25997390809261
-3.57206407902243
0.841660261590699
0.48436280355493
-5.16393027926616
1.53936965350911
0.719099316332467
-1.50269140088978
-8.45628331901735
-1.88063930093061
-3.52162864164563
-3.4291045067443
-3.16439109096146
5.99229032670099
4.15089189574015
4.65267344030787
-2.01274264280205
-1.69832395234407
3.29838954837313
0.455553865700564
5.09377976935511
0.23615806518175
2.82680826029859
2.39635040368806
-1.36464806812385
4.11439344770627
4.09988024528655
4.18621707212034
0.137114714944279
2.19543566648515
-0.888621442176629
-3.99221281690219
2.05742934377594
-7.18359790266274
-3.81988379870021
-7.68813476556427
-1.45425341348219
-2.78192318549196
-2.30374873541656
-8.24080650349553
-7.38452036755104
-10.0269974615925
-6.40939899081143
-1.43115338818646
-5.28812479017871
2.05221164385819
-2.46362556712389
3.32401137873412
4.86951106250805
2.13284855152802
7.25873007240504
6.93935104322645
4.98894144951582
4.63370501962077
-2.15644104870477
5.78298118350846
0.395434284916815
3.02378773418843
8.74821736248874
-0.155425188676871
0.939581744387467
-3.77797663709989
1.15693811955757
-6.18220366389461
-0.701001767034752
-3.83677967505025
-5.87426873556577
-4.34599369782813
-6.6384238744027
-0.0849007743183408
-5.87998695491345
-5.3202821262924
-1.83228191155597
3.16197717696579
-3.81015303867825
0.464743398720692
0.287055048431088
5.44748898170846
3.32983671216433
3.18008987421433
2.92428955906813
4.73574579310493
3.87690106260992
2.22530232589676
4.74090682414216
4.58300452568537
6.94855772778534
5.00693286850988
2.7409631951211
-1.47798798236544
7.20511535693146
-0.693203246324247
-2.9069534272589
-1.64199648608561
-2.53744465050258
-1.34936734976154
-0.713504630040302
-5.88043724161641
-3.48417508486278
-2.19894798895408
-4.4902271152301
-3.77098389552914
-0.306703800473631
-3.33702446218137
-4.30893360009447
-0.84567730479975
1.47302459355598
3.32364548902866
4.33102904491655
-3.58883402616768
4.45328255351268
-2.07067488809046
6.2337143697837
0.431916166165285
1.31218459336236
5.37401121250744
2.59419119614158
4.29611450497405
-0.679255508410855
5.18393328714085
-5.52913344010255
-0.768465109355172
1.8792851306762
-1.11445352600757
-1.23909469883682
-7.04029394316011
-1.75723261084735
-1.64034545604796
-4.23273292351111
-8.31736828032988
-7.73095513414545
1.42539839648043
5.04360812760535
-1.22983918026067
3.39225543018855
-0.297554344195331
1.92155912700488
4.30674573223039
5.12552712861275
1.85167444220054
2.07401780154637
2.94820827184614
3.40787953623321
-3.4034273574821
1.58067121544
1.68848115433486
3.32720556823686
2.72325295149807
6.474313956426
1.20959975428641
0.608632219492542
-0.628586951848803
-1.97849001901006
-4.10668054531249
-2.38729786152321
-8.18206667994706
-0.726592767643181
-5.10990050892567
-6.07813985807876
2.22494277043019
-6.46342902776081
-3.78232733881413
3.15209535700719
-2.37373086351051
-2.87930586486438
-3.52959533465378
4.71647827515131
4.8024897370284
0.472062575853309
-0.397103269866399
3.39844453571359
3.01303179747759
5.44951202337469
3.33233694608067
1.11391676057844
3.51786712661909
-2.08795823255348
3.4867195583813
2.10443082948289
3.29748005764581
2.51662182909503
3.23142673867423
0.426529783294897
-3.65893542870295
-2.1266170195315
-5.05154625260028
-7.38298217299276
-3.70274658604928
-2.54872878723523
-4.59091011312658
4.43572174322762
1.03038104789813
-0.252668877725565
-5.46313669053476
1.2087914986297
-0.388648804759064
-0.24369049430784
-0.31541083211603
2.58272565949453
-1.03787128404927
7.83864306622207
1.94974247865593
-5.9807983359177
-5.68901531489128
-2.31646216642962
-4.71115006439309
0.731581003000214
-0.0848576503008673
5.12666313811872
8.71191625916015
7.60335312860333
5.46171159689329
4.02225458200277
9.02873719703558
2.02237860916278
2.48286807425053
1.16745507872269
2.77159840949139
1.25068092518844
4.02247883290744
1.09372886369577
3.44103783417751
1.36676001871915
-9.06785967195655
0.624929126992701
-0.975149419628036
-4.367436995592
-2.95848904451804
3.43109502295005
2.64893532684319
0.731059844965334
4.81566637174486
5.39059335481356
-0.963283939941849
-5.30876485272391
-7.2236070647763
-2.29937974347586
-7.83675891025082
-3.11905630610486
-1.07711427821933
-5.91277200179784
-5.96680050310924
-2.52494434216173
-1.71374906327062
-3.45654349965462
-7.00340447557595
1.07915585774468
1.68252341455371
9.27443996183247
5.54631441287721
1.69752254191673
7.02302765737784
8.32980928936223
12.2343491392974
3.2062893748315
4.27220714678991
4.29082935601562
-0.221960631325401
1.71699761895522
-0.765966490874176
-0.688910243472983
0.848527524571509
0.290502729109226
-4.39149348362586
-5.8629514234321
-1.17212683285544
2.87792855043578
4.85160237380405
5.54723491842421
0.058286183302509
0.285535984891058
6.49707372426399
4.00391237484122
1.34282718605722
-0.811085175108686
-7.76511080111527
-6.08809791522051
-2.6768479092037
-4.25117033763651
-2.57570479669922
-7.74521100187788
-14.4783081014147
-3.69167770705865
-2.75344881957134
-2.44100889745522
-9.29065070732401
2.79850671253651
4.65421099320935
3.62870798481829
12.880760239202
8.83650318297344
11.3566682894786
7.84618884994122
4.54348693155893
3.44988835046246
-1.20050514180661
4.53702157110685
-3.9358143931526
3.99276053387005
0.0466088017356853
-4.95098834690281
-2.92058243943057
1.60957499885304
0.367415904507307
-7.57890575495076
-4.07192113166036
4.14772450403169
-0.853855692339399
0.531279611656065
7.71978397795632
9.60928353071582
4.30473152960319
4.68417973588317
1.06282713792593
2.30117912508967
-9.43461667489462
-4.6383271623452
-2.57388648624413
-5.8239337558098
-2.45712526653636
-3.4726875708542
-4.66858444333343
-6.96885460191423
-5.41785031991513
-1.72277531990856
2.38106157741026
2.55857420392037
-0.550224979769722
11.8055500557784
8.9892098765987
8.33150285526368
6.73387190010845
6.27638959779712
1.91569389623122
6.8977365582923
7.91841334578833
4.46365856886292
3.72233128331319
-2.7580778449966
-0.865422622323945
-2.77755118090981
4.8357594934002
0.788029748768548
-2.03971560361753
-5.31405979770884
-7.23196165394417
-4.86022560479819
7.30337636471382
0.784705794811308
7.28754799324961
2.32677535930862
2.07773818188602
-0.253026640000171
-2.30171854340134
-3.87424457403888
-9.72188430551385
-8.36562212859155
-11.2403331228269
-3.89813085959504
-5.80448231644963
-8.06496970809864
-3.14408683078582
-8.78432589480864
-2.79368949743867
-4.51588022101627
-1.39531037552173
-4.31978842319169
2.25650692993135
8.18375318626436
1.52208523364343
12.985621576419
6.17586289465121
13.6291168899946
5.45600989546698
5.01321030749727
-1.57285186313677
6.20853640361853
0.705830454698228
-2.85113792635069
1.65348966878859
-1.97868159235739
-1.04011394250383
-3.66753774362014
0.505428454129789
-4.89369622252783
-5.48597789990109
-1.79160315716028
3.07964460232904
2.99745228993994
7.90660749999445
10.118045838204
0.182297760802189
0.381945523437994
-0.136176213534782
-8.0585046221391
-5.68345658838676
-11.7088209988936
-9.01981268563857
-6.38419668945667
-9.5747892961229
-4.4972812521887
-10.1425284098334
-3.41380802451967
-6.08960400238385
-5.75748111261657
-4.93797646836723
1.07560901773952
-0.346729306739495
-0.0805413973849873
4.09329496522764
10.8234159487131
8.04196775552636
4.94093564140867
7.02462748754266
2.17463816031436
0.732696099260439
1.09801529575677
6.79351311170055
0.215334070188956
-1.65670791189745
2.58875597867199
1.24347210830741
-0.994117454536184
-6.65356947355624
1.68710406224345
-2.5107325748364
-0.329675849227601
5.33422932324779
1.85220774024877
3.84914137105832
6.41191067201869
2.82769852978842
-3.38388375656139
0.279772335024961
-5.78210390460965
-3.86382723788309
-2.65750563450005
-7.57997615954982
-3.7860161783237
-9.21629915302161
-1.91499203242227
-10.467321741848
-1.48621850958352
0.0303698896395428
-4.45802625299301
-6.03484568923939
5.84911966485748
-0.5511611393403
5.03835386364111
3.40227995222691
11.3427799647565
3.51868954052272
5.39301120778965
8.05213853571441
7.17119490441318
-1.80542291761847
-0.578636695901499
-2.20693136849857
-1.44603409957746
-1.15598692587686
3.09946719435401
-0.71075208430015
-1.34275904431595
-4.5416441045857
-5.74348829772364
3.17382245164808
-1.90086231742534
0.899303396983673
2.58286669387603
2.5813296499474
1.1759950724775
-0.621557800670164
0.22193971587052
-5.76962285125405
2.50479191116791
-4.53400280080084
-5.26887367219557
-1.05901559424305
-8.73415336395852
-7.06502508692125
-5.97334402287253
-10.1286459460061
-5.29303701411604
-6.36983209059004
-3.26592756375208
-9.40302742008677
-4.04818926731571
1.61423908839938
10.5909103745957
9.57664005398274
5.02142576000834
11.3989495638087
6.81829911127534
0.801543396450627
5.7948688049234
1.57131299829825
-0.725125839043909
-1.26389873963735
-3.520886868896
-2.65227982747788
0.315812464617971
-2.92069790440733
-0.728948804360001
-5.8042537373227
1.32282615929978
-1.80456072249702
-1.00436145906561
0.445004543777277
3.92321251439197
3.95629282394325
8.28967654424497
2.37338921109962
-3.23196307738229
-3.24769450884776
-0.308145994167519
-1.13905349518635
-4.53395220200658
-3.10512688959706
-3.03731409796142
-5.21941713339696
-4.09483452710326
-8.94459858137965
-8.69884058009832
-4.68676256734939
0.384615503086727
-4.14705311710348
0.880304299165751
-0.688830277972673
2.20958271314238
5.57431956024082
12.0590165604459
9.10128536959346
4.11290640866361
7.23131690894737
1.38699733546569
6.36636043087464
9.1271569237021
-2.0861573993753
3.04280266396018
0.942864015863843
4.06924061048982
0.604142082713122
-7.4434839589835
-2.92497428092397
-4.93111033661931
-1.25277617496213
0.731575375327668
1.46511115082767
-0.864809925274535
3.68301723731157
3.69397159203171
2.59371209471983
-1.60150357569766
-3.23023493978594
-7.29627768969379
-4.03649774445319
-8.51179567445486
-6.75425669831471
-2.43167654149041
-5.3992510414211
-6.90614581151991
-7.58103502934653
-8.2333410959961
-12.4132177998891
-9.83564938383097
-1.05779544420132
-1.59919135882664
5.73516344753969
3.61990070944655
4.28818840950857
9.46257897413802
9.97339710978887
11.5887232401322
-1.12836502560224
5.94039235806211
-2.71074600604994
1.86120423602679
5.64040886802563
2.89689828288566
3.42457448022709
-0.536668938640545
-7.19066040340772
-3.61869745204814
-10.2205366201944
-7.63820095443955
-8.07300972770775
-5.43946512188326
-1.80684534087288
-1.36708930918208
4.61194188340709
4.47577552816667
9.61608346777764
8.45211142397299
5.92881562934897
6.39153851844571
6.54073973144659
4.21994679585467
1.48728526864961
-1.62469862029208
-5.37798146758397
-2.47408794003464
-11.6143320956219
-2.12922019467445
-4.58944761264882
-4.58413314281049
-2.81985198035016
1.71415871278851
0.854184760094337
3.81953541551879
-0.53856773213511
-0.323105401729644
1.26216194886481
1.66961810355362
1.23722333264735
1.68472950936548
2.29981222281843
4.40344219678654
5.93301468862115
5.89547870793442
8.48753920358136
5.95705348823275
8.95818676420195
1.71204701381577
3.06321350448744
-5.10052124528798
-2.94323411676051
-3.89957811454063
-3.79662281234436
-4.22634159680919
-10.6548814758172
-7.98406449683549
-3.28871603624639
0.80544391002519
-3.30089851650447
6.50499158546501
4.66838593656002
10.9960953080017
7.91484969817872
16.3834028676037
2.95120930432231
-1.72283666293036
1.62285418644288
-4.4541288759664
-2.98783324077205
-10.4499256314984
-9.39435483280423
-4.46418821644126
-5.30974116842328
-5.91566233009901
-5.22345923555744
3.09492732476556
5.7282406192619
0.222120940262703
5.63940717563569
6.79485494781922
2.78414093730064
-1.74487994163381
1.09623113967498
3.91906234811375
4.49978029746464
3.48446705638672
0.869522902216879
-4.19227213439877
1.61423371062993
4.82242139164013
1.39205472884181
1.97189726620827
-3.19991299917519
-2.91774459086068
-1.14006967656011
-7.00186060014689
-1.02929703824126
-3.2872920020123
-6.05021431043501
-6.59312453771601
-3.75684260017491
-5.15659037602492
-1.12052304153201
0.749372824524781
8.33774636005036
4.23147459985621
11.115324645626
5.92057893367076
6.52923466042058
5.08433010523655
-3.32781707799778
-2.11091827467875
-4.37721981662312
-8.09833914879381
-6.06049095907524
