"x"
9.50568153860421
7.57982504554301
12.2724905062481
6.84355877086835
10.2748877568899
5.90491609172284
2.38906076714257
-0.927920217130287
-8.41358700345353
-6.59793961468408
-7.05751246556523
-10.3603681690813
-8.58750598055343
-0.0553748179697067
-4.5897309756463
0.901514606768101
0.851073678457797
7.05625396185824
7.50615272723493
8.06676295894697
4.84197672818986
2.62761663965111
3.15237306743979
-0.426132717839883
3.18190716563122
-0.45985576980552
-1.12905888228593
1.10330693827291
0.283106796430152
0.406779438107194
1.23540854965567
1.84301850452141
4.99144482623926
1.02605006785807
-2.18176474701608
-6.37914486351346
-6.61290963161403
-12.4064202459398
-4.77388694429114
-1.25258743514837
-1.37120704953062
-0.0305681132124576
-1.19113550753141
6.93388729100148
4.65649700447241
6.98463928121153
8.61641581145664
7.94487362451421
10.9021619279451
9.55612872090776
1.28606044310931
-5.17159413313107
-5.74667756215343
-12.4299254165629
-6.99571942608407
-11.1658655656263
-15.4148515702881
-8.67826730607137
-12.6849241661905
-2.51447014315431
1.51656076528545
0.306589120616403
1.99079298725437
3.08830888154589
3.68546610616989
8.79898098847022
1.2723851728086
2.59397239372159
6.1208608501113
-7.19366863928293
-0.989452819257472
-1.21653269749007
-5.92295975483973
0.00917089523501347
4.5825201238159
-2.34427846865775
0.631988986459083
-0.398734853924394
-1.94096980779476
-2.17550300755227
-2.74916843706027
-4.04522780301668
-7.12976760362376
-9.01723872188899
-1.98686934750624
-3.62300977145311
1.22536157342945
3.74175538445997
6.8853495551106
5.13057249772574
10.5942110676439
3.93377885371455
10.4976133635871
2.74479859192655
-3.19899941272705
2.58150618407949
-1.76922666151557
-1.02940083375591
-10.3132360565952
-9.5684989318498
-7.38164482738874
-8.03659522435371
-3.80650328694356
-2.29275983973733
1.01823041734905
6.63095644381826
11.2668796238749
11.4549251101931
14.4963543825797
8.71768682492596
1.86215566286097
9.05217837098313
2.01019521175827
-4.64517456407115
0.716855915911915
4.62333328780107
-4.03840094112519
-5.17684546656064
-1.02952900896961
-2.32622155673654
3.016453516976
-0.64052047927154
-2.80800445952932
-5.43526432497271
5.07308943419845
-1.39002330470026
1.63824529951686
0.194860575838493
-1.48132215935627
-0.388326721011186
-6.85041354364283
0.381320062807701
1.07051524255164
0.466532753322854
5.14886098926358
0.183665231975414
2.66268643238816
1.87710345908897
6.74251550372826
-1.81790029187261
-1.68394527515189
-5.94265105837902
-10.2801266970722
-8.84170062731905
-12.4685429491284
-5.89038514660675
-7.26487041237751
-6.19933353430831
0.957432301214984
-0.533449190045765
3.06997396299465
12.3292128475993
15.5478606771707
3.16272463972789
2.83015210791943
6.38181140109154
5.88189820790159
-0.452404314923011
1.45236917503513
-6.01800999093236
-5.68176241403449
-3.68333153571945
-2.42387818524612
-8.3010803215967
-4.51061891864837
-0.701307343531409
-0.883565540696353
0.4620464211931
5.74108953137271
-1.89892981622368
-0.923694591598821
-5.9959502446222
-4.23683648328792
-2.13921370827702
-3.50065717116976
-0.756439411617772
-1.58185155566845
2.07222962975591
5.8421238858401
6.34405432610156
5.26966784049862
10.218977005652
9.12172015190083
3.47823387723701
-1.07083515534323
-5.79302103033283
-3.07905845899628
-10.7886412153083
-4.93002756178655
-15.4748301542074
-5.34194347923578
-8.21353281970025
-3.95383031474564
-1.81140290936923
3.97426880768185
8.62646935319016
10.5895201741782
2.50367179121486
15.3253657758005
6.79368434584323
6.0791025390263
3.50008426544225
0.169548084551753
-2.22737692444465
-2.06521058451959
-5.39182407216574
1.63091133099664
1.28957620917532
-1.75695590182214
1.63714406487462
-2.61314898519388
1.55757895207171
-8.2219577993677
-4.53470175322397
-3.35045270329285
0.885505847671671
-3.31296691935345
3.72668851369832
4.89209346070992
8.87961502470292
0.0985210562133947
2.77312815265477
1.06432902218059
-3.82672016376209
-5.14906516965416
-2.91666680299223
-6.56676980192168
-6.38981873149103
-5.67320246218474
-7.96805401443177
-5.8583183331807
-5.07240022475204
-3.57261417035999
-4.08652007994187
-8.29828263911427
2.95628995122603
3.89434814443545
5.32589149148976
5.54874680651852
7.3691220477901
0.416511106461728
9.7748510222383
12.1427950193165
8.11808193327907
1.03855093984698
-2.49093321898562
2.19479598650704
0.913139388553373
-0.808544771472154
0.950688599958768
0.136347908308985
-0.0935578352597328
2.6571644163263
-3.99197363836038
-3.86870875616495
-6.5012408730313
-5.48873592608488
1.91139043483015
2.68355397880001
2.43004412996649
5.24336063735323
4.44157914845095
-0.555130727229806
-4.74920416287
-2.29766214448804
-6.5084069822089
-7.66397954670617
-6.58650851649245
-10.6611746727167
-2.39290581390614
-4.69242785035469
-3.33345527653324
-5.04172702792228
-7.09026866385579
-3.28899713244763
-0.107454647640661
4.42929402641965
7.38807108981822
2.27745909373867
7.69097612014708
10.0773395718463
8.72740169041463
11.9750791317828
5.54373102188052
1.00296908866032
0.715267668650919
4.54464439859574
0.749353780781567
0.792857504429169
-0.197313854603626
-1.43934832634134
-0.778885753375696
-4.25834566122657
-0.532822194340977
-4.08103062742413
-4.62781599291749
3.59831180469886
-0.770155531177729
0.402137520442098
5.98637690071548
6.05727878259019
-0.22277047116486
-0.268053490065586
0.108002615731542
-4.41405281065393
-6.1656716624963
-12.6330713745451
-6.26686690103029
-6.43982159087214
-6.88721644738706
-0.747309722287243
-0.755132908905513
-2.29811641457589
-5.23861013705499
-2.3780265781256
-6.59558321867032
-1.99026195475421
0.745646306502204
4.87102837413057
3.37637381796457
3.95047513485974
8.19270572754481
6.5628479014736
7.74877964887984
5.51174603977715
7.58303372469868
3.72638845837621
-4.40046837370622
2.44061797276726
4.73183864447406
2.81594919563369
0.25566746380639
2.83505064136775
-3.65018660059434
-4.96383629427173
-3.47017780376001
1.22950874838943
-6.97119196560262
-0.671865214759407
3.73972077393686
-0.192731754726419
8.74125746338174
5.34818365629782
-1.94330868397798
1.72628301747394
-1.16206104795707
-6.31428104114996
-9.44374728491859
-7.59834954580532
-2.94235229456088
-6.94402385989747
-4.56891085035531
-5.82813225313916
-4.32438189347895
-7.33710245103127
-2.1268007450734
1.70380715244815
6.23001655754172
2.90459700644928
6.4084345962695
5.72154871583145
7.19278055904976
11.2665787886436
11.5492326683942
-4.82250117691488
3.72203012840718
0.0741406661076209
5.899332823853
-0.41088617033145
2.89445957593218
1.55484838657336
-4.52787881574655
1.11464623111559
-4.00588379789072
-1.1675738054416
-2.67014765338674
-4.45156853581522
-4.46750186964593
3.83776714776025
4.95574766635479
7.84038372242534
2.95073128773015
0.444042029320014
-2.89781236896966
-8.83222584136558
-3.24041600628438
-1.48907886009723
-0.217288750181827
-5.01695503594966
-8.22280013330369
-4.22017861795063
-6.92300174797434
-9.90214675834729
-9.62372693749966
-4.7805894184118
-0.357042044585453
1.13838157916222
1.27888849114883
7.3436894260561
8.5760543193458
10.6863698505074
10.6961549132094
13.5040167571294
8.87065136152671
0.876699479571675
0.443928647137365
0.382882018105373
0.29762589033767
-1.46471634844626
1.12619818695656
-3.77353344967919
-4.09811795411861
-0.547809295373278
-2.86539789046644
-1.91697198204736
2.55021378204788
2.44203469645182
3.84675068508515
7.01508546140182
10.5138432925021
2.7016414193173
5.4873485315269
4.83045807926601
3.69222554023069
6.11942757497555
-2.0812317276171
1.5766965889231
3.38552622369324
3.94108443544403
-2.5552640906668
-0.234127443379062
-0.0674046920609135
-8.99391886423708
-3.68307303517698
-5.65383076724304
3.86367116149547
-3.25059612062642
-2.25813354560389
-2.06495049466239
-7.30234969542805
-2.67008173807447
-2.43697373859281
-3.25698853647279
1.13308400389668
2.92579056539954
-2.33918342437293
6.40315691073816
3.43091485694716
1.20644223823907
2.9153622961623
-0.706370590332732
-1.92642225645453
2.07310746363699
0.819583634647795
1.91570111714869
2.55141056098992
4.75885206297745
1.70131183180854
4.84457938463321
-8.14982616252723
3.54451786787955
-4.45833973742188
-0.0269432487335397
-6.97026328405191
-3.39311302194653
-0.589083535318734
-2.51927719580778
-4.59276296125516
-5.96208246142328
-0.0773209141825393
-2.1657100941284
2.2401735113113
-4.00226489241254
-1.05576835095013
-1.43420991993365
5.33666956288412
3.97901077281161
5.24536485811785
7.31135902763573
1.8939825621636
5.42114483620326
2.60227204019942
12.5602096298874
6.96042250394698
1.29728902845399
6.20196754095304
4.76193273987056
5.16025972331919
0.532094451360397
-0.572109779992558
-0.870410746138939
3.63819410306252
-0.00950175401078601
1.49460088115494
-5.82403802236596
-1.59488051539148
-3.89110188887198
-0.431496951551759
3.8968618093898
-2.56953770590512
3.37979598192997
-0.188715189478667
2.30027396045438
3.21147377662634
1.45968976529265
0.254457366373368
-0.743170215792011
3.88804245585185
0.0818700076175523
9.40969447338742
3.43566256162036
-1.45010034861069
9.58686584896577
3.75809832676329
-0.214830467469232
6.68670924475517
2.64388656184903
1.74266291337839
1.95595445024711
-5.005990898242
3.68188597205409
0.753540542627826
-3.6747505161525
-2.95873331833428
-1.67605189148338
-4.4540308864216
-5.06346637221979
-0.202522036922839
-8.80301793061238
-2.45613242212471
-5.29801832143118
-5.0681825448229
-4.37393238333969
1.39313269298775
4.22098105532653
-2.48335020766412
0.280394073711631
2.83336986565025
2.58982965346618
3.8008783137642
4.36694219700695
-0.0325109578413461
8.88291423854128
-2.47063818764861
3.42331447415954
10.2272442268993
0.261071869303948
-5.09144135289892
-2.03177962511329
-1.44830334960983
3.23652102606673
-4.28064987020613
-2.54635668690151
-0.675210630120422
-6.78489451863137
-3.54679399197879
0.743950435614774
0.869168998476888
-2.73876079644516
-0.475573392277203
-4.18033935250642
-1.07029528405042
-1.54985445237029
2.1390619048001
0.50538207126468
4.52555430127947
5.19458888440192
5.16643613821171
-0.524657261592322
-2.55206462947714
1.21603975339826
3.18858592802638
7.76984550945424
-0.676395691905937
4.84575579824032
8.10659439947707
-1.31166800793297
1.98884918244334
-2.63392548260171
-3.34015001709753
-0.0949331560085401
-3.11344581289712
-4.94980976348693
-2.22395154745456
0.307177294082377
-4.9788552263174
0.964411622915597
-4.91473545444353
-6.10684085222597
-6.59904276680999
-7.11039615114808
-3.20014247810512
-0.251418905387283
-2.44373539824712
-2.29216626190087
-0.757946616725718
1.23568871700123
6.56114542145047
6.29810725023092
0.612961022196183
9.24695014833069
6.30642651042768
8.68750761322474
5.27197553799095
-0.463535133955785
1.65660111148541
2.8234089450091
1.2198700022454
1.86173954255289
1.27002458110529
0.488641086902425
0.802489222734417
-6.17666497853192
-4.14426269469877
0.90187841142595
-5.5233532581702
-4.5201418383524
1.759585104038
-0.483496037338175
-0.290632512038686
-4.44400350302526
1.42611035678911
-4.67530997303392
-2.07870129132279
-1.55049982075291
-3.16679942915231
-4.98813033999413
-2.91014913967005
-1.58515342250531
-5.05722638604814
-1.00613414747235
-1.94829834850697
4.93736890134594
5.17575254782798
5.01164259398759
6.05319122834145
1.24048744244354
2.73536391975777
2.42497977234182
0.643642849220403
-4.91044926627821
5.61173365585233
3.30725345385114
1.02190540993828
3.31427406080177
0.511657054890524
-2.41017233622464
1.37885094847611
1.16259235831997
-3.10601179951488
-4.95969560263015
-2.96297194275881
-8.42104003596343
-5.58242076452691
-8.17217997619008
-4.54793571172372
0.355107744790636
-1.88676131160331
2.76594631798013
7.84617315120395
7.01957754962475
6.22128744821906
11.8637306744324
5.46210316510037
9.32328065416203
8.23551415821186
-1.29957067980883
-6.90826447399927
-4.32215955577278
-13.3613957513057
-8.84207910652941
-8.50333504481015
-3.52769856185705
-1.46028774880579
2.22231543194104
-6.34185446152381
-0.870472567013459
2.3904781009228
0.325546453068852
3.98773490678165
2.68322055552214
2.70274816954352
0.462576949059441
0.292566792984554
-3.85570065216503
-2.30077007602568
-0.287071012440953
0.683949249223917
0.733378343275559
3.96298900207106
1.12460920768214
2.32758770287819
4.21010192089078
-2.65860642099894
-0.438398063989493
-4.28327291490913
-6.12031082304599
-4.06031946229064
-10.8324620413939
-5.71666156659066
-5.13603449880569
-3.7944147889019
4.21746814179117
2.57604861796117
4.50702599186581
9.78266670141084
5.63424269717848
3.93800159461588
5.79323164417236
-1.09209135489745
4.47432769733211
-1.78028123825925
-0.087025362709551
-11.5655744582859
-8.91381579134064
-8.96573186891306
-4.58160269394713
-9.35563481719025
-4.98332168301962
4.76116841598887
6.74002106426227
4.49267890486001
6.49505666864651
5.03424481169787
6.67720090310435
4.84179442808158
-2.50657451012799
1.47004823610839
4.44059441353297
1.43571973583476
-2.18425499967824
-0.00737040312747061
-5.13080882928885
4.66982335871259
0.0701693940383813
0.32381313429189
5.25175794841237
-1.4088795372916
-1.70664024914789
-1.76891783647739
-2.45163914616522
-4.07730659722896
-6.54998293327903
-2.2876567289797
-0.0511716996859377
1.37993654084256
-3.79297632131184
2.19252390734444
5.31710073197137
5.71972253718289
5.28601930621612
8.297197032935
12.9414841737673
5.71308767184186
2.66732368783729
-3.10452184076251
0.809762890142311
-5.27119509264693
-14.0991752464442
-8.54980759646578
-12.5505700324738
-5.42295708425952
-6.62471613572974
-4.25349733670541
2.5961089125701
-3.33279338841143
3.70515077145721
7.27067186874366
8.65404333957844
7.51175398909086
9.55912762557615
3.52955111342945
0.577167783746756
-3.27812449710857
3.97230000584386
1.9565355693994
-0.0286720823954729
-0.333015525206702
-3.80173591288622
-1.6331096241538
-0.795519002541384
-0.412183891767252
-4.23373606442519
0.278050687984587
0.0661580080094968
-0.68564643953221
-3.44437214255508
-0.671208273944729
-10.0747028179951
-5.9950840257685
-11.6493115028057
-6.60065498166705
-11.5963458943542
-4.83760863384978
-5.4670440440195
-4.56770652884744
-3.75082720739515
4.27105191258325
6.0468042257323
14.5243674445622
11.8932104946242
8.27433573465568
5.01576772386346
7.94258208977212
1.71878427022792
3.68281219091372
-2.99913855937182
-3.07280638719085
1.48046421044457
0.223918758429579
-4.02658637443661
-2.55595617189213
1.58903347598452
-5.0614054809441
1.36312700163919
-2.95164078157521
-7.09197007411622
3.47024615338696
-0.40802560154264
3.5847851991644
6.40708098473841
5.22146154841059
7.78906914699114
-0.289556116605542
-2.01816665794964
-7.04098357948695
-1.35116315884237
-5.61790653855923
-2.89165071537143
-5.14352794787348
-7.77150174637823
-6.73019071738835
-4.6944738590104
-7.55842762739534
-3.62199544989975
-1.25637577649815
-4.11896703853729
2.59261251532518
3.5067303451793
7.03328360941342
5.50957728752193
8.34478012067363
12.6295372353369
5.22284170812109
9.68380743306477
2.12709738668514
3.69807569886901
-0.356976906276509
-2.06180274051151
5.94328493187817
-2.214025140147
4.54689231120764
-1.28451534181613
0.0481191521754436
-1.92400727390155
-6.43760937070039
2.91973559541472
3.01618226122109
1.25211579649653
3.14767099325303
4.41867947825375
-0.311923321442718
4.08618721958369
4.71176973713883
-6.68733541039148
-5.77220306257449
-3.2623986443131
-12.3359454279073
-6.76737491988361
-0.332694099980966
-4.4077992788095
-7.388227331101
-10.4178817111179
-4.87994286126868
-3.84935299433921
-8.04573953523086
-2.28800136496024
-2.63743554766863
7.29782651475056
8.59954887261571
11.5165943135017
6.79614434298245
5.75297354349041
0.818258408353929
3.17149225786282
3.73891989895518
-0.746137497344467
-2.83135077096023
3.3274157090022
-0.0934270575272984
-0.991814753374585
-0.793505999276315
2.01902871256273
-1.3021521742491
2.87015159912291
1.09145436315259
-4.29042159120736
3.14887078866019
4.04710748018605
2.56239029390494
1.13170391660267
-0.227003444900819
-2.21002648549891
-3.88647964142099
0.625394066769816
-3.96835061345226
-3.97145468613789
-3.16261136427983
-5.39257501911807
-10.5255619587031
-4.32483069206185
-5.90183997883245
-6.76354312282284
-2.76789925640364
0.0961491082982286
-4.99588003139079
-0.96655078524259
4.30668446892341
3.77670684427016
7.02214440551497
9.54265569268758
5.3304783604404
1.59824821780465
10.51447651281
4.40093085694255
6.06781389949335
2.91475906242426
0.652292390267216
-3.2982169830276
0.225195685801912
-0.783462084763336
0.442753740503572
-0.958645995901839
-3.69439565319232
-1.34588459035985
-0.391544158397538
-3.21930684537784
-5.60348800396303
2.20662929987157
1.34550054015005
4.91864026787851
4.75050598997908
-1.10753463868428
-0.871299906781875
-2.84839811265619
-3.18853325241021
-13.635485218532
-6.09825423810224
-5.30948295525227
-6.69982275014913
-4.88608956760985
-3.6022369021228
-4.99820857547739
0.695444121801903
-3.17623107601158
-4.41068030997907
1.4936895102508
3.96826505098471
3.1477807901635
5.35167485246304
7.49876152282955
10.3851465045711
8.9248049441131
-1.39787699369465
5.11502238678583
-3.23070647017295
2.22581725191771
-0.0156326290042689
3.99333800052119
-5.05169090769712
3.0940190699159
-4.28064137668539
-4.89426641247827
-6.17915617409536
-2.15260164039433
-0.232618837319337
-2.23613179060216
1.11500280098025
2.50303843938047
0.470578760394849
3.4707921194539
0.407283371354356
3.31567513172258
-1.09310658727075
-3.48641636163469
-2.43853815143276
0.0393082404145018
-6.24412222236757
-2.22409664691746
-3.38193335586577
-4.81948304972754
-7.3444123520466
-3.73257859801138
-8.73250438384036
-0.794275852714763
-1.62368303164607
0.844550034793342
6.0137420928599
5.4332100612686
7.79583577246343
