"x"
0.615986386069017
8.56021651148023
5.3938943291901
8.91510644487894
1.88500605715357
4.8717536728117
-0.895274368590147
0.508314127903165
3.34819705252638
-1.67277240358187
-6.06947753576769
-2.16004751172326
-3.22280843104584
-5.52924661154577
-8.16057100373915
-4.08284761296824
-3.33339500437294
-1.24078799411131
-2.62871534564191
0.693837320959642
2.06730108541673
3.8576691547879
-1.29768423733273
-0.107577701049768
-2.13679978267053
-1.95751216395862
2.94149690295894
1.05171974502177
1.18917218442436
-0.0776237826991291
-1.56849368260074
-8.38087933366013
-3.73054260946512
0.88813059483865
-5.48792859015527
-1.26038903366483
5.5821029968255
1.97555867883529
10.1503504076706
5.29567371239675
8.34737273241098
6.66358025675037
4.62984208749037
6.02847596844109
-1.07675334905282
0.00745240786256929
1.94953241988797
-1.13327837154988
-1.706520044578
0.48262490120089
-2.74249921348116
-7.96460394346247
-5.29432514795464
-5.3247959120094
-9.63312634744291
-1.16251592720477
4.71691591781783
-0.525740690650717
1.57891326017712
-2.65477558445414
0.417824907897517
3.58069736229776
1.62199184666856
1.94493230105979
5.10554858873562
0.475222040191742
3.79054760164996
-0.280695630244212
3.63066509684226
-2.01630970429529
-7.61066728020582
-2.78960526206637
5.76031530525545
-0.0462611285372176
-0.282756608283204
3.26945439339576
5.37246830671621
-7.05294128335505
7.67704711485093
5.72700616362649
9.16311903199949
5.83868584319152
4.28860773303037
-0.936468211130738
-0.709239804686157
4.06323095913565
5.50323847395288
-1.38173172816139
-11.0140472779775
-4.64618605222925
-8.31275533565609
-5.73625423675267
-11.0257008366195
-7.74590817517439
-2.03389432420394
-0.658935856972736
-1.84399761040746
1.97193842369897
-1.27275360349047
5.36459726713346
1.23273333792612
6.88342842831302
4.07244697774259
4.5830410941439
1.83998021784996
2.89694947093939
1.39839783750557
-1.07518618647535
2.86547527967991
-3.09293756944172
-0.248542526062358
-2.15998012908917
-0.578496590386287
-2.38504710679251
-0.649180342624309
-3.10887129422247
-4.50505094245369
-0.8192902217549
5.17928622348359
-1.68016532396671
0.236776523442018
-1.70656551460266
-0.658189779766137
-1.4254625461635
0.968889307335303
-2.40790171000258
-0.55305681445606
-2.39055652285643
-6.54681646883436
-3.51568725651713
-5.0631129316914
-5.86253317824445
-2.32539562705828
-3.14540066301163
1.91486914166703
-0.583382779667806
0.0559923899502808
2.02344328424258
-2.14589556965182
7.89820785732343
5.67593160008646
8.70562868115641
13.0348588281326
5.88286152026667
0.262354301029332
2.41309602638532
2.9712078379079
-4.4105212098964
-3.83197596737241
0.668193390393475
-5.50742391818909
-5.32978105297653
-7.56269037574929
0.617446023708446
-3.57411588049876
-2.97265633019573
-1.69633772635308
3.40247666164036
-3.32674242928288
4.42500624358994
3.88880588981835
-0.198196143007571
-1.53837778977154
3.06491129213156
0.821679801403073
7.17309599202865
10.3389699351192
6.69705804271902
11.9588967524178
5.94258390789324
0.378371895740482
-5.85484382818789
-8.40534155429317
-3.73817495534705
2.34453026410067
-1.96239008252187
-3.51735238546358
-4.8094476858669
-8.36702979166069
-2.68128271253494
1.97020698784955
1.9369672315719
4.24005332659735
-3.48411831496664
-8.13069007335035
-4.17732448521091
-9.97389885513671
-4.14524381860388
-5.46321651210538
-3.66258590004812
-1.50333947173531
0.906863612124996
4.83536381351001
6.21655775152027
8.41189575161325
14.0637471872438
16.4248812003034
6.77100145553895
2.46581672194126
-0.0556143534402547
-7.35585133709399
-9.16807492424675
-5.19458125365451
-6.37130841261528
-9.27434291091684
-7.11148370534527
-4.68443291027307
-1.98410474301622
-1.16497543609569
5.08914543924543
12.4685529107369
6.99834549892084
7.47770289857028
1.0337902708496
-1.09564606962465
2.42620332968461
-7.47374131806891
-2.97817645157657
0.441431887144077
-5.03158904221439
-2.01399877576792
-5.5961832756998
1.0394791836375
7.29720132697547
10.9012449939531
4.49731627750184
2.15747910843152
0.230032407214534
3.68749982989153
-0.211180033360407
-1.94465686664461
-0.703972326318643
-4.15485773610525
-11.1134866428951
-9.27886793833757
-1.13384952264336
-1.14339351874653
5.11424551221972
8.10741653021988
6.07353054720326
8.47698859961296
9.14748432714452
1.84665848952688
11.3512533893133
6.06429251992292
0.211784207993618
-0.903873423989394
-3.64816075823992
-7.93532997314678
-11.0964983162374
-8.42283113389681
-0.639943145816906
-3.30298724326511
-5.76274943320033
-0.847793299999481
3.38395336186598
3.29564883187262
1.42679887412403
6.77470852121038
-1.1807351299739
2.19804416011286
-1.71466299049405
-8.25455303280211
-6.67286132654361
-4.47992777078129
1.05234986087748
2.64333594307425
3.44209113057347
0.216531415882722
2.22003903361683
6.03352834718815
3.42959896816795
12.8752881644319
2.9460016436653
-8.29611565947795
-2.95347320041202
-9.12994452191507
-8.41938718261811
-0.93294338440738
-8.91832660808183
-3.53358183471075
1.3409100623307
-1.94511385001929
-2.53198495525438
1.40831808693011
11.3808224305038
13.2088579316235
7.91829781245312
9.76885537939304
2.92441034402486
0.461446124331278
-0.516823328862817
-0.675772965381321
2.71023591166952
-2.76706896422772
-6.14471102835743
-5.61973369645281
-1.75313351469191
2.1061009442888
2.43650170086481
-1.26773391474499
6.37831402818723
4.24768311992926
-4.09525683584432
-3.97521637831518
-0.342361874291242
-5.29547893825989
-8.10619128912738
-1.08553080890229
-3.02267866033978
-5.99221059264046
0.764547929426321
-0.492253276332364
10.0315620634852
5.79854695664541
10.0824060724423
7.87655671342474
8.42245991181306
3.36685931328369
-3.57797379957131
0.230901818788731
-2.56555213136161
-7.953406724352
-7.84947104046366
-12.1114753414168
-2.14236865421319
2.2581348972882
-0.0161617423371876
9.79110428511968
6.25193746135363
2.43092625840172
1.12201922965536
6.82863486147637
2.53151856777645
4.25045801466481
2.18819302462244
-1.21677274539211
6.21758827371977
2.0815994884304
-0.373202080568302
2.18020990268753
1.40690753624852
-5.81396671333751
-4.36820340024981
-6.30911471222867
-6.30726339369618
0.106864815814687
-2.67314094763077
-8.53278827493973
-4.46995336485407
-5.72569471732993
-0.112764400967401
-4.21196265084836
1.44902668727421
3.62453063786946
4.80144007662838
4.6821010188436
-2.25979181358992
0.540693811943184
4.84604170043774
5.65685678934012
5.97581702021517
4.73236392526423
2.72549909087493
4.93779018538333
2.91226236373552
3.63883079395146
3.05069376311861
5.24223286306114
-3.65873005487096
0.624819170984897
-2.52042028517562
-2.7515259541551
-7.62747941451775
1.44691461772397
-8.86137643504424
-0.240736032586361
-4.2876352213558
1.53160218944253
-5.22601464546195
-0.56590046579939
3.59305565301921
-2.51135312384816
0.279041030182334
4.87510419225112
5.16116250138199
1.02609557949427
0.928281780079431
0.565682512296737
7.25592588916488
3.55883957975591
2.97305728829663
3.42785888390858
-0.539438927742008
-0.0766560028908536
2.7255832137039
2.79412043936785
4.5686419456504
-0.423698369561553
-0.060637191716486
0.0620513377821897
0.5630706224594
-5.75716625288542
-9.09956916108768
2.33387437891929
-8.7317502313045
1.35194614238083
-7.14729362360305
-3.06108696995582
-0.592466364201377
-2.92437587686703
1.41374468537305
-2.21056114854685
-0.427612310160467
-0.521101513725745
-1.78712327769479
3.11604066412571
1.68927364084866
6.8882293821998
2.63234332008172
-0.563737828588965
3.3381093213104
3.21595224704222
0.636972920877345
4.23557731187785
2.90079779283671
1.42555907452563
2.9987517957864
1.59647109326724
-5.5133626985553
4.23923236140907
-6.97428658493821
-8.97057359604172
-2.74363858622372
-3.76925060657919
2.08025195355126
-5.48480837542104
-14.7584432687081
-3.62715100057196
-1.50683263368399
1.78587244459202
-3.22536549415201
-2.19138326675737
2.77698168987129
1.5869106895656
-3.24509002046011
1.80165084148794
10.9637177930036
10.9490739861641
-0.157621101673048
-0.0230770759101842
-0.315386434744829
7.38476598957675
6.69781917542062
0.106589405652881
0.146620756803612
3.52220107846717
-0.970540284153812
-0.155231215089762
0.727467994775011
-1.81574787136371
-2.27282971324648
-4.01676338834977
-0.396003883703322
0.661511385403352
-1.73267671260142
-3.53780170082438
-9.35680457216676
-7.59980019192491
2.41897071873112
0.31763448715313
1.58153186368475
-9.37829652694386
-0.578855701793882
-3.17525552631911
-1.08999815737418
0.21083093530258
-0.579590699433793
2.53633026579604
4.42718313220923
11.8820105235533
8.18609416114676
10.2137060539578
7.38449991143992
6.71939230150945
1.04550037212187
7.16365998231047
-3.94866019012291
-2.63070295932004
-3.30484445075042
-6.75946435794022
-5.30031729152992
-2.00966965378882
0.46846643862302
-4.99380734334609
-7.84805765059433
0.130757946283629
-0.0331380684034776
1.10166981684425
-5.66703278554459
-7.07101095250132
-4.34494370060472
-2.5829760985296
-4.23101376319791
-5.82028517061116
4.2283753671676
7.24151479944056
9.16822185620486
3.69298745567023
5.97982561193981
0.597093875391812
3.19974041432872
2.15565362057214
0.312797997687074
-0.122359308342165
3.12908190184544
-4.12820965427126
-7.06330418270134
-7.57011497528361
-14.3627695329914
-4.83487366301378
-5.65962858115806
-7.67868528461138
-1.50198294114152
-2.151177588871
11.4534113781194
8.61062275611897
6.99298632144076
4.61313860085781
3.28680330756923
6.24332170934148
2.91521654554036
-2.98633031120238
-2.66668568217305
-3.30311937858303
-5.59279007442772
-9.0056958691327
-5.89571976576455
-3.64234008895628
-2.2959747766334
-0.34916376207789
1.95888631465845
2.55192747548638
-0.3564819812599
4.19793248593513
5.0202948996895
-1.23558191522428
1.57829442254911
-2.90587245053608
-2.77652730618063
-1.50729108522643
0.53680764603257
4.25491156108037
1.34598257437623
5.23342309419385
7.48086369996938
3.98472916821771
-0.137843437927867
1.36598435307853
-9.82042838028638
-3.03830158917053
-11.4174173096631
-7.37628890742288
-8.42468852856575
-4.58961712730128
-6.86511401185806
-5.56184963349713
-1.11897991656005
1.55330356744596
5.44818883358109
5.92325919522377
13.2733311692291
9.79317923881671
4.78432178203152
9.86903107625605
7.64684153900895
6.10079728893392
-0.240566276691993
0.53420580012032
-4.90525606745694
-2.82566545646988
-10.4564680543206
-4.37826445725766
0.0359924821364714
-4.7229151335073
-5.08548815845503
0.202198285767084
-5.23079539005717
5.51568016112693
0.154717729190397
1.94230130690877
-5.15986296982288
4.48535740834488
-1.37718647930716
-1.92488322859612
7.53366615214533
2.18328912921491
0.871974335649898
3.28047077014605
2.18369810246524
2.16900800819369
5.16883029110873
4.39687302247953
1.40865358058841
2.65181689156587
-11.7931934885588
-9.5681102430024
-4.18039688176541
-8.19289376120883
-6.38676792391507
-4.47417963010191
-8.58048597341482
2.75423557812797
1.81227438027398
2.70040016741033
9.25759569590433
8.83549335274717
10.9959881408597
9.07536604347065
9.10803486079598
0.0242498513570486
2.71174460779968
-1.91009099093947
-4.57866141323076
-4.72523469024952
-8.23650661319584
-10.8801475624786
-2.24744227450462
-5.3306692708517
5.49672558294969
1.09051487946118
-1.66701003013525
5.0320629732725
7.50805428858194
1.74582187015787
0.619517659228217
-2.24364962783069
4.2554263100878
-0.0968891018659779
-7.60546774393853
3.33877060255562
0.197305412822403
-7.87930943684115
-5.32137465505083
-1.84989564653283
-1.13503548891596
-2.27553129224212
-2.27398865818599
-8.25372589585499
-0.415864372978151
-1.95601985035739
-1.4503470473973
-2.65234504889569
1.77520627502696
-2.65151823079845
0.0206524628987186
1.36989539340944
1.63097138000882
4.92147699538027
0.5911960233658
3.97587461136105
8.7288254120942
2.13979094314991
8.37581331696414
2.56633785101979
3.28027358694354
7.48144955998903
4.23983799812921
2.46653891329665
0.219337101637811
-2.04673880244668
3.37508638726053
-4.46865240433907
0.851482848763373
-3.88449814907416
-4.43950384438463
-3.4756953932694
-9.14872816759529
-1.37585546469361
-2.06371554680962
-2.6125500150729
0.765453938161514
-8.37000541364301
-2.82030707209196
-3.31714950776485
2.91805971147311
1.12444742440014
3.43107620136609
4.21560785564291
-1.36563318347523
4.01844591724521
3.43973847286667
3.89137108361619
4.49983592972132
-2.01587302230301
1.74413893141901
-0.36354199764705
2.79494853564927
-3.55689080499773
2.25759524750073
2.42757342609876
-1.17826582702304
-3.61875234333695
-3.09414429204559
-6.44991820877775
-7.02539867903201
-6.60687086015317
-6.4062628151497
-0.801693736220888
-8.00865448487081
-3.61261530783668
-7.95077043630835
3.99792050652906
1.10436845136183
0.988224285635016
-1.25937454565957
-2.13899168205253
6.50753574721073
-0.511461089429327
-0.625988097895667
7.24062309160409
1.36941918518695
0.358823500149593
1.88592425824319
7.55581409611504
5.27775086954295
4.66067312693321
-0.722253649428207
4.60780555028349
-1.52667331780768
-3.1999239778613
-6.12447413435479
-3.89470550773454
-3.80890277198285
-0.26767761234108
-1.99143802571188
4.71172671713372
-0.275617046874818
-4.98812621809144
-8.61048754794003
0.840559223796521
-5.72992058186233
1.29426596043604
2.29551060882617
3.10164803417192
1.63088983964959
0.583016231543814
0.201631510696698
1.10848460893897
4.67930178039746
0.920421387328124
7.76748146072523
7.66224868027014
-0.520407058216032
3.53459378926706
-3.11194772649548
7.05938107603384
3.54017361115267
3.132165958197
3.67457886648293
-1.05686395171058
6.13822173302712
-0.393008286823625
-3.77962620694052
-4.16655390010529
-1.0658891453332
-2.2279352360825
-3.59581017021325
-3.52468399821467
2.138802846809
-7.39224005080002
-1.65569329729623
5.4245672131393
2.58520374205511
-3.58831854315855
0.864771032399823
0.645155401148154
12.3490670302501
0.419543675053446
5.63792400974684
2.47369053191915
3.77886604814923
6.12734528129544
5.34297812254884
1.72032919588946
-1.67440793750944
8.90369478472867
-2.18991349397561
3.02543854711028
2.31015244791931
-3.83679543219062
1.92188016771226
-1.84119014069367
-3.68584527987347
-0.722790259753151
-4.29130324011317
-4.85844712519217
-6.41863676706501
-4.31972733563927
-2.23978858023467
-8.74024172184275
-5.16034170944069
1.25143078277957
-6.10730370330596
-1.80180294771617
2.85296814429518
3.72708788300231
-0.262711754665863
6.06417930551727
9.92186491183261
5.40340642150631
2.38458334540644
5.1000455573687
1.78110133076665
7.72593762368685
-2.02538171277076
9.00822610749775
-3.34679305976015
6.41882995943417
-0.221166074006166
-2.24628557732847
-3.81968047415557
0.831903427185138
0.592949192267214
-7.24250657919409
-1.6177809377523
-6.70218059741478
-4.21022994423224
-4.4161366467025
-6.02024642746977
-4.18612850874642
1.25888575200118
1.61481168853312
3.41070144100087
-2.33558080324195
4.37120662226334
0.0594297667437593
5.35894834675555
3.37141910856822
4.73885587110379
3.52603222209983
3.91413759623555
5.65973178795978
-0.208860818169695
-0.741489003651065
5.21555054901276
1.58000609196489
2.84023483844885
-0.594058917692167
0.904890565908675
-1.15124090536661
0.203407943306694
-3.49431099847136
-4.62336221395975
-7.56328862466199
-8.25934328107504
-7.84822208386067
-10.8667671302632
-0.603605032115092
-1.23418043330865
-2.85164462141695
-1.98196861259345
-1.77362930414121
-3.28951436693463
-2.01459831219681
-4.46265675777817
0.781372444958649
2.34349368693319
8.47895094974154
4.9464726093917
3.80115225614926
5.10094490521696
4.5310419223811
0.288611016136914
1.96042348252844
4.25313554147448
2.9284128826775
1.46898748291899
1.31495915820956
0.0131209783620222
-0.71337618497104
2.76531413453425
-5.13427952962753
-4.06893048216176
-3.8161040897349
-7.27054727606975
0.346202489843834
-3.6902301237478
-5.43561318678766
-0.791229546686562
-2.36459569442581
1.35361501984833
-3.50729683236211
-0.394387130759746
-3.36156865613477
-2.76714469310759
-0.124996552114401
0.988801560371809
6.08832998050867
4.42644070072216
4.68174190953622
5.50303845979674
1.19746223859419
3.5610578341749
3.99482396169129
5.18519151193086
4.93962983363654
-0.0881996438459611
-0.676264639633476
1.71788954710183
-0.954099072168009
-1.5504486158656
-6.82414898254699
-0.181608049302725
-3.14577403226082
-1.83589121362597
-2.90579254978365
-6.69070128566302
-5.67452879898084
0.148023794575445
-1.99894165570664
-5.62765623475841
2.68716354709993
-1.49202088856304
2.28272672143791
7.03152353384818
6.76901248324379
-1.4624618963189
-0.363012961409485
-0.83135266299389
8.94216564461817
0.0381381958155393
8.00372670625722
5.86335892362903
4.30276423734648
2.96993394605039
-3.02602210660874
4.91902534583662
-4.71711231410654
-0.292336841863633
0.322804975566323
3.78121130026062
-0.108170705734711
-2.95290170521183
-5.19964896165531
-7.09284130679365
-2.67428670402914
-5.51496215252339
-3.26898506368673
-6.19185486081173
-0.70665255145754
0.411975100191338
-2.66335536571346
-2.13953075471048
-0.228242273382187
3.12211054826788
0.345018131789845
2.02283251951372
6.79573496189275
5.17980459131612
5.0137912031427
6.82214701253544
0.220282044382836
7.96743477575106
7.21348051482687
4.86723522917418
3.62593861420508
3.30984579082722
1.99966471897673
3.85593499055148
1.54441854978666
1.86325759885269
0.927143996785096
-4.08704462402445
-2.8990925536531
-0.0568610897202704
1.86518546429625
-1.35598723072907
-6.61661170397204
-1.61045351470829
-0.306619399533218
-1.13618867457734
-3.98910999084851
-3.63000826946572
-3.08805097499684
-0.610872122576915
-2.43977832511431
3.5806183455778
2.67298401680973
6.11420198258823
0.159252913236958
4.7655980258093
6.07917154536234
6.35501490874741
4.02468797831893
-3.61084818101328
-0.0129037239771677
-4.70355669125836
2.52138490264558
0.527004536330575
