"x"
9.50062143769544
0.339736814244672
6.49027788166437
2.43132081373851
1.73446386191021
2.21574523683219
-6.90506770169586
-7.0633261922498
-1.25210004977016
-1.95702451842424
0.623155304322501
-0.0282137739265171
5.81380751686935
8.23073733789727
2.12570110361645
2.89579748126914
-1.36301396284839
-2.01658219282944
-3.83193928366811
-5.40685583129312
-7.94234558659986
-0.408789672122629
0.577302272863191
-0.265797802107722
12.1551802484198
6.0683308267478
-0.444536580863454
5.28137311590635
2.42674501501711
0.0452105133872283
-7.56355361221485
-6.32151965890813
2.2905101340509
-1.41951031758347
-0.415365483708338
4.38035217543927
5.18519440190897
7.63025701549934
8.18149083418102
0.139276284022037
-1.66597355251897
1.09299012345264
-6.71240011909435
-5.12860578374368
-4.54228322766348
-4.82132922458098
-7.25660443301641
5.33046322826655
1.88408228213503
4.84972191096384
4.12322542354581
1.53475166279231
-6.37200453338437
-2.02021002435744
0.31324978251484
-5.97512859742204
-1.41466506747261
-0.709446565841624
-0.327002188346534
5.22765639973279
-0.620499230500821
7.10410237136341
1.46043285730435
1.99119913340825
-4.92619681538065
-4.06340411855151
-8.2954351819424
-6.20190906469603
-9.61717207002926
-3.72414550808795
-0.577595584315691
6.57222947898796
3.88487682767353
6.78146102215832
6.90280584967526
6.39749646427573
-0.0091972740116123
-5.67184606807859
-0.0324195106247167
-1.66019106845307
0.476679187447774
-4.89070658287783
0.903597498022419
6.83757294324759
3.54512613649374
6.6670722477216
3.42293566734004
-1.16456166039345
-3.05039525102559
-7.05115513261751
-7.75166670322717
-9.5761412415768
-6.07646889273416
1.76945255604615
2.66568760390919
3.10797397909923
2.69146688139007
4.43719879917223
4.89087943834008
3.54086788856352
-1.0717200448131
-3.24818333706516
-4.53792932790383
-5.31299784359098
-3.11947372391046
0.928616150724926
2.41799755666516
5.67199493481417
6.90489984575146
4.80568662890052
1.38226971521129
-1.58951259016069
3.22641928693368
2.70315513753884
-2.23401467123737
-9.36323858313687
-6.36196120218022
-5.92296089244981
-0.835507650553661
7.12328960783664
4.86612786843982
4.405736128947
1.64178927644343
8.07228686488783
3.48772931703325
-2.66031601014929
-4.89366921216902
-6.18403147855121
-7.88603009669608
-2.9014031393284
0.213252908139341
5.89414171904888
4.4640020745551
5.86348783374865
0.746865025962174
2.96025092973786
-4.54609374056868
-5.67936793342252
-0.543155190051601
-6.79335413761125
-1.76242012400423
-0.211989543121291
-0.0529082918451771
0.105919103938278
0.736747369943735
9.68338509737719
4.92949455747609
-2.64048222587923
-2.57324582987427
-4.11211546052501
-3.85156310699509
-8.94917078524332
-6.29500303384536
-4.84418838266471
-1.04575865755376
0.504449300020681
6.79876557266296
-1.75498842194471
1.3581687385672
0.842141240336699
0.536684923547802
-3.77541088990849
-4.46776189233149
-5.12848681059734
-1.63937430898311
-3.15378309377755
1.08452137452882
3.20345682619964
5.54477552043701
5.26583410919596
1.89908746520543
2.90265287794264
-0.694851627417754
-0.165329792913028
-9.31720730432659
-6.81459798958387
-5.9712132695593
1.55320298874089
-0.761451453705304
3.24999294554096
2.92784479197899
7.22810010376601
2.30934245347146
3.73388180404664
-0.118715516288351
-0.267790038760169
-6.72691600946585
-0.617403190624284
1.81005338204645
0.489033097616892
5.38127650192631
3.04333636233229
7.26545029833323
12.5507581467541
-0.238834879152926
0.695663587721601
4.41996998918559
-7.02630519172936
-2.61463290014959
0.242478460445249
-5.52253069381044
-2.17030610502419
-2.8401233139654
-1.52237113469698
12.3392648084113
11.8430288467384
3.12844850304141
-1.77299847076896
1.96227597468221
-6.6389674704316
-5.23495520966038
-5.39211230638783
-6.70198992991511
-8.2845202223399
-3.61733469242485
3.12617035488419
3.15213493918138
6.41446149673723
4.44143880102741
5.66742122617339
-4.38889471586668
-6.10038390280088
-5.09079286914238
-7.92501926212
0.232534866775706
2.05788071374045
2.1697087618529
-3.03995926226449
2.73625052075315
9.15082039446425
7.89502908879888
-2.79210788622873
-1.81798690574839
-5.13277938132838
-5.23279244648193
-4.09335135927587
-4.98878369750198
-0.802156997570547
1.47176256282271
0.694330208422207
3.8884987235724
2.52895902014346
7.40774490432969
-0.85845423447004
1.97770229522936
0.349644400414525
-4.65236782851059
-4.95820513959068
3.9247911384779
0.420433553488501
2.00908113470374
-0.0401050520367172
5.19122899795527
2.66093093413635
3.47812504054581
4.77175110059871
-3.22901580013034
-1.52262391580851
-5.93215749886868
-5.62993920414734
-8.56692726490953
-6.76700054283739
2.11180072096146
-0.484348812339744
6.82849082852874
6.23224172415943
4.99884479028944
0.234996772698773
-1.27447312153137
-8.62399448405768
-3.68929918266405
-7.47588299230064
-1.58019661146382
-1.86552007385762
3.10762354714002
4.65236131385519
3.29428927483475
2.36551407496682
1.91228467479089
5.43941616024801
-1.85126339978338
-5.93202388131051
-4.00465441819233
-0.765356376663859
-3.71317446631387
-2.8569764592636
5.27602636997575
2.06876325653671
4.29849418980414
0.855986102424072
-0.379021801273918
0.0650188721960447
-1.45181412857422
-4.45898051030594
-2.30109684098098
-6.44077212874943
-0.7780142225604
-2.10490227121222
0.795077498087598
1.0159416749503
7.08900831119656
5.31668429422225
3.58008812796672
0.785619293141846
1.8109884751663
-0.756614390726683
-9.24323726656506
-4.47676217328583
-8.53957041170193
1.12386701235329
-1.27560829411781
1.61490970570482
1.39819995520036
6.08480518039297
5.42281732659632
-0.135638855385191
4.06897990768149
-4.08234286916037
-4.61452955328827
0.255544183882206
-6.26867917425341
-4.24110608108607
-1.47977730831736
-2.62881226737901
3.78000314510717
2.3360565508866
-0.0649352885139569
-0.255409929293037
-2.05446015712677
-6.0318388935136
-2.45020594439461
-3.98096986133429
-4.00591171160129
-0.126342803460945
-2.05937678581488
3.16398275432724
4.56342383545834
11.0020886678399
4.40982189574141
-0.557498855700024
4.99764923091093
-5.63222339118747
-10.0702608464852
-7.5835413886343
-6.43636955616306
-6.45147692962835
1.41683013220501
0.93841459453295
4.08496986543535
3.11318629724421
2.13846178614641
4.51176870284778
3.02150829920691
-4.99916888012683
-3.27283173035639
-3.92690763116068
-5.72098770885302
-2.1298477339093
-2.75170246370493
-2.18300507675681
6.13181736959887
6.31600773967009
6.93095690592037
-3.5096989177397
-1.81785578056571
-4.46959316478527
-9.56436870573781
-1.85580031090395
-5.3132320719006
-4.82019937404812
-5.71980457649655
-8.22337039106508
-6.10693824191326
-12.4413293527987
-6.48567235400149
-7.19519853655513
-0.978529122382986
0.917580890307454
-0.0265541669581375
1.54505730282263
5.62022756104364
5.67646830230786
3.98004206177975
5.0844251396615
3.55391052643528
2.99204524698512
2.2159513731135
0.690611773914689
-0.00884579034407279
3.36498762248025
1.30644294564717
-0.62274193814124
-4.3729010056781
-0.565625912599368
1.96354354183525
2.29300478779511
0.669368746485144
4.19031572788667
3.73586207170804
6.16007994198522
3.59492013465495
0.283177444678601
-0.0896261410847905
0.654145852217274
3.83286703224354
3.63627299719402
-2.89857499172059
-2.99582338950841
-1.4126690407133
-3.29776248434017
-5.81945390041896
-8.12927574596128
-4.86389252683405
-6.55388763200626
-0.224016513459644
0.550082376865588
1.44744146575045
-1.646355239687
2.53165191230616
3.85182685211949
5.08983531661679
5.69809622357029
6.51276104315258
7.00025251833742
7.65655542623521
-0.143721103931597
2.35078678407365
-3.92184153488646
-2.47618654379173
-3.12084908056189
-8.43855713075367
-5.7451079438571
-1.40989123651078
-2.58281916089349
-3.88450812707052
-0.244981944980494
-6.83048427162337
-4.18333392269162
-0.164343859143801
2.67312945867094
-0.29268405457087
4.61532018400807
-2.01004934545529
1.03970647593746
-0.93773068368608
-1.89640460842509
0.416765464165707
-0.445379360571409
1.80632062450367
-5.57692316815793
0.0737037442916337
-2.84982273146933
-3.8228249037807
1.57181412380707
-5.43258517177583
-1.48464087777417
6.94076228814003
0.771114069417398
2.20275405009136
2.0312900302408
9.93121777840147
2.61194787889868
9.05203965446367
0.375909161670172
6.885260595124
1.99003750958831
0.175179708216009
-1.92857368747854
-6.08835966365759
9.04495613909665
9.21167171015041
0.281087260698054
-1.90451373982341
-0.761077324437795
-7.0080508926907
-7.28090824109914
-4.73548868686627
-1.68517582452087
-3.61087902432955
0.146508009025505
5.68209077663484
4.79413768982826
5.75709303423341
2.95644019077877
-1.41246616173378
-0.433728920296196
-7.08235348949237
-10.2686542160967
-1.73902620054321
-6.77524102730901
-4.95075188210151
-1.96076067973732
9.04541666732641
4.78663141219779
4.72469087696922
-0.710220393920166
3.28913592367327
-1.949968919961
-0.478165859664781
-0.691519272797121
-1.10453357854159
-4.06221978168601
1.11867876497334
-1.77968474797879
4.76498864747988
6.71909401133541
-1.21838665826425
-4.33734914271934
0.672196370618513
-3.54170059864615
-7.0325653337375
-2.22222766251537
-5.68702650847067
-3.00352388406645
-1.32164852548673
2.78779474946792
5.43141041806994
7.53666213593588
4.74641334501465
7.46847407785112
3.93614044567116
-2.58419654219956
-10.4260874824529
-3.31525845709028
-4.10427576885722
3.35772896494459
-0.145014187494377
3.07079354209351
2.39108950143364
3.47747816235168
4.91244580756306
2.1538871324946
-0.635564875378411
-4.28268242048001
-2.68791210020588
-5.14632184859847
-7.1242979952126
-2.52498006005931
-0.0817833792785994
2.27339052670021
1.13393142310062
2.40857346790085
-1.35890295605216
5.99854724441477
-4.9376847973061
-4.53438880261591
0.50399524010357
-2.78361932873299
-9.1983473093073
-3.17307259150806
1.31386224271609
-0.0720303551319446
10.6742900204099
3.5384637874788
1.92943924096965
2.1118923333971
-5.16927196602978
4.59807969771616
-1.51335841330816
-8.22726138414769
-7.93247099899139
0.541039066042526
-0.796674846202166
2.95332838967743
3.42051492174588
0.461379080236687
1.40817897196069
5.43828875246812
-0.301878913863471
-9.51795729313603
-1.86124134312007
-3.06887200507536
-7.63593505442073
-4.55056143607684
1.64317123176979
0.392623694761973
-4.79266153679989
-3.52523500199514
2.37503886290126
-2.94863010000618
-2.15639487606247
1.01476677171777
0.335855480104194
-2.89578449591564
-2.1809105364555
-4.02741367956592
-0.348897942710615
-1.80791062103387
2.61449916994881
-7.47288515817091
1.66543462425658
-5.721294574768
-2.23093732395084
-6.1431063517147
1.12510967882316
0.274431829102389
1.07880433581666
1.56174622230793
2.04801153526235
6.06464328683941
5.43249069517611
3.60085198642979
4.15075081304761
3.2929132135118
5.77276636251499
0.331590690683333
1.46361958953528
-2.27491454808947
-4.00035790385939
-9.78343504272632
-3.4425937195087
-4.95822253443906
-6.89907186676161
-2.56586698004244
-2.34048939968823
-2.59102434858777
-0.104573339388185
-2.92946035806453
4.43204275846576
-3.15178850607207
5.68224199318208
0.737467158282601
5.52662482612286
-0.437126076086535
6.27361477027637
-1.20660585182324
1.93293411051341
0.0186842657343779
2.09426195802652
1.13992915144551
1.10185515361689
-2.18675484063575
-6.72157230663039
-2.86135298999543
1.94745621909544
1.9907059495821
-0.485999158964672
1.11704898669548
8.53076921089214
5.89077195955727
3.30894589243248
4.04039049799108
6.64060999689446
-2.9608541885344
1.66174426716904
-3.27256751477829
-1.86415456060542
-2.92988248135671
-7.35443483689244
-6.34083392659699
-4.70019574003575
-6.13210988914274
-7.81695360085418
-8.6867677745254
-6.12302936449909
1.1532206157157
-6.13596962511325
4.99973347171813
-0.667237946419098
2.96742695218
0.905323319708544
4.42906402718858
-2.60251909075975
7.95041432111832
4.06746702983154
2.11711982523884
2.93032580642922
6.7851475069717
5.26421434224857
1.63399581855644
-2.71211253323052
-2.86148286404056
1.68021050506927
2.34444571329021
-2.00385864811459
0.481601414491085
0.684476439196233
4.19524984205294
3.80708080292966
6.98838057071551
3.81327422191089
4.97227659339844
2.53592368879709
-2.06124586380911
-0.540656621435954
-5.41426207914299
-7.7124582025319
2.39523466262365
-5.14205286247655
-7.72657272765704
-3.06428699735613
0.880410783076516
-6.32152410297693
-2.6537207183129
-1.24624556779526
-1.93248800872036
5.19288543777587
1.85910378713494
3.51891725816752
1.71626175595984
-1.37579121853845
4.68290781346201
4.25839276836846
9.63577549682076
-0.182443632139033
5.3325990256746
5.11358806984888
4.78690208158338
8.66221195814884
-2.58340687435257
-1.24128135459669
0.0240708266727316
-7.73328289885782
-5.92430540000609
-2.37797350388428
-3.09687448123565
1.0479106667476
-3.98265943806844
4.45869470841675
3.33978745050483
-5.590348258542
1.00864270917278
1.65138112363712
4.65982833117783
0.812150329504246
-6.46544795376044
-5.06175837287098
-1.47841918380103
-4.14501824657243
-1.75619996577023
-6.94350025625699
-4.07792608838385
-2.7523789578127
-4.38006456799682
-2.22753529087132
0.577107098089389
9.44442434334472
2.94100370626222
-2.6257468028843
5.03631509993938
6.37633045225978
7.34997086157213
5.21474848867524
6.84742701093154
1.97160529394242
-1.26122401020423
-0.787322678543221
0.249108795839624
-1.02825054843875
-2.42825166652487
-4.92859252532225
-3.12585767491405
-10.8799502820877
-8.64481890757998
-7.36181120451725
-4.20234702272104
0.13077005229721
-1.20276076036351
1.45335334389154
-1.07686819522659
2.66124064098661
1.36127612702318
2.88965830710181
4.43745697606627
-0.489651651692474
2.85184989076081
1.7774945379405
-2.21090851205263
-2.33987903640481
1.2361740505901
-4.41117968679868
1.92694969777163
0.218549551728483
1.52272214411792
-3.47156158196175
3.85809655371936
0.0827145715458422
4.81407063723872
7.38151004402339
10.3177535325671
2.00814539904695
0.758931548759524
0.178122486208949
-1.58311583674193
0.0864421783985478
-6.82973809121424
-5.20217551496683
-5.09467140693088
-1.59502758623397
0.612005574486083
-7.75055336925131
-8.7290823251452
-6.6821254288514
-5.56622497540044
-0.401428500209542
-2.58538423544993
3.24667841008898
11.3818367008635
7.46207855306557
1.51913744004789
-0.771633822519654
-8.63879825237349
-7.68965868100441
-8.6694017707407
-12.0139057309739
-8.39538644306261
-2.97544697485317
-8.57296606961662
4.78036160186705
3.14962852848515
8.18383126020877
6.17058229779054
7.65873658761869
3.07878736643945
-1.64539396292679
-3.6936429734185
-5.00009544866284
-5.42099124043746
-0.397707750646985
-1.99931882319571
-3.21161880720673
-1.8204112435719
0.853319137152449
3.45584280054022
3.896783174482
8.5149933271779
6.8529245387729
6.52251194060625
1.27365607682282
-3.90049545730281
-12.1193351801872
-11.3242941995512
-6.21652252572113
-3.1994399103753
-9.03580299100706
-6.17535258894213
-2.93928374355915
-3.60311538671555
6.77769672359213
13.2439813206027
11.9938749059513
7.69717763510014
7.37574652993372
4.97671281236895
-3.85408193625292
4.28520616987868
-3.48809493922152
-2.93759167410386
-9.33094587943304
-7.9203853040972
-11.376054675516
-7.79692400230802
0.414402145442388
0.990141535163122
2.56140868131282
4.89377891057322
7.50660502894308
-0.765081387390938
0.202011762364336
2.61589143931473
-4.1282693311161
-4.16730259064978
-2.57605519382688
-7.80731000300849
-5.06153277819166
-1.85047037485986
-0.588104903823215
5.38473195245174
7.61255882716589
7.626775373378
6.35924494412869
6.14009409088089
8.30438652593473
6.40656067830172
-0.462523835618218
-3.65177804535668
-8.97322461410763
-8.38898406358674
-14.4087435184382
-10.9425418669298
-3.87663926044487
0.052910014932225
3.6973417791589
7.08009541367542
3.08968976549195
1.04598156668655
5.69091038268088
18.6277093477406
9.1407169829994
6.97557285222432
0.718760987443992
1.52449583487621
-11.2659341054085
-8.19443625487437
-5.46142991186114
-1.30693779865805
-3.393753326648
-1.54727268816499
2.48895485526635
-1.29132087446842
1.38662804835121
3.6618518017651
1.36318354169617
-1.37327609911907
-0.807468672068801
-12.3645896115521
-5.80413667427458
-6.97557696191242
1.23570457620473
-1.27437712302562
-0.413780865129452
1.33939450344464
6.37913651453695
5.76743616682768
8.87448664143229
6.58814950411648
8.94054443870261
10.1070627772239
6.58277075540192
-0.868964452845635
-3.49887153026445
-6.53623958125139
-11.0842151063025
-10.5788540572487
-6.25469464744504
-5.38439326815428
-13.0144927753118
-5.90808742153593
0.0797011743451816
-0.650039487908425
9.34557271496989
11.6756525437122
10.2783525353854
3.43539127864021
4.27005906621814
-3.72786275206465
1.84926153291051
4.15575939393408
-1.26662483963834
-2.10988539464896
-5.75441430448364
-2.41151541360238
-0.213426530518059
6.69776469236366
1.21180427013738
9.1141704387087
5.97635674021931
-0.995434933154575
-7.29936783996603
3.03324796772609
-3.99715006057046
-9.405214095483
-3.12492630992063
-6.07569566862634
-10.0663066077054
-5.21370139531447
-4.12489793254638
4.44977748410523
11.8514590793448
9.44523202551398
9.37187915096948
7.52661967397061
7.35920054145445
4.32161434871835
-5.79027064613473
-2.24806484417911
-8.53396765051141
-5.54893270389081
-10.2381589559112
-5.08020663360413
-2.62610609337583
-2.50705832869033
-1.07410663017261
1.41938958163461
-1.30327220886238
-1.88643154445892
-1.1035897074259
3.21177853477265
5.34206634821118
3.77392199065325
-1.72857985198581
-3.45956550741093
-2.23071264446446
-2.02226288217854
-8.50585904642275
-3.57989561198264
4.47004220009371
-0.229369123052479
6.6605754493893
7.15660541518173
1.67048902993347
3.62886906416056
4.35383099500464
4.45249062029097
1.93419765127542
-3.14356405230327
-10.4965051256423
-14.400516551099
-11.4154138942615
-12.9266307772071
