"x"
3.68228088360722
-0.11525501365535
5.73767846343232
1.35519369091273
-5.00062484653335
0.094903555439577
-10.0689144769341
-9.18158767231805
-0.190244107349791
-4.14021394460863
-0.356628080109605
1.20620682792419
1.92829308187389
4.41848145856728
7.29516006274334
-4.26431193571027
-1.20814413176998
-7.43540009109981
-2.02216155412271
-2.33601872973722
-1.9332065631455
-3.95441975832427
0.000217657706498064
-0.892968223776976
4.60998462613314
8.21865188267044
0.723706295022779
1.04455047877924
1.97845466756536
-2.09883954919494
-3.70200200769421
-5.68915222637301
-2.61205892427196
1.61123466785797
-1.11196661125251
6.88005423335887
2.40611600202857
3.20412423855971
5.41127370449382
2.7098226211866
-2.99147541274133
-3.68084392200304
-2.13745066776489
-5.21229035033947
-0.768336567037996
0.0443084862647354
2.63469872252059
3.47139897864264
0.475366640597516
8.09503730103759
0.511019605967674
3.04470723603551
-1.07089826220515
1.38653131638907
-4.35073165100584
-7.6639344615847
-10.0284986525554
-4.48056555049298
-0.0431389750129275
11.422183964864
-2.48026223095521
5.19322545500299
-1.05217538049703
5.11375316089315
0.0317643687717415
-5.82206573210145
-4.73692740549269
-5.25816089228694
-6.33031200857047
-3.72538942037332
-4.10676867719905
3.87195575919729
2.75889184688908
2.25930908659696
3.27551522937034
1.54247169638162
-1.08896620284746
1.81955005101243
-9.1544997966596
-7.9532672193583
1.1731637855921
-2.98914179080874
0.0479585013876862
7.69606235476144
4.16582796017624
3.63776227067215
2.72148313804882
1.7289012461302
0.915545503686393
-0.506811040571374
-7.61516441386861
-6.78392019975687
-9.57741406943793
1.67158898366563
-1.62023730030496
1.82933275996959
3.31925191817096
7.73958297847911
2.2678823421387
0.905110141273683
-1.7091111984792
-2.25064564602112
-1.8504321602743
-3.44701109420713
-4.47119521474883
-0.508067642552369
-1.28609877318376
9.87608830074231
-0.496531962801612
0.263659268169308
4.42215428993992
5.82093254551519
2.30123895181781
-1.27923338516435
-4.25045753197851
-7.06782482524519
-8.34856333234662
-0.864464670361942
2.52157405226968
3.88664189902244
5.14366094045236
5.67915254321409
3.83655137444297
-0.71014596055448
-0.649353211154978
-9.4827517859596
-10.7994505016985
-2.8542842566101
-6.07563308664448
-0.0142543071461956
0.836189533109657
7.99089708653453
2.8062305703288
0.87233962494152
3.69514897453666
6.67253101348142
3.8942412145743
-2.13673288945657
-2.6951167777697
-7.60062731950446
-7.13711997466723
1.24193899918343
-3.03203881182427
1.0745221293327
10.7971134596112
-2.66483216757365
1.70503267183003
2.66262220619493
-0.86269184181216
3.89173647433231
-6.89330201389043
-6.64486512728383
-2.44875605193149
3.15331452903012
-0.286113829467481
-0.867910479206836
5.93464584438387
10.5907320691656
3.38448967327762
1.16828129423752
-0.116323683880059
-4.23189763654712
-4.78725741299467
-9.36202064996123
-4.33808270308465
-0.015847942208324
2.37712078516282
6.33228730852248
4.65881571969827
9.40241389982162
4.21415812500802
3.47732278300704
2.1665581622724
-1.94078048504702
-2.79342364169713
-4.10182857534725
-6.11017746115362
-4.59760803133511
-0.874251685255887
1.26872211431396
-0.722434713912701
2.08845602466936
3.38599860726106
4.95499157964523
2.16782141287129
3.42967622666452
-3.02526455885992
-12.7248028878114
-4.71853824323676
2.84880880951452
2.59830703065114
2.20693334025836
4.33451526072055
6.380400418164
8.58060980811123
2.28887513985646
-0.968277601590611
-1.1405129067689
-8.53349179437232
-6.61673052028186
-9.76074914561196
-4.03254526512457
-0.0125166237731351
1.37449323070422
2.42475853057353
5.42897208711245
5.27865903590905
-1.77792836181015
0.240845375370097
-6.08792833680412
-4.29621515847462
-5.0480612797413
-3.31954414288376
1.55269905616782
1.09926874392589
-5.7255421881577
6.42944205267865
4.46777793683864
6.76865764330585
0.153306092263322
1.73047055874159
-3.74973456071405
0.979361661618241
5.82789206947194
6.43298414566728
1.56187018957513
3.10368803292266
4.62121247875081
0.807897323969988
1.86098694699348
-4.29678281855129
-4.70679812656792
-12.5016510314918
-10.8754100155665
-15.6213687182328
-7.79609348130738
-2.83456518190764
-4.50001787306158
2.92545958255451
1.13833648542312
3.75260301484401
9.9081830763686
6.04391704264329
9.73681986791447
7.000558518978
6.49377279801604
6.87360898000625
-2.84423076340717
-2.82878019897257
-6.50809680572531
-11.8067022697268
0.176814503698139
-6.57562364183995
-4.57088993551858
-4.88050138055379
-3.08089960203526
0.60902284054203
-2.13872621871409
-1.0088669412611
-0.668794688656586
0.344935557820773
2.37677270743029
0.80399960778837
1.8508329644231
1.67210079876126
1.77143388657648
4.83011022923457
1.49835490554224
-0.310569608639574
5.76819359001658
1.93630960464315
6.84729823091877
2.32476773169766
2.77106968124231
1.42855074373029
0.289898579097471
-1.56458323342796
-5.61817979494027
-11.8774966223506
-8.58502322181309
-5.67636711674555
-7.87721612306591
-0.904526706380153
1.97590015792248
10.005557218782
3.01149959571396
16.0164509898759
3.2080676779794
10.490319192151
3.58127093280382
4.09543606142638
4.21008148856013
-2.68624955620473
-9.71764989846755
-0.0276485888102895
-9.65446840033791
-3.14234461973181
-6.6244487637152
-1.83589793709303
-7.50684341944878
0.849299452560233
-4.85940521637348
3.68977888823536
1.95974360938389
3.62431541168063
2.07764555229906
0.287336147371817
5.89082149199123
-0.630626221903603
-0.278115852132806
2.61823130945605
-2.18547289732105
-1.91057970831929
2.97060889518227
-0.0950241339017839
0.963459340793343
4.6709807685651
7.87318838942982
-0.713162411663568
-0.866710615825536
-4.32193002014774
-3.69979808067014
-4.39558764457213
-4.18929565379921
-8.9584086149602
-7.27139440060977
-1.28969949116542
2.0613274418593
9.65998933496962
5.78465778274621
8.33202379006639
5.6164173002866
7.36198680608304
-4.72339688912647
1.00946343046916
8.9029100009936
7.39514826451719
5.62695124176395
4.41656112227547
2.8989210066174
-1.07333534756402
-4.16545025230061
-6.91185943366483
-7.93842059189347
-1.57584472565805
-5.65986842391945
2.78019364445317
1.17481056820325
3.28722666730651
11.9500175193096
0.985494273134721
0.0703671202121332
-2.51245462608606
-3.79705429428776
-3.490255192172
-7.36479415203789
-3.94739848544323
0.00838022675016692
4.46166228711727
2.97890349327236
9.13414749897925
2.45141585144094
7.8728548806009
3.944122970581
-4.26889627098232
-2.65954787436662
-3.68736625054759
-2.62560794040809
-4.44663942043855
0.887956540198105
1.16305106773198
-2.56963750930679
3.18751594362424
7.14934582027937
3.6476512937538
3.40972897840741
-1.40165416119998
-0.724645081669094
-3.50237881884399
-2.95637792926993
-3.91019270798332
-0.996935063137516
1.91316161958388
3.59219037327092
3.01840961348443
0.0535725273968861
4.49575068984952
1.18072352988211
0.792337469072004
-5.62115065292844
1.38562009860064
-4.6761113658624
-6.72572518614777
-9.90480249875231
3.59065263748792
2.31108544267496
4.53697878215898
4.95008313940555
0.206701499470005
7.14438978691725
-0.614944664274378
1.13904450697267
-7.9128135416441
0.572810685852481
-1.68627628075457
-1.00143378779011
2.32208521092548
2.88399719313642
7.01721475322817
-0.909048768797841
6.23713520044434
2.63525518672908
0.344748398877788
-2.99761397615516
-0.553330161270566
-3.48036685484316
-11.1197441081058
4.27582857473683
3.31972141389626
2.67186100632464
1.8889063156547
4.75567132967776
6.66460382655306
4.6732166542412
2.67549138994028
1.09787799780223
-7.31251029903629
-5.21813556032008
1.45658139723714
-4.52709269215046
-0.045286394642156
-1.52592367679608
3.63032310458945
-0.752161082276478
3.16177985092219
-0.560664006224434
-0.717579534398699
0.90061683459411
-2.11578813568936
-0.32493577274469
-4.70721318037838
0.0613383067684232
1.15201624284684
1.54375085195911
7.64874586803685
7.84398286392749
5.180651274593
2.62440793048082
0.687625778593377
-4.85730051040414
-5.67709784955505
-8.86136101350471
-5.44940309978736
-9.84572255817362
-3.05194880319921
2.15179860778589
0.281832249745449
0.0384075965690336
7.81973816923361
-2.21273855674102
-2.01950520467827
-2.72709577470627
-13.7850984315458
-3.92983234163592
-3.6427416213324
-1.91916614936587
0.798498518433927
0.655615293716742
8.03413190862599
7.38790190621843
0.519697018852737
0.829999382290791
-2.57443922840149
-4.22390520837821
-4.74713777802686
-0.988960438292946
-0.943848789895718
-6.55885711635997
0.887310919891317
-0.581697298291101
2.8874094695396
5.15656085133421
-0.577414614619312
4.71388200879169
-0.965100875670063
-0.0316375969756977
-6.36978044429309
-2.71522272264022
-7.53931407006532
-1.00982156912097
-0.90536241906379
-0.0653504355072947
5.45012408177087
-1.47184664499872
1.07658937645021
6.41617864701467
1.96904701054202
-4.55772855458591
-6.28801542586336
-5.70162578644546
-9.86984280872708
1.13390537459479
-3.95444544195525
3.47958927435227
4.62317886261528
6.03036524942901
5.93922645203341
2.04061026626922
1.49375526292983
2.35709900955115
-8.10837410792017
-5.62844850173167
-7.76304324585534
2.93487256312031
5.19717210580851
-0.0352283285659971
10.4647176098365
3.66705718700377
6.98665785554866
6.21456294647549
0.698643076486744
-2.66863490459312
-8.37721514395704
-3.03502719211022
-1.22030453496697
-4.30748642062441
4.47188499547942
2.88826006349463
8.29177535350155
2.66611045257953
7.88896250713838
1.65797738719428
-4.50537941396041
-5.48935752568887
-7.56540420619779
-2.85437311418254
-0.121499574938811
1.11475838204454
3.5845551917258
-2.09577507720601
-0.0995686519358907
6.53077889125634
-0.652083160421998
-3.07749573204533
2.6349461400895
-5.60028534827346
-6.76448499901611
-3.86583704235357
-1.81194133883574
-1.32286612234532
2.63432225828714
-6.89630150340834
-4.95848959694774
0.853030381023672
3.2785041876746
0.597398654740674
4.29741051312362
-5.02331337327544
-13.3803717319124
-4.65188052038625
-1.25651379759204
1.07586161259454
-1.06475695062357
3.0253674934182
7.81490711355747
2.63240416509996
5.93992441136001
1.91772750486357
0.379559303056143
-8.60860520788528
-4.25280706140762
-3.34744149197798
-2.64630068985562
-7.12230527944799
2.53578874870418
3.55474739469722
6.86614391886776
9.23737166038556
10.8907198857899
6.17557867679798
-2.50913429723646
-5.67043312130403
-2.83615511722228
-6.59829196837303
-2.85919027885897
-4.01030559319508
4.39329559498514
4.01783621861288
6.50718930190911
6.13920205755511
6.26522764892501
0.468064997519231
-2.90100776403671
-1.71450286246944
-7.89986725736408
-2.83273448955043
-3.98964324036588
-1.10778832053597
5.00593697595806
4.15214607822773
8.25959031256973
8.59763284737526
6.06456834948144
2.80043966315959
2.01385534046471
-2.3894201481447
-6.84790940399397
-1.74645029452953
-4.73187740950503
0.174215109529101
3.83462847464026
-1.78070878456946
3.3450518280753
3.61399184192141
7.10784106728817
3.31784280079887
1.84763074892304
-2.72422536285653
-8.8529139709842
-4.21258450448903
-2.99034141535769
0.658827015159309
-0.947940026643865
4.31043575011749
4.45207777999851
7.35625292229698
4.15163238488809
2.4137868416689
7.53790369235241
-3.25739328450852
-8.28869983948575
-3.24712395105737
-3.93674000253005
2.48811311886547
-4.56444051618458
0.645689558621173
9.71273453344812
5.05354343335187
2.53209913649554
-4.05964636601678
3.02793076225769
-2.57173284077866
-4.9956354014658
-1.47379720852224
-6.92475218753858
0.680015579079629
-1.10751176540656
4.33533416924139
2.05904925572539
2.34847697804991
4.58067930146385
-1.40502883030831
1.0288376245079
-4.73137614929457
-1.90925972501171
-6.67790991750571
-5.79070876748249
-4.3531417021347
2.89506122150554
1.32775455380286
2.86403729400112
12.3701520586033
3.86342901379533
3.1668587411516
2.65836996305729
4.68750186096758
1.55270743061785
3.10680373193011
-1.17033094671567
0.402879073330242
-5.08012189591771
0.574107815783936
-0.048414588530737
0.726977573569957
-1.71774557055299
-4.03908947165866
0.613792253773224
-0.33822576669809
6.3554457472968
2.57485371337235
-4.07847004763591
2.64544880558963
5.67971454913555
7.17989154712046
1.04915069676104
-1.99717216883585
-6.68436508460051
-5.36970537667405
-3.34940737481766
-9.59320708979208
-0.128981075143499
-4.50708715521438
-8.6068068460477
-4.67470247434776
-4.35490972195147
-0.845436037477855
0.968730749950867
5.02984701206354
4.23318059399687
5.56478036476797
9.27543768031215
7.17596511376964
10.2599480669677
4.869235169083
4.86550763218246
12.0398556204667
2.26660078232714
-0.812853864258382
-0.256512694483093
-3.38676053690427
-3.60826073882134
-8.11665522729507
-5.13191426259563
-5.60749576860456
2.02810252348702
-5.54205784020825
-4.61939568652919
2.02946890433932
1.93826511527374
1.12050972422906
2.42960928408798
3.96219483312414
1.12036636703188
3.11844289783842
7.62132405697268
-1.39164978008786
1.52366254116186
1.89395932092403
-2.32267811636599
1.58971874533119
2.84028808227974
-6.63035497341924
-0.630835833151598
0.0127549836875778
-0.691926819816073
5.07994498316658
6.29640262907647
1.58036621038744
3.67449035752271
5.47157889311028
3.44721317414479
1.1250803997956
8.81640920533504
2.96159323346416
6.57802607663856
4.31423553979804
-1.25792178389819
-0.274853212150792
-4.18487595075551
-8.60431922609962
-4.80347506810598
-3.17620354983174
-2.30004045763291
-3.68081474381271
-3.14378281925374
-3.28461596011588
-3.47507993795734
3.49622135862059
7.3862211746825
2.419468564716
4.2208841104002
1.09771913616819
2.20215522523423
2.72957914575252
3.29568585394219
2.18853732724734
1.18431972818259
1.39803751893714
-1.90560665931774
4.97193070648672
-4.83642212992289
-2.44046857248409
1.81801434551436
2.09482237918159
-0.829937507066279
-1.67032346789851
2.36821217620647
2.93763069372145
9.81761125080705
6.00626989976565
7.67345301513055
-2.67377066367822
1.37165338469812
-0.877231652417819
-1.98180262841683
0.806050291864354
-3.65516454562824
-1.7123565094792
-9.41367025751458
-5.01925001219053
-6.92827115829455
-6.21912560517817
-9.6854299713642
-6.13050102081721
-4.90348704257081
-4.82979856611608
-2.62351836323947
0.075884339378136
-4.49156929368186
-2.5393379191095
7.30913830702645
4.16688940344335
3.16872518263803
8.19394748960574
4.40903654009665
2.41044111279416
4.83251717654302
2.66701243433598
-3.24096561438097
3.8881314834301
-0.112677671017405
1.9001787846902
-2.57120554429663
3.24867373363601
-2.18068156850044
-0.406166829700713
-0.11944231102575
-0.417090395501545
-1.33615114372341
2.87083462248766
6.1974040584049
3.68005868063815
7.58841267037363
4.31942061686202
1.63669450419909
0.170609262821874
-5.68131132188435
-4.40945956735477
-5.04216937994408
-2.57558875796889
-1.4257476122068
-7.7643247932913
-0.124693900965967
-1.11288813524481
0.0145952317661155
-0.250313483174679
-0.296417463545798
0.924472725780904
1.53344863608757
7.63451699075574
4.90873591033999
10.6510508252606
4.34535848184991
2.52486390057247
0.585395774811724
6.66508241857643
0.584768328803371
-1.47015461768511
-4.65136934303498
1.79495186177073
-4.78084660057302
-1.94794928831232
-0.63593824259651
-3.65830454933274
-0.113198325233039
-1.9589651559033
-1.20488950603478
-0.864227269458049
-2.06839079917264
-0.022233427352689
1.14717999816887
1.86386954321769
1.47743767292972
4.79133374911465
-1.97279393010495
-1.32041449179672
0.654556324394936
-2.52067843619366
1.72651403218048
-8.33325012836644
-14.0904373324158
-3.17365624786432
-6.71921817724427
-5.43911924970585
-0.202452951059567
-0.867710517991226
-0.118126614611441
4.32712367474027
5.67070356773967
6.8142048002587
4.08520526216589
2.63374193372583
7.23094969339659
1.17047200322116
1.63923961263345
-1.37081053115207
1.62674005988365
-10.2382651418536
-3.32437216589519
-5.86766454794152
-13.1962880310255
-9.2787511122232
-5.76793623663113
-2.15826074673613
-3.06509565229446
-4.16274498055465
1.62745115778292
4.2645389715665
1.73293080769391
2.26319718482277
0.799102213058014
5.51168448830801
0.935394863670414
-1.693831519623
-1.35200627153269
-8.69852672555557
-7.27708910079055
-9.08727745805372
-3.08974220938484
5.72302900668746
-9.40867795993248
-7.08555748663682
-7.05498906185655
-10.4022978808192
-5.95101416297428
-1.62337040060711
-2.40633459399585
-0.176137139799689
4.95642003712592
7.04131037669296
9.01768076944811
6.53114261200476
1.56056345551293
8.71850198831774
0.782908691138175
9.6556322460009
-5.78247621422832
1.62141940746458
-2.58097572338624
-1.57044148492528
1.58718450306264
-0.61255832377084
4.66688942266128
1.14947991489267
-3.775412139093
0.24479380063564
0.444863391406883
0.80035189467375
-1.39744417389254
3.60245345684022
4.7364894745303
0.43357286076782
3.35377583917119
-6.07343823990696
-5.97995865539151
-1.47296354668083
-3.3212571014709
-8.13217209562238
-8.44104152359477
-4.93972949997948
-2.45688758490071
-12.0179178185607
-2.32568776539931
-6.11059095836955
-11.067309688172
-3.55353975114174
-2.29299751504175
2.78811997273969
9.40281620893183
2.74542915915226
10.5913662628415
7.21548768359669
11.543862224185
6.79111093739442
5.63747002910107
8.44536795670892
3.57223090629534
2.53027363262454
-2.76218484441438
4.31034407992791
5.43144288603675
-0.686949692543875
-3.87399945990856
-3.86762791262428
-1.85791815668151
4.81365465111553
-5.53477975030006
-2.314721479072
2.64381437506216
0.362658883056647
4.51596631560619
2.22601228943191
-4.12546698963673
0.393382265867629
-7.96322409702082
-2.89035641342908
-5.10469623736351
-1.71773968784704
-1.7228885070937
-4.54799262610898
-3.08490294791849
-5.28707882693402
-6.46270539041082
-7.1107949700827
-4.97757431760764
-6.36850862808827
-7.74563537260002
3.28896810120535
-1.07700570365281
1.5492471357118
