"x"
8.86247687103823
9.05907419190254
5.5059881864845
6.77067096582974
2.22752937347649
0.751406076179753
-1.46678209223792
-1.96446754187829
-7.10335455179286
-6.26080618571515
-5.35644158637909
-9.62760573043144
-4.85796194980004
-4.83189786707353
-4.72033691940182
-1.47531171009222
1.43450958083748
3.71314801954628
7.75693977972472
2.67078015405307
4.72555837995299
-3.60764342005262
-1.64456348605848
2.73566043429763
-5.00542814600608
-3.38624707475734
-1.17233098738775
2.74248233068078
1.84052194670071
3.11433128951872
1.61839345889379
0.310939920121339
-0.901401103720891
0.850359319168891
-8.86897407019782
-4.88205266383386
-5.95575915754853
-7.91950367910933
-4.57794805189886
-1.41489491912995
-1.57202391151632
-2.64429997693053
0.397496218796073
5.28538645499174
4.11542699780917
7.40349932212208
10.1586169160643
7.60440115531734
4.71965429811892
7.55765974489471
-2.08545089305835
-0.31636946507243
-12.170477204604
-10.7534261644445
-9.38622619450616
-10.5010267068669
-8.44078127388073
-9.78739426604634
0.7883031473685
-2.50576639876303
-3.09659070032608
1.45297173541222
3.35932898284853
7.24729032054165
6.6838680134825
3.37063695779532
-4.29595601295986
-0.278786922065216
-0.593133179618573
-2.78513764911682
-3.35514121395794
-0.80224324356172
1.23661253721426
-0.0262053701812652
2.50960484431808
1.01795211073117
-3.8304678091537
2.98782907436935
-0.980948172814416
3.25403892438651
-0.701034846567594
-6.64708030055276
-3.08166225381101
-4.35935250763511
-3.85540910832582
-1.60994249105239
-1.16583637080668
3.50102412455854
-0.271420224314801
1.6634165057622
7.41815405452781
8.19716310530919
1.4490735412866
4.72065864891246
2.06260484282209
3.2141065397876
-6.06085670108844
-8.01864498424736
-8.85233638491177
-7.82722154253707
-8.72046587901829
-4.15779737038067
-2.43008171373535
-7.35670246091833
-1.98028621986994
1.23139959671271
0.468491755450261
9.87608077907276
9.12522189702528
2.1580300473493
3.43766686920371
1.09525206423911
-4.13458434956484
5.07357459393157
3.47934692645862
0.0351089304794527
-4.32749823093885
1.23325022830324
-2.9727764108597
0.743583481497276
1.25777724009788
-1.88415850674588
0.130253401267041
0.872642739357005
-2.34526054519121
-2.48367336815814
0.135831422576209
-4.53133959093283
-2.47303759380582
-4.99270586972239
1.10659804958768
-5.1974623855448
4.99671888315428
4.20741909250901
11.4831060249461
5.38766529987755
10.1775013033599
7.54506590902047
3.82747183899391
4.80677855799799
1.2923681207138
0.700940570291914
-3.33853456380073
-4.3686271647489
-11.361597051384
-8.45558773857274
-10.5341848195971
-1.28949405352882
-6.18530722584517
2.61572980272931
0.189102564329199
6.53631680876364
2.72771634642968
6.21551978361872
10.6001482564945
3.46988922593233
3.52784175215048
4.32074041347669
-9.23833891516555
-3.84610977902109
-0.710832723001643
-9.47459511600892
-6.18592286135256
-2.02300241363417
-5.37832923579483
-2.88889959205976
3.5465344204481
-0.531334863324915
-2.43814930879397
-1.6401797609925
2.73533138147705
0.0932642079272024
-7.88369388045158
0.755195831986692
-3.37784588377655
2.48325682211078
3.46619397861279
6.26844604122531
11.2458408857218
0.797266188329942
3.21616206462855
2.60512016420199
7.28188925391094
6.96160768048499
-0.146094518802779
0.693615726173584
-0.488010833306026
-3.24221300581838
-7.523024339699
-6.76994815654362
-6.99620806756822
-6.34947485514096
0.0759116600849987
-2.08140444946152
1.17567052636633
8.12551687415944
4.91269896622709
9.99776905474623
11.3701254808354
7.43414091612725
-3.40129894956144
7.71519957859518
-2.71163220736064
0.795616667933797
-3.55558923734655
-2.07658750505306
-3.53577769520815
-3.05989260970329
1.72028746717335
-2.69553428555158
0.84150339849989
-0.579621697735225
1.85709859384476
1.18191755609367
-1.91042952692806
1.06875455528014
-0.461441163258124
4.24632966752486
4.33944171812783
-5.50553871089448
-0.683780730463769
1.57194894741829
-2.34381017561863
4.18830466438329
2.27445473367677
0.263917597769241
4.10882699306654
6.83145019949555
5.45611228691718
2.35505931176059
-5.738857149143
-4.28752746917919
-9.18573160911802
-2.61527292114073
-10.1179036807285
-4.67251273974681
-6.55798539392901
-0.800360137776297
-2.69461441075916
3.44737466965724
12.3981696609515
10.8287443215455
9.55927232494504
10.0462696675473
8.11442772467972
0.268206805365645
1.54057142060655
-2.69008945159742
-7.03231821903544
-10.2870617953719
-4.48150344326907
-7.66086741605005
-6.95694301546917
-4.67267278504769
-3.64873270480893
0.736924658225494
-1.91562686732305
0.461474839932277
4.60739606043527
1.84399819599397
5.01488590481685
3.00478339138974
4.07306967477472
1.08441609740541
5.52762521595271
2.78258517302817
2.31870575023466
-6.38653564823472
2.25487864693875
3.09632910212913
4.49129239130987
2.79983138851124
0.817583295632063
4.29728862454715
-3.13822441240405
-2.2022187779864
-13.6749724660844
-5.03852971793454
-8.29744896682408
-8.13558088665781
-2.39333825849937
-8.87611525151689
-4.51732916440132
2.54278889466024
-0.797565226111611
10.0457686597584
5.19718383056925
11.141160071877
8.10259202947459
-1.54268842450328
1.41548448219375
3.88023817045235
-1.61708782808531
-7.45469649046791
-7.03114574233656
-7.20051482029463
-2.89555461800724
-5.35847005718649
-7.75889117136276
3.3047042025851
0.127952001094222
3.83658056507152
2.92418230792321
2.61372453350613
-1.39256752708728
3.78407760713727
0.797612273437315
1.98269781982916
1.47396371512299
3.25470785449209
3.70901681381459
0.845724600841408
-0.998723200400077
8.08700324158328
2.08953834573171
4.52212194689385
0.438666101012797
2.34919861434168
2.49098562655606
-4.63977879146744
0.055034238963763
-2.72235678193237
-5.99122729853507
-5.9500524091373
-5.4102751209071
-3.9273261919485
-4.4708100629613
0.761612423236978
5.08152990063735
11.4246966002443
8.75361237612298
7.42538157492444
5.85636044912408
4.63434198849879
9.16752149954602
-3.32894024462299
3.62141306931899
-1.63219715924462
-9.85242553184848
-11.5140233321222
-5.65776414693971
-10.4883525274516
-7.10674958115005
-7.24930741460165
2.14520544905221
5.07503309666328
0.615288452795423
7.54546023598702
8.28237364909017
1.50861308362224
4.6847913622022
5.31864366410422
-1.29264289848191
5.01905577413984
5.84086093075708
-0.811603457380899
0.279930002526264
-2.07306024912295
-0.916754068807727
-1.26544914239564
5.2684334206142
-1.88819668018173
1.36646845913708
-1.0661063439911
-4.62878019372902
0.254235392911611
-7.82190430839889
-4.85051644650575
-8.94251556810744
-2.03985230813473
-0.0769604250307783
-2.1037448109042
-2.15117388471879
5.15899834438018
8.53158677640022
7.46115972806363
7.98893907773709
8.8526343398915
15.0325070781839
8.62708930286414
5.23203954108632
1.97674166092054
-5.36930444318473
-4.64502933452831
-6.96938208518656
-7.11602130101048
-7.55777329184398
-2.28074457593727
1.92265260397562
-7.42016373642628
0.60535865579489
6.50922851381611
7.61949273852696
5.37389694454034
2.3614126161025
6.57612719717344
3.96662067855259
3.0334776747139
3.66373302854875
-3.87751324362333
2.8582069898306
-2.47690068307183
-4.3370299374245
-2.29488025222787
-1.9443513795189
-4.64036278685139
-4.82917583518194
-3.84150453237136
-9.42203862630375
1.5915752306474
-3.23552881554767
-1.83046900004113
-7.18595718629755
-4.01499074920248
-2.31132775000398
3.70035811131936
-0.594533711631603
3.28316998454008
5.99855251167324
9.87869936312027
-1.3701904285611
2.79111850906978
-3.54483816612432
3.58286452998324
5.87412177314018
4.04706565744284
5.57738703231103
-1.25978416983656
-1.493361843662
4.21682530137384
-0.397040243282495
-3.9472879205299
-3.20733970773527
-4.65813147417852
-3.12466824966823
-9.03354127920782
1.18485359688245
-3.73415081092779
-3.17740850559367
-6.04386915740203
-5.56006786807468
0.691426373481658
-2.80647247214001
-3.96864772788066
2.11411744348203
-0.299767369195114
1.64784064230928
4.72481556792931
-2.5422639017796
10.2499741653938
1.10125318285974
11.2049290847113
7.86581693878597
1.23224463504282
-0.317020067099491
-1.178595734871
7.94895858870574
5.91400806085645
9.21440298158635
8.67677912878847
2.9622959181
-0.84948391181392
-4.72593885127532
-2.88998653193607
-1.6408529624629
0.896029928851952
-2.4484783348874
-3.55277614875265
-6.20834312299126
-8.70190739200412
-2.87242681898714
-2.96527232891519
-2.20532402078343
-5.0754005279516
0.255279905866751
-1.59195012074118
-1.57624270078652
1.58964019146634
1.15060003380674
4.71089563353061
3.86435716978013
1.8212560499217
2.39672418620755
2.41329362816413
1.37305896487589
3.60728185724402
0.549143934043782
0.436000603059465
2.86212604598257
-2.6555957143893
-4.08075685230206
0.155488609385612
0.134535000133458
-3.21743383823473
-7.24468285363492
-10.0072602633567
-7.21730190103438
-2.26187291674852
-6.11768593858727
-2.01341198976505
-6.08656066517441
-2.16368344930366
-3.7680248103871
-3.14865932018025
-0.617844378298048
-4.27311504739519
3.78916847750866
-0.21787925237181
5.65597439595612
3.14144195751003
7.41606587112589
2.22601886697881
2.14769348155128
2.58647755482463
2.44727855220549
2.52676166367232
9.05496370604621
-0.917830098530444
2.35360868607389
-1.49724669220929
2.97456299752119
-4.90738833180008
-3.62191170064324
-3.27812257986189
-5.16266308707914
-1.94941642343986
-4.84876361390732
-5.15319262150125
-0.0581817899603352
-4.9570382654121
-5.89577977106648
-1.9893584909115
-0.46658491595825
3.19226843532494
-0.993527853433153
-1.44459946415137
1.82595993223294
1.25720823352527
3.92454246316908
4.22657239300589
3.70353295428982
6.48698099073226
5.33479195288669
11.3150317483064
3.63855918679658
-7.00458790343995
-3.33237511806468
-4.20370888612343
-10.0292039806281
-5.77985143200795
-4.68326193795627
-3.74058809160777
-4.01098590757856
-2.36200778233519
-3.72411529681941
-1.87463325743537
4.65690526068623
7.13164596846405
4.49635435468716
8.31465074887176
4.70447491313442
10.9149273524273
6.19605961161201
7.6402105532299
8.53029490310971
-1.13245649825425
1.4360422769808
-0.277416905398356
2.53003626209544
-0.49441162920633
4.30048256916554
2.39889134113789
-2.1515244338173
1.32791021413894
-0.858869776532684
-2.02402683430559
-0.724692586007082
4.35987773795683
0.839526735924711
5.95789900847304
-0.358396769433066
6.82324088914175
-5.34550802422183
0.588710639787369
1.80673036854708
-3.36210055768167
-7.01639184093697
-0.935734215288483
-2.07268086806717
-4.30676308001495
-8.06377636604748
-2.76624230567676
-5.44532987855962
-3.5086314197691
-2.43937883150363
-4.79789561809768
-0.686865327984961
-2.69862628308238
1.62740889976066
5.84798820588839
9.68651636616725
10.794863770488
5.26203027295566
7.65811759249754
5.84352397650133
2.72224894480106
0.44224502183363
5.00461101606208
0.678241777854518
3.1227433806208
2.14648893228998
0.701409816052524
-0.479712789925497
-6.72867692928214
-1.59139459706899
-6.09863699006287
-1.80453487955366
4.44096391823522
3.5011793600657
5.77394466571439
1.43901677467218
6.26752009647992
2.63212426493786
-2.64164612166678
-4.1328923054116
-8.65163858246496
-6.87647842633169
-12.8610096506149
-9.69009624165472
-2.35747460885271
0.446079298313313
0.755848033449519
-2.64237516917302
-0.914767568819269
-7.28416883077988
-0.48480458311404
-1.46931492581822
3.91323297236871
2.75431061323177
12.5251268917873
6.19743395144901
9.04722354352884
6.87338514932039
3.86726044431034
1.98972626265949
-6.40579491962519
-1.48964398508624
4.72681237352761
6.7637766248889
4.3159985536042
1.66644094535924
-0.75585104003922
-2.5882956575247
2.2621376952938
-2.53366731751167
-6.3160909825734
-3.49645029560507
3.92484962648786
-1.67269163911763
5.61664898826161
5.44103395892217
3.8019715448799
5.00375917851419
2.00157952735641
5.3164450063818
-1.54991972764947
-1.91858306568905
-2.36365970536231
-4.30904746592843
-4.52501514952363
-4.94836197099595
2.54769432851309
6.72442887829829
5.64019565585376
-0.354201645926932
1.54811604252648
0.821770554214277
-5.85300981310627
-3.17681937036582
-3.72688329000718
-3.83708908271889
-3.35457311353391
2.04193984052624
1.24826840249149
4.82566361090528
5.46977971640555
5.92725125852653
4.52859520949902
0.481888709219304
1.25974759592307
-0.681975944000975
-8.46609511140726
-8.52766238959067
-8.67614133882655
-3.72104475998187
-0.822542380319111
5.45401894059949
3.94812573232364
9.27222714280679
8.73445065026054
-0.488683346524605
-3.38324916566341
-10.1333324698492
-4.82380947793931
-7.84270897172856
-4.25554259456096
1.38596466766391
6.24267943408145
-0.331834354925833
7.4589963789646
8.75753525481712
0.109366047022008
7.38405902465174
-2.43256879984144
-5.19517441032588
-6.70179381253313
-2.80202533603493
-1.94565090261148
2.22139358468711
5.20800617387908
9.95210543835805
2.89427935118771
7.84691071152744
-3.19283968508272
-6.49420812338311
1.63801225416676
-4.85193148551297
-5.95441434064688
1.53367365779209
4.39579036748237
4.05435651400699
6.44443792088011
-1.72793295660311
1.50893876983733
4.85369243888148
7.47545699295837
-2.11886188966813
1.17813308892175
-14.254324142995
-4.09834664820656
-1.83343909508307
-3.80476918287679
-3.99477984024448
0.659102818124505
1.36440579075556
2.95584495636444
2.40102884016833
5.35986686311995
-2.49541686528566
-0.544616943275944
-6.9196414171439
-9.20836532326283
-4.18650619298689
2.4716272374737
1.45910620771038
2.18609609867451
1.36481802013404
6.39819226999339
-0.611022153762137
4.18768527865123
0.148364100473273
-7.64606551392272
-3.71557123766325
-9.75985049525494
3.97492419355088
-0.230559652799506
3.85888724156891
0.560011234953649
2.74130370132543
-0.0789272349297674
7.53684793482774
2.3821177032613
-6.31847949875136
-3.31364481695234
-10.9472034356839
4.69915590359101
-8.10316952298869
-1.68707785223541
1.02904290358531
1.03899998946585
7.02583732781511
7.2179358846004
4.91562583280508
3.82008537402431
-0.689646624360269
-3.44560921216243
-4.11648781677775
-3.539336806972
-6.45783416537959
0.813903880957756
0.606691479388669
6.16384231088733
8.03466574933487
2.72584884035189
0.94536665305539
0.171555317818135
4.84996137502152
-1.88065886909275
-11.9136491365752
3.2183180410428
-8.07534913801028
-1.37191690184318
4.42940227943074
-0.80361602440127
4.19674551163803
6.69296542976516
7.17958250177389
-0.162037878684649
-0.780125340351639
1.76006679923281
-2.02061396138455
-1.40827703389915
-6.28505595510955
-1.52334456618949
4.25977629245985
0.589580979966062
3.75711816636161
6.59371458343812
1.03322326260105
2.43949608593806
1.31027347423847
-5.00343183928507
-5.23959275364406
-6.66165184551731
-6.17897236233572
1.16151125447168
-6.01274687575939
-0.467376977749362
2.0799074192457
2.79123468585068
10.9994878698106
1.13572190058659
0.953413463861291
-5.55382088936528
-3.33261340759149
-7.52897848012553
-3.936941521245
-4.93848073308977
4.29240018618465
2.76486998007062
1.09571361023176
3.52675427780401
6.46792299722671
3.88345903896407
-1.81537070354405
-4.27462011076373
-1.68265598621984
-12.5137135160521
-2.86674416969358
-1.97947284255061
-2.98261193743558
2.12324304181428
0.668516367593568
1.82151008206367
6.87254351770781
-0.369921288889439
4.10351003752885
-4.44910929841363
-3.45704584980614
-1.95344839352875
-4.94701743898262
-4.62825624066813
3.83311398185629
5.01291220971844
1.86632546071604
3.94996996750806
11.743521995475
-0.417499516966852
-1.09551914043266
1.7672700884044
-8.39092178013768
-7.47259326189698
-6.28501597120986
-6.59467429327664
0.68833838060893
2.1412343483346
4.94937618990966
4.77407927521579
-0.4160325546274
8.76492350204215
2.69819819268427
-4.16302180292027
-6.61232414973924
-5.4416529680178
-0.425428968544452
-0.994519625313105
1.43663784012532
3.27603648088761
5.63378281997993
6.50755042908713
2.15041935882399
-1.73272936499864
-1.10502936817652
-3.06309308901459
-4.40738025015747
-4.42242685192979
-6.24778943713915
1.45163862162559
3.68990350076422
6.50772257191857
0.323312702312309
2.33165781823943
4.91871753321122
6.50416559801535
4.2869355931845
1.01622503964983
4.24160394849403
3.63258933643754
-2.38964221071955
-1.04064285074621
-4.67985126078555
-2.81104086582171
-4.07453746217119
1.69721687119667
-5.45971711086116
-1.54231843652194
-1.19452510220587
0.646175490707043
1.86270847548908
-3.85933755274765
-0.348106111488834
1.92510474531933
4.45948833181726
2.81746225239596
0.428072401758237
-5.23627431718778
0.305685340238124
-5.02202531596672
-10.0555691222402
-4.39436542407802
-6.88559718945362
-9.25881219062195
-2.47825884011137
-5.21516413286735
-5.18914577478887
2.12438648887081
-1.20431887790346
0.119116085579482
-4.23253170298568
0.925016025989068
-0.485580975624799
3.76487541159864
6.77866270316992
2.75168396394851
2.81745000509293
6.02445717381529
-1.85434768918934
2.18930597908389
0.0526563366309645
-1.29778492547655
0.0992140184553838
0.214299984665263
-2.70202823983177
-0.314269819816358
-3.47403358965373
-5.90849640583678
0.70330572912968
7.36222489463384
5.33588562263879
4.20061054279072
-4.14634804043714
0.410916635261437
0.558164330060506
3.72751701070506
0.920640586359309
5.79840035512459
-1.84601918242168
-0.649596150078771
-4.73182508296423
-2.37768967707162
-4.74245786421764
-3.11132406286767
-2.26673011959325
-4.19383590402134
-3.69023719257674
-3.1684393110737
-3.17584720139014
3.64695419208248
3.31738657888153
5.79132744596475
8.30036635455792
7.03926260223214
4.77456315666643
2.24896608125467
1.90762261422167
5.81485157756392
4.7553896313054
2.28897138793156
-2.01439848260509
-1.93188973099554
-9.29832394376323
-1.84065924472831
4.13544879507921
-3.47990338878824
-2.50517535816598
-2.23734110165581
-5.13995126189258
-3.9323523151915
3.39982529884505
-7.26842690442769
