"x"
12.2191869601245
12.8579234394667
6.71120940070425
4.88235236025385
0.741110536970271
0.452867947664597
-3.48312220129554
-6.31278237790308
-6.7292588203702
-9.52714032898415
-10.398187134096
-7.39268788301567
-6.90962973462485
-3.02141500939014
6.38060161467072
5.38099426639211
3.0501501373707
0.62723107753891
-1.48970152465731
-0.292274647328831
-0.946218337598082
3.1359403511462
2.8194389419322
-3.10005935837726
-6.54768845577567
-1.35383076688986
5.77929820133986
6.11617152248973
8.43332584784421
7.05384784139567
4.04169327962694
1.549014963543
6.59550519785743
1.13471712242447
-2.57205280855413
-4.48354503318356
-9.07245121049038
-12.8913573374345
-11.0497655518798
-6.325153172321
-0.910220428617204
-6.16336978579829
6.99033439024566
8.86166369059007
1.52109552476701
4.69084022080718
8.82028686118633
6.70758642800964
9.83410954356676
6.86489998055532
-0.238304098075127
-1.03037772561331
-1.08035813850732
-6.4762384123791
-3.05625960634238
-2.24912888883859
6.39442777027146
-4.62221948478122
-2.03927324521803
0.089743379241956
1.21478846922127
4.63696549291245
-1.16664237939371
5.53458889072476
4.31657360335123
-10.3549620882997
-5.12835460675324
-5.83023364984107
-10.3600039682041
0.623969908858856
1.49954577562064
-3.12191071289922
-1.0105627825494
1.81626135390518
13.3651601966327
14.0136089764459
11.4926949877067
6.93689956569147
0.799902578746857
5.13771231202624
-3.52713133943606
-5.68437874344914
-10.4302804098647
-7.12073592325884
-14.7529145825535
-4.35668613055837
-8.36886493547937
-5.97098140348475
-1.47675769218506
1.75520570647088
12.9096933441
10.0824191531727
5.43031048644648
2.10713447460435
-2.68541486835907
0.788623818100101
-0.773171249242874
3.72481731418626
-1.17632844011661
-3.06018907203181
-5.1828156473549
3.78563608446945
-2.61214234811298
4.03462688890397
7.85319879636571
14.0282360114865
7.03015566429494
-7.64198048649954
-1.51006273322156
-5.92892717647904
-1.86856595481868
-4.44589926246061
-4.97479770416623
-8.03007680581383
-7.81743425037077
-6.81674176403096
-7.82635442480692
3.77969032801511
5.17014789949161
10.4043658706516
8.81784995893839
3.10007135302256
7.73395123392741
5.36373273103386
8.12387885609628
-0.602199402633215
-2.62427353539304
-3.73979687119773
-11.0973280624112
-6.12956955573879
-6.27914933765834
-6.23182354858299
5.21282414613951
4.15245477010043
-1.45898909234105
4.60092714413239
4.67343419270143
3.37693067964682
3.9393033410177
5.27349058376839
8.12009607803214
-3.21737298551471
-0.951948182725905
-6.36455635874045
-5.16949584040846
-1.3774487316989
6.56714503861709
-0.525274958079736
4.59937272153724
1.80055527072232
-0.116295903803936
2.33917174648255
4.02194163083632
6.28026551021602
2.85725979217092
2.42871429734931
-14.8551895227168
-9.657863789327
-16.4183057671386
-5.33549321371973
-7.63763672940773
-4.08867442840195
-2.39489706641056
-0.433261398430755
1.49486751979544
8.90256020772514
8.47229558141302
9.94479732378741
9.74380974556797
5.34963379237441
-3.55197051528272
-3.68538507156311
-7.44849113580084
2.37671672411537
-5.61004404349305
-4.34435010055457
1.38335130666852
3.16165749031325
0.887666993593131
3.02228531943098
3.67739821615174
5.19302813661596
8.38869339726832
4.67863295584015
-1.46534698870951
-5.05011940476834
-10.0142876912917
-4.19708777935758
-3.24021772875073
-4.85769381630676
-1.19636105870701
5.89120780420414
4.19760991498827
-0.154402895604044
8.35857047939166
12.0199802885063
6.89437393527047
8.28549686975088
4.54136155570522
0.00688946711085925
-4.45385641128505
-6.32919121109715
-0.285433199074355
-13.3352017542088
-9.84660677088868
-12.6804454293009
-10.8894933919572
-4.27643385485661
2.19128821675987
10.8597143324815
9.91549911300842
8.16143320791659
8.60772326666222
5.30146538240803
-0.143557585932752
-4.68355850856545
-1.25745989980566
-0.929131063254525
-5.4821377842287
-3.66987782176579
-9.77628413166359
-2.60467255217315
-0.480056775056439
-4.40161145667362
-2.92769193918395
-2.2719806920205
-4.82787298833239
-0.0869088932591149
6.58402686783573
4.52173304197324
0.832308696609215
0.529610199159075
-7.81897136188738
-6.08782274733379
-5.62006018101529
0.486081238841974
-5.95539029913814
-4.08254903706476
2.27726352513388
4.0542359187425
4.84922851673139
5.14114940753085
2.97766536790106
2.4069085412851
0.741104782470815
-1.29010262464036
3.22572907821201
-5.19222808237389
-4.56500752809126
-5.75735251574701
-3.33295487790011
2.54993082261016
3.47466025691459
7.5202641455713
-0.542699406750653
-1.40849023241845
-2.53175749712646
-2.99449664961274
-2.34088478120297
-4.71727596710388
-5.81292255916252
-4.18839450772369
-1.14589597216479
1.49575203034441
2.92699143537233
2.28211523385105
2.27775621215296
2.70183725990413
0.00682123377898303
2.80903824669308
-6.01526872075786
-9.2267887328717
-4.56881001107839
-5.27538700937199
-2.26434172960513
5.96522312830176
5.53171283660824
8.13350815651737
3.22227956252774
2.80691522871708
2.18170185694422
-3.95364630728495
-0.714459000217259
-3.33925303303068
-3.18734346938914
-3.99447728891433
-0.328502228812518
-0.332402881114982
10.3926143672369
0.424877264627054
0.854652381012215
0.246836435555323
3.96495401928092
-6.31279507146754
-5.50646272157157
-7.70993682595348
-4.06867034548995
-0.595627797303705
1.19070322469408
3.42143562872744
4.77054667891435
3.30151821649835
4.88260554490867
1.0205370091359
1.33305857206261
-9.18060564822617
-1.78850292164625
-7.20933938280488
-3.30327613591657
1.18201165437671
-1.28146651606464
-0.487391227271297
3.43625604493244
5.38308923845315
6.84718501244694
2.17614755082165
-2.18376011069961
-1.6936553421422
-2.22284228954636
-7.98584772612201
1.1115681571182
0.279497907269647
1.46861178996876
4.21665733105143
7.7761754403276
4.54275551505675
1.89796250034896
10.181393524838
-2.54447551524752
-5.25990050489299
-5.16057034719703
-3.5354503136366
-1.18732000186685
-3.17939874072243
0.804369174992983
-1.19573167379779
6.70919955112393
8.96704885766376
4.95223284811471
3.45305799436341
4.24928626204711
-2.4204320236247
1.86893134436989
-7.38278569908808
-8.59938852531616
-4.7325139990335
0.0043051848055381
1.96746125805404
7.31404871789769
5.75659829256635
-3.07421609119116
4.89853961788366
-1.82466439489908
-2.24824509782036
-8.39556038920978
-2.23882680404036
-8.37408774916948
1.76212443989163
-3.41090551887995
-1.62655990635053
1.9812776680417
7.13312098200368
8.59360606441381
5.6790380571645
-0.0468428356400113
-0.570196978326242
-8.2616725554308
-5.56345334618443
-7.26279862163576
-1.40464829003417
-2.68362644420324
5.79212418167731
3.55504655139394
2.02210086862775
5.00858360685118
-0.737242474774047
-2.70209364808326
-0.633882471687258
-5.24891206060849
1.85226323885626
-6.50841272055399
2.82906751792171
-0.356334986897686
3.60653549603887
7.15193589802256
3.54616422092482
7.37186922777388
2.7520324763398
-2.47741780203546
-7.46530456319309
-9.6200654689751
-3.84831319179552
-6.63071784516368
5.50249774393474
2.52087395587952
1.87485681704354
5.7864523989157
4.51366639763843
1.053675371235
1.3554955295206
5.84083074604146
10.7509279349491
7.93364470217636
9.25205388513601
6.91728839349727
4.72483756898592
-5.28464418813087
-1.74911136434339
1.20406817370281
0.616345997626085
-0.271180551071406
3.11356510081526
2.5654093993456
0.6480218658155
-5.77364114824955
-2.69516065263195
-2.95174310155834
0.701027320024508
-0.483113503767154
5.57834192111065
-1.47640187908381
-2.08487927362372
-1.11476489679852
7.74808918808989
-6.03486153896559
-3.05145725801788
-4.96955381794721
-7.82240783344178
-5.56783391593697
-4.69320173872627
-5.23500603147915
-5.70598582520659
-5.59689647992774
-7.38279310642689
-0.233951269209077
-2.6485102091946
-1.86935492852159
2.67903675173113
4.46081238410078
5.35123280663724
8.12384644102598
10.5162898786005
12.8383255199275
2.1453327844529
0.887790886191167
0.62963336909467
-1.95043335466072
1.04179904206385
-1.25628956359148
1.35934454763433
-1.23884065127242
-0.632480666113737
1.42685643114986
-1.87974755929135
-5.96682654819336
-6.76451314757591
-3.81867101165061
4.35575199700853
2.38463060602705
7.51443489781891
8.2005802839404
1.53249775365786
-0.927858334192129
-3.54407209965611
-5.65172753683434
-5.08125999017481
-4.11941626523273
-8.35215727847936
-4.64488760092964
-5.55991793168485
-4.57791541597672
-6.66186550958196
-12.1666278882338
-5.35198744022758
-5.21350519116763
-0.102833978025008
0.974083345243025
7.41643523261183
4.11697797879081
7.76524259379435
10.9093783673574
4.75217932983461
5.66870001381081
8.5692158530299
2.84024457150594
4.52035437529999
3.74253984225565
1.85466069372142
-3.14111402525357
4.2920810597489
2.22680459681819
-3.16502851589014
-6.18008257062751
-1.90356330020746
-3.5198805030523
-3.71318181363949
-5.72380531447072
3.74442753620302
3.72840092792581
3.36999578586048
7.9952103332692
6.29459912832662
1.77242042486189
3.30338173578554
6.44165244801192
5.44160684794719
4.79791650481622
8.87129794465401
0.14440640327781
-2.5497383090846
3.64398436189413
-3.57181339426242
-4.34389071455232
-3.11218528165807
-0.72971988242519
4.29085645457837
0.890709090861312
3.45670021673697
5.79517407093988
-5.03469258508329
-3.19424729359207
1.21696623712184
-5.31262485984239
-5.77157863889627
-3.35368672085881
-4.00600065557347
0.888117599183556
0.178169527191241
6.8257496947757
9.4764662561087
5.77976541097691
3.05161954740948
-4.9993921914133
4.83174736147048
-2.21314465507506
-2.0515605300239
0.981153015748917
-6.05380986659966
-2.64351763480088
3.00088900442169
-1.01454167545453
4.99185063007941
5.485543883141
2.65799360400741
-5.5947140322038
-8.79092082847568
-6.81343757956699
-7.25451397383353
0.220292351850817
-3.42817373449382
3.44531763364667
0.617188921333724
8.70106465720069
10.3544110857816
3.88913552301334
4.99482208207925
-0.188739554613404
-6.33516853876409
-1.09213446128775
-4.40616803391563
1.05726707872549
-8.23476483947915
-5.40681510007169
5.50812836750905
2.41604031587078
4.10187467597421
4.79446805802215
2.23296641793189
2.14501570303145
-5.94995954141935
-3.98320140275173
-1.47666526667733
-2.75022226406396
-2.58809600819603
-0.237529854452451
-0.129902048166537
6.42172098708389
3.73571157712815
2.36693281967763
7.53480035899331
-0.23265063602841
-3.4889558257637
-5.40639310127005
-4.3662574239745
-4.66908357303311
2.4556225971918
-1.71069395305159
-1.95708734389282
2.59610706772075
7.6303406513445
7.42940167696166
-1.13621544584211
0.23887413835438
-2.39583239554402
-5.80948326312284
-2.10308861403169
-1.62707197953156
3.92621508261464
-0.148502979615479
2.35558457495237
5.09531917274481
3.07782798335865
7.01507587748266
3.99263177188666
-2.81596487660169
-3.03211832853242
-0.818003411845352
-7.46498816345184
-6.455405209952
-2.22581343103436
2.03881522919217
4.70852142064185
6.86677009523989
7.49975590869941
3.52794579608017
-0.790608711036684
-3.38240503603599
-2.80375114989974
-8.35898020414114
-4.63210375023487
-3.43054851262841
1.44322722887868
-1.12686386626895
1.97677775787138
4.46228674745904
2.32736679391599
2.03391031913717
0.861567328530961
-5.17408061336737
-3.73010284533919
-4.29105547923469
-5.77092609660269
-7.89310269668077
1.86232916569984
2.32348644936894
2.57365628090639
1.46018108494814
4.89425360046402
5.34564465063151
8.07493787370536
2.22704115297767
15.8891253409773
6.67027045275628
8.96939748481353
7.01733714965066
1.65473583354436
-0.69621692637569
-1.05304453571192
-1.87919796383849
-2.93135702837017
4.08880604537395
-2.1432899179706
-0.359059516215746
-1.87595898868381
-6.43183175965584
-0.0566224080059481
-0.440574480610639
-2.98152339711895
-2.86567232828883
0.896274639667379
1.35534014905441
5.41967813647819
-1.18742641414545
2.00129791832087
2.03009712286724
-5.57027984380055
-6.56441910530795
-1.61863938939039
-8.07857804636748
0.723057403674082
-4.5508895246341
-11.2121956509003
-8.47473974902393
-11.3288208189805
-7.82384321353603
2.66719858129465
1.7221662826412
4.58725778576671
6.11001191664086
3.86158303303404
4.2532268259589
9.36886211740194
10.7256537269912
4.52180115605585
6.11565053245832
1.69586198304543
1.60985689712544
-0.342963508994795
4.11553770119273
2.02314113037976
6.36650964527314
-4.56622630784749
-3.54371378752567
-2.0379228651978
0.76255276631306
-4.28741808873079
1.36442826612687
0.803596286450046
4.26458872221899
3.92968210771879
3.74102573520113
1.82526845826912
1.03146283846129
-1.26643563925208
-4.03053762543303
-5.52833445931075
-3.02841382222582
-8.69349324206818
-3.15203324415
-8.88336423596328
-9.74543517062848
-0.777041793672892
-1.74305147642109
-3.14261061256923
-8.20547853849013
-6.47114770471365
-3.02208472742619
3.84404311845729
5.25005396172996
7.86864456836111
11.4572069458094
7.98439505184328
2.19635674840036
3.60604962190272
5.18082609194037
2.31937220811378
-4.4406489468767
2.00112065775147
0.192180605275268
0.417755804421836
2.92045770010274
1.80570683013413
0.301055902864292
-1.5365160723711
-2.61694776492789
-3.25051537469537
-3.43429519020134
-1.66021377111891
1.20503998618026
3.84998386353025
-0.538826524236879
5.87902180131606
-4.59993165795846
2.10135820377757
-0.957938866502153
-7.6797213852612
-6.11089538744151
-8.09819326743636
-3.97698751819011
-5.94996924881625
-9.00061980280938
-2.07194319257303
0.484291945699054
-0.128068735866615
-6.62688895457159
-5.71872560311943
4.33164247557251
0.0616064422367644
7.76204525149896
6.74736501531417
8.86564199203069
8.87515465232432
10.9509607008638
1.47418807842214
1.81029929428193
2.98160290317407
3.64437412450842
-2.01614632832098
1.79044133977325
2.47895682344017
3.76673059774827
-3.43250449769899
-2.17696611199145
2.17116540309598
-1.80263619943655
-3.08572431249547
-9.47039393429618
-2.3653990985827
-0.597169465627802
2.61942706544234
9.97683581939473
1.9126291516443
3.19116149782862
-1.73954990041145
-8.16036530868701
-3.23409511246284
-5.59983235380292
-8.21149344443806
-3.85000841291246
-12.6858671196234
-5.02121637935518
-6.30025457977973
-8.81461549325931
-3.92989296966295
-4.11433722950038
0.47644378599462
-6.22121642103217
2.94946813582073
4.72313444039062
5.57561101157207
10.1444358851811
4.81814238915763
7.40296980272515
6.2536446263988
5.59829009901537
6.62243603276517
1.56476333024679
-0.24730271400863
2.85259324487098
2.74512830053322
5.21400755913457
-1.35010627633779
-5.79895997321725
7.72738526433503
-0.972000727218292
3.11747277109068
0.0682132591487843
2.44653422695717
3.43723152941948
4.20989085068533
-1.17721819568938
9.11734662474309
3.01281038725534
0.680529067541291
-1.94519328508515
-5.06040238110626
-6.51962909152148
-5.80584308800439
-4.77234851732395
-0.900203790183852
-4.51949283362266
-9.2504081071402
-2.0663312310923
-4.34514216210151
-4.62743002306811
-6.00328632252809
-2.59588891886324
0.377046348898998
3.09098431421125
5.01091997851805
12.316302299065
8.41475291334928
9.36505294420242
0.442853409948681
9.12075967014819
3.05158678911482
-2.7928603293176
-1.30715558306305
-6.41455637840758
-1.00067242646136
0.174811889252891
3.51678093439669
-0.895594676252612
-3.37222184658465
-7.08938408127072
0.132782514872716
1.99024675878354
2.33336433727442
-0.971815542698481
5.10359175487163
2.89981573330363
3.87391087031356
2.59179689015984
-4.05660556273955
-6.01814892820438
-3.07205274928106
-3.31892104818611
-6.02325742980303
-1.3112307348751
-7.95312086452476
-6.40795203777233
-3.90025353244489
-4.89886973140964
-7.44730284616533
-5.6499828397167
-1.38289563930304
1.58743936640254
1.26227598903987
0.891829127321952
9.43881707441733
5.44425621807323
10.260371309985
7.00189574926076
4.67070577389359
-1.56988615178424
1.95314769056952
-3.63933278918593
4.71730441454894
3.7765161679675
1.13806659771659
3.93268723856614
-3.78512460973483
-1.33239483006008
-2.70795441670684
-1.9738873384394
-0.512575000215408
-3.83139924468642
3.60961801223206
2.304730888087
0.538301617901999
6.75436401791819
0.464256311990316
4.81064330891161
-1.39973345692195
-3.64785114196563
-7.86033402585657
-6.1801463038258
-11.5073645701985
-6.2404242833045
-2.28182878407264
-4.19349538208837
-9.03961650352631
-0.761492969494995
-12.6174789954651
-5.90137412079022
-1.23063443717078
0.147168899546137
-2.48938989276766
8.14663922691135
5.60977005525897
10.6305264841757
11.4230682401409
4.79640365451638
3.97787672976897
1.463272725207
7.00755212091206
-2.11931073714018
0.31491082616467
1.57127825503125
-5.19694575443601
1.7477160227335
-0.233043747377012
-7.50140264993668
0.341290333167144
-6.90719090603353
-5.05160820879166
-3.36992317671672
-0.306613247144262
-1.5365823545706
5.02144289721926
5.54453342588285
0.932233398181809
4.42091179807007
-0.351827328874965
-0.804655763413039
-2.53276909706628
-5.52496449425166
-4.52806255609826
-5.46768715084493
-4.36797710730959
-0.450329486004303
-0.558012804092878
-2.1408464157451
-3.70356716365879
-1.92403169646848
-1.23617655466355
1.08995237602429
0.352550758390552
7.88585159892717
11.4887500485931
12.7242153404156
13.5065433346717
3.69990802507144
8.24988317069035
4.7905280464753
5.43591121528901
5.42100674322831
4.7578202992931
-3.18566424639358
-2.68588305618532
0.517428450021887
2.78125091820412
-12.4025927596532
-1.49355546074346
-0.605295741503849
-4.24798927996817
4.04774267427389
-4.1532278140042
6.03865177730693
5.7674503914622
-1.27576947346929
1.42702452329238
5.39494477022927
-3.77392889559267
-4.61804281923762
-5.9127818334442
-7.06594569315354
-7.86782398339154
-3.45158784918555
-2.10567267740365
-6.85022597558218
-4.07306284753435
-8.26086628125743
0.972781448739389
-3.79074289564702
-3.88847402632782
6.23442550546284
5.8287687487502
1.69474608390575
5.63912629588236
