"x"
8.43373840212537
0.149198740549954
1.5836621836904
6.87565543845556
2.2233269889139
6.67536174615071
2.84337034543712
2.84554158080648
-1.99069519642337
-5.73723492610564
-3.2977340392261
-6.61900888341663
-0.420683899594897
-4.90534693002239
-6.87416667284636
-3.10666578120166
-0.332365694857724
-1.87448080022059
0.524694742970855
-0.933141940399422
-3.88441569388745
-3.51394286369824
-1.86518650611618
-0.502474129246228
3.21638808530386
-0.0413839516945944
3.45262933627747
0.442966650679201
3.19823931155302
-0.031410343302297
3.37339789040462
5.95665887116155
5.22267588581688
5.30962730141188
6.27103444315439
0.943893406779246
5.23033220118991
3.74887032932139
-0.638123762885233
-4.90242700874016
-1.22169558633948
2.26771475767318
-6.37732431385246
-2.76415831378389
-1.43273057354346
2.64229614185269
-0.314050269227261
-0.706018643758561
-10.1525040100745
-5.39448414906887
-2.11052387275215
-1.94749170532856
-1.81938297225716
-0.431455414009258
-1.08443102079864
1.36199723466216
3.02010386023182
5.08209513362583
2.3197679058529
7.37737314305998
0.0817035635318479
0.279236174010137
3.36970714392459
3.22806381152005
2.29425044608446
2.44198991084949
3.56530680064615
3.41572078831199
-0.508599148275
-0.916188683602822
-0.729594368588297
0.372504142826751
1.01264814776508
-2.40400216541931
-5.20309057723423
-8.49278180873938
-0.121860242553283
-6.53658002495479
-2.87725186357103
-1.60417043652494
-9.04151586708
0.245429725248059
-5.75054493434739
-4.55720926449344
2.85334277819754
1.77986142002588
4.3277993763305
6.5141746301968
11.7580499415549
2.45689577967787
1.17709792237636
1.48391665869601
3.54542546907251
7.63626710070794
3.2068982068656
-5.27167844790187
3.43257674502994
-3.16373893942507
1.36864529463927
-6.12579768005722
3.1093090190846
3.26986895269817
-1.96914414277886
-1.54848352631112
-0.94960844105848
-5.77113557339831
-1.55965478258671
-2.1956964960053
-0.343942423816157
-2.82069180455115
-5.72856838261716
-1.89557364765325
3.23538638185985
5.91933944544695
-2.64657814331359
1.86683101944282
2.36452762003726
4.61928186705049
3.35243253709621
2.49651906627661
-0.182599400141829
3.21803442712086
6.68337640182422
7.24219863100235
0.154011433038084
3.69586647775475
3.53419911290273
6.33363422373903
-1.15547737382176
0.619906547275988
-0.421740387845385
-3.41838098613986
-1.78548256941868
-3.18123673066821
-9.59358954904974
-4.32178946371358
-5.27052095361621
-7.77828648689253
-7.60234688975931
-3.80283289057206
-3.07782320088873
0.959702521463801
-0.347625231488632
-4.57951114894244
0.559180508732434
0.515104057902963
5.89344122543929
-1.91606381037197
2.65852180127107
-0.161585876771385
7.06456189247655
3.45815569867241
10.2816665763143
0.038163734488716
7.83339060003895
-2.25633592584505
-0.0590018594778563
-0.549547483298443
2.72021510350628
-1.84786870416987
-2.50206750629287
-5.23790539296279
-4.64300995558713
-0.419055356830196
-6.83767669970079
-5.07637382668158
-4.576570232359
-2.04827209054955
-6.53603793844063
-5.01913092157846
-4.47724656063944
0.4706577292417
-1.81276431962924
4.70928793426284
5.5812390994057
6.75659776925371
-0.182075980749927
3.35860060770812
0.2707939801127
8.68812426447569
1.5931306040811
5.22328756686344
1.02643898909583
4.33237038713798
4.63324051920926
-1.80211759438647
3.45139798169677
-4.95182369458489
5.56280456551611
0.144496643580094
-6.30516606946056
-1.19442538034341
-2.39798533095217
-3.63354377636495
-2.82735405817959
-3.32058356760895
-7.23230052135728
-4.37778543030859
-2.271909048956
-2.59137540373045
-3.38970986437349
1.22078135666711
2.48644845611659
1.13996282189236
0.234004616663074
2.72546659509826
3.17695445706921
5.38177539393403
5.81243981941952
-3.07224860106172
2.82002571864884
4.92702588487008
4.57801164044399
8.50180834380864
0.170142237601477
4.66179536072368
-1.56663784444192
1.02453327734551
2.72378265482026
5.02037172847044
0.070320993904184
-0.904953716592172
-9.367375406695
-2.1770024903062
-9.23154421062277
-2.07368267000556
-8.42832615311486
-2.45820907116264
-5.66210546064591
-2.35903329417749
-3.99362796790948
-7.99429661920396
-3.24568963321246
-3.11464830955331
6.00873106534407
1.76596003464758
0.174158232555544
1.07340817088882
1.43894310521671
1.45421701461117
4.41756569677161
0.472429994418358
5.50444738521801
1.64445313284495
-4.24610892970241
0.812616719277209
-5.86803531688248
-5.63330537260432
-10.0333512988641
-3.70744874178615
-6.08907333277387
3.34299846411125
2.07214275893152
-1.87967720197316
2.11268574370715
0.206168617108941
4.44276098783697
10.162171384581
4.62127815863242
3.82242544177705
-0.862224014055996
-3.98657999201952
0.0181979413640398
-3.14298319626909
1.25044406418521
0.95964320778892
8.92676694288048
5.44791575002359
3.21964245536033
5.44476900232962
3.63266046971776
8.94489518262133
6.43852128855996
4.04098285104778
-3.01841433719862
-6.43415366610861
-10.8029203969535
-8.6310432891169
-15.9677677939086
-2.84454168033203
-6.82428499725276
-1.28148615114845
0.523686484200216
2.94870476756412
7.63687662690053
9.47972050470156
14.9069750408148
11.8237492338438
12.96786007221
-2.1575093538352
-1.53834133547062
-5.12115765541136
-3.46066324397182
-1.93480541995996
-1.31135653672191
1.42858812627793
-5.10098923088014
-1.0217659688301
0.740335646057569
4.69575164987456
5.91670857580855
3.87629121603217
2.50399139278215
0.937718857720821
-1.55477420011215
-9.0277714673427
-5.27821662235001
1.20137264360275
-2.37904895132549
-8.43795423596502
-1.83352910708104
3.65021466199537
9.25672016793338
6.83695933038208
6.75541837732511
9.57786145876941
6.54838385368907
1.7913202632152
3.42047150611828
-2.99824522129206
-4.16210805951451
-9.75368937740926
-8.45273675404054
-9.90972371741505
-12.5556978401809
-9.89890067690893
-4.22538275174666
0.253356818046824
1.2192305312047
-0.0280745158364217
4.32201969569585
6.61809479301824
2.77809039944444
7.59155641928839
-0.759660839261364
-2.18173476879121
-0.304783819402906
1.10685541675112
-1.52022790182136
-10.1319755571048
0.838172867641339
1.03910137479531
13.3467486786856
6.53804540454621
5.54242224403483
2.56840864400412
-0.488810089538794
-1.3274578241579
-2.3233845400417
0.56302706115455
-4.52595590413726
-9.86731534589416
-9.17032605671105
-12.7304790888489
-15.1277850705362
-3.60549878604332
3.36747540162719
5.63126127253465
5.75845700722239
5.28930408005377
3.04510157186748
6.23599230103447
1.7069954511237
5.39004045958748
0.741579168143663
0.585104711176459
6.11800602628152
0.0385506437767618
0.10690255709661
1.71646019590583
-9.27339783446007
-0.642886684944784
-8.24451019672291
-6.55800690197453
-4.08734392606669
-1.71865118720561
-1.26248606110544
6.49019530546311
6.36862411311954
5.47394428525474
5.06274209444463
4.43406620028142
1.27940872667581
-3.69260589433684
-8.40475608323457
-3.63155816666242
-11.8126305165994
-9.77221861815434
-10.5614903034733
-5.72061784354414
-6.09666067231771
-2.14658408472331
-4.86369329906108
-6.74514638349989
-6.88843725577942
-5.39337276981597
-3.65814403202992
3.01420160038029
1.73976396543554
9.71592282644775
14.0036728549742
6.04972483208262
4.72757447087601
5.634300345436
1.56355851475939
3.9062639120839
0.722523836649116
-1.72905663328262
1.85563198194123
-2.62451063720367
3.85855013895168
0.120353963716167
-2.93488729010987
3.60827344778229
-3.85455080556264
-2.29311609224448
-0.943995540358847
-1.35905179092188
2.90087824513663
3.78296199362018
7.94487942554966
2.56803759564957
8.03503629808894
0.110223703084304
-6.4588504135356
0.324945691949321
-7.65264939032509
-7.63665684669956
-1.35380744165323
-10.6119474621459
-5.62350527989161
-7.73799772843932
-3.00899520995238
-6.17130827337362
0.889116081527889
-6.10555263035079
-0.681822934539512
5.2235365442458
2.6135805783641
11.0880356228411
6.02836721127193
10.1398499606976
7.73140451024405
6.74203175788747
6.14028606689085
-2.26101712179177
-1.9346149440262
1.35518235188747
1.51384822830911
-2.53112876324085
-0.988943547534423
-2.11078650591834
-6.807305286466
-4.74386316810862
-4.59875439897657
-2.54623916449288
3.61453368326863
0.148026030051001
2.1825138382851
6.33858886337368
2.92484664063297
1.67208115004816
-3.79090003779957
4.92744691547105
-2.74222927244283
-1.86651804766017
-2.52311987595612
-5.67908033294762
-6.95873481210883
-2.03426658668404
-7.48032990001301
-2.39657262408481
1.65578178941682
-2.36031550989193
-6.76322038647762
-0.202327109848912
0.598874402379952
1.60301051506941
6.94816713549442
7.19034338909776
10.5463251283356
3.90269642470455
7.88823092207645
2.54035020281478
9.13039577867966
1.02149902489028
5.65426369245487
-0.412163390769412
6.28667739392233
6.10802569086865
0.299844207999176
0.871306267005393
-4.9981472310934
-0.208357187917101
-5.27010786756202
-0.852627170061966
-2.90622336207312
1.67746699687696
0.0939685215000119
-1.25210794107864
8.49456488154919
-2.36797999221564
0.941639470046423
-1.91048179163099
-6.705381742645
-4.33069325165708
-6.62455303986136
-11.2733492429445
-6.16962493375891
-1.09738714180197
-5.16850736069732
-4.61700405402649
-4.57027616568061
-8.27551603479364
-6.32211275924298
1.09302800670786
-6.68873677444692
1.65724671499608
4.8029034114707
3.30487061130587
10.4456130874812
4.2031864645676
7.83578763487538
9.84525344955544
2.27359099245773
5.50170955561422
2.94781583364246
0.322414996346349
-1.53723664144909
-2.2395722950878
-0.742270013135869
-6.98951243292992
-0.345306193863458
1.40834669960996
-3.84947832314361
-2.32521807811872
-1.64714603836645
-4.43860485970959
-0.695041296167857
1.18061350275173
0.572689921290607
1.38529180600932
-1.12879257312346
-1.79530007270558
-2.21638289457055
-7.11957392278463
-3.60667389213376
-6.71543287989373
-3.77061079021367
0.570888564485767
-6.03947277158916
-3.8381995087217
-10.5776045055662
-8.40896943965888
-1.66899742013493
-7.5775191960108
-0.307014864304188
2.44155096849822
7.06980366180225
5.18916644280364
7.27810588195599
8.63738579534466
9.28573031703958
8.0244789235812
0.00814867127665764
4.01833007916521
1.10222260074785
1.36996422475806
-2.36595897270162
-0.234337760155599
7.54484124208277
-2.54921507961666
-1.22842693130645
-2.4242314678484
-7.83088907019333
-5.66621207763565
-8.17166435439711
0.892751380067347
1.38880577753626
0.322469457931609
6.88919282724212
3.18394280701751
4.22523024040623
-4.06140795219886
-6.36979459414114
-1.49080394622177
-2.63506697566173
-4.49323002215719
0.697098419444051
-5.54326083721862
-5.07585734091924
-6.92704832387269
-5.37343124577866
-4.65449056576138
-5.60928242946389
-4.45861669348018
-2.43352798410182
1.95430348427998
7.12922383952561
6.41250472280525
7.60227985139793
10.5214509932893
6.09369296001608
5.80650267473696
2.51519613233187
-0.905463200450303
2.92704459146752
-0.07981329427526
-1.68710611670879
1.80620542110952
2.95644879210529
-4.25446438412293
0.713473996674223
-2.9251099796097
-6.08492681317169
0.161303759810318
-1.64292083689643
1.22532659201274
-3.32145115457704
3.44272317028551
3.39876779817371
1.98231994223787
6.22727962149767
-0.484138800032419
-1.96696797776129
-1.03493433503421
-6.71813489715184
-1.52008939010901
-7.26156626612887
2.98490165075498
-4.05982326703012
-1.72016857674978
-7.84608848505239
-6.54117948893364
-5.62094706048425
-3.97713887119846
-1.81085900469258
2.31734199531248
4.4279021217942
9.78971525502921
10.6500199409527
3.26909619982568
3.25311599457796
0.0350594237745767
0.0695807612281607
3.59973687802533
8.09389112080819
-5.30609507138951
5.80995972897998
5.28031666838051
-2.87090753903715
3.89791985453586
-0.345529529990346
-5.10163889695417
-0.695310476709684
-4.38973856174472
-4.46892986907152
1.17882135711304
-1.20061185834118
2.74737516308338
8.29464751596302
3.53005520066674
4.21013709182596
-8.82167044618143
-4.00462749781139
-4.36560670062507
-5.41161381280496
-10.7537346674871
-7.02960117826805
-6.36964997775141
-8.61414813148036
-5.95719828267483
-9.99785067932151
-9.35580538407002
-9.77416999008963
-4.60557118565684
0.805822167065273
6.45045458873401
9.62656106735218
6.2488905765378
15.1608047026019
6.6985818577138
9.03070605795367
5.21525926892149
5.54263468095313
5.90418381566025
-0.412526312760644
3.82681221262984
4.86013297067502
3.92192864146201
-2.3030063911485
1.94494565418139
-0.424214891039156
-5.57920541178584
-0.748097609647306
-5.7662874503212
1.6728178057659
0.0916284847962261
1.49684352108058
6.4101920918885
2.94139716926157
2.25371852621476
-2.86796926661372
-2.94295269768061
-0.38780856638451
-3.83710961327625
-6.79573594581947
-9.14232133389779
-7.24405414385016
-7.25049848479847
-2.16348528262453
-5.72508728033868
-1.89900254447964
-5.86401225912629
-6.53388832579323
0.505345419096163
-1.67070650516479
6.60346983454752
4.3561816780865
11.7212386387564
6.11177044167551
4.1794406348376
11.5734027619919
9.18526079088141
7.96768022754205
3.2893558595017
1.76971136635093
-0.816425972924943
0.595785980213513
0.384311143973144
3.00380373007249
-5.02816486742937
-2.78263420245981
-5.9622076558458
3.77849853977584
-6.25475351507158
2.03950613499172
6.52583115636754
2.04770975945989
10.9234199249097
8.24841534553432
3.29362884119737
6.49215630266693
6.09539592021417
-1.65407739576466
-0.715591118316276
8.30472497191461
1.23081898299401
-2.31864346218493
-2.0056592891239
0.315252105820966
-1.93309593268464
-5.72452321770857
-4.53618398459442
-7.93836639805236
-4.71767602362864
-6.0664461773819
4.79404194361304
-2.88217453047587
-1.60180790148827
6.33105451121331
1.71608502958837
5.08518265302785
1.53154423584997
0.827555263002143
2.18157482531668
4.09457075088542
-1.84068143515065
-0.0949071776707889
-1.72624786752882
-0.463919281427483
1.47860958045904
-1.72034795745542
0.624336020168301
2.81349449093495
-1.47127992129107
-0.447313557029857
-0.21350511818062
4.14377462660304
4.26607343497243
4.97243605248241
3.35571636599012
3.76895711103702
2.82546563665262
4.09036950004811
-0.807698797108694
0.439584500990683
-2.38359505295719
-4.006091805949
-4.75870638515569
-3.41913950528895
-4.36390680710724
-12.0744252687584
-5.74487821851784
-7.17737886727217
-7.98461813204702
-0.341096322108859
-5.30183263302615
4.77361249334366
3.44115981297395
2.64607958927563
5.35850394937544
8.77430646484478
9.23645145373007
1.41079268226536
2.01878834340041
6.63754808147643
-3.08518381475245
-4.28500655913532
1.0872543630688
-4.49896650463086
-5.98615729775142
2.85160149141108
2.75234213187094
3.80850768398357
0.487405849654185
-0.678153517287067
1.61701019576745
-1.05485989091597
-0.0874190842223526
1.59349411464045
3.70930875261781
-1.39220977780035
3.35525716632523
0.169988511209864
3.5960199890486
1.27461461917006
-9.77138693047994
-4.8614507677291
-3.31456219358697
-5.72882175710622
-1.27169277257402
-2.33297820749826
-3.18774644508843
-6.12455144359273
-3.63235006178476
3.17691898902654
2.30794976414054
8.24254751459886
3.44814056375947
6.3447084818074
8.59533649727616
11.8964170125608
7.41438449055829
2.09241023998991
2.24269606083198
8.00810553093082
3.17216559625072
1.80509325233632
1.18334082877508
-3.29488047620559
-0.719031783884786
-5.01558758940719
0.287178282239202
2.16161190160252
-2.76301600323671
-4.68584896695576
10.2583828117069
-7.25182210573407
0.200341919793799
7.03520566935642
5.10415358824496
8.26821296647744
6.36894661277164
-5.20455094151865
-0.543219686261414
1.63718142805494
3.45649816688795
-4.16325694298938
-7.1783788520024
-4.9238919855543
-0.34244630439327
1.12339453498703
-1.20752052299838
1.4546435966115
2.79421773337134
7.87347352177022
3.35920357694143
1.40622423426941
8.40364678589691
-11.233625250649
-1.43715372722316
5.10793430962537
-0.587456534280627
4.36871697343593
0.971408185392514
10.7786849366336
10.2972956336344
4.40734474450614
4.91608876523492
0.575102510349939
-0.445128829579684
-6.24399500735134
-7.97457100448821
2.05534404951629
0.663926839894876
-1.91758007320461
-1.30478635085384
-3.26118085036589
-7.71903189506567
-4.4288225819219
7.87845699223631
3.3750158600692
-0.228553126802204
-4.87367720972079
-11.2647681369197
-14.621477435408
-13.0971376549812
-6.24458263203749
-4.63472829061159
-4.48910847889148
6.46323855834387
0.449190960544524
5.62643392505839
8.58465962072914
6.43310750429184
10.5560403741072
7.03228476917848
3.68592779549865
-0.174049042367885
-6.29807392972785
-4.90113638873482
-8.16942968928399
-3.4613418943686
-4.84955032999339
-10.5803088725326
-3.43891479775872
-8.74120896827548
-4.3611762561399
2.84714971837438
5.31063177908814
7.88017522382883
6.78265460672039
1.93425505035884
8.78849009944882
-1.22364794158427
2.05957313545036
-0.160334777378462
3.11091685326758
-5.67744331495482
-5.7161674622352
-0.116805507138878
0.929045258211998
1.2879936279388
8.90358158086081
8.10960965187568
2.40989445557722
6.76435493706937
-0.956770572342997
-2.56153597152707
-6.28110875112072
-5.82229404055323
-4.72171637050824
-13.8704519464351
-3.66278551900586
-6.76247308713015
-2.65089763340974
3.69354295350495
8.33301045139
6.98302934051771
7.55825395129158
6.77212243183898
5.29603659277195
5.48003194651874
1.57863201440161
8.26130599430475
1.11386277168651
-3.66922198143219
-9.25123936072122
-10.6051529569573
-7.19091790968378
0.0737253075091662
-0.692357554187137
6.25114625579932
4.59800926168491
0.714902422651362
3.90746131308594
1.94429350164515
5.28415937926494
-0.572421183855545
-5.86205498433971
-3.69707260552139
-5.89949330789196
-13.0501073721578
0.164851290331447
-0.149515974726536
7.58412810718998
2.65065158070815
8.09557732884947
3.68649640686184
3.70433040326897
6.99574079317197
7.22579070499031
-2.51576776393873
-1.14758178543878
-3.39337036104447
-11.5062981870946
-12.8139446573122
-6.69453650690235
-7.32688420767419
