"x"
11.9506454167033
10.3349341223482
7.0663065123496
4.0011901638301
2.14118015595084
1.08294905947396
-0.403696723127417
-3.14977797225632
-6.68470718494014
-9.38071625712956
-9.56717519534713
-6.79037134037849
-2.26544881700873
1.84270450455649
3.80502208118212
3.38124863023836
1.79138511517968
0.663005128181746
0.768820500791634
1.50894382974768
1.5131628184817
-0.120459041929802
-2.92361980098685
-5.21476441168312
-5.23499195493911
-2.43388393353065
2.05328583480565
6.10512453745359
7.98964549091037
7.41862557729104
5.5315299471483
3.86397723239914
3.1109740087962
2.63426207596031
1.0839622264756
-2.35338797558998
-7.0558812321792
-11.1389994089319
-12.618065795851
-10.7273826697793
-6.4321456635183
-1.75914109330588
1.55823519972899
3.12735548563196
3.88856835054805
5.10644416299591
7.16714147529342
9.12620405923415
9.37086083420707
6.90273381360593
2.26021552051896
-2.64557886346761
-5.70038188792797
-5.92745622811725
-4.03181407568838
-1.76867909024248
-0.625691887377549
-0.80637690417755
-1.25789710339084
-0.68630590887362
1.24802804437134
3.49704914452934
4.31377713112262
2.56395044468082
-1.32558159545687
-5.51248239334333
-7.90079166654217
-7.48566582158156
-4.91222617767929
-1.86602540378447
0.219965477965664
1.15948448398516
1.96995086831847
3.85255101838951
7.0043036588601
10.2036176902638
11.5265411215896
9.68986702417023
5.02946535969646
-0.622386007931817
-5.08735665276499
-7.18839769882391
-7.32563113342343
-6.89622598104463
-7.03896119709512
-7.68018053187365
-7.61321342987709
-5.54528298655782
-1.29875831904848
3.77689302217878
7.53927934324562
8.42673751324987
6.47504339553297
3.23498304584965
0.657935094926328
-0.225174209777453
0.133217350853061
0.375691444413244
-0.520136087997032
-2.31342523027783
-3.61095954056415
-2.94544700217949
-0.00276199991736936
-0.868948974807207
-3.03553390593274
-4.73788717647418
-5.72868960032176
-6.01923203528293
-5.83638578902665
-5.5
-5.27114540178057
-5.23219203436273
-5.24668254627306
-5.01540172789995
-4.20710678118653
-2.61267756707295
-0.261433438279479
2.5480284976476
5.31800560177022
7.49999999999999
8.66825087409637
8.65538450565746
7.60069057024788
5.89383051644747
4.03553390593274
2.4673557989454
1.43331154376662
0.923175039987782
0.715482114705103
0.499999999999999
0.0292467816293294
-0.761920914091612
-1.71660540010105
-2.51244077082015
-2.79289321881345
-2.32203403081787
-1.10151653659567
0.597904398716657
2.3058590296311
3.5
3.77889072147444
2.99705647422715
1.31272147505712
-0.868948974807153
-3.03553390593274
-4.73788717647417
-5.72868960032178
-6.01923203528293
-5.83638578902665
-5.5
-5.27114540178057
-5.23219203436273
-5.24668254627306
-5.01540172789994
-4.20710678118654
-2.61267756707295
-0.261433438279483
2.54802849764759
5.31800560177028
7.49999999999999
8.66825087409637
8.65538450565746
7.60069057024791
5.89383051644748
4.03553390593278
2.46735579894538
1.43331154376662
0.923175039987774
0.715482114705103
0.499999999999999
0.0292467816293298
-0.761920914091589
-1.71660540010104
-2.51244077082014
-2.79289321881345
-2.32203403081789
-1.10151653659564
0.597904398716654
2.3058590296311
3.50000000000001
3.77889072147444
2.99705647422716
1.31272147505717
-0.868948974807149
-3.03553390593273
-4.73788717647414
-5.72868960032178
-6.01923203528293
-5.83638578902664
-5.5
-5.27114540178057
-5.23219203436273
-5.24668254627306
-5.01540172789994
-4.20710678118656
-2.61267756707295
-0.261433438279547
2.54802849764765
5.31800560177027
7.50000000000002
8.66825087409637
8.65538450565746
7.60069057024788
5.89383051644744
4.03553390593278
2.46735579894544
1.43331154376664
0.923175039987768
0.715482114705103
0.499999999999999
0.0292467816293309
-0.761920914091609
-1.71660540010106
-2.51244077082014
-2.79289321881345
-2.32203403081789
-1.10151653659568
0.597904398716651
2.3058590296311
3.50000000000001
3.77889072147443
2.99705647422713
1.31272147505717
-0.868948974807145
-3.03553390593273
-4.73788717647417
-5.72868960032178
-6.01923203528293
-5.83638578902665
-5.49999999999999
-5.27114540178056
-5.23219203436273
-5.24668254627306
-5.01540172789994
-4.20710678118654
-2.61267756707291
-0.261433438279551
2.54802849764752
5.31800560177021
7.49999999999998
8.66825087409637
8.65538450565746
7.60069057024789
5.89383051644744
4.0355339059327
2.46735579894538
1.43331154376664
0.923175039987782
0.715482114705104
-0.580273172580484
-1.35708141209173
-1.8518953506634
-2.03100706852757
-1.89593233475176
-1.48264999963986
-0.85734871209372
-0.109120811382201
0.659654850161024
1.34427095263692
1.84888787287153
2.09684158178114
2.0390244892207
1.65949069146915
0.977711284120986
0.0472366555188302
-1.04912155957556
-2.20713086465488
-3.31124169587983
-4.24596878508314
-4.90743373618535
-5.21393129533584
-5.11447222487262
-4.59444902850762
-3.67784824670184
-2.42576761998458
-0.93135546451538
0.688361942034941
2.30299535755114
3.78065089794738
4.99999999999999
5.86140655421803
6.29604609125751
6.27214474612738
5.79774329477951
4.9197268274195
3.71922093034412
2.30380549225254
0.797303321893571
-0.67186712383714
-1.98264999963989
-3.0324704393035
-3.74644819617825
-4.08383124504742
-4.04104838417389
-3.65111212712847
-2.97946076065469
-2.11667635369528
-1.16881969895197
-0.24635392679362
0.547236655518834
1.12600016763423
1.4301965201412
1.43224439932863
1.1393505517277
0.592566263814595
-0.137628952899963
-0.958771381956653
-1.76613863808651
-2.45378303578722
-2.9257676199846
-3.10647719172517
-2.94896544276116
-2.44049073765735
-1.60466843886344
-0.499999999999999
0.785104211782182
2.14034524834156
3.44383435570628
4.57367808386491
5.4197268274195
5.89434265755393
5.94113287704865
5.54078941710202
4.71345221297368
3.51735000036016
2.04383190313242
0.409252646737671
-1.25552085462626
-2.81698317325926
-4.15111212712844
-5.15458248786452
-5.75400373849136
-5.91230579416041
-5.63167326360443
-4.95276334448119
-3.95030217480161
-2.72550432277478
-1.3960659910925
-0.0847146591869863
1.09256626381464
2.0374927743098
2.67855600283943
2.97734745712196
2.93153630102362
2.57423238001538
1.96982515071067
1.20673540015481
0.387819652763824
-0.380603227948808
-0.999999999999995
-1.39001751542763
-1.49698213645454
-1.2996517395022
-0.811641252945907
-0.0802731725804793
0.818040315118075
1.78543203413265
2.7124790266809
3.48938700205903
4.01735000036014
4.21895363034218
4.04658003153378
3.48796524058212
2.56833616355154
1.34888787287148
-0.0782801454286177
-1.59830289557542
-3.08399540373927
-4.40760805268985
-5.45276334448117
-6.12542390201143
-6.36283170757085
-6.13955208630095
-5.47003399599774
-4.4074337361854
-3.03880956812601
-1.47714484007657
0.149037066700867
1.70747109010896
3.07423238001542
4.14494687792044
4.84406278495089
5.13130574797223
5.00471610886204
4.49999999999997
3.68628482700826
2.65871870646138
1.52865865091892
0.412423957968684
-0.580273172580466
-1.35708141209174
-1.85189535066339
-2.03100706852756
-1.89593233475178
-1.48264999963987
-0.857348712093646
-0.10912081138216
0.659654850161046
1.34427095263691
1.84888787287153
2.09684158178115
2.0390244892207
1.65949069146919
0.977711284121005
0.0472366555188604
-1.04912155957558
-2.2071308646549
-3.31124169587986
-4.2459687850831
-4.90743373618533
-5.21393129533582
-5.11447222487262
-4.59444902850764
-3.6778482467019
-2.42576761998458
-0.931355464515311
0.688361942034943
2.30299535755111
3.78065089794733
5
5.86140655421802
6.29604609125751
6.27214474612738
5.7977432947795
4.91972682741953
3.7192209303441
2.30380549225257
0.797303321893606
-0.671867123837171
-1.98264999963986
-3.03247043930352
-3.74644819617827
-4.08383124504743
-4.04104838417391
-3.65111212712844
-2.97946076065469
-2.1166763536953
-1.16881969895194
-0.246353926793641
0.547236655518848
1.12600016763422
1.43019652014121
1.43224439932862
1.13935055172767
0.592566263814609
-0.137628952899934
-0.958771381956581
-1.76613863808648
-2.45378303578723
-2.92576761998458
-3.10647719172519
-2.94896544276116
-2.4404907376573
-1.60466843886342
-0.500000000000038
0.785104211782081
2.14034524834152
3.44383435570619
4.57367808386488
5.41972682741955
5.89434265755395
5.94113287704866
5.54078941710201
4.71345221297369
3.51735000036018
2.04383190313239
0.409252646737781
-1.2555208546263
-2.81698317325922
-4.15111212712851
-5.15458248786456
-5.75400373849135
-5.91230579416042
-5.63167326360448
-4.95276334448118
-3.95030217480169
-2.72550432277476
-1.39606599109255
-0.0847146591869223
1.09256626381459
2.03749277430982
2.67855600283943
2.97734745712194
2.93153630102361
2.57423238001543
1.96982515071067
1.20673540015483
0.387819652763763
-0.380603227948793
-1.00000000000003
-1.39001751542765
-1.49698213645454
-1.29965173950219
-0.811641252945955
-0.0802731725804713
0.818040315118044
1.78543203413273
2.71247902668089
3.4893870020591
4.01735000036015
4.21895363034221
4.04658003153378
3.48796524058218
2.56833616355153
1.34888787287154
-0.0782801454286874
-1.59830289557536
-3.08399540373934
-4.40760805268981
-5.45276334448122
-6.12542390201144
-6.36283170757084
-6.13955208630093
-5.47003399599776
-4.40743373618532
-3.03880956812605
-1.47714484007647
0.149037066700832
1.70747109010902
3.0742323800154
4.14494687792045
4.84406278495085
5.13130574797223
5.00471610886199
4.49999999999998
3.68628482700819
2.65871870646141
1.52865865091885
0.412423957968669
-0.580273172580478
-1.35708141209169
-1.85189535066339
-2.03100706852757
-1.89593233475177
-1.48264999963984
-0.857348712093676
-0.109120811382117
0.659654850161069
1.3442709526369
1.84888787287147
2.09684158178116
2.03902448922072
1.65949069146917
0.977711284120965
0.0472366555188022
-1.04912155957565
-2.20713086465492
-3.31124169587982
-4.24596878508309
-4.90743373618538
-5.21393129533584
-5.11447222487263
-4.59444902850765
-3.67784824670182
-2.42576761998449
-0.931355464515345
0.68836194203494
2.30299535755107
3.78065089794742
4.99999999999998
5.86140655421804
6.2960460912575
6.27214474612736
5.79774329477952
4.91972682741947
3.71922093034414
2.30380549225262
0.797303321893533
-0.67186712383711
-1.98264999963991
-3.03247043930347
-3.74644819617827
-4.0838312450474
-4.04104838417386
-3.65111212712846
-2.97946076065475
-2.11667635369525
-1.16881969895198
-0.246353926793589
0.547236655518827
1.12600016763425
1.43019652014121
1.4322443993286
1.13935055172767
0.592566263814634
-0.137628952899931
-0.958771381956659
-1.76613863808656
-2.45378303578724
-2.92576761998463
-3.10647719172521
-2.94896544276117
-2.44049073765734
-1.60466843886344
-0.500000000000065
0.785104211782167
2.14034524834148
3.44383435570626
4.57367808386495
5.41972682741953
5.89434265755396
5.94113287704866
5.54078941710202
4.71345221297374
3.51735000036013
2.04383190313245
0.409252646737707
-1.25552085462623
-2.81698317325928
-4.15111212712855
-5.15458248786452
-5.75400373849135
-5.91230579416041
-5.63167326360444
-4.9527633444812
-3.95030217480162
-2.72550432277479
-1.39606599109246
-0.0847146591868411
1.09256626381466
2.03749277430983
2.67855600283942
2.97734745712195
2.93153630102362
2.57423238001537
1.96982515071066
1.20673540015475
0.387819652763763
-0.38060322794886
9.5
9.69062436490177
6.96890871856402
2.8236658252308
-0.828936855092109
-2.94726802059689
-3.91705094052613
-4.97450680947006
-6.97990499117833
-9.51313430968608
-11.0146908533452
-9.89534459457084
-5.79037134037887
-0.0054277652072382
5.20872990834069
8.04766276830142
8.21137564916076
6.87983329172758
5.66300512818174
5.3396305871345
5.33907084866981
4.34158994322785
1.51351555428624
-2.59545040176325
-6.21476441168293
-7.49501300674076
-5.79990933731551
-2.18935485231373
1.27499751853143
2.90119731436253
2.41862557729137
0.960719860805467
0.033850213476982
0.282546884049999
1.00028747974471
0.755792827252204
-1.35338797558987
-4.79586018037729
-7.77297400514743
-8.3754251087317
-5.89725565085731
-1.34369748697109
3.24085890669402
6.12904528607182
6.95748250455437
6.71699547529427
6.74041875921147
7.49531087451681
8.12620405923415
7.11083978240534
3.53670840982164
-1.9824251665997
-7.47570588238916
-10.7888300644759
-10.9274562281174
-8.60262416203161
-5.59880610916453
-3.45411901212398
-2.44035150039327
-1.5860665026145
0.313694091126538
3.5080490961729
6.86307454831356
8.55641781824179
7.39407746360305
3.76286658109114
-0.51248239334316
-3.3299815801993
-3.65553880265943
-2.08379905293326
-0.232050807569089
0.548134877189278
0.159484483985372
-0.290070183483242
0.48652561460493
2.76166297174078
5.37349067134146
6.43809294504167
4.68986702417025
0.458655273353752
-4.45251302685358
-7.91578377751104
-8.82237229503954
-7.65380053264695
-5.89622598104471
-4.77894014529347
-4.3141551280893
-3.37057274275794
-0.715155967635819
3.7896898574993
8.77689302217865
12.1100894295884
12.2568645321722
9.30347052027919
4.86895764206536
0.986104494150275
-1.2251742097775
-2.12680370094869
-2.99033395937126
-4.76277677511604
-7.14355224919992
-8.69940771711177
-7.94544700217968
-4.57357208626068
0.11959752673524
3.96446609406702
5.30317904006229
4.02854912310906
1.53077260641689
-0.386255161009328
-0.79917943950379
-0.209944159339355
0.0389849709553858
-1.001689391163
-2.97760040375344
-4.36722447670402
-3.5889595953317
-0.254837434445936
4.3820175596324
8.14908950379547
9.34055598711502
7.76869395507815
4.73174471063431
1.95589834699523
0.326138806708975
-0.639144751345582
-2.193943962705
-5.13395082235504
-8.9018354010019
-11.7502983176158
-11.8824583315804
-8.74026893277009
-3.48224807112772
1.71767921261441
5.04928589545561
6.12573235847748
5.97421164123106
6.0120658134924
6.81808078998271
7.64775385638574
7.06217782649114
4.18214593034282
-0.408414855537865
-4.83261440969246
-7.0825318899182
-6.33993734493987
-3.49178606806404
-0.466247874492677
1.11555350564641
0.979266904538709
0.181461569361607
0.0929523825703873
1.18892587527777
2.59067015330125
2.72339445756591
0.596348814366819
-3.27531838541345
-7.03302418830672
-8.64074148338264
-7.22034944693063
-3.58913238160577
0.379409490850581
3.08141489380887
4.20711487624792
4.72031849662466
5.84922799705889
7.89549442101246
9.80343414376832
9.84931103705558
6.95139576952078
1.61477799999777
-4.21958917452977
-8.34347336062461
-9.63375440267494
-8.61933295886595
-6.87951718421015
-5.75825012204981
-5.37604942194732
-4.6775155083227
-2.45383398084975
1.4687697529268
5.81617236542416
8.5861815261348
8.39697380535696
5.47214705377913
1.52570257316173
-1.38024987157844
-2.17490591839846
-1.34741553340789
-0.360692075111894
-0.391494820453921
-1.37379553263456
-2.07767952394433
-1.15783766171824
1.64160127640573
5.06978624099228
7.09659764916293
6.27864893215676
2.76793661434691
-1.77850873457594
-5.32028050508894
-6.76070811571024
-6.51424902578826
-5.93069355482579
-6.05566999392965
-6.70087055511709
-6.55131913601844
-4.23834022099312
0.439919694164911
6.09781312675019
10.4999999999998
11.9506454167035
10.3349341223486
7.06630651234955
4.00119016383014
2.14118015595085
1.08294905947418
-0.403696723127381
-3.14977797225629
-4.00000000000014
-1.96410161513816
0.59807621135325
2.99999999999979
4.59807621135325
4.96410161513777
4
1.96410161513794
-0.598076211352914
-2.99999999999997
-4.59807621135322
-4.96410161513777
-4.00000000000021
-1.96410161513773
0.598076211353143
2.9999999999997
4.59807621135332
4.96410161513778
4.00000000000007
1.96410161513804
-0.598076211353372
-2.99999999999989
-4.59807621135318
-4.96410161513779
-4.0000000000001
-1.96410161513783
0.598076211353036
3.00000000000007
4.59807621135327
4.96410161513779
4.00000000000013
1.96410161513788
-0.598076211353265
-2.9999999999998
-4.59807621135314
-4.96410161513776
-4.00000000000017
-1.96410161513793
0.598076211353212
2.99999999999998
4.59807621135323
4.9641016151378
4.00000000000003
1.96410161513798
-0.598076211353158
-2.99999999999971
-4.59807621135332
-4.96410161513778
-4.00000000000023
-1.96410161513777
0.598076211353105
2.9999999999999
4.59807621135319
4.96410161513775
4.00000000000009
1.96410161513808
-0.598076211353051
-2.99999999999985
-4.59807621135328
-4.96410161513779
-3.99999999999995
-1.96410161513787
0.598076211352997
2.99999999999981
4.59807621135326
4.96410161513776
4.00000000000016
1.96410161513818
-0.598076211353226
-2.99999999999977
-4.59807621135324
-4.96410161513777
-4.00000000000002
-1.96410161513797
0.59807621135289
2.99999999999995
4.59807621135321
4.96410161513777
4.00000000000022
1.96410161513775
-0.598076211353119
-2.99999999999968
-4.59807621135331
-4.96410161513778
-4.00000000000008
-1.96410161513807
0.598076211353347
2.99999999999987
4.59807621135317
4.96410161513779
4.00000000000012
1.96410161513785
-0.598076211353012
-3.00000000000005
-4.59807621135326
-4.96410161513779
-4.00000000000015
-1.9641016151379
0.598076211353241
2.99999999999978
4.59807621135313
4.96410161513777
4.00000000000018
1.96410161513795
-0.598076211353187
-2.99999999999996
-4.59807621135322
-4.96410161513781
-4.00000000000004
-1.964101615138
0.598076211353133
2.99999999999969
4.59807621135331
4.96410161513778
4.00000000000025
1.96410161513779
-0.59807621135308
-2.99999999999988
-4.59807621135318
-4.96410161513775
-4.00000000000011
-1.9641016151381
0.598076211353309
2.99999999999984
4.59807621135327
4.96410161513779
3.99999999999997
1.96410161513789
-0.598076211352973
-2.99999999999979
-4.59807621135325
-4.96410161513777
-4.00000000000034
-1.96410161513768
0.598076211352919
2.99999999999975
4.59807621135323
4.96410161513777
4.00000000000003
1.96410161513825
-0.598076211352866
-2.99999999999971
-4.5980762113532
-4.96410161513778
-4.00000000000007
-1.96410161513778
0.598076211352813
2.99999999999966
4.59807621135318
4.96410161513778
4.0000000000001
1.96410161513835
