"x"
3.83933998420384
4.0108823879007
4.00712998489726
3.82824677321079
3.48205080756888
2.98367251290262
2.35489341217333
1.62319416929976
0.820553552277992
-0.0179491924311217
-0.855667471301214
-1.65598897572737
-2.3839358155975
-3.0076932209328
-3.5
-3.83933998420384
-4.0108823879007
-4.00712998489726
-3.82824677321079
-3.48205080756888
-2.98367251290262
-2.35489341217334
-1.62319416929976
-0.820553552277992
0.0179491924311233
0.855667471301217
1.65598897572737
2.3839358155975
3.0076932209328
3.5
3.83933998420384
4.0108823879007
4.00712998489726
3.82824677321079
3.48205080756888
2.98367251290262
2.35489341217333
1.62319416929976
0.820553552277992
-0.017949192431119
-0.855667471301209
-1.65598897572737
-2.3839358155975
-3.0076932209328
-3.5
-3.83933998420384
-4.0108823879007
-4.00712998489726
-3.82824677321079
-3.48205080756888
-2.98367251290262
-2.35489341217333
-1.62319416929976
-0.820553552277993
0.0179491924311257
0.855667471301216
1.65598897572737
2.38393581559751
3.0076932209328
3.5
3.83933998420384
4.0108823879007
4.00712998489726
3.82824677321079
3.48205080756888
2.98367251290262
2.35489341217334
1.62319416929976
0.820553552277993
-0.0179491924311179
-0.855667471301215
-1.65598897572737
-2.3839358155975
-3.0076932209328
-3.5
-3.83933998420384
-4.0108823879007
-4.00712998489726
-3.82824677321079
-3.48205080756888
-2.98367251290263
-2.35489341217334
-1.62319416929975
-0.820553552277994
0.0179491924311248
0.855667471301208
1.65598897572737
2.38393581559749
3.00769322093281
3.5
3.83933998420384
4.0108823879007
4.00712998489726
3.82824677321079
3.48205080756888
2.98367251290263
2.35489341217334
1.62319416929977
0.820553552277994
-0.0179491924311241
-0.855667471301207
-1.65598897572737
-2.38393581559749
-3.00769322093281
-3.5
-3.83933998420384
-4.0108823879007
-4.00712998489726
-3.8282467732108
-3.48205080756887
-2.98367251290263
-2.35489341217333
-1.62319416929977
-0.820553552277995
0.0179491924311239
0.855667471301221
1.65598897572737
2.38393581559749
3.0076932209328
3.49999999999999
3.83933998420384
4.0108823879007
4.00712998489726
3.8282467732108
3.48205080756888
2.98367251290263
2.35489341217333
1.62319416929977
0.820553552277995
-0.0179491924311088
-0.85566747130122
-1.65598897572737
-2.3839358155975
-3.00769322093279
-3.5
-3.83933998420384
-4.0108823879007
-4.00712998489726
-3.8282467732108
-3.48205080756888
-2.98367251290264
-2.35489341217333
-1.62319416929977
-0.820553552277996
0.0179491924311086
0.855667471301206
1.65598897572737
2.3839358155975
3.00769322093279
3.5
3.83933998420383
4.0108823879007
4.00712998489726
3.8282467732108
3.48205080756888
2.98367251290263
2.35489341217333
1.62319416929976
0.820553552277982
-0.0179491924311079
-0.855667471301205
-1.65598897572736
-2.38393581559748
-3.00769322093278
-3.49999999999999
-3.83933998420384
-4.0108823879007
-4.00712998489726
-3.82824677321079
-3.48205080756888
-2.98367251290264
-2.35489341217335
-1.62319416929977
-0.820553552277997
0.0179491924310928
0.855667471301191
1.65598897572738
2.38393581559751
3.00769322093279
3.5
3.83933998420384
4.0108823879007
4.00712998489726
3.8282467732108
3.48205080756888
2.98367251290265
2.35489341217334
1.62319416929976
0.820553552277983
-0.017949192431107
-0.855667471301204
-1.65598897572736
-2.3839358155975
-3.00769322093278
-3.49999999999999
-3.83933998420383
-4.0108823879007
-4.00712998489726
-3.82824677321079
-3.48205080756888
-2.98367251290262
-2.35489341217335
-1.62319416929977
-0.820553552277998
0.0179491924311206
0.85566747130119
1.65598897572735
2.38393581559751
3.00769322093281
3.5
3.83933998420384
4.0108823879007
4.00712998489727
3.8282467732108
3.48205080756888
2.98367251290263
2.35489341217336
1.62319416929978
0.820553552277984
-0.0179491924311346
-0.855667471301204
-1.65598897572736
-2.3839358155975
-3.0076932209328
-3.49999999999999
-3.83933998420383
-4.0108823879007
-4.00712998489726
-3.8282467732108
-3.48205080756888
-2.98367251290262
-2.35489341217332
-1.62319416929977
-0.820553552277999
0.0179491924311197
0.855667471301189
1.65598897572735
2.38393581559749
3.00769322093279
3.49999999999998
3.83933998420384
4.0108823879007
4.00712998489726
3.8282467732108
3.48205080756888
2.98367251290263
2.35489341217334
1.62319416929978
0.820553552278013
-0.017949192431105
-0.855667471301231
-1.65598897572736
-2.3839358155975
-3.0076932209328
-3.49999999999999
-3.83933998420383
-4.0108823879007
-4.00712998489726
2.30585902963109
3.50000000000001
3.77889072147444
2.99705647422713
1.31272147505709
-0.868948974807245
-3.03553390593273
-4.73788717647417
-5.72868960032177
-6.01923203528293
-5.83638578902664
-5.50000000000001
-5.27114540178057
-5.23219203436273
-5.24668254627306
-5.01540172789994
-4.20710678118654
-2.61267756707291
-0.261433438279435
2.54802849764764
5.31800560177021
7.49999999999998
8.66825087409637
8.65538450565746
7.60069057024789
5.89383051644744
4.03553390593271
2.46735579894538
1.4333115437666
0.923175039987784
0.715482114705105
0.5
0.0292467816293334
-0.761920914091605
-1.71660540010102
-2.51244077082016
-2.79289321881345
-2.32203403081786
-1.10151653659568
0.597904398716646
2.30585902963109
3.50000000000001
3.77889072147443
2.99705647422719
1.31272147505718
-0.868948974807139
-3.03553390593282
-4.73788717647416
-5.72868960032177
-6.01923203528293
-5.83638578902664
-5.49999999999999
-5.27114540178057
-5.23219203436273
-5.24668254627307
-5.01540172789994
-4.20710678118654
-2.61267756707292
-0.26143343827944
2.54802849764764
5.31800560177032
7.49999999999998
8.66825087409637
8.65538450565746
7.60069057024789
5.89383051644744
4.03553390593279
2.46735579894544
1.4333115437666
0.923175039987784
0.715482114705105
0.500000000000015
0.0292467816293334
-0.761920914091646
-1.71660540010106
-2.51244077082016
-2.79289321881345
-2.32203403081786
-1.10151653659568
0.597904398716643
2.30585902963102
3.50000000000001
3.77889072147444
2.99705647422713
1.31272147505709
-0.868948974807135
-3.03553390593281
-4.73788717647416
-5.72868960032177
-6.01923203528293
-5.83638578902664
-5.50000000000001
-5.27114540178056
-5.23219203436273
-5.24668254627307
-5.01540172789992
-4.20710678118654
-2.61267756707292
-0.261433438279564
2.54802849764763
5.3180056017702
7.50000000000005
8.66825087409637
8.65538450565746
7.60069057024783
5.89383051644745
4.03553390593271
-3.77570985124671
-5.06038847859045
-5.83175492253409
-5.87446924952891
-5.07652155151652
-3.45707550811293
-1.17277998874516
1.49932241316254
4.200144342982
6.54230328656156
8.17065366255213
8.81965738629406
8.35800009432432
6.81284361273331
4.36939586674701
1.34552695679887
-1.85471743809203
-4.8013540524243
-7.10281550027421
-8.46410161513777
-8.72944779456996
-7.90280825139444
-6.14313496085876
-3.73559569741182
-1.04381295779561
1.54874323597925
3.69842057824847
5.15232905382604
5.78244274262351
5.59774211749218
4.73310702042005
3.417654848365
1.92867421022508
0.539641873747056
-0.528361574743919
-1.14333155021293
-1.28089782482153
-1.02189815281315
-0.529924656913538
-0.0134120876857071
0.320396985233964
0.31084051462725
-0.12004323263105
-0.947585520025922
-2.04471525652904
-3.20263301997383
-4.16846139599196
-4.69323621634782
-4.58159493429851
-3.73403261524227
-2.17373242032259
-0.0525515740763449
2.36568191080822
4.74244762954351
6.71661617496369
7.96285435925518
8.24658055502111
7.46607301172601
5.67432490654698
3.07652155151666
0.00303802052459146
-3.13806052588236
-5.92158246709302
-7.96917499791983
-9.00640490169931
-8.90376068297213
-7.69500894809753
-5.57005812958573
-2.84366861481366
0.094705748390814
2.84161755120952
5.04090951452281
6.43567214161626
6.90267115729222
6.46410161513773
5.27541030698162
3.5919677367672
1.72087490692817
-0.0334349575259347
-1.42028865734223
-2.28185025639923
-2.57377214005202
-2.36438708908732
-1.81326774470375
-1.13364050235444
-0.545962512411603
-0.231462771934273
-0.294356121033199
-0.739786216728985
-1.47163842525607
-2.31070593737547
-3.02994268980577
-3.40036190111731
-3.23910599802431
-2.45068952745203
-1.05350400565402
0.813807923569307
2.90798519736963
4.91676051794577
6.50881687166676
7.38977752798219
7.35465347242282
6.32755430553966
4.38145059131669
1.73403261524233
-1.2803050672658
-4.25828894055084
-6.78794196473864
-8.5114782844813
-9.18071779010148
-8.69596137967522
-7.12193211682461
-4.67813104698739
-1.70514990862723
1.38758006362098
4.1841064874839
6.32425260231304
7.55590055628495
7.7690306549378
7.00640490169939
5.44972319538369
3.38416843347032
1.14779807565529
-0.925362040124242
-2.55880736352852
-3.57472457162976
-3.91626107632621
-3.64773017687759
-2.93349615937242
-2
-1.08826579897324
-0.40577566033642
-0.0865568177362581
-0.166709385455995
-0.579711342657732
-1.17218723118909
-1.73706837457535
-2.05787296484307
-1.95576291023399
-1.33046111278339
-0.187144508008367
1.35611121013074
3.08229808577186
4.70896121464869
5.93574004039377
6.49785044538383
6.21613476623648
5.03467999030926
3.03896165504232
0.450689527452057
-2.40053348193439
-5.12464843819656
-7.33024525130011
-8.6857911728835
-8.97291848680456
-8.12288454840221
-6.23000503422632
-3.5396123408012
-0.412275593396627
2.73006899989538
5.46744957527418
7.44448101698167
8.4222600539305
8.31133394149943
7.18071779010149
5.24192389208692
2.81109160219726
0.255870993056905
-2.06388074631057
-3.85168167875903
-4.91721350790396
-5.19960416411654
-4.76795859154627
-3.79985565701808
-2.54230328656158
-1.26257868737533
-0.197976357039547
0.486520013536642
0.725217697142384
0.558807363528628
0.120687084041198
-0.394579438301007
-0.774529877052962
-0.835534495565341
-0.464101615137748
0.355158778553148
1.53042409853297
2.87449878247481
4.1358843833758
5.04381295779543
5.35933173919747
4.92326045100599
3.6921910540351
1.75561856725197
-0.669538887216551
-3.26689297957991
-5.66695172475807
-7.50455813970233
-8.4779918695865
-8.3998416555316
-7.23095746580389
-5.09148632803992
-2.2467380255706
0.930213342877394
4.01341208768577
6.58767798994278
8.31084051462729
8.96456334049206
8.48564682990154
6.97291848680471
4.66884706081392
1.91916451959887
-0.882647713129394
-3.35675506154112
-5.1941706150332
-6.2005565956941
-6.31983257878519
-5.63431808919194
-4.34215894357965
-2.71661617496378
-1.05477938407842
0.375100474233447
1.37844709613506
1.86373640332864
1.85168167875906
1.46317602031554
0.888763649489207
0.345698537615805
0.0308250020802396
0.0782016714238001
0.529471666955289
1.32262479523603
2.30142195120194
3.24395730077744
3.90529425160917
4.06645742396714
3.58077151473176
2.40884796624478
0.635390152583432
-1.53589838486226
-3.80919626614143
-5.8412646131602
-7.29675883640539
-7.90491503831357
-7.50791457293318
-6.09243875961768
-3.79861201280934
-0.904249089296571
2.21355643066754
5.13364050235426
7.4540374875883
8.85314380118882
9.13887622889424
8.27784752660463
6.39984165553167
3.77691997821554
0.78064581341267
-2.17552202835987
-4.69924399781529
-6.47751370282352
-7.32078501036276
-7.18619207643076
-6.17662137575341
-4.51647183198171
-2.50881687166675
-0.481702552805451
1.2670275568319
2.51696580232131
3.15661071855897
3.19417061503338
2.74651910810563
2.00899206415799
1.21205803526147
0.573128288641844
0.252514559825972
0.321672363658337
0.749547963963028
1.40949486860349
2.10543859459118
2.61241993637863
2.72396848769294
2.29742842694149
1.28861955157614
-0.230969345062167
-2.07820167142378
-3.98350915454371
-5.63346530986312
-6.72368200513243
-7.01298795571528
-6.36939586674695
-4.79956444438736
-2.45612307653518
0.379093998493939
3.33378484533615
5.99999999999979
7.99634077415003
9.02745668959097
8.93107692559734
7.70477069533153
5.50791457293328
2.63840127202935
-0.512228501817677
-3.51801096463416
-5.98258708560545
-7.59774211749215
-8.18714450800843
-7.72849536299231
-6.35093426415562
-4.30867252868485
-1.93574004039385
0.410224529792941
2.40554626301813
3.8098401175517
4.49909965483331
4.4775137028235
3.86674752277456
2.87535156180358
1.75436132182288
0.747441177044013
0.0447152565290549
-0.251404467614577
-3.45411901212398
-2.44035150039327
-1.5860665026145
0.313694091126538
3.5080490961729
6.86307454831356
8.55641781824179
7.39407746360305
3.76286658109114
-0.51248239334316
-3.3299815801993
-3.65553880265943
-2.08379905293326
-0.232050807569089
0.548134877189278
0.159484483985372
-0.290070183483242
0.48652561460493
2.76166297174078
5.37349067134146
6.43809294504167
4.68986702417025
0.458655273353752
-4.45251302685358
-7.91578377751104
-8.82237229503954
-7.65380053264695
-5.89622598104471
-4.77894014529347
-4.3141551280893
-3.37057274275794
-0.715155967635819
3.7896898574993
8.77689302217865
12.1100894295884
12.2568645321722
9.30347052027919
4.86895764206536
0.986104494150275
-1.2251742097775
-2.12680370094869
-2.99033395937126
-4.76277677511604
-7.14355224919992
-8.69940771711177
-7.94544700217968
-4.57357208626068
0.11959752673524
3.96446609406702
5.30317904006229
4.02854912310906
1.53077260641689
-0.386255161009328
-0.79917943950379
-0.209944159339355
0.0389849709553858
-1.001689391163
-2.97760040375344
-4.36722447670402
-3.5889595953317
-0.254837434445936
4.3820175596324
8.14908950379547
9.34055598711502
7.76869395507815
4.73174471063431
1.95589834699523
0.326138806708975
-0.639144751345582
-2.193943962705
-5.13395082235504
-8.9018354010019
-11.7502983176158
-11.8824583315804
-8.74026893277009
-3.48224807112772
1.71767921261441
5.04928589545561
6.12573235847748
5.97421164123106
6.0120658134924
6.81808078998271
7.64775385638574
7.06217782649114
4.18214593034282
-0.408414855537865
-4.83261440969246
-7.0825318899182
-6.33993734493987
-3.49178606806404
-0.466247874492677
1.11555350564641
0.979266904538709
0.181461569361607
0.0929523825703873
1.18892587527777
2.59067015330125
2.72339445756591
0.596348814366819
-3.27531838541345
-7.03302418830672
-8.64074148338264
-7.22034944693063
-3.58913238160577
0.379409490850581
3.08141489380887
4.20711487624792
4.72031849662466
5.84922799705889
7.89549442101246
9.80343414376832
9.84931103705558
6.95139576952078
1.61477799999777
-4.21958917452977
-8.34347336062461
-9.63375440267494
-8.61933295886595
-6.87951718421015
-5.75825012204981
-5.37604942194732
-4.6775155083227
-2.45383398084975
1.4687697529268
5.81617236542416
8.5861815261348
8.39697380535696
5.47214705377913
1.52570257316173
-1.38024987157844
-2.17490591839846
-1.34741553340789
-0.360692075111894
-0.391494820453921
-1.37379553263456
-2.07767952394433
-1.15783766171824
1.64160127640573
5.06978624099228
7.09659764916293
6.27864893215676
2.76793661434691
-1.77850873457594
-5.32028050508894
-6.76070811571024
-6.51424902578826
-5.93069355482579
-6.05566999392965
-6.70087055511709
-6.55131913601844
-4.23834022099312
0.439919694164911
6.09781312675019
10.4999999999998
11.9506454167035
10.3349341223486
7.06630651234955
4.00119016383014
2.14118015595085
1.08294905947418
-0.403696723127381
-3.14977797225629
-6.68470718493987
-8.97291848680457
-8.12288454840222
-6.23000503422632
-3.53961234080132
-0.412275593396638
2.73006899989561
5.46744957527408
7.44448101698161
8.42226005393052
8.31133394149943
7.18071779010156
5.24192389208689
2.8110916021973
0.255870993056912
-2.06388074631054
-3.85168167875911
-4.91721350790389
-5.19960416411646
-4.76795859154643
-3.79985565701801
-2.54230328656157
-1.26257868737547
-0.197976357039586
0.486520013536682
0.725217697142324
0.558807363528655
0.120687084041242
-0.394579438301086
-0.774529877052841
-0.835534495565339
-0.464101615137714
0.355158778553105
1.53042409853291
2.87449878247486
4.13588438337574
5.04381295779539
5.35933173919754
4.92326045100588
3.69219105403501
1.75561856725207
-0.669538887216333
-3.26689297957999
-5.66695172475813
-7.50455813970236
-8.47799186958648
-8.39984165553156
-7.23095746580391
-5.09148632804012
-2.24673802557048
0.93021334287751
4.01341208768541
6.58767798994269
8.31084051462738
8.9645633404921
8.48564682990159
6.97291848680466
4.66884706081388
1.919164519599
-0.882647713129279
-3.35675506154115
-5.19417061503316
-6.20055659569421
-6.31983257878513
-5.63431808919195
-4.34215894357959
-2.71661617496375
-1.05477938407857
0.375100474233503
1.37844709613502
1.86373640332859
1.85168167875898
1.46317602031559
0.888763649489368
0.345698537615835
0.0308250020801948
0.0782016714237912
0.529471666955257
1.32262479523598
2.30142195120205
3.24395730077739
3.90529425160926
4.0664574239673
3.58077151473169
2.40884796624484
0.635390152583549
-1.53589838486216
-3.80919626614153
-5.84126461316024
-7.29675883640524
-7.90491503831361
-7.50791457293332
-6.09243875961768
-3.79861201280932
-0.904249089296334
2.2135564306674
5.13364050235404
7.45403748758838
8.85314380118889
9.13887622889426
8.27784752660473
6.39984165553156
3.77691997821556
0.780645813412801
-2.17552202836009
-4.6992439978152
-6.47751370282334
-7.32078501036285
-7.18619207643086
-6.17662137575351
-4.5164718319818
-2.50881687166715
-0.481702552805534
1.26702755683184
2.51696580232128
3.1566107185591
3.19417061503319
2.7465191081058
2.00899206415804
1.21205803526138
0.573128288641753
0.25251455982598
0.32167236365841
0.749547963963099
1.40949486860345
2.10543859459114
2.61241993637883
2.72396848769293
2.29742842694151
1.2886195515762
-0.230969345062163
-2.07820167142369
-3.98350915454362
-5.63346530986322
-6.72368200513239
-7.01298795571528
-6.3693958667471
-4.79956444438722
-2.45612307653516
0.379093998493812
3.33378484533602
5.99999999999998
7.99634077415
9.02745668959095
8.93107692559725
7.7047706953316
5.50791457293349
2.63840127202936
-0.512228501818053
-3.51801096463404
-5.98258708560536
-7.597742117492
