"x"
3.83933998420384
4.0108823879007
4.00712998489726
3.82824677321079
3.48205080756888
2.98367251290262
2.35489341217333
1.62319416929976
0.820553552277992
-0.0179491924311217
-0.855667471301214
-1.65598897572737
-2.3839358155975
-3.0076932209328
-3.5
-3.83933998420384
-4.0108823879007
-4.00712998489726
-3.82824677321079
-3.48205080756888
-2.98367251290262
-2.35489341217334
-1.62319416929976
-0.820553552277992
0.0179491924311233
0.855667471301217
1.65598897572737
2.3839358155975
3.0076932209328
3.5
3.83933998420384
4.0108823879007
4.00712998489726
3.82824677321079
3.48205080756888
2.98367251290262
2.35489341217333
1.62319416929976
0.820553552277992
-0.017949192431119
-0.855667471301209
-1.65598897572737
-2.3839358155975
-3.0076932209328
-3.5
-3.83933998420384
-4.0108823879007
-4.00712998489726
-3.82824677321079
-3.48205080756888
-2.98367251290262
-2.35489341217333
-1.62319416929976
-0.820553552277993
0.0179491924311257
0.855667471301216
1.65598897572737
2.38393581559751
3.0076932209328
3.5
3.83933998420384
4.0108823879007
4.00712998489726
3.82824677321079
3.48205080756888
2.98367251290262
2.35489341217334
1.62319416929976
0.820553552277993
-0.0179491924311179
-0.855667471301215
-1.65598897572737
-2.3839358155975
-3.0076932209328
-3.5
-3.83933998420384
-4.0108823879007
-4.00712998489726
-3.82824677321079
-3.48205080756888
-2.98367251290263
-2.35489341217334
-1.62319416929975
-0.820553552277994
0.0179491924311248
0.855667471301208
1.65598897572737
2.38393581559749
3.00769322093281
3.5
3.83933998420384
4.0108823879007
4.00712998489726
3.82824677321079
3.48205080756888
2.98367251290263
2.35489341217334
1.62319416929977
0.820553552277994
-0.0179491924311241
-0.855667471301207
-1.65598897572737
-2.38393581559749
-3.00769322093281
-3.5
-3.83933998420384
-4.0108823879007
-4.00712998489726
-3.8282467732108
-3.48205080756887
-2.98367251290263
-2.35489341217333
-1.62319416929977
-0.820553552277995
0.0179491924311239
0.855667471301221
1.65598897572737
2.38393581559749
3.0076932209328
3.49999999999999
3.83933998420384
4.0108823879007
4.00712998489726
3.8282467732108
3.48205080756888
2.98367251290263
2.35489341217333
1.62319416929977
0.820553552277995
-0.0179491924311088
-0.85566747130122
-4.48224807112709
-0.542341839187539
1.68326049167135
1.88309167135832
1.14408462230885
0.923617636944547
1.81808078998273
3.07694377004306
3.23205080756886
1.35371880559662
-2.04238945175364
-5.16078380891639
-6.08253188991824
-4.07991629313817
-0.125760664279314
3.77639281262685
5.94568052456847
6.06771508108655
5.18146156936156
4.66376246891318
5.01905289420008
5.41909727804757
4.35736905378153
0.92451821359054
-4.27531838541377
-9.2930452401087
-12.006766887167
-11.46299013405
-8.41925940052787
-4.70903868569711
-1.91858510619101
-0.363695210094874
0.890191477702409
3.02080087231287
6.26151982479695
9.47526474454484
10.8493110370554
9.21141682132195
4.98080340378215
0.0230515125895219
-3.51334634170268
-4.54530622612697
-3.61933295886586
-2.30870709786722
-1.92812310312759
-2.54762229720132
-3.04354091210706
-2.125664581626
0.468769752927376
3.55615131362273
5.22015612235053
4.15433311823754
0.64202003485711
-3.56274560338639
-6.38024987157838
-6.74571600474118
-5.17754255233016
-3.18911919985809
-2.02546941666958
-1.7019649318582
-1.07767952394438
1.10218339008334
5.00762668019039
9.31242692811143
11.9267246680851
11.3670971087045
7.76793661434638
2.79230135176691
-1.49015348616697
-3.93228099096405
-4.88027442957251
-5.60252415560222
-7.05566999392971
-8.96089160691892
-9.91734453980318
-8.4809809081123
-4.39020732475675
1.00936495020292
5.49999999999995
7.37983533036049
6.50480710342604
4.23787938760345
2.36721556761456
1.81301075672727
2.08294905947387
1.85632432867428
0.216247431528179
-2.44206649782086
-4.55058923820733
-4.47872701879929
-1.79037134037856
2.30536126933403
5.6728315234787
6.6334492059283
5.015223226454
2.1195545144033
-0.336994871818237
-1.49120055101003
-1.85708157403675
-2.7294778686376
-4.95058606085202
-8.01206797753468
-10.2147644116831
-9.80580204128195
-6.26401095245302
-0.775141289940655
4.47114994123794
7.6614760916868
8.41862557729104
7.79155099894999
7.23000263618357
8.96456334049208
8.48564682990153
6.97291848680457
4.66884706081387
1.91916451959891
-0.882647713129409
-3.35675506154102
-5.1941706150332
-6.20055659569414
-6.31983257878517
-5.63431808919189
-4.34215894357955
-2.71661617496376
-1.05477938407841
0.375100474233444
1.37844709613505
1.86373640332865
1.85168167875901
1.46317602031551
0.888763649489169
0.345698537615824
0.0308250020802139
0.0782016714238081
0.529471666955319
1.32262479523603
2.30142195120193
3.24395730077748
3.90529425160921
4.06645742396713
3.58077151473175
2.40884796624479
0.635390152583363
-1.53589838486222
-3.80919626614155
-5.84126461316028
-7.29675883640538
-7.90491503831362
-7.50791457293325
-6.09243875961762
-3.79861201280954
-0.904249089296379
2.21355643066773
5.13364050235443
7.45403748758839
8.85314380118886
9.13887622889423
8.27784752660459
6.39984165553166
3.77691997821553
0.780645813412661
-2.17552202835988
-4.69924399781528
-6.4775137028235
-7.32078501036284
-7.18619207643073
-6.17662137575346
-4.51647183198175
-2.50881687166681
-0.481702552805488
1.26702755683181
2.51696580232128
3.15661071855901
3.1941706150333
2.74651910810572
2.0089920641579
1.21205803526139
0.573128288641799
0.252514559825967
0.321672363658371
0.749547963963098
1.40949486860364
2.10543859459123
2.61241993637872
2.72396848769288
2.29742842694158
1.28861955157609
-0.230969345062173
-2.07820167142376
-3.98350915454367
-5.63346530986333
-6.72368200513248
-7.01298795571527
-6.36939586674696
-4.79956444438721
-2.45612307653523
0.37909399849371
3.33378484533645
5.99999999999989
7.99634077414992
9.02745668959103
8.93107692559731
7.70477069533163
5.50791457293327
2.63840127202922
-0.512228501817746
-3.51801096463415
-5.98258708560542
-7.59774211749219
-8.18714450800842
-7.72849536299234
-6.35093426415553
-4.30867252868486
-1.93574004039378
0.410224529792903
2.4055462630181
3.80984011755171
4.49909965483331
4.47751370282356
3.86674752277439
2.87535156180349
1.75436132182299
0.747441177043914
0.0447152565290345
-0.251404467614544
-0.142379118635251
0.270976162417262
0.812564279360747
1.26993100010451
1.4406253999026
1.17720001227288
0.422260053930474
-0.773272631623787
-2.25251455982599
-3.77570985124671
-5.06038847859045
-5.83175492253409
-5.87446924952891
-5.07652155151652
-3.45707550811293
-1.17277998874516
1.49932241316254
4.200144342982
6.54230328656156
8.17065366255213
8.81965738629406
8.35800009432432
6.81284361273331
4.36939586674701
1.34552695679887
-1.85471743809203
-4.8013540524243
-7.10281550027421
-8.46410161513777
-8.72944779456996
-7.90280825139444
-6.14313496085876
-3.73559569741182
-1.04381295779561
1.54874323597925
3.69842057824847
5.15232905382604
5.78244274262351
5.59774211749218
4.73310702042005
3.417654848365
1.92867421022508
0.539641873747056
-0.528361574743919
-1.14333155021293
-1.28089782482153
-1.02189815281315
-0.529924656913538
-0.0134120876857071
0.320396985233964
0.31084051462725
-0.12004323263105
-0.947585520025922
-2.04471525652904
-3.20263301997383
-4.16846139599196
-4.69323621634782
-4.58159493429851
-3.73403261524227
-2.17373242032259
-0.0525515740763449
2.36568191080822
4.74244762954351
6.71661617496369
7.96285435925518
8.24658055502111
7.46607301172601
5.67432490654698
3.07652155151666
0.00303802052459146
-3.13806052588236
-5.92158246709302
-7.96917499791983
-9.00640490169931
-8.90376068297213
-7.69500894809753
-5.57005812958573
-2.84366861481366
0.094705748390814
2.84161755120952
5.04090951452281
6.43567214161626
6.90267115729222
-4.96410161513776
-4.00000000000007
-1.96410161513779
0.598076211353221
2.99999999999999
4.59807621135323
4.96410161513777
4.00000000000011
1.96410161513784
-0.598076211353309
-2.99999999999995
-4.59807621135332
-4.96410161513778
-4.00000000000005
-1.96410161513789
0.598076211353255
2.99999999999991
4.5980762113533
4.96410161513778
4.00000000000009
1.96410161513781
-0.598076211353201
-2.99999999999998
-4.59807621135328
-4.96410161513775
-4.00000000000012
-1.96410161513786
0.598076211353148
2.99999999999993
4.59807621135326
4.96410161513776
3.99999999999998
1.96410161513791
-0.598076211353236
-2.99999999999989
-4.5980762113533
-4.96410161513777
-4.00000000000001
-1.96410161513796
0.598076211353182
2.99999999999985
4.59807621135327
4.96410161513776
4.00000000000005
1.96410161513775
-0.598076211353129
-2.99999999999992
-4.59807621135325
-4.96410161513776
-4.00000000000008
-1.9641016151378
0.598076211353357
2.99999999999987
4.59807621135329
4.96410161513779
4.00000000000011
1.96410161513784
-0.598076211353304
-2.99999999999983
-4.59807621135327
-4.96410161513779
-4.00000000000014
-1.96410161513789
0.59807621135325
3.00000000000002
4.59807621135325
4.96410161513777
4.00000000000017
1.96410161513794
-0.598076211353197
-2.99999999999997
-4.59807621135322
-4.96410161513777
-4.00000000000004
-1.96410161513799
0.598076211353143
2.99999999999993
4.59807621135332
4.96410161513778
4.00000000000007
1.96410161513804
-0.59807621135309
-2.99999999999989
-4.59807621135329
-4.96410161513775
-4.0000000000001
-1.96410161513783
0.598076211353036
2.99999999999984
4.59807621135327
4.96410161513776
4.00000000000013
1.96410161513788
-0.598076211352983
-2.9999999999998
-4.59807621135325
-4.96410161513776
-4
-1.96410161513793
0.598076211353212
2.99999999999976
4.59807621135323
4.96410161513777
4.00000000000003
1.96410161513772
-0.598076211353158
-2.99999999999994
-4.59807621135321
-4.96410161513778
-4.00000000000006
-1.96410161513777
0.598076211353104
2.9999999999999
4.59807621135319
4.96410161513778
4.00000000000009
1.96410161513782
-0.598076211353333
-2.99999999999985
-4.59807621135328
-4.96410161513779
-4.00000000000013
-1.96410161513787
0.59807621135328
2.99999999999981
4.59807621135326
4.96410161513776
4.00000000000016
1.96410161513792
-0.598076211353226
-3
-4.59807621135324
-4.96410161513777
-4.00000000000019
-1.96410161513797
0.598076211353173
2.99999999999995
4.59807621135333
4.96410161513777
4.00000000000005
1.96410161513802
-0.598076211353119
-2.99999999999991
-4.59807621135331
-4.96410161513778
-4.00000000000008
-1.96410161513807
0.598076211353065
2.99999999999987
4.59807621135328
4.96410161513775
4.00000000000012
1.96410161513785
-0.598076211353012
-2.99999999999982
-4.59807621135326
-4.96410161513776
-4.00000000000015
-1.9641016151379
0.598076211353241
2.99999999999978
4.59807621135324
4.96410161513777
4.00000000000001
1.96410161513795
-0.598076211353187
-2.99999999999974
-4.59807621135322
-4.96410161513777
-4.00000000000004
-1.96410161513774
0.598076211353133
2.99999999999992
4.5980762113532
4.96410161513778
4.00000000000007
1.96410161513779
-0.59807621135308
-2.99999999999988
-4.59807621135329
-4.96410161513779
-4.00000000000011
-1.96410161513784
0.598076211353309
2.99999999999984
4.59807621135327
4.96410161513779
4.00000000000014
1.96410161513789
-0.598076211353255
-3.00000000000002
-4.59807621135325
-4.96410161513777
-4.00000000000017
-1.96410161513794
0.598076211353201
2.99999999999998
4.59807621135323
4.96410161513777
4.0000000000002
1.96410161513799
-0.598076211353148
-2.99999999999993
-4.59807621135332
-4.96410161513778
-4.00000000000007
-1.96410161513804
0.598076211353095
2.99999999999989
4.5980762113533
4.96410161513778
4.0000000000001
1.96410161513809
-0.598076211353323
-2.99999999999985
-4.59807621135327
-4.96410161513779
-3.99999999999996
-1.96410161513788
0.598076211352988
2.9999999999998
4.59807621135325
4.96410161513776
4.00000000000016
1.96410161513766
-0.598076211353216
-2.99999999999976
-4.59807621135323
-4.96410161513777
-4.00000000000002
-1.96410161513798
0.59807621135288
2.99999999999994
4.59807621135321
4.96410161513778
4.00000000000006
1.96410161513776
-0.598076211353109
-2.99999999999967
-4.5980762113533
-4.96410161513778
-4.00000000000009
-1.96410161513807
0.598076211353338
2.99999999999986
4.59807621135317
4.96410161513776
4.00000000000012
1.96410161513786
-0.598076211353002
-3.00000000000004
-4.59807621135326
-4.9641016151378
-4.00000000000015
-1.96410161513791
0.598076211353231
2.99999999999977
4.59807621135335
4.96410161513777
4.00000000000019
1.96410161513796
-0.598076211353177
-2.99999999999996
-4.59807621135322
-4.96410161513781
-4.00000000000005
-1.96410161513801
0.598076211353124
2.99999999999991
4.59807621135331
4.96410161513778
4.00000000000025
1.9641016151378
-0.59807621135307
-2.99999999999987
-4.59807621135329
-4.96410161513775
-4.00000000000011
-1.96410161513811
0.598076211353299
2.99999999999983
4.59807621135326
4.96410161513779
3.99999999999998
1.9641016151379
-0.598076211352963
-3.00000000000001
-4.59807621135324
-4.96410161513777
-4.00000000000018
-1.96410161513769
0.598076211353192
2.99999999999974
4.59807621135322
4.96410161513777
4.00000000000004
1.964101615138
-0.598076211353421
-2.99999999999993
-4.5980762113532
-4.96410161513778
-4.00000000000007
-1.96410161513779
0.598076211353085
2.99999999999965
4.59807621135329
4.96410161513779
4.0000000000001
1.96410161513784
-0.598076211353313
-2.99999999999984
-4.59807621135316
-4.96410161513776
-4.00000000000014
-1.96410161513788
0.598076211352978
3.00000000000002
4.59807621135325
4.9641016151378
4
1.96410161513793
-0.598076211353206
-2.99999999999975
-4.59807621135334
-4.96410161513777
-4.0000000000002
-1.96410161513798
0.598076211353153
2.99999999999994
4.59807621135321
4.96410161513774
4.00000000000006
1.96410161513803
-0.598076211353099
-2.99999999999989
-4.5980762113533
-4.96410161513778
-4.00000000000027
-1.96410161513782
0.598076211353046
2.99999999999985
4.59807621135328
4.96410161513776
4.00000000000013
1.96410161513813
-0.598076211353275
-2.99999999999981
-4.59807621135326
-4.9641016151378
-3.99999999999999
-1.96410161513792
0.598076211352939
2.99999999999999
4.59807621135323
4.96410161513777
4.00000000000019
1.96410161513771
-0.598076211353168
-2.99999999999972
-4.59807621135321
-4.96410161513778
-4.00000000000005
-1.96410161513802
0.598076211353396
2.99999999999991
4.59807621135319
4.96410161513778
4.00000000000009
1.96410161513781
-0.598076211353061
-2.99999999999964
-4.59807621135328
-4.96410161513779
-4.00000000000012
-1.96410161513786
0.598076211353289
2.99999999999982
4.59807621135315
4.96410161513776
4.00000000000015
1.96410161513791
-0.598076211352954
-3
-4.59807621135324
-4.9641016151378
-4.00000000000001
-1.96410161513796
0.598076211353182
2.99999999999973
4.59807621135333
4.96410161513777
-5.21393129533589
-5.11447222487264
-4.59444902850762
-3.67784824670184
-2.42576761998462
-0.931355464515414
0.688361942034833
2.30299535755097
3.78065089794721
5
5.86140655421802
6.29604609125749
6.27214474612736
5.7977432947795
4.91972682741952
3.71922093034422
2.30380549225245
0.797303321893496
-0.671867123837141
-1.98264999963983
-3.03247043930356
-3.74644819617827
-4.08383124504739
-4.04104838417393
-3.65111212712854
-2.97946076065481
-2.1166763536954
-1.16881969895195
-0.246353926793645
0.547236655518784
1.12600016763418
1.43019652014122
1.43224439932863
1.13935055172772
0.592566263814559
-0.137628952900022
-0.958771381956674
-1.7661386380865
-2.45378303578737
-2.9257676199847
-3.10647719172527
-2.94896544276123
-2.44049073765736
-1.6046684388635
-0.500000000000142
0.785104211782204
2.14034524834152
3.44383435570619
4.5736780838648
5.41972682741956
5.89434265755396
5.94113287704868
5.54078941710207
4.71345221297363
3.5173500003601
2.04383190313242
0.409252646737524
-1.25552085462641
-2.81698317325931
-4.15111212712847
-5.15458248786452
-5.75400373849134
-5.91230579416043
-5.63167326360452
-4.95276334448117
-3.95030217480169
-2.72550432277486
-1.39606599109241
-0.0847146591869019
1.09256626381462
2.03749277430978
2.67855600283946
2.97734745712194
2.93153630102359
2.57423238001542
1.96982515071059
1.20673540015474
0.387819652763749
-0.380603227948805
-0.999999999999994
-1.39001751542761
-1.49698213645455
-1.2996517395022
-0.811641252945947
-0.0802731725805312
0.818040315117981
1.78543203413274
2.71247902668091
3.48938700205905
4.0173500003602
4.21895363034222
4.04658003153383
3.48796524058222
2.56833616355148
1.34888787287145
-0.0782801454286604
-1.59830289557534
-3.08399540373924
-4.40760805268972
-5.45276334448107
-6.12542390201145
-6.36283170757084
-6.13955208630097
-5.47003399599784
-4.40743373618532
-3.03880956812605
-1.47714484007661
0.149037066700691
1.70747109010906
3.07423238001543
4.14494687792044
4.84406278495093
5.13130574797222
5.00471610886198
4.49999999999997
3.68628482700829
2.65871870646152
1.52865865091906
0.412423957968851
-0.580273172580491
-1.35708141209171
-1.85189535066338
-2.03100706852753
-1.89593233475173
-1.48264999963985
-0.857348712093696
-0.109120811382066
0.659654850161119
1.34427095263698
1.84888787287155
2.09684158178121
2.03902448922074
1.65949069146919
0.977711284121022
0.0472366555188826
-1.04912155957546
-2.20713086465472
-3.31124169587983
-4.2459687850831
-4.90743373618534
-5.21393129533586
-5.11447222487263
-4.59444902850766
-3.67784824670192
-2.42576761998449
-0.931355464515346
0.688361942034907
2.30299535755104
3.78065089794752
5.00000000000005
5.86140655421804
6.29604609125753
6.27214474612734
5.79774329477945
4.91972682741947
3.71922093034412
2.3038054922526
0.797303321893638
-0.671867123837016
-1.98264999963994
-3.0324704393035
-3.74644819617826
-4.08383124504736
-4.04104838417382
-3.65111212712842
-2.97946076065468
-2.1166763536951
-1.16881969895184
-0.246353926793554
0.547236655518847
