"x"
4.59807621135332
4.96410161513776
4
1.96410161513776
-0.598076211353314
-3
-4.59807621135332
-4.96410161513776
-4
-1.96410161513776
0.598076211353309
3
4.59807621135332
4.96410161513776
4
1.96410161513776
-0.598076211353317
-3
-4.59807621135331
-4.96410161513776
-4
-1.96410161513777
0.598076211353308
3
4.59807621135331
4.96410161513775
4.00000000000001
1.96410161513776
-0.598076211353316
-2.99999999999999
-4.59807621135331
-4.96410161513776
-4.00000000000001
-1.96410161513775
0.598076211353298
3
4.59807621135331
4.96410161513776
4.00000000000001
1.96410161513777
-0.598076211353297
-3
-4.59807621135331
-4.96410161513776
-4.00000000000001
-1.96410161513777
0.598076211353314
3
4.59807621135331
4.96410161513776
4.00000000000001
1.96410161513775
-0.598076211353313
-2.99999999999998
-4.59807621135331
-4.96410161513776
-4.00000000000001
-1.96410161513775
0.598076211353296
2.99999999999998
4.59807621135331
4.96410161513776
4
1.96410161513777
-0.598076211353277
-2.99999999999998
-4.59807621135331
-4.96410161513775
-4.00000000000001
-1.96410161513779
0.598076211353294
2.99999999999999
4.59807621135331
4.96410161513776
4.00000000000002
1.96410161513777
-0.598076211353311
-2.99999999999998
-4.59807621135331
-4.96410161513776
-4.00000000000001
-1.96410161513779
0.598076211353328
2.99999999999999
4.5980762113533
4.96410161513776
4.00000000000002
1.96410161513781
-0.59807621135331
-2.99999999999998
-4.59807621135331
-4.96410161513776
-4.00000000000003
-1.96410161513776
0.598076211353292
2.99999999999999
4.5980762113533
4.96410161513776
4
1.96410161513777
-0.598076211353309
-2.99999999999998
-4.5980762113533
-4.96410161513775
-4.00000000000001
-1.96410161513776
0.59807621135329
2.99999999999996
4.5980762113533
4.96410161513776
4
1.96410161513778
-0.598076211353272
-2.99999999999998
-4.59807621135331
-4.96410161513775
-4.00000000000001
-1.96410161513779
0.598076211353289
2.99999999999996
4.59807621135332
4.96410161513776
4.00000000000002
1.96410161513778
-0.598076211353236
-3
-4.5980762113533
-4.96410161513776
-4.00000000000001
-1.96410161513783
0.598076211353323
2.99999999999996
4.5980762113533
4.96410161513776
4.00000000000005
1.96410161513775
-0.59807621135327
-2.99999999999997
-4.59807621135331
-4.96410161513776
-4.00000000000004
-1.9641016151378
0.598076211353287
2.99999999999999
4.59807621135329
4.96410161513776
4.00000000000002
1.96410161513778
-0.598076211353304
-2.99999999999994
-4.59807621135329
-4.96410161513776
-4.00000000000002
-1.96410161513776
0.59807621135325
2.99999999999996
4.5980762113533
4.96410161513776
4
1.96410161513781
-0.598076211353267
-2.99999999999997
-4.59807621135328
-4.96410161513776
-4.00000000000004
-1.96410161513773
0.598076211353284
2.99999999999999
4.59807621135332
4.96410161513776
4.00000000000003
1.96410161513778
-0.598076211353231
-2.99999999999994
-4.59807621135329
-4.96410161513777
-4.00000000000002
-1.96410161513777
0.598076211353319
2.99999999999996
4.5980762113533
4.96410161513776
4.00000000000005
1.96410161513782
-0.598076211353265
-2.99999999999991
-4.59807621135331
-4.96410161513776
-4
-1.9641016151378
0.598076211353282
2.99999999999998
4.59807621135329
4.96410161513776
4.00000000000003
1.96410161513785
-0.598076211353228
-3
-4.59807621135332
-4.96410161513776
-4.00000000000002
-1.96410161513777
0.598076211353245
2.99999999999995
4.5980762113533
4.96410161513777
4.00000000000005
1.96410161513775
-0.598076211353333
-2.99999999999997
-4.59807621135331
-4.96410161513776
-4.00000000000004
-1.9641016151378
0.59807621135328
2.99999999999993
4.59807621135328
4.96410161513776
3.99999999999999
1.96410161513779
-0.598076211353296
-3
-4.59807621135329
-4.96410161513776
-4.00000000000002
-1.96410161513784
0.598076211353243
2.99999999999995
4.59807621135327
4.96410161513776
4.00000000000001
1.96410161513775
-0.59807621135326
-2.99999999999997
-4.59807621135331
-4.96410161513776
-4.00000000000004
-1.9641016151378
0.598076211353206
2.99999999999992
4.59807621135331
4.96410161513775
4.00000000000003
1.96410161513779
-0.598076211353294
-2.99999999999994
-4.59807621135326
-4.96410161513776
-4.00000000000006
-1.9641016151379
0.598076211353241
3.00000000000001
4.5980762113533
4.96410161513777
4.00000000000001
1.96410161513782
-0.598076211353187
-2.99999999999996
-4.59807621135328
-4.96410161513777
-4.00000000000004
-1.96410161513774
0.598076211353275
2.99999999999992
4.59807621135331
4.96410161513776
4.00000000000007
1.96410161513779
-0.598076211353221
-2.99999999999988
-4.59807621135329
-4.96410161513775
-4.00000000000002
-1.96410161513784
0.598076211353309
2.99999999999995
4.59807621135327
4.96410161513776
4.00000000000005
1.96410161513789
-0.598076211353255
-2.99999999999991
-4.5980762113533
-4.96410161513777
-4
-1.96410161513781
0.598076211353201
2.99999999999998
4.59807621135328
4.96410161513777
4.00000000000003
1.96410161513786
-0.598076211353148
-2.99999999999993
-4.59807621135332
-4.96410161513776
-4.00000000000007
-1.96410161513778
0.598076211353236
2.99999999999989
4.5980762113533
4.96410161513777
4.0000000000001
1.96410161513783
-0.598076211353323
-2.99999999999996
-4.59807621135327
-4.96410161513776
-4.00000000000005
-1.96410161513788
0.59807621135327
2.99999999999992
4.59807621135325
4.96410161513776
3.99999999999999
1.9641016151378
-0.598076211353216
-2.99999999999999
-4.59807621135329
-4.96410161513777
-4.00000000000002
-1.96410161513784
0.598076211353162
2.99999999999994
4.59807621135327
4.96410161513778
4.00000000000006
1.96410161513789
-0.59807621135325
-2.9999999999999
-4.5980762113533
-4.96410161513775
-4.00000000000009
-1.96410161513781
0.598076211353197
2.99999999999997
4.59807621135328
4.96410161513776
4.00000000000012
1.96410161513786
-0.598076211353143
-2.99999999999993
-4.59807621135332
-4.96410161513776
-3.99999999999998
-1.96410161513791
0.598076211353231
2.99999999999989
4.59807621135329
4.96410161513777
4.00000000000002
1.96410161513796
-0.598076211353177
-2.99999999999996
-4.59807621135327
-4.96410161513776
-4.00000000000005
-1.96410161513775
0.598076211353124
2.99999999999991
4.59807621135325
4.96410161513776
4
1.9641016151378
-0.598076211353353
-2.99999999999987
-4.59807621135329
-4.96410161513777
-4.00000000000003
-1.96410161513785
0.598076211353299
2.99999999999983
4.59807621135326
4.96410161513776
4.00000000000006
1.96410161513777
-0.598076211353245
-3.00000000000001
-4.59807621135324
-4.96410161513777
-4.00000000000009
-1.96410161513782
0.598076211353192
2.99999999999997
4.59807621135333
3.68628482700826
2.65871870646138
1.52865865091892
0.412423957968684
-0.580273172580466
-1.35708141209174
-1.85189535066339
-2.03100706852756
-1.89593233475178
-1.48264999963987
-0.857348712093646
-0.10912081138216
0.659654850161046
1.34427095263691
1.84888787287153
2.09684158178115
2.0390244892207
1.65949069146919
0.977711284121005
0.0472366555188604
-1.04912155957558
-2.2071308646549
-3.31124169587986
-4.2459687850831
-4.90743373618533
-5.21393129533582
-5.11447222487262
-4.59444902850764
-3.6778482467019
-2.42576761998458
-0.931355464515311
0.688361942034943
2.30299535755111
3.78065089794733
5
5.86140655421802
6.29604609125751
6.27214474612738
5.7977432947795
4.91972682741953
3.7192209303441
2.30380549225257
0.797303321893606
-0.671867123837171
-1.98264999963986
-3.03247043930352
-3.74644819617827
-4.08383124504743
-4.04104838417391
-3.65111212712844
-2.97946076065469
-2.1166763536953
-1.16881969895194
-0.246353926793641
0.547236655518848
1.12600016763422
1.43019652014121
1.43224439932862
1.13935055172767
0.592566263814609
-0.137628952899934
-0.958771381956581
-1.76613863808648
-2.45378303578723
-2.92576761998458
-3.10647719172519
-2.94896544276116
-2.4404907376573
-1.60466843886342
-0.500000000000038
0.785104211782081
2.14034524834152
3.44383435570619
4.57367808386488
5.41972682741955
5.89434265755395
5.94113287704866
5.54078941710201
4.71345221297369
3.51735000036018
2.04383190313239
0.409252646737781
-1.2555208546263
-2.81698317325922
-4.15111212712851
-5.15458248786456
-5.75400373849135
-5.91230579416042
-5.63167326360448
-4.95276334448118
-3.95030217480169
-2.72550432277476
-1.39606599109255
-0.0847146591869223
1.09256626381459
2.03749277430982
2.67855600283943
2.97734745712194
2.93153630102361
2.57423238001543
1.96982515071067
1.20673540015483
0.387819652763763
-0.380603227948793
-1.00000000000003
-1.39001751542765
-1.49698213645454
-1.29965173950219
-0.811641252945955
-0.0802731725804713
0.818040315118044
1.78543203413273
2.71247902668089
3.4893870020591
4.01735000036015
4.21895363034221
4.04658003153378
3.48796524058218
2.56833616355153
1.34888787287154
-0.0782801454286874
-1.59830289557536
-3.08399540373934
-4.40760805268981
-5.45276334448122
-6.12542390201144
-6.36283170757084
-6.13955208630093
-5.47003399599776
-4.40743373618532
-3.03880956812605
-1.47714484007647
0.149037066700832
1.70747109010902
3.0742323800154
4.14494687792045
4.84406278495085
5.13130574797223
5.00471610886199
4.49999999999998
3.68628482700819
2.65871870646141
1.52865865091885
0.412423957968669
-0.580273172580478
-1.35708141209169
-1.85189535066339
-2.03100706852757
-1.89593233475177
-1.48264999963984
-0.857348712093676
-0.109120811382117
0.659654850161069
1.3442709526369
1.84888787287147
2.09684158178116
2.03902448922072
1.65949069146917
0.977711284120965
0.0472366555188022
-1.04912155957565
-2.20713086465492
-3.31124169587982
-4.24596878508309
-4.90743373618538
-5.21393129533584
-5.11447222487263
-4.59444902850765
-3.67784824670182
-2.42576761998449
-0.931355464515345
0.68836194203494
2.30299535755107
3.78065089794742
4.99999999999998
5.86140655421804
6.2960460912575
6.27214474612736
-8.4779918695865
-8.3998416555316
-7.23095746580389
-5.09148632803992
-2.2467380255706
0.930213342877394
4.01341208768577
6.58767798994278
8.31084051462729
8.96456334049206
8.48564682990154
6.97291848680471
4.66884706081392
1.91916451959887
-0.882647713129394
-3.35675506154112
-5.1941706150332
-6.2005565956941
-6.31983257878519
-5.63431808919194
-4.34215894357965
-2.71661617496378
-1.05477938407842
0.375100474233447
1.37844709613506
1.86373640332864
1.85168167875906
1.46317602031554
0.888763649489207
0.345698537615805
0.0308250020802396
0.0782016714238001
0.529471666955289
1.32262479523603
2.30142195120194
3.24395730077744
3.90529425160917
4.06645742396714
3.58077151473176
2.40884796624478
0.635390152583432
-1.53589838486226
-3.80919626614143
-5.8412646131602
-7.29675883640539
-7.90491503831357
-7.50791457293318
-6.09243875961768
-3.79861201280934
-0.904249089296571
2.21355643066754
5.13364050235426
7.4540374875883
8.85314380118882
9.13887622889424
8.27784752660463
6.39984165553167
3.77691997821554
0.78064581341267
-2.17552202835987
-4.69924399781529
-6.47751370282352
-7.32078501036276
-7.18619207643076
-6.17662137575341
-4.51647183198171
-2.50881687166675
-0.481702552805451
1.2670275568319
2.51696580232131
3.15661071855897
3.19417061503338
2.74651910810563
2.00899206415799
1.21205803526147
0.573128288641844
0.252514559825972
0.321672363658337
0.749547963963028
1.40949486860349
2.10543859459118
2.61241993637863
2.72396848769294
2.29742842694149
1.28861955157614
-0.230969345062167
-2.07820167142378
-3.98350915454371
-5.63346530986312
-6.72368200513243
-7.01298795571528
-6.36939586674695
-4.79956444438736
-2.45612307653518
0.379093998493939
3.33378484533615
5.99999999999979
7.99634077415003
9.02745668959097
8.93107692559734
7.70477069533153
5.50791457293328
2.63840127202935
2.35489341217337
1.6231941692998
0.820553552278027
-0.0179491924310911
-0.855667471301077
-1.65598897572735
-2.38393581559749
-3.00769322093279
-3.5
-3.83933998420384
-4.0108823879007
-4.00712998489727
-3.82824677321079
-3.48205080756887
-2.98367251290269
-2.35489341217341
-1.62319416929973
-0.820553552278069
0.0179491924310478
0.855667471301258
1.65598897572731
2.38393581559745
3.00769322093276
3.50000000000003
3.83933998420382
4.0108823879007
4.00712998489727
3.8282467732108
3.48205080756889
2.98367251290264
2.35489341217335
1.62319416929977
0.820553552277999
-0.017949192431004
-0.855667471301216
-1.65598897572737
-2.38393581559742
-3.00769322093273
-3.50000000000001
-3.83933998420381
-4.0108823879007
-4.00712998489726
-3.82824677321078
-3.48205080756891
-2.98367251290267
-2.35489341217329
-1.62319416929981
-0.820553552278042
0.0179491924311901
0.855667471301174
1.65598897572734
2.38393581559748
3.00769322093278
3.49999999999999
3.83933998420383
4.01088238790069
4.00712998489726
3.82824677321079
3.48205080756893
2.98367251290262
2.35489341217333
1.62319416929975
0.820553552278085
-0.0179491924311463
-0.855667471301243
-1.6559889757273
-2.38393581559744
-3.00769322093283
-3.49999999999997
-3.83933998420382
-4.01088238790071
-4.00712998489727
-3.82824677321081
-3.4820508075689
-2.98367251290265
-2.35489341217336
-1.62319416929979
-0.820553552278127
0.017949192431103
0.855667471301201
1.65598897572736
2.3839358155975
3.0076932209328
3.5
3.83933998420381
4.0108823879007
4.00712998489726
3.82824677321082
3.48205080756892
2.9836725129026
2.3548934121734
1.62319416929983
0.820553552277945
-0.0179491924310595
-0.855667471301158
-1.65598897572732
-2.38393581559756
-3.00769322093277
-3.49999999999998
-3.83933998420383
-4.0108823879007
-4.00712998489727
-3.8282467732108
-3.48205080756889
-2.98367251290263
-2.35489341217334
-1.62319416929987
-0.820553552277988
0.0179491924311304
0.855667471301116
1.65598897572728
2.38393581559752
3.00769322093274
3.49999999999996
3.83933998420385
4.01088238790071
4.00712998489727
3.82824677321081
3.48205080756885
2.98367251290266
2.35489341217337
1.6231941692998
0.820553552278031
-0.0179491924310871
-0.855667471301185
-1.65598897572735
-2.38393581559749
-3.00769322093279
-3.49999999999994
-3.83933998420384
-4.0108823879007
-4.00712998489727
-3.82824677321083
-3.48205080756887
-2.98367251290261
-2.35489341217341
-1.62319416929974
-0.820553552277961
0.0179491924310435
0.855667471301142
1.65598897572741
2.38393581559745
3.00769322093276
3.49999999999997
3.83933998420382
4.0108823879007
4.00712998489727
3.8282467732108
3.48205080756889
2.98367251290264
2.35489341217344
1.62319416929978
0.820553552278003
-0.0179491924311148
-0.8556674713011
-1.65598897572737
-2.38393581559751
-3.00769322093273
-3.50000000000001
-3.83933998420384
-4.01088238790069
-4.00712998489727
-3.82824677321078
-3.48205080756891
-2.98367251290267
-2.35489341217329
-1.62319416929982
-0.820553552278046
0.0179491924310713
0.855667471301282
1.65598897572733
2.38393581559747
3.00769322093278
3.49999999999999
3.83933998420383
4.0108823879007
4.00712998489726
3.82824677321079
3.48205080756888
2.9836725129027
2.35489341217333
1.62319416929975
0.820553552278089
-0.017949192431028
-0.855667471301239
-1.65598897572729
-2.38393581559744
-3.00769322093283
-3.50000000000002
-3.83933998420382
-4.0108823879007
-4.00712998489726
-3.82824677321081
-3.4820508075689
-2.98367251290265
-2.35489341217336
-1.62319416929979
-0.820553552278019
0.017949192431099
0.855667471301197
1.65598897572736
2.3839358155974
3.0076932209328
3.5
3.83933998420381
4.01088238790069
4.00712998489726
3.82824677321079
3.48205080756892
2.9836725129026
2.35489341217331
1.62319416929983
0.820553552278062
-0.0179491924311703
-0.855667471301154
-1.65598897572732
-2.38393581559746
-3.00769322093277
-3.49999999999998
-3.83933998420383
-4.0108823879007
-4.00712998489727
-3.8282467732108
-3.48205080756895
-5.15458248786452
-5.75400373849134
-5.91230579416043
-5.63167326360452
-4.95276334448117
-3.95030217480169
-2.72550432277486
-1.39606599109241
-0.0847146591869019
1.09256626381462
2.03749277430978
2.67855600283946
2.97734745712194
2.93153630102359
2.57423238001542
1.96982515071059
1.20673540015474
0.387819652763749
-0.380603227948805
-0.999999999999994
-1.39001751542761
-1.49698213645455
-1.2996517395022
-0.811641252945947
-0.0802731725805312
0.818040315117981
1.78543203413274
2.71247902668091
3.48938700205905
4.0173500003602
4.21895363034222
4.04658003153383
3.48796524058222
2.56833616355148
1.34888787287145
-0.0782801454286604
-1.59830289557534
-3.08399540373924
-4.40760805268972
-5.45276334448107
-6.12542390201145
-6.36283170757084
-6.13955208630097
-5.47003399599784
-4.40743373618532
-3.03880956812605
-1.47714484007661
0.149037066700691
1.70747109010906
3.07423238001543
4.14494687792044
4.84406278495093
5.13130574797222
5.00471610886198
4.49999999999997
3.68628482700829
2.65871870646152
1.52865865091906
0.412423957968851
-0.580273172580491
-1.35708141209171
-1.85189535066338
-2.03100706852753
-1.89593233475173
-1.48264999963985
-0.857348712093696
-0.109120811382066
0.659654850161119
1.34427095263698
1.84888787287155
2.09684158178121
2.03902448922074
1.65949069146919
0.977711284121022
0.0472366555188826
-1.04912155957546
-2.20713086465472
-3.31124169587983
-4.2459687850831
-4.90743373618534
-5.21393129533586
-5.11447222487263
-4.59444902850766
-3.67784824670192
-2.42576761998449
-0.931355464515346
0.688361942034907
2.30299535755104
3.78065089794752
5.00000000000005
5.86140655421804
6.29604609125753
6.27214474612734
5.79774329477945
4.91972682741947
3.71922093034412
2.3038054922526
0.797303321893638
-0.671867123837016
-1.98264999963994
-3.0324704393035
-3.74644819617826
-4.08383124504736
-4.04104838417382
-3.65111212712842
-2.97946076065468
-2.1166763536951
-1.16881969895184
-0.246353926793554
0.547236655518847
