"x"
3.83933998420384
4.0108823879007
4.00712998489726
3.82824677321079
3.48205080756888
2.98367251290262
2.35489341217333
1.62319416929976
0.820553552277992
-0.0179491924311217
-0.855667471301214
-1.65598897572737
-2.3839358155975
-3.0076932209328
-3.5
-3.83933998420384
-4.0108823879007
-4.00712998489726
-3.82824677321079
-3.48205080756888
-2.98367251290262
-2.35489341217334
-1.62319416929976
-0.820553552277992
0.0179491924311233
0.855667471301217
1.65598897572737
2.3839358155975
3.0076932209328
3.5
3.83933998420384
4.0108823879007
4.00712998489726
3.82824677321079
3.48205080756888
2.98367251290262
2.35489341217333
1.62319416929976
0.820553552277992
-0.017949192431119
-0.855667471301209
-1.65598897572737
-2.3839358155975
-3.0076932209328
-3.5
-3.83933998420384
-4.0108823879007
-4.00712998489726
-3.82824677321079
-3.48205080756888
-2.98367251290262
-2.35489341217333
-1.62319416929976
-0.820553552277993
0.0179491924311257
0.855667471301216
1.65598897572737
2.38393581559751
3.0076932209328
3.5
3.83933998420384
4.0108823879007
4.00712998489726
3.82824677321079
3.48205080756888
2.98367251290262
2.35489341217334
1.62319416929976
0.820553552277993
-0.0179491924311179
-0.855667471301215
-1.65598897572737
-2.3839358155975
-3.0076932209328
-3.5
-3.83933998420384
-4.0108823879007
-4.00712998489726
-3.82824677321079
-3.48205080756888
-2.98367251290263
-2.35489341217334
-1.62319416929975
-0.820553552277994
0.0179491924311248
0.855667471301208
1.65598897572737
2.38393581559749
3.00769322093281
3.5
3.83933998420384
4.0108823879007
4.00712998489726
3.82824677321079
3.48205080756888
2.98367251290263
2.35489341217334
1.62319416929977
0.820553552277994
-0.0179491924311241
-0.855667471301207
-1.65598897572737
-2.38393581559749
-3.00769322093281
-3.5
-3.83933998420384
-4.0108823879007
-4.00712998489726
-3.8282467732108
-3.48205080756887
-2.98367251290263
-2.35489341217333
-1.62319416929977
-0.820553552277995
0.0179491924311239
-7.41908661425383
-3.08326455919198
2.74804296341673
7.82092010457192
10.3405559871148
10.0287150068795
8.09777011441871
6.19853903411449
5.15626582563109
4.44930342520227
2.80605603729516
-0.563140736012522
-5.07170838208011
-8.92187119286964
-10.2484837353647
-8.41209953354612
-4.48224807112709
-0.542341839187539
1.68326049167135
1.88309167135832
1.14408462230885
0.923617636944547
1.81808078998273
3.07694377004306
3.23205080756886
1.35371880559662
-2.04238945175364
-5.16078380891639
-6.08253188991824
-4.07991629313817
-0.125760664279314
3.77639281262685
5.94568052456847
6.06771508108655
5.18146156936156
4.66376246891318
5.01905289420008
5.41909727804757
4.35736905378153
0.92451821359054
-4.27531838541377
-9.2930452401087
-12.006766887167
-11.46299013405
-8.41925940052787
-4.70903868569711
-1.91858510619101
-0.363695210094874
0.890191477702409
3.02080087231287
6.26151982479695
9.47526474454484
10.8493110370554
9.21141682132195
4.98080340378215
0.0230515125895219
-3.51334634170268
-4.54530622612697
-3.61933295886586
-2.30870709786722
-1.92812310312759
-2.54762229720132
-3.04354091210706
-2.125664581626
0.468769752927376
3.55615131362273
5.22015612235053
4.15433311823754
0.64202003485711
-3.56274560338639
-6.38024987157838
-6.74571600474118
-5.17754255233016
-3.18911919985809
-2.02546941666958
-1.7019649318582
-1.07767952394438
1.10218339008334
5.00762668019039
9.31242692811143
11.9267246680851
11.3670971087045
7.76793661434638
2.79230135176691
-1.49015348616697
-3.93228099096405
-4.88027442957251
-5.60252415560222
-7.05566999392971
-8.96089160691892
-9.91734453980318
-8.4809809081123
-4.39020732475675
1.00936495020292
5.49999999999995
7.37983533036049
6.50480710342604
4.23787938760345
2.36721556761456
1.81301075672727
2.08294905947387
1.85632432867428
0.216247431528179
-2.44206649782086
-4.55058923820733
-4.47872701879929
-1.79037134037856
2.30536126933403
5.6728315234787
6.6334492059283
5.015223226454
2.1195545144033
-0.336994871818237
-1.49120055101003
-1.85708157403675
-2.7294778686376
-4.95058606085202
-0.59807621135326
-2.99999999999997
-4.59807621135331
-4.96410161513776
-4.00000000000004
-1.9641016151378
0.598076211353206
2.99999999999992
4.59807621135331
4.96410161513775
4.00000000000003
1.96410161513779
-0.598076211353294
-2.99999999999994
-4.59807621135326
-4.96410161513776
-4.00000000000006
-1.9641016151379
0.598076211353241
3.00000000000001
4.5980762113533
4.96410161513777
4.00000000000001
1.96410161513782
-0.598076211353187
-2.99999999999996
-4.59807621135328
-4.96410161513777
-4.00000000000004
-1.96410161513774
0.598076211353275
2.99999999999992
4.59807621135331
4.96410161513776
4.00000000000007
1.96410161513779
-0.598076211353221
-2.99999999999988
-4.59807621135329
-4.96410161513775
-4.00000000000002
-1.96410161513784
0.598076211353309
2.99999999999995
4.59807621135327
4.96410161513776
4.00000000000005
1.96410161513789
-0.598076211353255
-2.99999999999991
-4.5980762113533
-4.96410161513777
-4
-1.96410161513781
0.598076211353201
2.99999999999998
4.59807621135328
4.96410161513777
4.00000000000003
1.96410161513786
-0.598076211353148
-2.99999999999993
-4.59807621135332
-4.96410161513776
-4.00000000000007
-1.96410161513778
0.598076211353236
2.99999999999989
4.5980762113533
4.96410161513777
4.0000000000001
1.96410161513783
-0.598076211353323
-2.99999999999996
-4.59807621135327
-4.96410161513776
-4.00000000000005
-1.96410161513788
0.59807621135327
2.99999999999992
4.59807621135325
4.96410161513776
3.99999999999999
1.9641016151378
-0.598076211353216
-2.99999999999999
-4.59807621135329
-4.96410161513777
-4.00000000000002
-1.96410161513784
0.598076211353162
2.99999999999994
4.59807621135327
4.96410161513778
4.00000000000006
1.96410161513789
-0.59807621135325
-2.9999999999999
-4.5980762113533
-4.96410161513775
-4.00000000000009
-1.96410161513781
0.598076211353197
2.99999999999997
4.59807621135328
4.96410161513776
4.00000000000012
1.96410161513786
-0.598076211353143
-2.99999999999993
-4.59807621135332
-4.96410161513776
-3.99999999999998
-1.96410161513791
0.598076211353231
2.99999999999989
4.59807621135329
4.96410161513777
4.00000000000002
1.96410161513796
-0.598076211353177
-2.99999999999996
-4.59807621135327
-4.96410161513776
-4.00000000000005
-1.96410161513775
0.598076211353124
4.01735000036014
4.21895363034218
4.04658003153378
3.48796524058212
2.56833616355154
1.34888787287148
-0.0782801454286177
-1.59830289557542
-3.08399540373927
-4.40760805268985
-5.45276334448117
-6.12542390201143
-6.36283170757085
-6.13955208630095
-5.47003399599774
-4.4074337361854
-3.03880956812601
-1.47714484007657
0.149037066700867
1.70747109010896
3.07423238001542
4.14494687792044
4.84406278495089
5.13130574797223
5.00471610886204
4.49999999999997
3.68628482700826
2.65871870646138
1.52865865091892
0.412423957968684
-0.580273172580466
-1.35708141209174
-1.85189535066339
-2.03100706852756
-1.89593233475178
-1.48264999963987
-0.857348712093646
-0.10912081138216
0.659654850161046
1.34427095263691
1.84888787287153
2.09684158178115
2.0390244892207
1.65949069146919
0.977711284121005
0.0472366555188604
-1.04912155957558
-2.2071308646549
-3.31124169587986
-4.2459687850831
-4.90743373618533
-5.21393129533582
-5.11447222487262
-4.59444902850764
-3.6778482467019
-2.42576761998458
-0.931355464515311
0.688361942034943
2.30299535755111
3.78065089794733
5
5.86140655421802
6.29604609125751
6.27214474612738
5.7977432947795
4.91972682741953
3.7192209303441
2.30380549225257
0.797303321893606
-0.671867123837171
-1.98264999963986
-3.03247043930352
-3.74644819617827
-4.08383124504743
-4.04104838417391
-3.65111212712844
-2.97946076065469
-2.1166763536953
-1.16881969895194
-0.246353926793641
0.547236655518848
1.12600016763422
1.43019652014121
1.43224439932862
1.13935055172767
0.592566263814609
-0.137628952899934
-0.958771381956581
-1.76613863808648
-2.45378303578723
-2.92576761998458
-3.10647719172519
-2.94896544276116
-2.4404907376573
-1.60466843886342
-0.500000000000038
0.785104211782081
2.14034524834152
3.44383435570619
4.57367808386488
5.41972682741955
5.89434265755395
5.94113287704866
5.54078941710201
4.71345221297369
3.51735000036018
2.04383190313239
0.409252646737781
-1.2555208546263
-2.81698317325922
-4.15111212712851
-5.15458248786456
-5.75400373849135
-5.91230579416042
-5.63167326360448
-4.95276334448118
-3.95030217480169
-2.72550432277476
-1.39606599109255
-0.0847146591869223
1.09256626381459
2.03749277430982
2.67855600283943
2.97734745712194
2.93153630102361
2.57423238001543
1.96982515071067
1.20673540015483
0.387819652763763
-0.380603227948793
-1.00000000000003
-1.39001751542765
-1.49698213645454
-1.29965173950219
-0.811641252945955
-0.0802731725804713
0.818040315118044
1.78543203413273
2.71247902668089
3.4893870020591
4.01735000036015
4.21895363034221
4.04658003153378
3.48796524058218
2.56833616355153
1.34888787287154
-0.0782801454286874
-1.59830289557536
-3.08399540373934
-4.40760805268981
-5.45276334448122
-6.12542390201144
-6.36283170757084
-6.13955208630093
-5.47003399599776
-4.40743373618532
-3.03880956812605
-1.47714484007647
0.149037066700832
1.70747109010902
3.0742323800154
4.14494687792045
4.84406278495085
5.13130574797223
5.00471610886199
4.49999999999998
3.68628482700819
2.65871870646141
1.52865865091885
0.412423957968669
-0.580273172580478
-1.35708141209169
-1.85189535066339
-2.03100706852757
-1.89593233475177
-1.48264999963984
-0.857348712093676
-0.109120811382117
0.659654850161069
1.3442709526369
1.84888787287147
2.09684158178116
2.03902448922072
1.65949069146917
0.977711284120965
0.0472366555188022
-1.04912155957565
-2.20713086465492
-3.31124169587982
-4.24596878508309
-4.90743373618538
-5.21393129533584
-5.11447222487263
-4.59444902850765
-3.67784824670182
-2.42576761998449
-0.931355464515345
0.68836194203494
2.30299535755107
3.78065089794742
4.99999999999998
5.86140655421804
6.2960460912575
6.27214474612736
5.79774329477952
4.91972682741947
3.71922093034414
2.30380549225262
0.797303321893533
-0.67186712383711
-1.98264999963991
-3.03247043930347
-3.74644819617827
-4.0838312450474
-4.04104838417386
-3.65111212712846
-2.97946076065475
-2.11667635369525
-1.16881969895198
-0.246353926793589
0.547236655518827
1.12600016763425
1.43019652014121
1.4322443993286
1.13935055172767
0.592566263814634
-0.137628952899931
-0.958771381956659
-1.76613863808656
-2.45378303578724
-2.92576761998463
-3.10647719172521
-2.94896544276117
-2.44049073765734
-1.60466843886344
-0.500000000000065
0.785104211782167
2.14034524834148
3.44383435570626
4.57367808386495
5.41972682741953
5.89434265755396
5.94113287704866
5.54078941710202
4.71345221297374
3.51735000036013
2.04383190313245
0.409252646737707
-1.25552085462623
-2.81698317325928
-4.15111212712855
-5.15458248786452
-5.75400373849135
-5.91230579416041
-5.63167326360444
-4.9527633444812
-3.95030217480162
-2.72550432277479
-1.39606599109246
-0.0847146591868411
1.09256626381466
2.03749277430983
2.67855600283942
2.97734745712195
2.93153630102362
2.57423238001537
1.96982515071066
1.20673540015475
0.387819652763763
-0.38060322794886
-1.00000000000001
-1.39001751542761
-1.49698213645454
-1.29965173950221
-0.811641252945914
-0.0802731725804882
0.818040315118116
1.7854320341327
2.71247902668095
3.48938700205907
4.0173500003601
4.21895363034216
4.04658003153378
3.48796524058213
2.56833616355155
1.34888787287148
-0.0782801454286253
-1.59830289557543
-3.08399540373929
-4.40760805268978
-5.45276334448112
-6.12542390201143
-6.36283170757085
-6.13955208630092
-5.47003399599772
-4.40743373618537
-3.03880956812611
-1.4771448400765
0.149037066700796
1.7074710901089
3.0742323800153
4.14494687792051
4.84406278495089
5.13130574797223
5.00471610886198
4.49999999999994
3.68628482700822
2.65871870646144
1.52865865091888
0.412423957968699
-0.580273172580447
-1.35708141209166
-1.8518953506634
-2.03100706852755
-1.89593233475175
-1.48264999963986
-0.857348712093706
-0.109120811382224
0.659654850160966
1.34427095263696
1.84888787287152
2.09684158178115
2.03902448922072
1.65949069146913
0.977711284120984
0.0472366555188288
-1.04912155957562
-2.20713086465488
-3.31124169587979
-4.24596878508308
-4.90743373618543
-5.21393129533587
-5.11447222487266
-4.5944490285077
-3.67784824670184
-2.42576761998464
-0.931355464515518
0.688361942035013
2.30299535755114
3.78065089794736
4.99999999999993
5.86140655421809
6.29604609125751
6.27214474612737
5.79774329477954
4.91972682741949
3.71922093034417
2.30380549225266
0.797303321893461
-0.671867123837172
-1.98264999963985
-3.03247043930342
-3.74644819617827
-4.08383124504741
-4.04104838417391
-3.65111212712843
-2.97946076065468
-2.11667635369526
-1.16881969895199
-0.246353926793523
0.547236655518876
1.12600016763424
1.4301965201412
1.43224439932862
1.1393505517277
0.592566263814659
-0.137628952900052
-0.958771381956707
-1.76613863808653
-2.45378303578721
-2.92576761998458
-3.10647719172517
-2.94896544276116
-2.44049073765738
-1.60466843886337
-0.499999999999987
0.785104211782134
2.14034524834169
3.44383435570634
4.57367808386492
5.41972682741951
5.89434265755397
5.94113287704868
5.54078941710206
4.71345221297379
3.51735000036007
2.04383190313239
0.40925264673778
-1.25552085462633
-2.81698317325925
-4.15111212712843
-5.15458248786443
-5.75400373849135
-5.91230579416039
-5.63167326360444
-4.95276334448122
-3.95030217480155
-2.72550432277472
-1.39606599109251
-0.0847146591868713
1.09256626381464
2.03749277430979
2.67855600283939
-2.38393581559756
-3.00769322093277
-3.49999999999998
-3.83933998420383
-4.0108823879007
-4.00712998489727
-3.8282467732108
-3.48205080756889
-2.98367251290263
-2.35489341217334
-1.62319416929987
-0.820553552277988
0.0179491924311304
0.855667471301116
1.65598897572728
2.38393581559752
3.00769322093274
3.49999999999996
3.83933998420385
4.01088238790071
4.00712998489727
3.82824677321081
3.48205080756885
2.98367251290266
2.35489341217337
1.6231941692998
0.820553552278031
-0.0179491924310871
-0.855667471301185
-1.65598897572735
-2.38393581559749
-3.00769322093279
-3.49999999999994
-3.83933998420384
-4.0108823879007
-4.00712998489727
-3.82824677321083
-3.48205080756887
-2.98367251290261
-2.35489341217341
-1.62319416929974
-0.820553552277961
0.0179491924310435
0.855667471301142
1.65598897572741
2.38393581559745
3.00769322093276
3.49999999999997
3.83933998420382
4.0108823879007
4.00712998489727
3.8282467732108
3.48205080756889
2.98367251290264
2.35489341217344
1.62319416929978
0.820553552278003
-0.0179491924311148
-0.8556674713011
-1.65598897572737
-2.38393581559751
-3.00769322093273
-3.50000000000001
-3.83933998420384
-4.01088238790069
-4.00712998489727
-3.82824677321078
-3.48205080756891
-2.98367251290267
-2.35489341217329
-1.62319416929982
-0.820553552278046
0.0179491924310713
0.855667471301282
1.65598897572733
2.38393581559747
3.00769322093278
3.49999999999999
3.83933998420383
4.0108823879007
4.00712998489726
3.82824677321079
3.48205080756888
2.9836725129027
2.35489341217333
1.62319416929975
0.820553552278089
-0.017949192431028
-0.855667471301239
-1.65598897572729
-2.38393581559744
-3.00769322093283
-3.50000000000002
-3.83933998420382
-4.0108823879007
-4.00712998489726
-3.82824677321081
-3.4820508075689
-2.98367251290265
-2.35489341217336
-1.62319416929979
-0.820553552278019
0.017949192431099
0.855667471301197
1.65598897572736
2.3839358155974
3.0076932209328
3.5
3.83933998420381
4.01088238790069
4.00712998489726
3.82824677321079
3.48205080756892
2.9836725129026
2.35489341217331
1.62319416929983
0.820553552278062
-0.0179491924311703
-0.855667471301154
-1.65598897572732
-2.38393581559746
-3.00769322093277
-3.49999999999998
-3.83933998420383
-4.0108823879007
-4.00712998489727
-3.8282467732108
-3.48205080756895
-2.98367251290263
-2.35489341217334
-1.62319416929976
-0.820553552278104
0.0179491924311268
0.855667471301224
1.65598897572728
2.38393581559752
3.00769322093282
3.49999999999996
3.83933998420381
4.01088238790071
4.00712998489727
3.82824677321081
3.48205080756891
2.98367251290266
2.35489341217338
1.6231941692998
0.820553552277922
-0.0179491924310831
-0.855667471301181
-1.65598897572734
-2.38393581559748
-3.00769322093279
-3.49999999999999
-3.8393399842038
-4.0108823879007
-4.00712998489726
-3.82824677321083
-3.48205080756887
-2.98367251290261
-2.35489341217341
-1.62319416929984
-0.820553552277965
0.0179491924310398
0.855667471301139
1.6559889757273
2.38393581559754
3.00769322093276
3.49999999999997
3.83933998420386
4.0108823879007
4.00712998489727
3.82824677321081
3.4820508075689
2.98367251290264
2.35489341217335
1.62319416929988
0.820553552278007
-0.0179491924311108
-0.855667471301096
-1.65598897572737
-2.3839358155975
-3.00769322093273
-3.49999999999995
-3.83933998420384
-4.01088238790071
-4.00712998489727
-3.82824677321082
-3.48205080756886
-2.98367251290267
-2.35489341217339
-1.62319416929971
-0.82055355227805
0.0179491924310675
0.855667471301166
1.65598897572733
2.38393581559747
3.00769322093278
3.49999999999993
3.83933998420383
4.0108823879007
4.00712998489728
3.8282467732108
3.48205080756888
2.98367251290263
2.35489341217343
1.62319416929975
0.82055355227798
-0.017949192431024
-0.855667471301236
-1.65598897572739
-2.38393581559743
-3.00769322093275
-3.50000000000002
-3.83933998420382
-4.0108823879007
-4.00712998489727
-3.82824677321081
-3.4820508075689
-2.98367251290265
-2.35489341217337
-1.62319416929979
-0.820553552278023
0.0179491924309807
0.855667471301193
1.65598897572735
2.38393581559749
3.00769322093272
3.5
3.83933998420384
4.01088238790069
4.00712998489726
3.82824677321079
3.48205080756892
2.98367251290268
2.35489341217331
1.62319416929983
0.820553552278066
-0.0179491924310515
