"x"
11.9506454167033
10.3349341223482
7.0663065123496
4.0011901638301
2.14118015595084
1.08294905947396
-0.403696723127417
-3.14977797225632
-6.68470718494014
-9.38071625712956
-9.56717519534713
-6.79037134037849
-2.26544881700873
1.84270450455649
3.80502208118212
3.38124863023836
1.79138511517968
0.663005128181746
0.768820500791634
1.50894382974768
1.5131628184817
-0.120459041929802
-2.92361980098685
-5.21476441168312
-5.23499195493911
-2.43388393353065
2.05328583480565
6.10512453745359
7.98964549091037
7.41862557729104
5.5315299471483
3.86397723239914
3.1109740087962
2.63426207596031
1.0839622264756
-2.35338797558998
-7.0558812321792
-11.1389994089319
-12.618065795851
-10.7273826697793
-6.4321456635183
-1.75914109330588
1.55823519972899
3.12735548563196
3.88856835054805
5.10644416299591
7.16714147529342
9.12620405923415
9.37086083420707
6.90273381360593
2.26021552051896
-2.64557886346761
-5.70038188792797
-5.92745622811725
-4.03181407568838
-1.76867909024248
-0.625691887377549
-0.80637690417755
-1.25789710339084
-0.68630590887362
1.24802804437134
3.49704914452934
4.31377713112262
2.56395044468082
-1.32558159545687
-5.51248239334333
-7.90079166654217
-7.48566582158156
-4.91222617767929
-1.86602540378447
0.219965477965664
1.15948448398516
1.96995086831847
3.85255101838951
7.0043036588601
10.2036176902638
11.5265411215896
9.68986702417023
5.02946535969646
-0.622386007931817
-5.08735665276499
-7.18839769882391
-7.32563113342343
-6.89622598104463
-7.03896119709512
-7.68018053187365
-7.61321342987709
-5.54528298655782
-1.29875831904848
3.77689302217878
7.53927934324562
8.42673751324987
6.47504339553297
3.23498304584965
0.657935094926328
-0.225174209777453
0.133217350853061
0.375691444413244
-0.520136087997032
-2.31342523027783
-3.61095954056415
-2.94544700217949
-0.00276199991736936
3.94972454565749
6.79289321881344
6.93715363627776
4.35671852233278
0.530772606416913
-2.64627621281099
-4.1652048432882
-4.4525848464588
-4.79114204796688
-6.09013756771088
-7.97760040375355
-8.93803456304683
-7.41908661425383
-3.08326455919198
2.74804296341673
7.82092010457192
10.3405559871148
10.0287150068795
8.09777011441871
6.19853903411449
5.15626582563109
4.44930342520227
2.80605603729516
-0.563140736012522
-5.07170838208011
-8.92187119286964
-10.2484837353647
-8.41209953354612
-4.48224807112709
-0.542341839187539
1.68326049167135
1.88309167135832
1.14408462230885
0.923617636944547
1.81808078998273
3.07694377004306
3.23205080756886
1.35371880559662
-2.04238945175364
-5.16078380891639
-6.08253188991824
-4.07991629313817
-0.125760664279314
3.77639281262685
5.94568052456847
6.06771508108655
5.18146156936156
4.66376246891318
5.01905289420008
5.41909727804757
4.35736905378153
0.92451821359054
-4.27531838541377
-9.2930452401087
-12.006766887167
-11.46299013405
-8.41925940052787
-4.70903868569711
-1.91858510619101
-0.363695210094874
0.890191477702409
3.02080087231287
6.26151982479695
9.47526474454484
10.8493110370554
9.21141682132195
4.98080340378215
0.0230515125895219
-3.51334634170268
-4.54530622612697
-3.61933295886586
-2.30870709786722
-1.92812310312759
-2.54762229720132
-3.04354091210706
-2.125664581626
0.468769752927376
3.55615131362273
5.22015612235053
4.15433311823754
0.64202003485711
-3.56274560338639
-6.38024987157838
-6.74571600474118
1.62319416929976
0.820553552277983
-0.017949192431107
-0.855667471301204
-1.65598897572736
-2.3839358155975
-3.00769322093278
-3.49999999999999
-3.83933998420383
-4.0108823879007
-4.00712998489726
-3.82824677321079
-3.48205080756888
-2.98367251290262
-2.35489341217335
-1.62319416929977
-0.820553552277998
0.0179491924311206
0.85566747130119
1.65598897572735
2.38393581559751
3.00769322093281
3.5
3.83933998420384
4.0108823879007
4.00712998489727
3.8282467732108
3.48205080756888
2.98367251290263
2.35489341217336
1.62319416929978
0.820553552277984
-0.0179491924311346
-0.855667471301204
-1.65598897572736
-2.3839358155975
-3.0076932209328
-3.49999999999999
-3.83933998420383
-4.0108823879007
-4.00712998489726
-3.8282467732108
-3.48205080756888
-2.98367251290262
-2.35489341217332
-1.62319416929977
-0.820553552277999
0.0179491924311197
0.855667471301189
1.65598897572735
2.38393581559749
3.00769322093279
3.49999999999998
3.83933998420384
4.0108823879007
4.00712998489726
3.8282467732108
3.48205080756888
2.98367251290263
2.35489341217334
1.62319416929978
0.820553552278013
-0.017949192431105
-0.855667471301231
-1.65598897572736
-2.3839358155975
-3.0076932209328
-3.49999999999999
-3.83933998420383
-4.0108823879007
-4.00712998489726
-3.8282467732108
-3.48205080756889
-2.98367251290264
-2.35489341217333
-1.62319416929977
-0.820553552277999
0.0179491924311188
0.855667471301216
1.65598897572735
2.38393581559749
3.00769322093279
3.5
3.83933998420383
4.0108823879007
4.00712998489726
3.82824677321079
3.48205080756888
2.98367251290263
2.35489341217334
1.62319416929979
0.820553552278014
-0.0179491924311039
-0.855667471301202
-1.65598897572734
-2.3839358155975
-3.0076932209328
-3.5
-3.83933998420383
-4.0108823879007
-4.00712998489726
-3.82824677321079
-3.48205080756889
-2.98367251290264
-2.35489341217335
-1.62319416929977
-0.820553552278001
0.0179491924311177
-3.8500535129514
-4.78478630513077
-3.91130839034227
-0.970588919824996
2.77689302217871
5.27925829144392
5.0607121094655
2.23240270841377
-1.59514397307237
-4.4305130816215
-5.22517420977758
-4.43759273548972
-3.45443557450895
-3.34856321274322
-3.94739982649332
-3.93912893978767
-1.94544700217954
2.25725905188421
7.31574994944185
11.0355339059327
11.7672806552
9.44516669888067
5.53077260641683
1.9245338735319
-0.335077824365864
-1.62415772171262
-3.15716745175125
-5.76196816848722
-8.97760040375347
-11.1980556148484
-10.7851120180384
-7.32590524631129
-2.08208405550572
2.73247192802408
5.34055598711486
5.45790492053664
4.26764309549647
3.37011190936828
3.52229122941557
4.12113402597865
3.80605603729517
1.69688031578919
-1.70568297829564
-4.67923050575024
-5.41835671644246
-3.3236513569985
0.517751928872694
4.02846824715538
5.5133875105935
4.71151879610452
2.77805921852449
1.25178703616813
0.8180807899827
0.816922718241358
-0.133974596215428
-2.88892188152268
-6.87251647067556
-10.2492319854641
-11.0825318899183
-8.65072637948115
-3.95588768320134
0.947965687880545
4.31170592835283
5.739545681863
6.18146156936149
6.92378352071477
8.38507829798452
9.66173796516687
9.18749607270365
6.0129663901383
0.724681614586514
-4.72223515376587
-8.17663986824472
-8.63456300930375
-6.78528480431233
-4.38086928647356
-2.91858510619112
-2.62371626189645
-2.47583392608201
-1.22183981480635
1.43139280587469
4.38681656799685
5.8493110370553
4.64060673497923
1.15067638486009
-2.80537561215661
-5.14732093791825
-4.8734756253506
-2.61933295886587
-0.0486860460655043
1.43790230065684
1.69501838991792
1.78658610681504
2.96278359492193
5.46876975292721
8.12696139996551
9.05028314127276
6.98276024298382
2.27599463107289
-3.2345762041628
-7.38024987157841
-9.00573705654287
-8.54356795611457
-7.43175988697741
-6.85559643559176
-6.79041310840603
-6.07767952394428
-3.46862669625964
1.17749966126812
6.48399980336501
10.2927500718694
11.0389277094809
8.76793661434658
5.05232240356859
1.87587191761747
0.310359696155265
-0.0501474106502606
-0.514075979054377
-2.05566999392963
-4.39008152057606
-6.08721752088089
-5.65255378336611
-2.75623272854118
1.33753434942627
4.49999999999994
5.11981427855894
3.13878169964159
-0.00476129951571225
-2.46291145130768
-3.27543741982057
-2.91705094052602
-2.71448575766864
-3.61387958739401
-5.270493622567
-6.18456383442286
-4.80689641802285
-0.790371340378725
4.56538232113559
9.03885692726286
10.8760898930476
9.84535024537621
7.20800269095113
4.66300512818171
3.07960953533286
1.97304544488535
0.0989492561086887
-1.96410161513779
0.598076211353221
2.99999999999999
4.59807621135323
4.96410161513777
4.00000000000011
1.96410161513784
-0.598076211353309
-2.99999999999995
-4.59807621135332
-4.96410161513778
-4.00000000000005
-1.96410161513789
0.598076211353255
2.99999999999991
4.5980762113533
4.96410161513778
4.00000000000009
1.96410161513781
-0.598076211353201
-2.99999999999998
-4.59807621135328
-4.96410161513775
-4.00000000000012
-1.96410161513786
0.598076211353148
2.99999999999993
4.59807621135326
4.96410161513776
3.99999999999998
1.96410161513791
-0.598076211353236
-2.99999999999989
-4.5980762113533
-4.96410161513777
-4.00000000000001
-1.96410161513796
0.598076211353182
2.99999999999985
4.59807621135327
4.96410161513776
4.00000000000005
1.96410161513775
-0.598076211353129
-2.99999999999992
-4.59807621135325
-4.96410161513776
-4.00000000000008
-1.9641016151378
0.598076211353357
2.99999999999987
4.59807621135329
4.96410161513779
4.00000000000011
1.96410161513784
-0.598076211353304
-2.99999999999983
-4.59807621135327
-4.96410161513779
-4.00000000000014
-1.96410161513789
0.59807621135325
3.00000000000002
4.59807621135325
4.96410161513777
4.00000000000017
1.96410161513794
-0.598076211353197
-2.99999999999997
-4.59807621135322
-4.96410161513777
-4.00000000000004
-1.96410161513799
0.598076211353143
2.99999999999993
4.59807621135332
4.96410161513778
4.00000000000007
1.96410161513804
-0.59807621135309
-2.99999999999989
-4.59807621135329
-4.96410161513775
-4.0000000000001
-1.96410161513783
0.598076211353036
2.99999999999984
4.59807621135327
4.96410161513776
4.00000000000013
1.96410161513788
-0.598076211352983
-2.9999999999998
-4.59807621135325
-4.96410161513776
-4
-1.96410161513793
0.598076211353212
2.99999999999976
4.59807621135323
4.96410161513777
4.00000000000003
1.96410161513772
-0.598076211353158
-2.99999999999994
-4.59807621135321
-4.96410161513778
-4.00000000000006
-1.96410161513777
0.598076211353104
2.9999999999999
4.59807621135319
4.96410161513778
4.00000000000009
1.96410161513782
-0.598076211353333
-2.99999999999985
-4.59807621135328
-4.96410161513779
-4.00000000000013
-1.96410161513787
0.59807621135328
2.99999999999981
4.59807621135326
4.96410161513776
4.00000000000016
1.96410161513792
-0.598076211353226
-3
-4.59807621135324
-4.96410161513777
-4.00000000000019
-1.96410161513797
0.598076211353173
2.99999999999995
4.59807621135333
4.96410161513777
4.00000000000005
1.96410161513802
-0.598076211353119
-2.99999999999991
-4.59807621135331
-4.96410161513778
-4.00000000000008
-1.96410161513807
0.598076211353065
2.99999999999987
4.59807621135328
4.96410161513775
4.00000000000012
1.96410161513785
-0.598076211353012
-2.99999999999982
-4.59807621135326
-4.96410161513776
-4.00000000000015
-1.9641016151379
0.598076211353241
2.99999999999978
4.59807621135324
4.96410161513777
4.00000000000001
1.96410161513795
-0.598076211353187
-2.99999999999974
-4.59807621135322
-4.96410161513777
-4.00000000000004
-1.96410161513774
0.598076211353133
2.99999999999992
4.5980762113532
4.96410161513778
4.00000000000007
1.96410161513779
-0.59807621135308
-2.99999999999988
-4.59807621135329
-4.96410161513779
-4.00000000000011
-1.96410161513784
0.598076211353309
2.99999999999984
4.59807621135327
4.96410161513779
4.00000000000014
1.96410161513789
-0.598076211353255
-3.00000000000002
-4.59807621135325
-4.96410161513777
-4.00000000000017
-1.96410161513794
0.598076211353201
2.99999999999998
4.59807621135323
4.96410161513777
4.0000000000002
1.96410161513799
-0.598076211353148
-2.99999999999993
-4.59807621135332
-4.96410161513778
-4.00000000000007
-1.96410161513804
0.598076211353095
2.99999999999989
4.5980762113533
4.96410161513778
4.0000000000001
1.96410161513809
-0.598076211353323
-2.99999999999985
-4.59807621135327
-4.96410161513779
-3.99999999999996
-1.96410161513788
0.598076211352988
2.9999999999998
4.59807621135325
4.96410161513776
4.00000000000016
1.96410161513766
-0.598076211353216
-2.99999999999976
-4.59807621135323
-4.96410161513777
-4.00000000000002
-1.96410161513798
0.59807621135288
2.99999999999994
4.59807621135321
4.96410161513778
4.00000000000006
1.96410161513776
-0.598076211353109
-2.99999999999967
-4.5980762113533
-4.96410161513778
-4.00000000000009
-1.96410161513807
0.598076211353338
2.99999999999986
4.59807621135317
4.96410161513776
4.00000000000012
1.96410161513786
-0.598076211353002
-3.00000000000004
-4.59807621135326
-4.9641016151378
-4.00000000000015
-1.96410161513791
0.598076211353231
2.99999999999977
4.59807621135335
4.96410161513777
4.00000000000019
1.96410161513796
-0.598076211353177
-2.99999999999996
-4.59807621135322
-4.96410161513781
-4.00000000000005
-1.96410161513801
0.598076211353124
2.99999999999991
4.59807621135331
4.96410161513778
4.00000000000025
1.9641016151378
-0.59807621135307
-2.99999999999987
-4.59807621135329
-4.96410161513775
-4.00000000000011
-1.96410161513811
0.598076211353299
2.99999999999983
4.59807621135326
4.96410161513779
3.99999999999998
1.9641016151379
-0.598076211352963
-3.00000000000001
-4.59807621135324
-4.96410161513777
-4.00000000000018
-1.96410161513769
0.598076211353192
2.99999999999974
4.59807621135322
4.96410161513777
4.00000000000004
1.964101615138
-0.598076211353421
-2.99999999999993
-4.5980762113532
-4.96410161513778
-4.00000000000007
-1.96410161513779
0.598076211353085
2.99999999999965
4.59807621135329
4.96410161513779
4.0000000000001
1.96410161513784
-0.598076211353313
-2.99999999999984
-4.59807621135316
-4.96410161513776
-4.00000000000014
-1.96410161513788
0.598076211352978
3.00000000000002
4.59807621135325
4.9641016151378
4
1.96410161513793
-0.598076211353206
-2.99999999999975
-4.59807621135334
-4.96410161513777
-4.0000000000002
-1.96410161513798
0.598076211353153
2.99999999999994
4.59807621135321
4.96410161513774
4.00000000000006
1.96410161513803
-0.598076211353099
-2.99999999999989
-4.5980762113533
-4.96410161513778
-4.00000000000027
-1.96410161513782
0.598076211353046
2.99999999999985
4.59807621135328
4.96410161513776
4.00000000000013
1.96410161513813
-0.598076211353275
-2.99999999999981
-4.59807621135326
-4.9641016151378
-3.99999999999999
-1.96410161513792
0.598076211352939
2.99999999999999
4.59807621135323
4.96410161513777
4.00000000000019
1.96410161513771
-0.598076211353168
-2.99999999999972
-4.59807621135321
-4.96410161513778
-4.00000000000005
-1.96410161513802
0.598076211353396
2.99999999999991
4.59807621135319
4.96410161513778
4.00000000000009
1.96410161513781
-0.598076211353061
-2.99999999999964
-4.59807621135328
-4.96410161513779
-4.00000000000012
-2.51244077082018
-2.79289321881344
-2.32203403081784
-1.10151653659564
0.59790439871661
2.30585902963099
3.49999999999992
3.77889072147447
2.99705647422716
1.31272147505722
-0.86894897480699
-3.03553390593287
-4.7378871764742
-5.72868960032176
-6.01923203528293
-5.83638578902662
-5.49999999999999
-5.27114540178057
-5.23219203436273
-5.24668254627306
-5.01540172789991
-4.20710678118651
-2.61267756707296
-0.261433438279613
2.54802849764732
5.31800560176992
7.50000000000002
8.66825087409635
8.6553845056575
7.60069057024779
5.8938305164474
4.03553390593275
2.46735579894547
1.43331154376655
0.923175039987762
0.715482114705101
0.500000000000007
0.0292467816292601
-0.761920914091669
-1.71660540010108
-2.51244077082015
-2.79289321881346
-2.32203403081796
-1.10151653659585
0.597904398716688
2.30585902963106
3.49999999999996
3.77889072147446
2.9970564742271
1.31272147505713
-0.868948974807089
-3.03553390593295
-4.73788717647426
-5.72868960032179
-6.01923203528293
-5.83638578902661
-5.49999999999997
-5.27114540178056
-5.23219203436273
-5.24668254627307
-5.01540172789997
-4.20710678118667
-2.61267756707287
-0.261433438279498
2.54802849764744
5.31800560177003
7.5000000000001
8.66825087409638
8.65538450565747
7.60069057024799
5.89383051644732
4.03553390593267
2.46735579894541
1.43331154376652
0.923175039987749
0.715482114705094
0.499999999999994
0.0292467816293476
-0.761920914091543
-1.71660540010095
-2.51244077082007
-2.79289321881345
-2.32203403081792
-1.10151653659579
0.597904398716766
2.30585902963113
3.49999999999999
3.77889072147445
2.99705647422705
1.31272147505704
-0.868948974807188
-3.03553390593268
-4.73788717647432
-5.72868960032181
-6.01923203528293
-5.83638578902665
-5.50000000000001
-5.27114540178058
-5.23219203436272
-5.24668254627306
-5.01540172789995
-4.20710678118662
-2.61267756707314
-0.261433438279382
2.54802849764757
5.31800560177014
7.50000000000017
8.66825087409641
8.65538450565745
7.60069057024792
5.89383051644723
4.03553390593259
2.46735579894536
1.43331154376662
0.92317503998779
0.715482114705116
0.500000000000036
0.0292467816293196
-0.761920914091583
-1.716605400101
-2.51244077082009
-2.79289321881345
-2.32203403081788
-1.10151653659572
0.59790439871652
2.30585902963119
3.50000000000002
3.77889072147444
2.99705647422699
1.31272147505696
-0.868948974807287
-3.03553390593277
-4.73788717647413
-5.72868960032173
-6.01923203528293
-5.83638578902669
-5.5
-5.27114540178057
-5.23219203436273
-5.24668254627306
-5.01540172789993
-4.20710678118657
-2.61267756707306
-0.261433438279266
2.5480284976477
5.31800560177026
7.49999999999994
8.66825087409643
8.65538450565742
7.60069057024786
5.89383051644749
4.03553390593283
2.46735579894554
1.43331154376673
0.923175039987777
0.715482114705109
0.500000000000022
0.0292467816292921
-0.761920914091623
-1.71660540010104
-2.51244077082012
-2.79289321881345
-2.32203403081784
-1.10151653659565
0.597904398716598
2.30585902963126
3.50000000000006
3.77889072147443
2.99705647422693
1.31272147505687
-0.868948974807386
-3.03553390593285
-4.73788717647419
-5.72868960032176
-6.01923203528293
-5.83638578902668
-5.49999999999999
-5.27114540178057
-5.23219203436273
-5.24668254627306
-5.01540172789991
-4.20710678118652
-2.61267756707297
-0.26143343827915
2.54802849764782
5.31800560177037
7.50000000000001
