"x"
5.86140655421804
6.29604609125751
6.27214474612738
5.79774329477952
4.91972682741951
3.71922093034415
2.30380549225257
0.797303321893555
-0.67186712383715
-1.98264999963989
-3.0324704393035
-3.74644819617828
-4.08383124504743
-4.04104838417391
-3.6511121271285
-2.97946076065474
-2.11667635369527
-1.16881969895197
-0.246353926793627
0.547236655518824
1.12600016763423
1.43019652014121
1.43224439932863
1.1393505517277
0.592566263814634
-0.137628952899966
-0.958771381956641
-1.76613863808649
-2.4537830357872
-2.92576761998458
-3.10647719172518
-2.94896544276115
-2.44049073765733
-1.60466843886342
-0.500000000000002
0.78510421178217
2.14034524834154
3.44383435570625
4.57367808386488
5.41972682741951
5.89434265755393
5.94113287704865
5.540789417102
4.71345221297367
3.5173500003601
2.04383190313237
0.409252646737694
-1.2555208546263
-2.81698317325927
-4.1511121271285
-5.15458248786452
-5.75400373849135
-5.91230579416042
-5.63167326360445
-4.95276334448117
-3.95030217480165
-2.72550432277478
-1.3960659910925
-0.0847146591869277
1.09256626381463
2.03749277430983
2.67855600283943
2.97734745712195
2.93153630102362
2.57423238001541
1.96982515071068
1.20673540015482
0.38781965276379
-0.380603227948792
-0.999999999999998
-1.39001751542762
-1.49698213645454
-1.2996517395022
-0.81164125294593
-0.0802731725804851
0.818040315118062
1.78543203413268
2.71247902668087
3.48938700205904
4.01735000036011
4.21895363034217
4.04658003153378
3.48796524058214
2.56833616355154
1.3488878728715
-0.0782801454286475
-1.59830289557536
-3.08399540373928
-4.40760805268981
-5.45276334448118
-6.12542390201143
-6.36283170757084
-6.13955208630095
-5.47003399599775
-4.40743373618536
-3.03880956812605
-1.47714484007654
0.149037066700818
1.70747109010899
3.07423238001543
4.14494687792048
4.8440627849509
5.13130574797225
5.00471610886202
4.5
3.68628482700825
2.65871870646145
1.52865865091894
0.412423957968698
-0.580273172580493
-1.35708141209173
-1.8518953506634
-2.03100706852757
-1.89593233475179
-1.48264999963988
-0.857348712093716
-0.109120811382197
0.659654850161027
1.3442709526369
1.84888787287151
2.09684158178114
2.0390244892207
1.65949069146916
0.977711284121011
0.0472366555188257
-1.04912155957557
-2.20713086465488
-3.31124169587981
-4.24596878508312
-4.90743373618538
-5.21393129533584
-5.11447222487262
-4.59444902850763
-3.67784824670183
-2.42576761998459
-0.931355464515371
0.688361942034922
2.30299535755113
3.78065089794741
4.99999999999999
5.86140655421804
6.29604609125751
6.27214474612738
5.79774329477952
4.91972682741951
3.71922093034414
2.30380549225256
0.797303321893535
-0.671867123837148
-1.9826499996399
-3.03247043930348
-3.74644819617826
-4.08383124504743
-4.04104838417391
-3.65111212712849
-2.97946076065474
-2.11667635369527
-1.16881969895196
-0.246353926793615
0.54723665551882
1.12600016763422
1.43019652014121
1.43224439932863
1.1393505517277
0.59256626381465
-0.137628952899987
-0.958771381956657
-1.76613863808652
-2.4537830357872
-2.92576761998458
-3.10647719172518
-2.94896544276115
-2.44049073765734
-1.60466843886344
-0.500000000000019
0.78510421178216
2.14034524834156
3.44383435570626
4.57367808386489
5.41972682741952
5.89434265755393
5.94113287704865
5.54078941710201
4.71345221297368
3.51735000036011
2.04383190313241
0.40925264673769
-1.25552085462632
-2.8169831732593
-4.1511121271285
-5.15458248786453
-5.75400373849135
-5.91230579416041
-5.63167326360444
-4.95276334448119
-3.95030217480166
-2.7255043227748
-1.39606599109247
-0.0847146591869237
1.09256626381465
2.03749277430982
2.67855600283943
2.97734745712195
2.9315363010236
2.57423238001544
1.96982515071071
1.20673540015482
0.387819652763754
-0.380603227948788
-1
-1.39001751542762
-1.49698213645454
-1.29965173950219
-0.811641252945948
-0.0802731725805006
0.818040315118055
1.78543203413267
2.71247902668089
3.48938700205905
4.01735000036012
4.21895363034217
4.04658003153378
3.48796524058215
2.56833616355155
1.34888787287151
-0.0782801454286521
-1.59830289557539
-3.08399540373924
-4.40760805268978
-5.45276334448119
-6.12542390201145
-6.36283170757084
-6.13955208630095
-5.47003399599775
-4.40743373618536
-3.03880956812603
-1.47714484007658
0.149037066700796
1.70747109010895
3.07423238001539
4.14494687792048
4.84406278495089
5.13130574797224
5.00471610886202
4.49999999999998
3.68628482700823
2.65871870646146
1.52865865091894
0.412423957968704
-0.580273172580484
-1.35708141209173
-1.8518953506634
-2.03100706852757
-1.89593233475176
-1.48264999963986
-0.85734871209372
-0.109120811382201
0.659654850161024
1.34427095263692
1.84888787287153
2.09684158178114
2.0390244892207
1.65949069146915
0.977711284120986
0.0472366555188302
-1.04912155957556
-2.20713086465488
-3.31124169587983
-4.24596878508314
-4.90743373618535
-5.21393129533584
-5.11447222487262
-4.59444902850762
-3.67784824670184
-2.42576761998458
-0.93135546451538
0.688361942034941
2.30299535755114
3.78065089794738
4.99999999999999
5.86140655421803
6.29604609125751
6.27214474612738
5.79774329477951
4.9197268274195
3.71922093034412
2.30380549225254
0.797303321893571
-0.67186712383714
-1.98264999963989
-3.0324704393035
-3.74644819617825
-4.08383124504742
-4.04104838417389
-3.65111212712847
-2.97946076065469
-2.11667635369528
-1.16881969895197
-0.24635392679362
0.547236655518834
1.12600016763423
1.4301965201412
1.43224439932863
1.1393505517277
0.592566263814595
-0.137628952899963
-0.958771381956653
-1.76613863808651
-2.45378303578722
-2.9257676199846
-3.10647719172517
-2.94896544276116
-2.44049073765735
-1.60466843886344
-0.499999999999999
0.785104211782182
2.14034524834156
3.44383435570628
4.57367808386491
5.4197268274195
5.89434265755393
5.94113287704865
5.54078941710202
-8.97760040375347
-11.1980556148484
-10.7851120180384
-7.32590524631129
-2.08208405550572
2.73247192802408
5.34055598711486
5.45790492053664
4.26764309549647
3.37011190936828
3.52229122941557
4.12113402597865
3.80605603729517
1.69688031578919
-1.70568297829564
-4.67923050575024
-5.41835671644246
-3.3236513569985
0.517751928872694
4.02846824715538
5.5133875105935
4.71151879610452
2.77805921852449
1.25178703616813
0.8180807899827
0.816922718241358
-0.133974596215428
-2.88892188152268
-6.87251647067556
-10.2492319854641
-11.0825318899183
-8.65072637948115
-3.95588768320134
0.947965687880545
4.31170592835283
5.739545681863
6.18146156936149
6.92378352071477
8.38507829798452
9.66173796516687
9.18749607270365
6.0129663901383
0.724681614586514
-4.72223515376587
-8.17663986824472
-8.63456300930375
-6.78528480431233
-4.38086928647356
-2.91858510619112
-2.62371626189645
-2.47583392608201
-1.22183981480635
1.43139280587469
4.38681656799685
5.8493110370553
4.64060673497923
1.15067638486009
-2.80537561215661
-5.14732093791825
-4.8734756253506
-2.61933295886587
-0.0486860460655043
1.43790230065684
1.69501838991792
1.78658610681504
2.96278359492193
5.46876975292721
8.12696139996551
9.05028314127276
6.98276024298382
2.27599463107289
-3.2345762041628
-7.38024987157841
-9.00573705654287
-8.54356795611457
-7.43175988697741
-6.85559643559176
-6.79041310840603
-6.07767952394428
-3.46862669625964
1.17749966126812
6.48399980336501
10.2927500718694
11.0389277094809
8.76793661434658
5.05232240356859
1.87587191761747
0.310359696155265
-0.0501474106502606
-0.514075979054377
-2.05566999392963
-4.39008152057606
-6.08721752088089
-5.65255378336611
-2.75623272854118
1.33753434942627
4.49999999999994
5.11981427855894
3.13878169964159
-0.00476129951571225
-2.46291145130768
-3.27543741982057
-2.91705094052602
-2.71448575766864
-3.61387958739401
-5.270493622567
-6.18456383442286
-4.80689641802285
-0.790371340378725
4.56538232113559
9.03885692726286
10.8760898930476
9.84535024537621
7.20800269095113
4.66300512818171
3.07960953533286
1.97304544488535
0.0989492561086887
-3.31661146463633
-7.68389857831096
-11.214764411683
-12.0658230930837
-9.63003635623742
-5.01778197706024
-0.35897707768418
2.57302791513899
3.41862557729101
3.22074091260718
3.39987561726133
4.52518757116926
5.83041449866681
5.84424100379993
3.64661202441014
-0.225050094034549
-3.94284698622498
-5.5469979839855
-4.26328105464145
-1.015528087747
2.24085890669417
3.86902423427011
3.59145710076983
2.47435478817508
1.91029174028929
2.40686269796901
3.12620405923408
2.5400296960627
-0.293418609100599
-4.81085229134644
-9.10968047860511
-11.1169994636994
-9.92745622811734
-6.34260311022955
-2.2327807053804
0.788521674995468
2.38977551852907
3.50238167393346
5.3136940911262
8.07885918251571
10.6932015672359
11.384844942988
9.02805205981862
4.09103598031491
-1.51248239334334
-5.59000263200088
-7.02156420644376
-6.32643974005246
-5.06217782649112
-4.54031329935871
-4.84051551601473
-4.860880269826
-3.34360140431714
-0.0667641530054497
3.73951607512588
6.10992354581811
5.68986702417035
2.71867632515538
-1.08648762306953
-3.6731430903919
-3.99224527611742
-2.56535235609919
-0.896225981044641
-0.208130058950609
-0.484028109166941
-0.542145618011653
0.918818628580018
4.1178592567226
7.77689302217857
9.85006837778673
8.8908391283877
5.06082983315981
0.0388306231432392
-4.1023436823979
-6.22517420977749
-6.69761378729147
-6.82046097829335
-7.59120389986246
-8.77752684541551
-9.02757711633548
-6.94544700217968
-2.31355103445877
3.48562293051983
8.2071067811864
10.1333060589843
9.11699729965711
6.53077260641689
4.18455492533363
3.03094757941841
2.61848296540672
1.67295956717086
-0.67351999193924
-3.97760040375335
-4.59807621135325
-4.96410161513776
-4
-1.96410161513793
0.598076211353212
2.99999999999976
4.59807621135323
4.96410161513777
4.00000000000003
1.96410161513772
-0.598076211353158
-2.99999999999994
-4.59807621135321
-4.96410161513778
-4.00000000000006
-1.96410161513777
0.598076211353104
2.9999999999999
4.59807621135319
4.96410161513778
4.00000000000009
1.96410161513782
-0.598076211353333
-2.99999999999985
-4.59807621135328
-4.96410161513779
-4.00000000000013
-1.96410161513787
0.59807621135328
2.99999999999981
4.59807621135326
4.96410161513776
4.00000000000016
1.96410161513792
-0.598076211353226
-3
-4.59807621135324
-4.96410161513777
-4.00000000000019
-1.96410161513797
0.598076211353173
2.99999999999995
4.59807621135333
4.96410161513777
4.00000000000005
1.96410161513802
-0.598076211353119
-2.99999999999991
-4.59807621135331
-4.96410161513778
-4.00000000000008
-1.96410161513807
0.598076211353065
2.99999999999987
4.59807621135328
4.96410161513775
4.00000000000012
1.96410161513785
-0.598076211353012
-2.99999999999982
-4.59807621135326
-4.96410161513776
-4.00000000000015
-1.9641016151379
0.598076211353241
2.99999999999978
4.59807621135324
4.96410161513777
4.00000000000001
1.96410161513795
-0.598076211353187
-2.99999999999974
-4.59807621135322
-4.96410161513777
-4.00000000000004
-1.96410161513774
0.598076211353133
2.99999999999992
4.5980762113532
4.96410161513778
4.00000000000007
1.96410161513779
-0.59807621135308
-2.99999999999988
-4.59807621135329
-4.96410161513779
-4.00000000000011
-1.96410161513784
0.598076211353309
2.99999999999984
4.59807621135327
4.96410161513779
4.00000000000014
1.96410161513789
-0.598076211353255
-3.00000000000002
-4.59807621135325
-4.96410161513777
-4.00000000000017
-1.96410161513794
0.598076211353201
2.99999999999998
4.59807621135323
4.96410161513777
4.0000000000002
1.96410161513799
-0.598076211353148
-2.99999999999993
-4.59807621135332
-4.96410161513778
-4.00000000000007
-1.96410161513804
0.598076211353095
2.99999999999989
4.5980762113533
4.96410161513778
4.0000000000001
1.96410161513809
-0.598076211353323
-2.99999999999985
-4.59807621135327
-4.96410161513779
-3.99999999999996
-1.96410161513788
0.598076211352988
2.9999999999998
4.59807621135325
4.96410161513776
4.00000000000016
1.96410161513766
-0.598076211353216
-2.99999999999976
-4.59807621135323
-4.96410161513777
-4.00000000000002
-1.96410161513798
0.59807621135288
2.99999999999994
4.59807621135321
4.96410161513778
-3.5
-3.83933998420384
-4.0108823879007
-4.00712998489727
-3.82824677321079
-3.48205080756887
-2.98367251290269
-2.35489341217341
-1.62319416929973
-0.820553552278069
0.0179491924310478
0.855667471301258
1.65598897572731
2.38393581559745
3.00769322093276
3.50000000000003
3.83933998420382
4.0108823879007
4.00712998489727
3.8282467732108
3.48205080756889
2.98367251290264
2.35489341217335
1.62319416929977
0.820553552277999
-0.017949192431004
-0.855667471301216
-1.65598897572737
-2.38393581559742
-3.00769322093273
-3.50000000000001
-3.83933998420381
-4.0108823879007
-4.00712998489726
-3.82824677321078
-3.48205080756891
-2.98367251290267
-2.35489341217329
-1.62319416929981
-0.820553552278042
0.0179491924311901
0.855667471301174
1.65598897572734
2.38393581559748
3.00769322093278
3.49999999999999
3.83933998420383
4.01088238790069
4.00712998489726
3.82824677321079
3.48205080756893
2.98367251290262
2.35489341217333
1.62319416929975
0.820553552278085
-0.0179491924311463
-0.855667471301243
-1.6559889757273
-2.38393581559744
-3.00769322093283
-3.49999999999997
-3.83933998420382
-4.01088238790071
-4.00712998489727
-3.82824677321081
-3.4820508075689
-2.98367251290265
-2.35489341217336
-1.62319416929979
-0.820553552278127
0.017949192431103
0.855667471301201
1.65598897572736
2.3839358155975
3.0076932209328
3.5
3.83933998420381
4.0108823879007
4.00712998489726
3.82824677321082
3.48205080756892
2.9836725129026
2.3548934121734
1.62319416929983
0.820553552277945
-0.0179491924310595
-0.855667471301158
-1.65598897572732
-2.38393581559756
-3.00769322093277
-3.49999999999998
-3.83933998420383
-4.0108823879007
-4.00712998489727
-3.8282467732108
-3.48205080756889
-2.98367251290263
-2.35489341217334
-1.62319416929987
-0.820553552277988
0.0179491924311304
0.855667471301116
1.65598897572728
2.38393581559752
3.00769322093274
3.49999999999996
3.83933998420385
4.01088238790071
4.00712998489727
3.82824677321081
3.48205080756885
2.98367251290266
2.35489341217337
1.6231941692998
0.820553552278031
-0.0179491924310871
-0.855667471301185
-1.65598897572735
-2.38393581559749
-3.00769322093279
-3.49999999999994
-3.83933998420384
-4.0108823879007
-4.00712998489727
-3.82824677321083
-3.48205080756887
-2.98367251290261
-2.35489341217341
-1.62319416929974
-0.820553552277961
0.0179491924310435
0.855667471301142
1.65598897572741
2.38393581559745
3.00769322093276
3.49999999999997
3.83933998420382
4.0108823879007
4.00712998489727
3.8282467732108
3.48205080756889
2.98367251290264
2.35489341217344
1.62319416929978
0.820553552278003
-0.0179491924311148
-0.8556674713011
-1.65598897572737
-2.38393581559751
-3.00769322093273
-3.50000000000001
-3.83933998420384
-4.01088238790069
-4.00712998489727
-3.82824677321078
-3.48205080756891
-2.98367251290267
-2.35489341217329
-1.62319416929982
-0.820553552278046
0.0179491924310713
0.855667471301282
1.65598897572733
2.38393581559747
3.00769322093278
3.49999999999999
3.83933998420383
4.0108823879007
4.00712998489726
3.82824677321079
3.48205080756888
2.9836725129027
2.35489341217333
1.62319416929975
0.820553552278089
-0.017949192431028
-0.855667471301239
-1.65598897572729
-2.38393581559744
-3.00769322093283
-3.50000000000002
-3.83933998420382
-4.0108823879007
-4.00712998489726
-3.82824677321081
-3.4820508075689
-2.98367251290265
-2.35489341217336
-1.62319416929979
-0.820553552278019
0.017949192431099
0.855667471301197
1.65598897572736
2.3839358155974
3.0076932209328
3.5
3.83933998420381
4.01088238790069
4.00712998489726
3.82824677321079
3.48205080756892
2.9836725129026
2.35489341217331
1.62319416929983
0.820553552278062
-0.0179491924311703
-0.855667471301154
-1.65598897572732
-2.38393581559746
3.12735548563196
3.88856835054806
5.1064441629958
7.1671414752933
9.12620405923398
9.37086083420699
6.90273381360656
2.2602155205192
-2.64557886346731
-5.70038188792796
-5.92745622811753
-4.03181407568836
-1.76867909024243
-0.625691887377636
-0.806376904177532
-1.25789710339068
-0.686305908873764
1.24802804437111
3.49704914452929
4.31377713112268
2.56395044468105
-1.32558159545644
-5.51248239334312
-7.90079166654209
-7.48566582158185
-4.91222617767936
-1.8660254037846
0.219965477965647
1.15948448398541
1.96995086831851
3.85255101838944
7.00430365885981
10.2036176902634
11.5265411215895
9.68986702417048
5.02946535969725
-0.62238600793189
-5.08735665276503
-7.18839769882371
-7.32563113342339
-6.89622598104463
-7.03896119709515
-7.68018053187361
-7.61321342987713
-5.54528298655763
-1.29875831904888
3.7768930221783
7.53927934324564
8.42673751324988
6.47504339553322
3.23498304584991
0.657935094926423
-0.225174209777591
0.13321735085276
0.375691444413276
-0.520136087996903
-2.31342523027752
-3.61095954056405
-2.94544700217952
-0.00276199991751369
3.94972454565692
6.79289321881315
6.93715363627781
4.35671852233282
0.530772606417193
-2.64627621281077
-4.16520484328832
-4.45258484645871
-4.79114204796682
-6.09013756771099
-7.97760040375347
-8.9380345630468
-7.41908661425414
-3.08326455919219
2.74804296341642
7.8209201045717
10.3405559871147
10.0287150068797
8.09777011441891
6.19853903411472
5.156265825631
4.44930342520209
2.80605603729508
-0.56314073601193
-5.07170838207993
-8.92187119286936
-10.2484837353647
-8.41209953354602
-4.48224807112697
-0.542341839187828
1.68326049167124
1.88309167135838
1.14408462230883
0.923617636944502
1.81808078998254
3.07694377004308
3.23205080756894
1.35371880559664
-2.04238945175345
-5.16078380891634
-6.08253188991831
-4.07991629313859
-0.125760664279422
3.77639281262673
5.94568052456866
6.06771508108671
5.18146156936177
4.66376246891325
5.01905289419993
5.41909727804745
4.35736905378137
0.924518213591078
-4.27531838541298
-9.29304524010879
-12.0067668871669
-11.4629901340501
-8.41925940052825
