"x"
11.9506454167033
10.3349341223482
7.0663065123496
4.0011901638301
2.14118015595084
1.08294905947396
-0.403696723127417
-3.14977797225632
-6.68470718494014
-9.38071625712956
-9.56717519534713
-6.79037134037849
-2.26544881700873
1.84270450455649
3.80502208118212
3.38124863023836
1.79138511517968
0.663005128181746
0.768820500791634
1.50894382974768
1.5131628184817
-0.120459041929802
-2.92361980098685
-5.21476441168312
-5.23499195493911
-2.43388393353065
2.05328583480565
6.10512453745359
7.98964549091037
7.41862557729104
5.5315299471483
3.86397723239914
3.1109740087962
2.63426207596031
1.0839622264756
-2.35338797558998
-7.0558812321792
-11.1389994089319
-12.618065795851
-10.7273826697793
-6.4321456635183
-1.75914109330588
1.55823519972899
3.12735548563196
3.88856835054805
5.10644416299591
7.16714147529342
9.12620405923415
9.37086083420707
6.90273381360593
2.26021552051896
-2.64557886346761
-5.70038188792797
-5.92745622811725
-4.03181407568838
-1.76867909024248
-0.625691887377549
-0.80637690417755
-1.25789710339084
-0.68630590887362
1.24802804437134
3.49704914452934
4.31377713112262
2.56395044468082
-1.32558159545687
-5.51248239334333
-7.90079166654217
-7.48566582158156
-4.91222617767929
-1.86602540378447
0.219965477965664
1.15948448398516
1.96995086831847
3.85255101838951
7.0043036588601
10.2036176902638
11.5265411215896
9.68986702417023
5.02946535969646
-0.622386007931817
-5.08735665276499
-7.18839769882391
-7.32563113342343
-6.89622598104463
-7.03896119709512
-7.68018053187365
-7.61321342987709
-5.54528298655782
-1.29875831904848
3.77689302217878
7.53927934324562
8.42673751324987
6.47504339553297
3.23498304584965
0.657935094926328
-0.225174209777453
0.133217350853061
0.375691444413244
-0.520136087997032
-2.31342523027783
-3.61095954056415
-2.94544700217949
-0.00276199991736936
3.94972454565749
6.79289321881344
6.93715363627776
4.35671852233278
0.530772606416913
-2.64627621281099
-4.1652048432882
-4.4525848464588
-4.79114204796688
-6.09013756771088
-7.97760040375355
-8.93803456304683
-7.41908661425383
-3.08326455919198
2.74804296341673
7.82092010457192
10.3405559871148
10.0287150068795
8.09777011441871
6.19853903411449
5.15626582563109
4.44930342520227
2.80605603729516
-0.563140736012522
-5.07170838208011
-8.92187119286964
-10.2484837353647
-8.41209953354612
-4.48224807112709
-0.542341839187539
1.68326049167135
1.88309167135832
1.14408462230885
0.923617636944547
1.81808078998273
3.07694377004306
3.23205080756886
1.35371880559662
-2.04238945175364
-5.16078380891639
-6.08253188991824
-4.07991629313817
-0.125760664279314
3.77639281262685
5.94568052456847
6.06771508108655
5.18146156936156
4.66376246891318
5.01905289420008
5.41909727804757
4.35736905378153
0.92451821359054
-4.27531838541377
-9.2930452401087
-12.006766887167
-11.46299013405
-8.41925940052787
-4.70903868569711
-1.91858510619101
-0.363695210094874
0.890191477702409
3.02080087231287
6.26151982479695
9.47526474454484
10.8493110370554
9.21141682132195
4.98080340378215
0.0230515125895219
-3.51334634170268
-4.54530622612697
-3.61933295886586
-2.30870709786722
-1.92812310312759
-2.54762229720132
-3.04354091210706
-2.125664581626
0.468769752927376
3.55615131362273
5.22015612235053
4.15433311823754
0.64202003485711
-3.56274560338639
-6.38024987157838
-6.74571600474118
-5.17754255233016
-3.18911919985809
-2.02546941666958
-1.7019649318582
-1.07767952394438
1.10218339008334
5.00762668019039
9.31242692811143
11.9267246680851
11.3670971087045
7.76793661434638
2.79230135176691
-1.49015348616697
-3.93228099096405
-4.88027442957251
-5.60252415560222
-7.05566999392971
-8.96089160691892
-9.91734453980318
-8.4809809081123
-4.39020732475675
1.00936495020292
5.49999999999995
7.37983533036049
6.50480710342604
4.23787938760345
2.36721556761456
1.81301075672727
2.08294905947387
1.85632432867428
0.216247431528179
-2.44206649782086
-4.55058923820733
-4.47872701879929
-1.79037134037856
2.30536126933403
5.6728315234787
6.6334492059283
5.015223226454
2.1195545144033
-0.336994871818237
-1.49120055101003
-1.85708157403675
-2.7294778686376
-4.95058606085202
-8.01206797753468
-10.2147644116831
-9.80580204128195
-6.26401095245302
-0.775141289940655
4.47114994123794
7.6614760916868
8.41862557729104
7.79155099894999
7.23000263618357
7.35361469591547
7.46438909488254
6.17241040302348
2.6466120244101
-2.48507114583625
-7.30887239000955
-9.78963867110475
-9.0934080735637
-6.10397626429467
-2.75914109330591
-0.701785852072654
-0.238669918152408
-0.354072336571214
0.276317144073695
2.0786932987455
4.1262040592341
4.80005074786427
3.07260679468382
-0.568211604227096
-4.2795534596832
-6.0285512871515
-4.92745622811728
-1.77179302388675
1.59734631354193
3.61694879974171
4.02375011474468
3.83055107315703
4.31369409112642
5.8188381307141
7.32717616345152
7.14220425586879
4.19792504089641
-0.997412196233319
-6.51248239334327
-10.1608127183438
-10.851691225366
-9.15486686479865
-6.69615242270672
-4.86848269858218
-3.84051551601492
-2.60085921802437
0.0224239994672875
4.17587653411391
8.5696430940483
11.198371722366
10.6898670241702
7.28948641149823
2.74363939585272
-0.844715965645648
-2.35827067990174
-2.23718295687555
-1.8962259810446
-2.46815111075228
-3.8500535129514
-4.78478630513077
-3.91130839034227
-0.970588919824996
2.77689302217871
5.27925829144392
5.0607121094655
2.23240270841377
-1.59514397307237
-4.4305130816215
-5.22517420977758
-4.43759273548972
-3.45443557450895
-3.34856321274322
-3.94739982649332
-3.93912893978767
-1.94544700217954
2.25725905188421
7.31574994944185
11.0355339059327
11.7672806552
9.44516669888067
5.53077260641683
1.9245338735319
-0.335077824365864
-1.62415772171262
-3.15716745175125
-5.76196816848722
-8.97760040375347
-11.1980556148484
-10.7851120180384
-7.32590524631129
-2.08208405550572
2.73247192802408
5.34055598711486
5.45790492053664
4.26764309549647
3.37011190936828
3.52229122941557
-4.95276334448119
-3.95030217480161
-2.72550432277478
-1.3960659910925
-0.0847146591869863
1.09256626381464
2.0374927743098
2.67855600283943
2.97734745712196
2.93153630102362
2.57423238001538
1.96982515071067
1.20673540015481
0.387819652763824
-0.380603227948808
-0.999999999999995
-1.39001751542763
-1.49698213645454
-1.2996517395022
-0.811641252945907
-0.0802731725804793
0.818040315118075
1.78543203413265
2.7124790266809
3.48938700205903
4.01735000036014
4.21895363034218
4.04658003153378
3.48796524058212
2.56833616355154
1.34888787287148
-0.0782801454286177
-1.59830289557542
-3.08399540373927
-4.40760805268985
-5.45276334448117
-6.12542390201143
-6.36283170757085
-6.13955208630095
-5.47003399599774
-4.4074337361854
-3.03880956812601
-1.47714484007657
0.149037066700867
1.70747109010896
3.07423238001542
4.14494687792044
4.84406278495089
5.13130574797223
5.00471610886204
4.49999999999997
3.68628482700826
2.65871870646138
1.52865865091892
0.412423957968684
-0.580273172580466
-1.35708141209174
-1.85189535066339
-2.03100706852756
-1.89593233475178
-1.48264999963987
-0.857348712093646
-0.10912081138216
0.659654850161046
1.34427095263691
1.84888787287153
2.09684158178115
2.0390244892207
1.65949069146919
0.977711284121005
0.0472366555188604
-1.04912155957558
-2.2071308646549
-3.31124169587986
-4.2459687850831
-4.90743373618533
-5.21393129533582
-5.11447222487262
-4.59444902850764
-3.6778482467019
-2.42576761998458
-0.931355464515311
0.688361942034943
2.30299535755111
3.78065089794733
5
5.86140655421802
6.29604609125751
6.27214474612738
5.7977432947795
4.91972682741953
3.7192209303441
2.30380549225257
0.797303321893606
-0.671867123837171
-1.98264999963986
-3.03247043930352
-3.74644819617827
-4.08383124504743
-4.04104838417391
-3.65111212712844
-2.97946076065469
-2.1166763536953
-1.16881969895194
-0.246353926793641
0.547236655518848
1.12600016763422
1.43019652014121
1.43224439932862
1.13935055172767
0.592566263814609
-0.137628952899934
-0.958771381956581
-1.76613863808648
-2.45378303578723
-2.92576761998458
-3.10647719172519
-2.94896544276116
-2.4404907376573
-1.60466843886342
-0.500000000000038
0.785104211782081
2.14034524834152
3.44383435570619
4.57367808386488
5.41972682741955
5.89434265755395
5.94113287704866
5.54078941710201
4.71345221297369
-3.49999999999999
-3.83933998420383
-4.0108823879007
-4.00712998489726
-3.82824677321081
-3.48205080756888
-2.98367251290262
-2.35489341217338
-1.62319416929975
-0.820553552278035
0.0179491924311403
0.855667471301181
1.65598897572734
2.38393581559748
3.00769322093279
3.49999999999996
3.83933998420384
4.0108823879007
4.00712998489726
3.82824677321079
3.4820508075689
2.98367251290261
2.35489341217337
1.62319416929979
0.820553552278021
-0.017949192431097
-0.855667471301195
-1.65598897572735
-2.38393581559749
-3.0076932209328
-3.5
-3.83933998420382
-4.0108823879007
-4.00712998489727
-3.82824677321081
-3.4820508075689
-2.98367251290264
-2.35489341217331
-1.62319416929978
-0.820553552278007
0.0179491924311108
0.855667471301208
1.65598897572732
2.3839358155975
3.00769322093277
3.49999999999998
3.83933998420383
4.0108823879007
4.00712998489726
3.8282467732108
3.48205080756889
2.98367251290263
2.35489341217334
1.62319416929982
0.820553552277994
-0.0179491924310675
-0.855667471301222
-1.65598897572733
-2.38393581559747
-3.00769322093281
-3.49999999999998
-3.83933998420383
-4.0108823879007
-4.00712998489726
-3.82824677321081
-3.48205080756888
-2.98367251290266
-2.35489341217333
-1.62319416929981
-0.820553552278036
0.0179491924311386
0.85566747130118
1.65598897572734
2.38393581559748
3.00769322093279
3.49999999999999
3.83933998420383
4.0108823879007
4.00712998489726
3.82824677321079
3.4820508075689
2.98367251290262
2.35489341217337
1.62319416929974
0.820553552278023
-0.0179491924310951
-0.855667471301193
-1.65598897572735
-2.38393581559745
-3.0076932209328
-3.5
-3.83933998420382
-4.0108823879007
-4.00712998489727
-3.82824677321079
-3.4820508075689
-2.98367251290265
-2.35489341217336
-1.62319416929978
-0.820553552278066
0.017949192431109
0.855667471301207
1.65598897572737
2.3839358155975
3.00769322093277
3.5
3.83933998420383
4.0108823879007
4.00712998489727
3.8282467732108
3.48205080756892
2.98367251290264
2.35489341217335
1.62319416929977
0.820553552277996
-0.0179491924310655
-0.85566747130122
-1.65598897572733
-2.38393581559747
-3.00769322093278
-3.49999999999998
-3.83933998420383
-4.0108823879007
-4.00712998489726
-3.8282467732108
-3.48205080756888
-2.98367251290267
-2.35489341217333
-1.62319416929981
-0.820553552277982
0.0179491924310793
0.855667471301178
1.65598897572734
2.38393581559748
3.00769322093278
3.49999999999999
3.83933998420383
4.0108823879007
4.00712998489726
3.82824677321081
3.48205080756888
2.98367251290266
2.35489341217337
1.6231941692998
0.820553552278025
-0.0179491924310928
-0.855667471301191
-1.6559889757274
-2.38393581559744
-3.00769322093276
-3.49999999999997
-3.83933998420382
-4.0108823879007
-4.00712998489727
-3.82824677321081
-3.4820508075689
-2.98367251290265
-2.35489341217336
-1.62319416929978
-0.868948974807111
-3.03553390593279
-4.73788717647415
-5.72868960032179
-6.01923203528293
-5.83638578902663
-5.5
-5.27114540178057
-5.23219203436273
-5.24668254627307
-5.01540172789993
-4.20710678118656
-2.61267756707285
-0.261433438279472
2.54802849764773
5.31800560177029
7.49999999999996
8.66825087409639
8.65538450565747
7.60069057024784
5.89383051644747
4.03553390593265
2.4673557989454
1.43331154376658
0.923175039987773
0.715482114705106
0.500000000000019
0.0292467816293414
-0.761920914091551
-1.71660540010113
-2.51244077082018
-2.79289321881345
-2.32203403081791
-1.10151653659563
0.59790439871662
2.305859029631
3.49999999999993
3.77889072147442
2.99705647422715
1.31272147505721
-0.868948974807414
-3.03553390593288
-4.73788717647421
-5.72868960032176
-6.01923203528293
-5.83638578902665
-5.50000000000001
-5.27114540178058
-5.23219203436273
-5.24668254627306
-5.01540172789995
-4.20710678118651
-2.61267756707294
-0.261433438279596
2.54802849764734
5.3180056017704
7.50000000000003
8.66825087409636
8.6553845056575
7.60069057024778
5.89383051644739
4.03553390593274
2.46735579894534
1.43331154376662
0.923175039987788
0.715482114705114
0.499999999999976
0.0292467816293143
-0.761920914091591
-1.716605400101
-2.51244077082015
-2.79289321881345
-2.32203403081795
-1.10151653659557
0.597904398716699
2.30585902963107
3.49999999999996
3.77889072147441
2.9970564742271
1.31272147505712
-0.868948974807103
-3.03553390593278
-4.73788717647414
-5.72868960032173
-6.01923203528293
-5.83638578902663
-5.5
-5.27114540178057
-5.23219203436273
-5.24668254627307
-5.01540172789997
-4.20710678118645
-2.61267756707286
-0.261433438279481
2.54802849764746
5.31800560177051
7.50000000000011
8.66825087409639
8.65538450565747
7.60069057024785
5.89383051644747
4.03553390593282
2.46735579894528
1.43331154376658
0.923175039987775
0.715482114705108
0.499999999999991
0.0292467816293431
-0.761920914091549
-1.71660540010096
-2.51244077082018
-2.79289321881345
-2.32203403081791
-1.1015165365955
0.597904398716777
2.30585902963114
3.49999999999999
3.77889072147442
2.99705647422715
1.31272147505721
-0.868948974806998
-3.03553390593287
-4.7378871764742
-5.72868960032176
-6.01923203528293
-5.83638578902665
-5.50000000000001
-5.27114540178058
-5.23219203436273
-5.24668254627306
-5.01540172789995
-4.20710678118662
-2.61267756707277
-0.261433438279365
2.54802849764759
5.31800560177039
7.50000000000003
8.66825087409636
8.6553845056575
7.60069057024778
5.89383051644739
4.03553390593274
2.46735579894547
1.43331154376662
0.923175039987789
0.715482114705114
0.499999999999977
0.029246781629316
-0.761920914091588
-1.716605400101
-2.5124407708202
-2.79289321881345
-2.32203403081787
-1.10151653659571
0.597904398716693
2.30585902963106
3.49999999999996
3.77889072147441
2.9970564742271
1.31272147505713
-0.868948974807096
-3.03553390593278
-4.73788717647414
-5.72868960032173
-6.01923203528293
-5.83638578902663
-5.5
-5.27114540178057
-5.23219203436273
-5.24668254627306
-5.01540172789993
-4.20710678118656
-2.61267756707286
-0.261433438279489
2.54802849764745
5.31800560177004
7.5000000000001
8.66825087409638
8.65538450565747
7.60069057024785
5.89383051644748
4.03553390593282
2.46735579894553
1.43331154376658
0.923175039987775
0.715482114705108
0.500000000000021
0.0292467816292876
-0.761920914091628
-1.71660540010104
-2.51244077082018
-2.79289321881344
-2.32203403081784
-1.10151653659564
0.59790439871661
2.30585902963099
3.49999999999992
3.77889072147447
2.99705647422716
1.31272147505722
-0.86894897480699
-3.03553390593287
-4.7378871764742
-5.72868960032176
-6.01923203528293
-5.83638578902662
-5.49999999999999
-5.27114540178057
-5.23219203436273
-5.24668254627306
-5.01540172789991
-4.20710678118651
-2.61267756707296
-0.261433438279613
2.54802849764732
5.31800560176992
7.50000000000002
8.66825087409635
8.6553845056575
7.60069057024779
5.8938305164474
4.03553390593275
2.46735579894547
1.43331154376655
0.923175039987762
0.715482114705101
0.500000000000007
0.0292467816292601
-0.761920914091669
-1.71660540010108
-2.51244077082015
-2.79289321881346
-2.32203403081796
-1.10151653659585
0.597904398716688
2.30585902963106
3.49999999999996
3.77889072147446
2.9970564742271
1.31272147505713
-0.868948974807089
-3.03553390593295
-4.73788717647426
-5.72868960032179
-6.01923203528293
-5.83638578902661
-5.49999999999997
-5.27114540178056
-5.23219203436273
-5.24668254627307
-5.01540172789997
-4.20710678118667
-2.61267756707287
-0.261433438279498
2.54802849764744
5.31800560177003
7.5000000000001
8.66825087409638
8.65538450565747
7.60069057024799
3.12735548563196
3.88856835054806
5.1064441629958
7.1671414752933
9.12620405923398
9.37086083420699
6.90273381360656
2.2602155205192
-2.64557886346731
-5.70038188792796
-5.92745622811753
-4.03181407568836
-1.76867909024243
-0.625691887377636
-0.806376904177532
-1.25789710339068
-0.686305908873764
1.24802804437111
3.49704914452929
4.31377713112268
2.56395044468105
-1.32558159545644
-5.51248239334312
-7.90079166654209
-7.48566582158185
-4.91222617767936
-1.8660254037846
0.219965477965647
1.15948448398541
1.96995086831851
3.85255101838944
7.00430365885981
10.2036176902634
11.5265411215895
9.68986702417048
5.02946535969725
-0.62238600793189
-5.08735665276503
-7.18839769882371
-7.32563113342339
-6.89622598104463
-7.03896119709515
-7.68018053187361
-7.61321342987713
-5.54528298655763
-1.29875831904888
3.7768930221783
7.53927934324564
8.42673751324988
6.47504339553322
3.23498304584991
0.657935094926423
-0.225174209777591
0.13321735085276
0.375691444413276
-0.520136087996903
-2.31342523027752
-3.61095954056405
-2.94544700217952
-0.00276199991751369
3.94972454565692
6.79289321881315
6.93715363627781
4.35671852233282
0.530772606417193
-2.64627621281077
-4.16520484328832
-4.45258484645871
-4.79114204796682
-6.09013756771099
-7.97760040375347
-8.9380345630468
-7.41908661425414
-3.08326455919219
2.74804296341642
7.8209201045717
10.3405559871147
10.0287150068797
8.09777011441891
6.19853903411472
5.156265825631
4.44930342520209
2.80605603729508
-0.56314073601193
-5.07170838207993
-8.92187119286936
-10.2484837353647
-8.41209953354602
-4.48224807112697
-0.542341839187828
1.68326049167124
1.88309167135838
1.14408462230883
0.923617636944502
1.81808078998254
3.07694377004308
3.23205080756894
1.35371880559664
-2.04238945175345
-5.16078380891634
-6.08253188991831
-4.07991629313859
-0.125760664279422
3.77639281262673
5.94568052456866
6.06771508108671
5.18146156936177
4.66376246891325
5.01905289419993
5.41909727804745
4.35736905378137
0.924518213591078
-4.27531838541298
-9.29304524010879
-12.0067668871669
-11.4629901340501
-8.41925940052825
