"x"
3.83933998420384
4.0108823879007
4.00712998489726
3.82824677321079
3.48205080756888
2.98367251290262
2.35489341217333
1.62319416929976
0.820553552277992
-0.0179491924311217
-0.855667471301214
-1.65598897572737
-2.3839358155975
-3.0076932209328
-3.5
-3.83933998420384
-4.0108823879007
-4.00712998489726
-3.82824677321079
-3.48205080756888
-2.98367251290262
-2.35489341217334
-1.62319416929976
-0.820553552277992
0.0179491924311233
0.855667471301217
1.65598897572737
2.3839358155975
3.0076932209328
3.5
3.83933998420384
4.0108823879007
4.00712998489726
3.82824677321079
3.48205080756888
2.98367251290262
2.35489341217333
1.62319416929976
0.820553552277992
-0.017949192431119
-0.855667471301209
-1.65598897572737
-2.3839358155975
-3.0076932209328
-3.5
-3.83933998420384
-4.0108823879007
-4.00712998489726
-3.82824677321079
-3.48205080756888
-2.98367251290262
-2.35489341217333
-1.62319416929976
-0.820553552277993
0.0179491924311257
0.855667471301216
1.65598897572737
2.38393581559751
3.0076932209328
3.5
3.83933998420384
4.0108823879007
4.00712998489726
3.82824677321079
3.48205080756888
2.98367251290262
2.35489341217334
1.62319416929976
0.820553552277993
-0.0179491924311179
-0.855667471301215
-1.65598897572737
-2.3839358155975
-3.0076932209328
-3.5
-3.83933998420384
-4.0108823879007
-4.00712998489726
-3.82824677321079
-3.48205080756888
-2.98367251290263
-2.35489341217334
-1.62319416929975
-0.820553552277994
0.0179491924311248
0.855667471301208
1.65598897572737
2.38393581559749
3.00769322093281
3.5
3.83933998420384
4.0108823879007
4.00712998489726
3.82824677321079
3.48205080756888
2.98367251290263
2.35489341217334
1.62319416929977
0.820553552277994
-0.0179491924311241
-0.855667471301207
-1.65598897572737
-2.38393581559749
-3.00769322093281
-3.5
-3.83933998420384
-4.0108823879007
-4.00712998489726
-3.8282467732108
-3.48205080756887
-2.98367251290263
-2.35489341217333
-1.62319416929977
-0.820553552277995
0.0179491924311239
0.855667471301221
1.65598897572737
2.38393581559749
3.0076932209328
3.49999999999999
3.83933998420384
4.0108823879007
4.00712998489726
3.8282467732108
3.48205080756888
2.98367251290263
2.35489341217333
1.62319416929977
0.820553552277995
-0.0179491924311088
-0.85566747130122
-1.65598897572737
-2.3839358155975
-3.00769322093279
-3.5
-3.83933998420384
-4.0108823879007
-4.00712998489726
-3.8282467732108
-3.48205080756888
-2.98367251290264
-2.35489341217333
-1.62319416929977
-0.820553552277996
0.0179491924311086
0.855667471301206
1.65598897572737
2.3839358155975
3.00769322093279
3.5
3.83933998420383
4.0108823879007
4.00712998489726
3.8282467732108
3.48205080756888
2.98367251290263
2.35489341217333
1.62319416929976
0.820553552277982
-0.0179491924311079
-0.855667471301205
-1.65598897572736
-2.38393581559748
-3.00769322093278
-3.49999999999999
-3.83933998420384
-4.0108823879007
-4.00712998489726
-3.82824677321079
-3.48205080756888
-2.98367251290264
-2.35489341217335
-1.62319416929977
-0.820553552277997
0.0179491924310928
0.855667471301191
1.65598897572738
2.38393581559751
3.00769322093279
3.5
3.83933998420384
4.0108823879007
4.00712998489726
3.8282467732108
3.48205080756888
2.98367251290265
2.35489341217334
-5.17754255233016
-3.18911919985809
-2.02546941666958
-1.7019649318582
-1.07767952394438
1.10218339008334
5.00762668019039
9.31242692811143
11.9267246680851
11.3670971087045
7.76793661434638
2.79230135176691
-1.49015348616697
-3.93228099096405
-4.88027442957251
-5.60252415560222
-7.05566999392971
-8.96089160691892
-9.91734453980318
-8.4809809081123
-4.39020732475675
1.00936495020292
5.49999999999995
7.37983533036049
6.50480710342604
4.23787938760345
2.36721556761456
1.81301075672727
2.08294905947387
1.85632432867428
0.216247431528179
-2.44206649782086
-4.55058923820733
-4.47872701879929
-1.79037134037856
2.30536126933403
5.6728315234787
6.6334492059283
5.015223226454
2.1195545144033
-0.336994871818237
-1.49120055101003
-1.85708157403675
-2.7294778686376
-4.95058606085202
-8.01206797753468
-10.2147644116831
-9.80580204128195
-6.26401095245302
-0.775141289940655
4.47114994123794
7.6614760916868
8.41862557729104
7.79155099894999
7.23000263618357
7.35361469591547
7.46438909488254
6.17241040302348
2.6466120244101
-2.48507114583625
-7.30887239000955
-9.78963867110475
-9.0934080735637
-6.10397626429467
-2.75914109330591
-0.701785852072654
-0.238669918152408
-0.354072336571214
0.276317144073695
2.0786932987455
4.1262040592341
4.80005074786427
3.07260679468382
-0.568211604227096
-4.2795534596832
-6.0285512871515
-4.92745622811728
-1.77179302388675
1.59734631354193
3.61694879974171
4.02375011474468
3.83055107315703
4.31369409112642
5.8188381307141
7.32717616345152
7.14220425586879
4.19792504089641
-0.997412196233319
-6.51248239334327
-10.1608127183438
-10.851691225366
-9.15486686479865
-6.69615242270672
-4.86848269858218
-3.84051551601492
-2.60085921802437
0.0224239994672875
4.17587653411391
8.5696430940483
11.198371722366
10.6898670241702
7.28948641149823
2.74363939585272
-0.844715965645648
-2.35827067990174
-2.23718295687555
-1.8962259810446
-2.46815111075228
-3.8500535129514
-4.78478630513077
-3.91130839034227
-0.970588919824996
2.77689302217871
5.27925829144392
5.0607121094655
2.23240270841377
-1.59514397307237
-4.4305130816215
-5.22517420977758
-4.43759273548972
-3.45443557450895
-3.34856321274322
-3.94739982649332
-3.93912893978767
-1.94544700217954
2.25725905188421
7.31574994944185
11.0355339059327
11.7672806552
9.44516669888067
5.53077260641683
1.9245338735319
-0.335077824365864
-1.62415772171262
-3.15716745175125
-5.76196816848722
-8.97760040375347
-11.1980556148484
-10.7851120180384
-7.32590524631129
-2.08208405550572
2.73247192802408
5.34055598711486
5.45790492053664
4.26764309549647
3.37011190936828
3.52229122941557
4.12113402597865
3.80605603729517
1.69688031578919
-1.70568297829564
-4.67923050575024
-5.41835671644246
-3.3236513569985
0.517751928872694
4.02846824715538
5.5133875105935
4.71151879610452
2.77805921852449
1.25178703616813
0.8180807899827
0.816922718241358
-0.133974596215428
-2.88892188152268
-6.87251647067556
-10.2492319854641
-11.0825318899183
-8.65072637948115
-3.95588768320134
0.947965687880545
4.31170592835283
5.739545681863
6.18146156936149
6.92378352071477
8.38507829798452
9.66173796516687
9.18749607270365
6.0129663901383
0.724681614586514
-4.72223515376587
-8.17663986824472
-8.63456300930375
-6.78528480431233
-4.38086928647356
-2.91858510619112
-2.62371626189645
-2.47583392608201
-1.22183981480635
1.43139280587469
4.38681656799685
5.8493110370553
4.64060673497923
1.15067638486009
-2.80537561215661
-5.14732093791825
-4.8734756253506
-2.61933295886587
-0.0486860460655043
1.43790230065684
1.69501838991792
1.78658610681504
0.412423957968684
-0.580273172580466
-1.35708141209174
-1.85189535066339
-2.03100706852756
-1.89593233475178
-1.48264999963987
-0.857348712093646
-0.10912081138216
0.659654850161046
1.34427095263691
1.84888787287153
2.09684158178115
2.0390244892207
1.65949069146919
0.977711284121005
0.0472366555188604
-1.04912155957558
-2.2071308646549
-3.31124169587986
-4.2459687850831
-4.90743373618533
-5.21393129533582
-5.11447222487262
-4.59444902850764
-3.6778482467019
-2.42576761998458
-0.931355464515311
0.688361942034943
2.30299535755111
3.78065089794733
5
5.86140655421802
6.29604609125751
6.27214474612738
5.7977432947795
4.91972682741953
3.7192209303441
2.30380549225257
0.797303321893606
-0.671867123837171
-1.98264999963986
-3.03247043930352
-3.74644819617827
-4.08383124504743
-4.04104838417391
-3.65111212712844
-2.97946076065469
-2.1166763536953
-1.16881969895194
-0.246353926793641
0.547236655518848
1.12600016763422
1.43019652014121
1.43224439932862
1.13935055172767
0.592566263814609
-0.137628952899934
-0.958771381956581
-1.76613863808648
-2.45378303578723
-2.92576761998458
-3.10647719172519
-2.94896544276116
-2.4404907376573
-1.60466843886342
-0.500000000000038
0.785104211782081
2.14034524834152
3.44383435570619
4.57367808386488
5.41972682741955
5.89434265755395
5.94113287704866
5.54078941710201
4.71345221297369
3.51735000036018
2.04383190313239
0.409252646737781
-1.2555208546263
-2.81698317325922
-4.15111212712851
-5.15458248786456
-5.75400373849135
-5.91230579416042
-5.63167326360448
-4.95276334448118
-3.95030217480169
-2.72550432277476
-1.39606599109255
-0.0847146591869223
1.09256626381459
2.03749277430982
2.67855600283943
2.97734745712194
2.93153630102361
2.57423238001543
1.96982515071067
1.20673540015483
0.387819652763763
-0.380603227948793
-1.00000000000003
-1.39001751542765
-1.49698213645454
-1.29965173950219
-0.811641252945955
-0.0802731725804713
0.818040315118044
1.78543203413273
2.71247902668089
3.4893870020591
4.01735000036015
4.21895363034221
4.04658003153378
3.48796524058218
2.56833616355153
1.34888787287154
-0.0782801454286874
-1.59830289557536
-3.08399540373934
-4.40760805268981
-5.45276334448122
-6.12542390201144
-6.36283170757084
-6.13955208630093
-5.47003399599776
-4.40743373618532
-3.03880956812605
-1.47714484007647
0.149037066700832
1.70747109010902
3.0742323800154
4.14494687792045
4.84406278495085
5.13130574797223
5.00471610886199
4.49999999999998
3.68628482700819
2.65871870646141
1.52865865091885
0.412423957968669
-0.580273172580478
-1.35708141209169
-1.85189535066339
-2.03100706852757
-1.89593233475177
-1.48264999963984
-0.857348712093676
-0.109120811382117
0.659654850161069
1.3442709526369
1.84888787287147
2.09684158178116
2.03902448922072
1.65949069146917
0.977711284120965
0.0472366555188022
-1.04912155957565
-2.20713086465492
-3.31124169587982
-4.24596878508309
-4.90743373618538
-5.21393129533584
-5.11447222487263
-4.59444902850765
-3.67784824670182
-2.42576761998449
-0.931355464515345
0.68836194203494
2.30299535755107
3.78065089794742
4.99999999999998
5.86140655421804
6.2960460912575
6.27214474612736
5.79774329477952
4.91972682741947
3.71922093034414
2.30380549225262
0.797303321893533
-0.67186712383711
-1.98264999963991
-3.03247043930347
-3.74644819617827
-4.0838312450474
-4.04104838417386
-3.65111212712846
-2.97946076065475
-2.11667635369525
-1.16881969895198
-0.246353926793589
0.547236655518827
1.12600016763425
1.43019652014121
1.4322443993286
1.13935055172767
0.592566263814634
-0.137628952899931
-0.958771381956659
-1.76613863808656
-2.45378303578724
-2.92576761998463
-3.10647719172521
-2.94896544276117
-2.44049073765734
-1.60466843886344
-0.500000000000065
0.785104211782167
2.14034524834148
3.44383435570626
4.57367808386495
5.41972682741953
5.89434265755396
5.94113287704866
5.54078941710202
4.71345221297374
3.51735000036013
2.04383190313245
0.409252646737707
-1.25552085462623
-2.81698317325928
-4.15111212712855
-5.15458248786452
-5.75400373849135
-5.91230579416041
-5.63167326360444
-4.9527633444812
-3.95030217480162
-2.72550432277479
-1.39606599109246
-0.0847146591868411
1.09256626381466
2.03749277430983
2.67855600283942
2.97734745712195
2.93153630102362
2.57423238001537
1.96982515071066
1.20673540015475
0.387819652763763
-0.38060322794886
-1.00000000000001
-1.39001751542761
-1.49698213645454
-1.29965173950221
-0.811641252945914
-0.0802731725804882
0.818040315118116
1.7854320341327
2.71247902668095
3.48938700205907
4.0173500003601
4.21895363034216
4.04658003153378
3.48796524058213
2.56833616355155
1.34888787287148
-0.0782801454286253
-1.59830289557543
-3.08399540373929
-4.40760805268978
-5.45276334448112
-6.12542390201143
-6.36283170757085
-6.13955208630092
-5.47003399599772
-4.40743373618537
-3.03880956812611
-1.4771448400765
0.149037066700796
1.7074710901089
3.0742323800153
4.14494687792051
4.84406278495089
5.13130574797223
5.00471610886198
4.49999999999994
3.68628482700822
2.65871870646144
1.52865865091888
0.412423957968699
-0.580273172580447
-1.35708141209166
-1.8518953506634
-2.03100706852755
-1.89593233475175
-1.48264999963986
-0.857348712093706
-0.109120811382224
0.659654850160966
1.34427095263696
1.84888787287152
2.09684158178115
2.03902448922072
1.65949069146913
0.977711284120984
0.0472366555188288
-1.04912155957562
-2.20713086465488
-3.31124169587979
-4.24596878508308
-4.90743373618543
-5.21393129533587
-5.11447222487266
-4.5944490285077
-3.67784824670184
-2.42576761998464
-0.931355464515518
0.688361942035013
2.30299535755114
3.78065089794736
4.99999999999993
5.86140655421809
6.29604609125751
6.27214474612737
5.79774329477954
4.91972682741949
3.71922093034417
2.30380549225266
0.797303321893461
-0.671867123837172
-1.98264999963985
-3.03247043930342
-3.74644819617827
-4.08383124504741
-4.04104838417391
-3.65111212712843
-2.97946076065468
-2.11667635369526
-1.16881969895199
-0.246353926793523
0.547236655518876
1.12600016763424
1.4301965201412
1.43224439932862
1.1393505517277
0.592566263814659
-0.137628952900052
-0.958771381956707
-1.76613863808653
-2.45378303578721
-2.92576761998458
-3.10647719172517
-2.94896544276116
-2.44049073765738
-1.60466843886337
-0.499999999999987
0.785104211782134
2.14034524834169
3.44383435570634
4.57367808386492
5.41972682741951
5.89434265755397
5.94113287704868
5.54078941710206
4.71345221297379
3.51735000036007
2.04383190313239
0.40925264673778
-1.25552085462633
-2.81698317325925
-4.15111212712843
-5.15458248786443
-5.75400373849135
-5.91230579416039
-5.63167326360444
-4.95276334448122
-3.95030217480155
-2.72550432277472
-1.39606599109251
-0.0847146591868713
1.09256626381464
2.03749277430979
2.67855600283939
2.97734745712193
-2.84366861481356
0.094705748390628
2.8416175512095
5.04090951452281
6.43567214161629
6.90267115729216
6.46410161513782
5.2754103069816
3.59196773676716
1.72087490692835
-0.0334349575259982
-1.42028865734226
-2.28185025639926
-2.57377214005197
-2.3643870890873
-1.81326774470392
-1.13364050235448
-0.545962512411552
-0.23146277193425
-0.294356121033187
-0.739786216728953
-1.47163842525617
-2.31070593737532
-3.02994268980573
-3.40036190111739
-3.23910599802418
-2.45068952745207
-1.05350400565405
0.813807923569289
2.90798519736965
4.91676051794568
6.50881687166658
7.38977752798224
7.35465347242277
6.32755430553973
4.38145059131679
1.73403261524222
-1.28030506726579
-4.25828894055071
-6.78794196473872
-8.5114782844814
-9.18071779010146
-8.69596137967526
-7.12193211682445
-4.67813104698751
-1.70514990862737
1.38758006362097
4.18410648748379
6.32425260231298
7.55590055628493
7.76903065493789
7.00640490169938
5.44972319538377
3.38416843347054
1.14779807565521
-0.925362040124324
-2.55880736352847
-3.57472457162965
-3.91626107632626
-3.64773017687751
-2.93349615937259
-2.00000000000001
-1.08826579897315
-0.405775660336478
-0.0865568177362599
-0.16670938545604
-0.579711342657596
-1.17218723118905
-1.7370683745753
-2.05787296484305
-1.95576291023399
-1.33046111278342
-0.187144508008335
1.35611121013079
3.08229808577178
4.70896121464874
5.93574004039376
6.4978504453838
6.21613476623653
5.03467999030919
3.03896165504222
0.45068952745207
-2.40053348193414
-5.12464843819664
-7.33024525130023
-8.68579117288341
-8.97291848680457
-8.12288454840222
-6.23000503422632
-3.53961234080132
-0.412275593396638
2.73006899989561
5.46744957527408
7.44448101698161
8.42226005393052
8.31133394149943
7.18071779010156
5.24192389208689
2.8110916021973
0.255870993056912
-2.06388074631054
-3.85168167875911
-4.91721350790389
-5.19960416411646
-4.76795859154643
-3.79985565701801
-2.54230328656157
-1.26257868737547
-0.197976357039586
-2.44049073765736
-1.6046684388635
-0.500000000000142
0.785104211782204
2.14034524834152
3.44383435570619
4.5736780838648
5.41972682741956
5.89434265755396
5.94113287704868
5.54078941710207
4.71345221297363
3.5173500003601
2.04383190313242
0.409252646737524
-1.25552085462641
-2.81698317325931
-4.15111212712847
-5.15458248786452
-5.75400373849134
-5.91230579416043
-5.63167326360452
-4.95276334448117
-3.95030217480169
-2.72550432277486
-1.39606599109241
-0.0847146591869019
1.09256626381462
2.03749277430978
2.67855600283946
2.97734745712194
2.93153630102359
2.57423238001542
1.96982515071059
1.20673540015474
0.387819652763749
-0.380603227948805
-0.999999999999994
-1.39001751542761
-1.49698213645455
-1.2996517395022
-0.811641252945947
-0.0802731725805312
0.818040315117981
1.78543203413274
2.71247902668091
3.48938700205905
4.0173500003602
4.21895363034222
4.04658003153383
3.48796524058222
2.56833616355148
1.34888787287145
-0.0782801454286604
-1.59830289557534
-3.08399540373924
-4.40760805268972
-5.45276334448107
-6.12542390201145
-6.36283170757084
-6.13955208630097
-5.47003399599784
-4.40743373618532
-3.03880956812605
-1.47714484007661
0.149037066700691
1.70747109010906
3.07423238001543
4.14494687792044
4.84406278495093
5.13130574797222
5.00471610886198
4.49999999999997
3.68628482700829
2.65871870646152
1.52865865091906
0.412423957968851
-0.580273172580491
-1.35708141209171
-1.85189535066338
-2.03100706852753
-1.89593233475173
-1.48264999963985
-0.857348712093696
-0.109120811382066
0.659654850161119
1.34427095263698
1.84888787287155
2.09684158178121
2.03902448922074
1.65949069146919
0.977711284121022
0.0472366555188826
-1.04912155957546
-2.20713086465472
-3.31124169587983
-4.2459687850831
-4.90743373618534
-5.21393129533586
-5.11447222487263
-4.59444902850766
-3.67784824670192
-2.42576761998449
-0.931355464515346
0.688361942034907
2.30299535755104
3.78065089794752
5.00000000000005
5.86140655421804
6.29604609125753
6.27214474612734
5.79774329477945
4.91972682741947
3.71922093034412
2.3038054922526
0.797303321893638
-0.671867123837016
-1.98264999963994
-3.0324704393035
-3.74644819617826
-4.08383124504736
-4.04104838417382
-3.65111212712842
-2.97946076065468
-2.1166763536951
-1.16881969895184
-0.246353926793554
0.547236655518847
