"x"
11.9506454167033
10.3349341223482
7.0663065123496
4.0011901638301
2.14118015595084
1.08294905947396
-0.403696723127417
-3.14977797225632
-6.68470718494014
-9.38071625712956
-9.56717519534713
-6.79037134037849
-2.26544881700873
1.84270450455649
3.80502208118212
3.38124863023836
1.79138511517968
0.663005128181746
0.768820500791634
1.50894382974768
1.5131628184817
-0.120459041929802
-2.92361980098685
-5.21476441168312
-5.23499195493911
-2.43388393353065
2.05328583480565
6.10512453745359
7.98964549091037
7.41862557729104
5.5315299471483
3.86397723239914
3.1109740087962
2.63426207596031
1.0839622264756
-2.35338797558998
-7.0558812321792
-11.1389994089319
-12.618065795851
-10.7273826697793
-6.4321456635183
-1.75914109330588
1.55823519972899
3.12735548563196
3.88856835054805
5.10644416299591
7.16714147529342
9.12620405923415
9.37086083420707
6.90273381360593
2.26021552051896
-2.64557886346761
-5.70038188792797
-5.92745622811725
-4.03181407568838
-1.76867909024248
-0.625691887377549
-0.80637690417755
-1.25789710339084
-0.68630590887362
1.24802804437134
3.49704914452934
4.31377713112262
2.56395044468082
-1.32558159545687
-5.51248239334333
-7.90079166654217
-7.48566582158156
-4.91222617767929
-1.86602540378447
0.219965477965664
1.15948448398516
1.96995086831847
3.85255101838951
7.0043036588601
10.2036176902638
11.5265411215896
9.68986702417023
5.02946535969646
-0.622386007931817
-5.08735665276499
-7.18839769882391
-7.32563113342343
-6.89622598104463
-7.03896119709512
-7.68018053187365
-7.61321342987709
-5.54528298655782
-1.29875831904848
3.77689302217878
7.53927934324562
8.42673751324987
6.47504339553297
3.23498304584965
0.657935094926328
-0.225174209777453
0.133217350853061
0.375691444413244
-0.520136087997032
-2.31342523027783
-3.61095954056415
-2.94544700217949
-0.00276199991736936
3.94972454565749
6.79289321881344
6.93715363627776
4.35671852233278
0.530772606416913
-2.64627621281099
-4.1652048432882
-4.4525848464588
-4.79114204796688
-6.09013756771088
-7.97760040375355
-8.93803456304683
-7.41908661425383
-3.08326455919198
2.74804296341673
7.82092010457192
10.3405559871148
10.0287150068795
8.09777011441871
6.19853903411449
5.15626582563109
4.44930342520227
2.80605603729516
-0.563140736012522
-5.07170838208011
-8.92187119286964
-10.2484837353647
-8.41209953354612
-4.48224807112709
-0.542341839187539
1.68326049167135
1.88309167135832
1.14408462230885
0.923617636944547
1.81808078998273
-3.8282467732108
-3.48205080756888
-2.98367251290264
-2.35489341217333
-1.62319416929977
-0.820553552277996
0.0179491924311086
0.855667471301206
1.65598897572737
2.3839358155975
3.00769322093279
3.5
3.83933998420383
4.0108823879007
4.00712998489726
3.8282467732108
3.48205080756888
2.98367251290263
2.35489341217333
1.62319416929976
0.820553552277982
-0.0179491924311079
-0.855667471301205
-1.65598897572736
-2.38393581559748
-3.00769322093278
-3.49999999999999
-3.83933998420384
-4.0108823879007
-4.00712998489726
-3.82824677321079
-3.48205080756888
-2.98367251290264
-2.35489341217335
-1.62319416929977
-0.820553552277997
0.0179491924310928
0.855667471301191
1.65598897572738
2.38393581559751
3.00769322093279
3.5
3.83933998420384
4.0108823879007
4.00712998489726
3.8282467732108
3.48205080756888
2.98367251290265
2.35489341217334
1.62319416929976
0.820553552277983
-0.017949192431107
-0.855667471301204
-1.65598897572736
-2.3839358155975
-3.00769322093278
-3.49999999999999
-3.83933998420383
-4.0108823879007
-4.00712998489726
-3.82824677321079
-3.48205080756888
-2.98367251290262
-2.35489341217335
-1.62319416929977
-0.820553552277998
0.0179491924311206
0.85566747130119
1.65598897572735
2.38393581559751
3.00769322093281
3.5
3.83933998420384
4.0108823879007
4.00712998489727
3.8282467732108
3.48205080756888
2.98367251290263
2.35489341217336
1.62319416929978
0.820553552277984
-0.0179491924311346
-0.855667471301204
-1.65598897572736
-2.3839358155975
-3.0076932209328
-3.49999999999999
-3.83933998420383
-4.0108823879007
-4.00712998489726
-3.8282467732108
-3.48205080756888
-2.98367251290262
-2.35489341217332
-1.62319416929977
-0.820553552277999
0.0179491924311197
0.855667471301189
1.65598897572735
2.38393581559749
3.00769322093279
3.49999999999998
3.83933998420384
4.0108823879007
4.00712998489726
3.8282467732108
3.48205080756888
2.98367251290263
2.35489341217334
1.62319416929978
0.820553552278013
-0.017949192431105
-0.855667471301231
-1.65598897572736
-2.3839358155975
-3.0076932209328
-3.49999999999999
-3.83933998420383
-4.0108823879007
-4.00712998489726
-3.8282467732108
-3.48205080756889
-2.98367251290264
-2.35489341217333
-1.62319416929977
-0.820553552277999
0.0179491924311188
0.855667471301216
1.65598897572735
2.38393581559749
3.00769322093279
3.5
3.83933998420383
4.0108823879007
4.00712998489726
3.82824677321079
3.48205080756888
2.98367251290263
2.35489341217334
1.62319416929979
0.820553552278014
-0.0179491924311039
-0.855667471301202
-1.65598897572734
-2.3839358155975
-3.0076932209328
-3.5
-3.83933998420383
-4.0108823879007
-4.00712998489726
-3.82824677321079
-3.48205080756889
-2.98367251290264
-2.35489341217335
-1.62319416929977
-0.820553552278001
0.0179491924311177
0.855667471301215
1.65598897572737
2.38393581559749
3.00769322093279
3.5
3.83933998420383
4.0108823879007
4.00712998489727
3.8282467732108
3.48205080756888
2.98367251290261
2.35489341217336
1.62319416929979
0.820553552278015
-0.017949192431103
-0.855667471301201
-1.65598897572736
-2.3839358155975
-3.0076932209328
-3.5
-3.83933998420384
-4.0108823879007
-4.00712998489726
-3.8282467732108
-3.48205080756889
-2.98367251290264
-2.35489341217335
-1.62319416929977
-0.820553552278002
0.0179491924311168
0.855667471301158
1.65598897572737
2.38393581559746
3.00769322093281
3.49999999999998
3.83933998420383
4.01088238790071
4.00712998489727
3.8282467732108
3.48205080756889
2.98367251290263
2.35489341217334
1.62319416929976
0.820553552278044
-0.0179491924311304
-0.855667471301172
-1.65598897572733
-2.38393581559752
-3.00769322093278
-3.50000000000002
-3.83933998420383
-4.0108823879007
-4.00712998489726
-3.82824677321079
-3.48205080756891
-2.98367251290262
-2.35489341217337
-1.6231941692998
-0.820553552277975
0.0179491924310871
0.855667471301242
1.65598897572735
2.38393581559749
3.00769322093279
3.49999999999999
3.83933998420382
4.0108823879007
4.00712998489726
3.82824677321079
3.48205080756887
2.98367251290265
2.35489341217332
1.62319416929979
0.820553552278017
-0.0179491924311008
-0.855667471301199
-1.65598897572731
-2.3839358155975
-3.0076932209328
-3.5
-3.83933998420384
-4.0108823879007
-4.00712998489726
-3.8282467732108
-3.48205080756889
-2.98367251290264
-2.35489341217335
-1.62319416929978
-0.820553552278003
0.0179491924311148
0.855667471301212
1.65598897572737
2.38393581559746
3.00769322093281
3.49999999999998
3.83933998420384
4.0108823879007
4.00712998489727
3.8282467732108
3.48205080756889
2.98367251290263
2.35489341217334
1.62319416929976
0.820553552278046
-0.0179491924311284
-0.85566747130117
-1.65598897572738
-2.38393581559747
-3.00769322093278
-3.49999999999999
-3.83933998420383
-4.0108823879007
-4.00712998489726
-3.82824677321079
-3.48205080756888
-2.98367251290262
-2.35489341217338
-1.62319416929975
-0.820553552278033
0.0179491924310853
0.855667471301239
1.65598897572734
2.38393581559753
3.00769322093279
3.49999999999999
3.83933998420384
4.0108823879007
4.00712998489727
3.82824677321079
3.4820508075689
2.98367251290265
2.35489341217332
1.62319416929979
0.820553552277963
-0.017949192431099
-0.855667471301197
-1.65598897572736
-2.3839358155975
-3.00769322093276
-3.5
-3.83933998420382
-4.0108823879007
-4.00712998489726
-3.8282467732108
-3.48205080756887
-2.98367251290264
-2.35489341217335
-1.62319416929978
-0.820553552278005
0.0179491924310555
0.85566747130121
1.65598897572732
2.38393581559751
3.00769322093281
3.49999999999998
3.83933998420384
4.0108823879007
4.00712998489727
3.8282467732108
3.48205080756889
2.98367251290263
2.35489341217334
1.62319416929982
0.820553552277992
-0.0179491924311268
-0.855667471301168
-1.65598897572738
-2.38393581559747
-3.00769322093282
-3.49999999999999
-3.83933998420383
-4.0108823879007
-4.00712998489726
-3.82824677321081
-3.48205080756888
-2.98367251290262
-2.35489341217338
-1.62319416929975
-0.820553552278035
0.0179491924311403
0.855667471301181
1.65598897572734
2.38393581559748
3.00769322093279
3.49999999999996
3.83933998420384
4.0108823879007
4.00712998489726
3.82824677321079
3.4820508075689
2.98367251290261
2.35489341217337
1.62319416929979
0.820553552278021
-0.017949192431097
-0.855667471301195
-1.65598897572735
-2.38393581559749
-3.0076932209328
-3.5
0.818040315118044
1.78543203413273
2.71247902668089
3.4893870020591
4.01735000036015
4.21895363034221
4.04658003153378
3.48796524058218
2.56833616355153
1.34888787287154
-0.0782801454286874
-1.59830289557536
-3.08399540373934
-4.40760805268981
-5.45276334448122
-6.12542390201144
-6.36283170757084
-6.13955208630093
-5.47003399599776
-4.40743373618532
-3.03880956812605
-1.47714484007647
0.149037066700832
1.70747109010902
3.0742323800154
4.14494687792045
4.84406278495085
5.13130574797223
5.00471610886199
4.49999999999998
3.68628482700819
2.65871870646141
1.52865865091885
0.412423957968669
-0.580273172580478
-1.35708141209169
-1.85189535066339
-2.03100706852757
-1.89593233475177
-1.48264999963984
-0.857348712093676
-0.109120811382117
0.659654850161069
1.3442709526369
1.84888787287147
2.09684158178116
2.03902448922072
1.65949069146917
0.977711284120965
0.0472366555188022
-1.04912155957565
-2.20713086465492
-3.31124169587982
-4.24596878508309
-4.90743373618538
-5.21393129533584
-5.11447222487263
-4.59444902850765
-3.67784824670182
-2.42576761998449
-0.931355464515345
0.68836194203494
2.30299535755107
3.78065089794742
4.99999999999998
5.86140655421804
6.2960460912575
6.27214474612736
5.79774329477952
4.91972682741947
3.71922093034414
2.30380549225262
0.797303321893533
-0.67186712383711
-1.98264999963991
-3.03247043930347
-3.74644819617827
-4.0838312450474
-4.04104838417386
-3.65111212712846
-2.97946076065475
-2.11667635369525
-1.16881969895198
-0.246353926793589
0.547236655518827
1.12600016763425
1.43019652014121
1.4322443993286
1.13935055172767
0.592566263814634
-0.137628952899931
-0.958771381956659
-1.76613863808656
-2.45378303578724
-2.92576761998463
-3.10647719172521
-2.94896544276117
-2.44049073765734
-1.60466843886344
-0.500000000000065
0.785104211782167
2.14034524834148
3.44383435570626
4.57367808386495
5.41972682741953
5.89434265755396
5.94113287704866
5.54078941710202
4.71345221297374
3.51735000036013
2.04383190313245
0.409252646737707
-1.25552085462623
-2.81698317325928
-4.15111212712855
-5.15458248786452
-5.75400373849135
-5.91230579416041
-5.63167326360444
-4.9527633444812
-3.95030217480162
-2.72550432277479
-1.39606599109246
-0.0847146591868411
1.09256626381466
2.03749277430983
2.67855600283942
2.97734745712195
2.93153630102362
2.57423238001537
1.96982515071066
1.20673540015475
0.387819652763763
-0.38060322794886
-1.00000000000001
-1.39001751542761
-1.49698213645454
-1.29965173950221
-0.811641252945914
-0.0802731725804882
0.818040315118116
1.7854320341327
2.71247902668095
3.48938700205907
4.0173500003601
4.21895363034216
4.04658003153378
3.48796524058213
2.56833616355155
1.34888787287148
-3.83933998420383
-4.0108823879007
-4.00712998489727
-3.8282467732108
-3.48205080756888
-2.98367251290263
-2.35489341217343
-1.62319416929976
-0.820553552277984
0.0179491924311346
0.855667471301119
1.65598897572739
2.38393581559752
3.00769322093275
3.49999999999996
3.83933998420385
4.0108823879007
4.00712998489727
3.82824677321077
3.48205080756891
2.98367251290266
2.35489341217337
1.6231941692998
0.820553552278027
-0.0179491924310911
-0.855667471301077
-1.65598897572735
-2.38393581559749
-3.00769322093279
-3.5
-3.83933998420384
-4.0108823879007
-4.00712998489727
-3.82824677321079
-3.48205080756887
-2.98367251290269
-2.35489341217341
-1.62319416929973
-0.820553552278069
0.0179491924310478
0.855667471301258
1.65598897572731
2.38393581559745
3.00769322093276
3.50000000000003
3.83933998420382
4.0108823879007
4.00712998489727
3.8282467732108
3.48205080756889
2.98367251290264
2.35489341217335
1.62319416929977
0.820553552277999
-0.017949192431004
-0.855667471301216
-1.65598897572737
-2.38393581559742
-3.00769322093273
-3.50000000000001
-3.83933998420381
-4.0108823879007
-4.00712998489726
-3.82824677321078
-3.48205080756891
-2.98367251290267
-2.35489341217329
-1.62319416929981
-0.820553552278042
0.0179491924311901
0.855667471301174
1.65598897572734
2.38393581559748
3.00769322093278
3.49999999999999
3.83933998420383
4.01088238790069
4.00712998489726
3.82824677321079
3.48205080756893
2.98367251290262
2.35489341217333
1.62319416929975
0.820553552278085
-0.0179491924311463
-0.855667471301243
-1.6559889757273
-2.38393581559744
-3.00769322093283
-3.49999999999997
-3.83933998420382
-4.01088238790071
-4.00712998489727
-3.82824677321081
-3.4820508075689
-2.98367251290265
-2.35489341217336
-1.62319416929979
-0.820553552278127
0.017949192431103
0.855667471301201
1.65598897572736
2.3839358155975
3.0076932209328
3.5
3.83933998420381
4.0108823879007
4.00712998489726
3.82824677321082
3.48205080756892
2.9836725129026
2.3548934121734
1.62319416929983
0.820553552277945
-0.0179491924310595
-0.855667471301158
-1.65598897572732
-2.38393581559756
-3.00769322093277
-3.49999999999998
-3.83933998420383
-4.0108823879007
-4.00712998489727
-3.8282467732108
-3.48205080756889
-2.98367251290263
-2.35489341217334
-1.62319416929987
-0.820553552277988
0.0179491924311304
0.855667471301116
1.65598897572728
2.38393581559752
3.00769322093274
3.49999999999996
3.83933998420385
4.01088238790071
4.00712998489727
-0.739786216728953
-1.47163842525617
-2.31070593737532
-3.02994268980573
-3.40036190111739
-3.23910599802418
-2.45068952745207
-1.05350400565405
0.813807923569289
2.90798519736965
4.91676051794568
6.50881687166658
7.38977752798224
7.35465347242277
6.32755430553973
4.38145059131679
1.73403261524222
-1.28030506726579
-4.25828894055071
-6.78794196473872
-8.5114782844814
-9.18071779010146
-8.69596137967526
-7.12193211682445
-4.67813104698751
-1.70514990862737
1.38758006362097
4.18410648748379
6.32425260231298
7.55590055628493
7.76903065493789
7.00640490169938
5.44972319538377
3.38416843347054
1.14779807565521
-0.925362040124324
-2.55880736352847
-3.57472457162965
-3.91626107632626
-3.64773017687751
-2.93349615937259
-2.00000000000001
-1.08826579897315
-0.405775660336478
-0.0865568177362599
-0.16670938545604
-0.579711342657596
-1.17218723118905
-1.7370683745753
-2.05787296484305
-1.95576291023399
-1.33046111278342
-0.187144508008335
1.35611121013079
3.08229808577178
4.70896121464874
5.93574004039376
6.4978504453838
6.21613476623653
5.03467999030919
3.03896165504222
0.45068952745207
-2.40053348193414
-5.12464843819664
-7.33024525130023
-8.68579117288341
-8.97291848680457
-8.12288454840222
-6.23000503422632
-3.53961234080132
-0.412275593396638
2.73006899989561
5.46744957527408
7.44448101698161
8.42226005393052
8.31133394149943
7.18071779010156
5.24192389208689
2.8110916021973
0.255870993056912
-2.06388074631054
-3.85168167875911
-4.91721350790389
-5.19960416411646
-4.76795859154643
-3.79985565701801
-2.54230328656157
-1.26257868737547
-0.197976357039586
0.486520013536682
0.725217697142324
0.558807363528655
0.120687084041242
-0.394579438301086
-0.774529877052841
-0.835534495565339
-0.464101615137714
0.355158778553105
1.53042409853291
2.87449878247486
4.13588438337574
5.04381295779539
5.35933173919754
4.92326045100588
3.69219105403501
1.75561856725207
-0.669538887216333
-3.26689297957999
-5.66695172475813
-7.50455813970236
-8.47799186958648
-8.39984165553156
-7.23095746580391
-5.09148632804012
-2.24673802557048
0.93021334287751
4.01341208768541
6.58767798994269
8.31084051462738
8.9645633404921
8.48564682990159
6.97291848680466
4.66884706081388
1.919164519599
-0.882647713129279
-3.35675506154115
-5.19417061503316
-6.20055659569421
-6.31983257878513
-5.63431808919195
-4.34215894357959
-2.71661617496375
-1.05477938407857
0.375100474233503
1.37844709613502
1.86373640332859
1.85168167875898
1.46317602031559
0.888763649489368
0.345698537615835
0.0308250020801948
0.0782016714237912
0.529471666955257
1.32262479523598
2.30142195120205
3.24395730077739
3.90529425160926
4.0664574239673
3.58077151473169
2.40884796624484
0.635390152583549
-1.53589838486216
-3.80919626614153
-5.84126461316024
-7.29675883640524
-7.90491503831361
-7.50791457293332
-6.09243875961768
-3.79861201280932
-0.904249089296334
2.2135564306674
5.13364050235404
7.45403748758838
8.85314380118889
9.13887622889426
8.27784752660473
6.39984165553156
3.77691997821556
0.780645813412801
-2.17552202836009
-4.6992439978152
-6.47751370282334
-7.32078501036285
-7.18619207643086
-6.17662137575351
-4.5164718319818
-2.50881687166715
-0.481702552805534
1.26702755683184
2.51696580232128
3.1566107185591
3.19417061503319
2.7465191081058
2.00899206415804
1.21205803526138
0.573128288641753
0.25251455982598
0.32167236365841
0.749547963963099
1.40949486860345
2.10543859459114
2.61241993637883
2.72396848769293
2.29742842694151
1.2886195515762
-0.230969345062163
-2.07820167142369
-3.98350915454362
-5.63346530986322
-6.72368200513239
-7.01298795571528
-6.3693958667471
-4.79956444438722
-2.45612307653516
0.379093998493812
3.33378484533602
5.99999999999998
7.99634077415
9.02745668959095
8.93107692559725
7.7047706953316
5.50791457293349
2.63840127202936
-0.512228501818053
-3.51801096463404
-5.98258708560536
-7.597742117492
