"x"
8.66825087409637
8.65538450565746
7.6006905702479
5.89383051644746
4.03553390593274
2.46735579894541
1.43331154376662
0.923175039987779
0.715482114705104
0.5
0.0292467816293367
-0.761920914091595
-1.71660540010105
-2.51244077082015
-2.79289321881345
-2.32203403081789
-1.10151653659567
0.597904398716645
2.30585902963108
3.5
3.77889072147443
2.99705647422716
1.31272147505715
-0.868948974807163
-3.03553390593274
-4.73788717647417
-5.72868960032177
-6.01923203528293
-5.83638578902665
-5.5
-5.27114540178057
-5.23219203436273
-5.24668254627306
-5.01540172789994
-4.20710678118655
-2.61267756707294
-0.26143343827947
2.54802849764757
5.31800560177025
7.5
8.66825087409637
8.65538450565746
7.6006905702479
5.89383051644747
4.03553390593273
2.46735579894541
1.43331154376662
0.92317503998778
0.715482114705103
0.499999999999998
0.0292467816293347
-0.761920914091604
-1.71660540010105
-2.51244077082015
-2.79289321881345
-2.32203403081789
-1.10151653659568
0.597904398716642
2.30585902963109
3.5
3.77889072147443
2.99705647422716
1.31272147505714
-0.86894897480716
-3.03553390593274
-4.73788717647418
-5.72868960032177
-6.01923203528293
-5.83638578902664
-5.5
-5.27114540178057
-5.23219203436273
-5.24668254627306
-5.01540172789994
-4.20710678118654
-2.61267756707294
-0.261433438279475
2.54802849764757
5.31800560177026
7.49999999999999
8.66825087409637
8.65538450565746
7.60069057024788
5.89383051644745
4.03553390593273
2.46735579894542
1.43331154376663
0.923175039987781
0.715482114705103
0.499999999999997
0.0292467816293354
-0.761920914091591
-1.71660540010104
-2.51244077082015
-2.79289321881345
-2.32203403081789
-1.10151653659567
0.597904398716639
2.3058590296311
3.50000000000001
3.77889072147444
2.99705647422715
1.31272147505716
-0.868948974807207
-3.03553390593274
-4.73788717647418
-5.72868960032176
-6.01923203528293
-5.83638578902665
-5.5
-5.27114540178057
-5.23219203436273
-5.24668254627306
-5.01540172789995
-4.20710678118653
-2.61267756707295
-0.261433438279479
2.5480284976476
5.31800560177022
7.49999999999999
8.66825087409637
8.65538450565746
7.60069057024788
5.89383051644747
4.03553390593274
2.4673557989454
1.43331154376662
0.923175039987782
0.715482114705103
0.499999999999999
0.0292467816293294
-0.761920914091612
-1.71660540010105
-2.51244077082015
-2.79289321881345
-2.32203403081787
-1.10151653659567
0.597904398716657
2.3058590296311
3.5
3.77889072147444
2.99705647422715
1.31272147505712
-0.868948974807153
-3.03553390593274
-4.73788717647417
-5.72868960032178
-6.01923203528293
-5.83638578902665
-5.5
-5.27114540178057
5.01905289420008
5.41909727804757
4.35736905378153
0.92451821359054
-4.27531838541377
-9.2930452401087
-12.006766887167
-11.46299013405
-8.41925940052787
-4.70903868569711
-1.91858510619101
-0.363695210094874
0.890191477702409
3.02080087231287
6.26151982479695
9.47526474454484
10.8493110370554
9.21141682132195
4.98080340378215
0.0230515125895219
-3.51334634170268
-4.54530622612697
-3.61933295886586
-2.30870709786722
-1.92812310312759
-2.54762229720132
-3.04354091210706
-2.125664581626
0.468769752927376
3.55615131362273
5.22015612235053
4.15433311823754
0.64202003485711
-3.56274560338639
-6.38024987157838
-6.74571600474118
-5.17754255233016
-3.18911919985809
-2.02546941666958
-1.7019649318582
-1.07767952394438
1.10218339008334
5.00762668019039
9.31242692811143
11.9267246680851
11.3670971087045
7.76793661434638
2.79230135176691
-1.49015348616697
-3.93228099096405
-4.88027442957251
-5.60252415560222
-7.05566999392971
-8.96089160691892
-9.91734453980318
-8.4809809081123
-4.39020732475675
1.00936495020292
5.49999999999995
7.37983533036049
6.50480710342604
4.23787938760345
2.36721556761456
1.81301075672727
2.08294905947387
1.85632432867428
0.216247431528179
-2.44206649782086
-4.55058923820733
-4.47872701879929
-1.79037134037856
2.30536126933403
5.6728315234787
6.6334492059283
5.015223226454
2.1195545144033
-0.336994871818237
-1.49120055101003
-1.85708157403675
-2.7294778686376
-4.95058606085202
-8.01206797753468
-10.2147644116831
-9.80580204128195
-6.26401095245302
-0.775141289940655
4.47114994123794
7.6614760916868
8.41862557729104
7.79155099894999
7.23000263618357
7.35361469591547
7.46438909488254
6.17241040302348
2.6466120244101
-2.48507114583625
-7.30887239000955
-9.78963867110475
-9.0934080735637
-6.10397626429467
-2.75914109330591
-0.701785852072654
-0.238669918152408
-0.354072336571214
0.276317144073695
2.0786932987455
4.1262040592341
4.80005074786427
3.07260679468382
-0.568211604227096
-4.2795534596832
-6.0285512871515
-4.92745622811728
-1.77179302388675
1.59734631354193
3.61694879974171
4.02375011474468
3.83055107315703
4.31369409112642
5.8188381307141
7.32717616345152
7.14220425586879
4.19792504089641
-0.997412196233319
-6.51248239334327
-10.1608127183438
-10.851691225366
-9.15486686479865
-6.69615242270672
-4.86848269858218
-3.84051551601492
-2.60085921802437
0.0224239994672875
4.17587653411391
8.5696430940483
11.198371722366
10.6898670241702
7.28948641149823
2.74363939585272
-0.844715965645648
-2.35827067990174
-2.23718295687555
-1.8962259810446
-2.46815111075228
-3.8500535129514
-4.78478630513077
-3.91130839034227
-0.970588919824996
2.77689302217871
5.27925829144392
5.0607121094655
2.23240270841377
-1.59514397307237
-4.4305130816215
-5.22517420977758
-4.43759273548972
-3.45443557450895
-3.34856321274322
-3.94739982649332
-3.93912893978767
-1.94544700217954
2.25725905188421
7.31574994944185
11.0355339059327
11.7672806552
9.44516669888067
5.53077260641683
1.9245338735319
-0.335077824365864
-1.62415772171262
-3.15716745175125
5.54078941710202
4.71345221297368
3.51735000036016
2.04383190313242
0.409252646737671
-1.25552085462626
-2.81698317325926
-4.15111212712844
-5.15458248786452
-5.75400373849136
-5.91230579416041
-5.63167326360443
-4.95276334448119
-3.95030217480161
-2.72550432277478
-1.3960659910925
-0.0847146591869863
1.09256626381464
2.0374927743098
2.67855600283943
2.97734745712196
2.93153630102362
2.57423238001538
1.96982515071067
1.20673540015481
0.387819652763824
-0.380603227948808
-0.999999999999995
-1.39001751542763
-1.49698213645454
-1.2996517395022
-0.811641252945907
-0.0802731725804793
0.818040315118075
1.78543203413265
2.7124790266809
3.48938700205903
4.01735000036014
4.21895363034218
4.04658003153378
3.48796524058212
2.56833616355154
1.34888787287148
-0.0782801454286177
-1.59830289557542
-3.08399540373927
-4.40760805268985
-5.45276334448117
-6.12542390201143
-6.36283170757085
-6.13955208630095
-5.47003399599774
-4.4074337361854
-3.03880956812601
-1.47714484007657
0.149037066700867
1.70747109010896
3.07423238001542
4.14494687792044
4.84406278495089
5.13130574797223
5.00471610886204
4.49999999999997
3.68628482700826
2.65871870646138
1.52865865091892
0.412423957968684
-0.580273172580466
-1.35708141209174
-1.85189535066339
-2.03100706852756
-1.89593233475178
-1.48264999963987
-0.857348712093646
-0.10912081138216
0.659654850161046
1.34427095263691
1.84888787287153
2.09684158178115
2.0390244892207
1.65949069146919
0.977711284121005
0.0472366555188604
-1.04912155957558
-2.2071308646549
-3.31124169587986
-4.2459687850831
-4.90743373618533
-5.21393129533582
-5.11447222487262
-4.59444902850764
-3.6778482467019
-2.42576761998458
-0.931355464515311
0.688361942034943
2.30299535755111
3.78065089794733
5
5.86140655421802
6.29604609125751
6.27214474612738
5.7977432947795
4.91972682741953
3.7192209303441
2.30380549225257
0.797303321893606
-0.671867123837171
-1.98264999963986
-3.03247043930352
-3.74644819617827
-4.08383124504743
-4.04104838417391
-3.65111212712844
-2.97946076065469
-2.1166763536953
-1.16881969895194
-0.246353926793641
0.547236655518848
1.12600016763422
1.43019652014121
1.43224439932862
1.13935055172767
0.592566263814609
-0.137628952899934
-0.958771381956581
-1.76613863808648
-2.45378303578723
-2.92576761998458
-3.10647719172519
-2.94896544276116
-2.4404907376573
-1.60466843886342
-0.500000000000038
0.785104211782081
2.14034524834152
3.44383435570619
4.57367808386488
5.41972682741955
5.89434265755395
5.94113287704866
5.54078941710201
4.71345221297369
3.51735000036018
2.04383190313239
0.409252646737781
-1.2555208546263
-2.81698317325922
-4.15111212712851
-5.15458248786456
-5.75400373849135
-5.91230579416042
-5.63167326360448
-4.95276334448118
-3.95030217480169
-2.72550432277476
-1.39606599109255
-0.0847146591869223
1.09256626381459
2.03749277430982
2.67855600283943
2.97734745712194
2.93153630102361
7.00640490169939
5.44972319538369
3.38416843347032
1.14779807565529
-0.925362040124242
-2.55880736352852
-3.57472457162976
-3.91626107632621
-3.64773017687759
-2.93349615937242
-2
-1.08826579897324
-0.40577566033642
-0.0865568177362581
-0.166709385455995
-0.579711342657732
-1.17218723118909
-1.73706837457535
-2.05787296484307
-1.95576291023399
-1.33046111278339
-0.187144508008367
1.35611121013074
3.08229808577186
4.70896121464869
5.93574004039377
6.49785044538383
6.21613476623648
5.03467999030926
3.03896165504232
0.450689527452057
-2.40053348193439
-5.12464843819656
-7.33024525130011
-8.6857911728835
-8.97291848680456
-8.12288454840221
-6.23000503422632
-3.5396123408012
-0.412275593396627
2.73006899989538
5.46744957527418
7.44448101698167
8.4222600539305
8.31133394149943
7.18071779010149
5.24192389208692
2.81109160219726
0.255870993056905
-2.06388074631057
-3.85168167875903
-4.91721350790396
-5.19960416411654
-4.76795859154627
-3.79985565701808
-2.54230328656158
-1.26257868737533
-0.197976357039547
0.486520013536642
0.725217697142384
0.558807363528628
0.120687084041198
-0.394579438301007
-0.774529877052962
-0.835534495565341
-0.464101615137748
0.355158778553148
1.53042409853297
2.87449878247481
4.1358843833758
5.04381295779543
5.35933173919747
4.92326045100599
3.6921910540351
1.75561856725197
-0.669538887216551
-3.26689297957991
-5.66695172475807
-7.50455813970233
-8.4779918695865
-8.3998416555316
-7.23095746580389
-5.09148632803992
-2.2467380255706
0.930213342877394
4.01341208768577
6.58767798994278
8.31084051462729
8.96456334049206
8.48564682990154
6.97291848680471
4.66884706081392
1.91916451959887
-0.882647713129394
-3.35675506154112
-5.1941706150332
-6.2005565956941
-6.31983257878519
-5.63431808919194
-4.34215894357965
-2.71661617496378
-1.05477938407842
0.375100474233447
1.37844709613506
1.86373640332864
1.85168167875906
1.46317602031554
0.888763649489207
0.345698537615805
0.0308250020802396
0.0782016714238001
0.529471666955289
1.32262479523603
2.30142195120194
3.24395730077744
3.90529425160917
4.06645742396714
3.58077151473176
2.40884796624478
0.635390152583432
-1.53589838486226
-3.80919626614143
-5.8412646131602
-7.29675883640539
-7.90491503831357
-7.50791457293318
-6.09243875961768
-3.79861201280934
-0.904249089296571
2.21355643066754
5.13364050235426
7.4540374875883
8.85314380118882
9.13887622889424
8.27784752660463
6.39984165553167
3.77691997821554
0.78064581341267
-2.17552202835987
-4.69924399781529
-6.47751370282352
-7.32078501036276
-7.18619207643076
-6.17662137575341
-4.51647183198171
-2.50881687166675
-0.481702552805451
1.2670275568319
2.51696580232131
3.15661071855897
3.19417061503338
2.74651910810563
2.00899206415799
1.21205803526147
0.573128288641844
0.252514559825972
0.321672363658337
0.749547963963028
1.40949486860349
2.10543859459118
2.61241993637863
2.72396848769294
2.29742842694149
1.28861955157614
-0.230969345062167
-2.07820167142378
-3.98350915454371
-5.63346530986312
-6.72368200513243
-7.01298795571528
-6.36939586674695
-4.79956444438736
-2.45612307653518
0.379093998493939
3.33378484533615
5.99999999999979
7.99634077415003
9.02745668959097
8.93107692559734
7.70477069533153
5.50791457293328
2.63840127202935
-0.512228501817677
-3.51801096463416
-5.98258708560545
-7.59774211749215
-8.18714450800843
-7.72849536299231
-6.35093426415562
-4.30867252868485
-1.93574004039385
0.410224529792941
2.40554626301813
3.8098401175517
4.49909965483331
4.4775137028235
3.86674752277456
2.87535156180358
1.75436132182288
0.747441177044013
0.0447152565290549
-0.251404467614577
-0.142379118635326
0.270976162417227
0.812564279360776
1.26993100010464
1.44062539990261
1.17720001227285
0.422260053930585
-0.773272631623744
-2.25251455982591
-3.77570985124677
-5.06038847859035
-5.83175492253406
-5.87446924952904
-5.07652155151656
-3.45707550811283
-1.17277998874503
1.49932241316231
0.48652561460493
2.76166297174078
5.37349067134146
6.43809294504167
4.68986702417025
0.458655273353752
-4.45251302685358
-7.91578377751104
-8.82237229503954
-7.65380053264695
-5.89622598104471
-4.77894014529347
-4.3141551280893
-3.37057274275794
-0.715155967635819
3.7896898574993
8.77689302217865
12.1100894295884
12.2568645321722
9.30347052027919
4.86895764206536
0.986104494150275
-1.2251742097775
-2.12680370094869
-2.99033395937126
-4.76277677511604
-7.14355224919992
-8.69940771711177
-7.94544700217968
-4.57357208626068
0.11959752673524
3.96446609406702
5.30317904006229
4.02854912310906
1.53077260641689
-0.386255161009328
-0.79917943950379
-0.209944159339355
0.0389849709553858
-1.001689391163
-2.97760040375344
-4.36722447670402
-3.5889595953317
-0.254837434445936
4.3820175596324
8.14908950379547
9.34055598711502
7.76869395507815
4.73174471063431
1.95589834699523
0.326138806708975
-0.639144751345582
-2.193943962705
-5.13395082235504
-8.9018354010019
-11.7502983176158
-11.8824583315804
-8.74026893277009
-3.48224807112772
1.71767921261441
5.04928589545561
6.12573235847748
5.97421164123106
6.0120658134924
6.81808078998271
7.64775385638574
7.06217782649114
4.18214593034282
-0.408414855537865
-4.83261440969246
-7.0825318899182
-6.33993734493987
-3.49178606806404
-0.466247874492677
1.11555350564641
0.979266904538709
0.181461569361607
0.0929523825703873
1.18892587527777
2.59067015330125
2.72339445756591
0.596348814366819
-3.27531838541345
-7.03302418830672
-8.64074148338264
-7.22034944693063
-3.58913238160577
0.379409490850581
3.08141489380887
4.20711487624792
4.72031849662466
5.84922799705889
7.89549442101246
9.80343414376832
9.84931103705558
6.95139576952078
1.61477799999777
-4.21958917452977
-8.34347336062461
-9.63375440267494
-8.61933295886595
-6.87951718421015
-5.75825012204981
-5.37604942194732
-4.6775155083227
-2.45383398084975
1.4687697529268
5.81617236542416
8.5861815261348
8.39697380535696
5.47214705377913
1.52570257316173
-1.38024987157844
-2.17490591839846
-1.34741553340789
-0.360692075111894
-0.391494820453921
-1.37379553263456
-2.07767952394433
-1.15783766171824
1.64160127640573
5.06978624099228
7.09659764916293
6.27864893215676
2.76793661434691
-1.77850873457594
-5.32028050508894
-6.76070811571024
-6.51424902578826
-5.93069355482579
-6.05566999392965
-6.70087055511709
-6.55131913601844
-4.23834022099312
0.439919694164911
6.09781312675019
10.4999999999998
11.9506454167035
10.3349341223486
7.06630651234955
4.00119016383014
2.14118015595085
1.08294905947418
-0.403696723127381
-3.14977797225629
-6.68470718493987
-9.38071625712933
-9.56717519534706
-6.79037134037882
-2.2654488170092
1.84270450455658
3.80502208118228
3.38124863023851
1.79138511517986
0.663005128181626
0.768820500791525
1.50894382974748
1.51316281848156
-0.120459041929613
-2.92361980098658
-5.2147644116829
-5.23499195493915
-2.43388393353093
2.05328583480528
6.10512453745308
7.98964549091031
7.41862557729112
5.53152994714842
3.86397723239927
3.11097400879621
2.63426207596018
1.08396222647587
-2.35338797559008
-7.05588123217917
-11.1389994089316
-12.618065795851
-10.7273826697793
-6.43214566351858
-1.75914109330623
1.55823519972887
3.12735548563196
3.88856835054806
5.1064441629958
7.1671414752933
9.12620405923398
9.37086083420699
6.90273381360656
2.2602155205192
-2.64557886346731
-5.70038188792796
-5.92745622811753
-4.03181407568836
-1.76867909024243
-0.625691887377636
-0.806376904177532
-1.25789710339068
-0.686305908873764
1.24802804437111
3.49704914452929
4.31377713112268
2.56395044468105
-1.32558159545644
-5.51248239334312
-7.90079166654209
-7.48566582158185
-4.91222617767936
-1.8660254037846
0.219965477965647
1.15948448398541
1.96995086831851
3.85255101838944
7.00430365885981
10.2036176902634
11.5265411215895
9.68986702417048
5.02946535969725
-0.62238600793189
-5.08735665276503
-7.18839769882371
-7.32563113342339
-6.89622598104463
-7.03896119709515
-7.68018053187361
-7.61321342987713
-5.54528298655763
-1.29875831904888
3.7768930221783
7.53927934324564
8.42673751324988
6.47504339553322
3.23498304584991
0.657935094926423
-0.225174209777591
0.13321735085276
0.375691444413276
-0.520136087996903
-2.31342523027752
-3.61095954056405
-2.94544700217952
-0.00276199991751369
3.94972454565692
6.79289321881315
6.93715363627781
4.35671852233282
0.530772606417193
-2.64627621281077
-4.16520484328832
-4.45258484645871
-4.79114204796682
-6.09013756771099
-7.97760040375347
-8.9380345630468
-7.41908661425414
-3.08326455919219
2.74804296341642
7.8209201045717
10.3405559871147
10.0287150068797
8.09777011441891
6.19853903411472
5.156265825631
4.44930342520209
2.80605603729508
-0.56314073601193
-5.07170838207993
-8.92187119286936
-10.2484837353647
-8.41209953354602
-4.48224807112697
-0.542341839187828
1.68326049167124
1.88309167135838
1.14408462230883
0.923617636944502
1.81808078998254
3.07694377004308
3.23205080756894
1.35371880559664
-2.04238945175345
-5.16078380891634
-6.08253188991831
-4.07991629313859
-0.125760664279422
3.77639281262673
5.94568052456866
6.06771508108671
5.18146156936177
4.66376246891325
5.01905289419993
5.41909727804745
4.35736905378137
0.924518213591078
-4.27531838541298
-9.29304524010879
-12.0067668871669
-11.4629901340501
-8.41925940052825
