"x"
7.99634077414997
9.02745668959101
8.9310769255973
7.70477069533163
5.50791457293323
2.63840127202919
-0.512228501817824
-3.51801096463414
-5.98258708560552
-7.59774211749217
-8.1871445080084
-7.72849536299228
-6.35093426415558
-4.30867252868478
-1.93574004039385
0.410224529792929
2.4055462630181
3.80984011755176
4.49909965483328
4.47751370282349
3.86674752277441
2.87535156180343
1.75436132182292
0.747441177043932
0.0447152565290319
-0.251404467614559
-0.142379118635248
0.270976162417333
0.812564279360753
1.2699310001045
1.44062539990267
1.17720001227288
0.42226005393051
-0.773272631623779
-2.25251455982596
-3.77570985124679
-5.06038847859041
-5.83175492253412
-5.87446924952897
-5.0765215515165
-3.45707550811292
-1.17277998874499
1.49932241316255
4.20014434298198
6.54230328656156
8.17065366255212
8.81965738629408
8.35800009432435
6.81284361273327
4.36939586674694
1.34552695679875
-1.85471743809208
-4.80135405242438
-7.1028155002742
-8.46410161513776
-8.72944779456996
-7.90280825139444
-6.14313496085864
-3.73559569741186
-1.0438129577955
1.5487432359792
3.69842057824854
5.15232905382601
5.78244274262352
5.59774211749217
4.73310702042
3.417654848365
1.92867421022507
0.539641873747
-0.528361574743908
-1.14333155021293
-1.28089782482152
-1.02189815281312
-0.5299246569135
-0.0134120876857335
0.320396985233989
0.310840514627291
-0.120043232631054
-0.947585520025935
-2.04471525652902
-3.20263301997384
-4.16846139599203
-4.69323621634784
-4.58159493429854
-3.73403261524225
-2.17373242032268
-0.0525515740763174
2.3656819108081
4.74244762954358
6.71661617496371
7.96285435925519
8.24658055502113
7.466073011726
5.67432490654697
3.07652155151652
0.00303802052450419
-3.13806052588227
-5.92158246709304
-7.96917499791979
-9.00640490169932
-8.90376068297213
-7.69500894809751
-5.57005812958573
-2.84366861481345
0.0947057483908076
2.84161755120965
5.04090951452279
6.43567214161624
6.90267115729221
6.46410161513775
5.27541030698157
3.59196773676714
1.72087490692816
-0.0334349575259369
-1.42028865734228
-2.28185025639921
-2.57377214005199
-2.36438708908737
-1.81326774470374
-1.13364050235443
-0.545962512411601
-0.231462771934272
-0.294356121033208
-0.739786216728983
-1.47163842525609
-2.31070593737545
-3.02994268980578
-3.40036190111739
-3.23910599802428
-2.45068952745204
-1.05350400565397
0.813807923569271
2.9079851973697
4.9167605179457
6.50881687166678
7.38977752798223
7.35465347242277
6.3275543055397
4.38145059131654
1.73403261524229
-1.28030506726569
-4.25828894055099
-6.78794196473864
-8.51147828448134
-9.18071779010147
-8.69596137967519
-7.12193211682457
-4.67813104698732
-1.70514990862722
1.38758006362124
4.18410648748388
6.324252602313
7.55590055628493
7.7690306549378
7.00640490169934
5.44972319538373
3.38416843347022
1.14779807565517
-0.925362040124321
-2.55880736352856
-3.57472457162964
-3.91626107632621
-3.64773017687765
-2.93349615937244
-2.00000000000003
-1.08826579897315
-0.405775660336431
-0.0865568177362759
-0.166709385456051
-0.579711342657716
-1.17218723118916
-1.7370683745753
-2.05787296484313
-1.95576291023407
-1.33046111278335
-0.187144508008443
1.35611121013087
3.08229808577189
4.70896121464876
5.93574004039384
6.49785044538388
6.21613476623648
5.03467999030929
3.03896165504233
0.450689527452051
-2.40053348193432
-5.12464843819657
-7.33024525130022
-8.68579117288351
-8.97291848680454
-8.12288454840225
-6.23000503422619
-3.53961234080107
-0.412275593396813
2.73006899989542
5.46744957527409
7.44448101698169
8.42226005393052
8.31133394149935
7.18071779010147
5.24192389208676
2.81109160219731
0.255870993056849
-2.06388074631059
-3.85168167875898
-4.9172135079039
-5.19960416411647
-4.76795859154627
-3.79985565701796
-2.54230328656158
-1.26257868737532
-0.197976357039493
0.486520013536676
0.725217697142341
0.558807363528571
0.120687084041255
-0.394579438301047
-0.774529877052896
-0.835534495565368
-0.464101615137745
0.355158778553153
1.53042409853299
2.87449878247492
4.13588438337586
5.04381295779546
5.3593317391976
4.92326045100606
3.69219105403503
1.7556185672521
-0.669538887216663
-3.26689297958002
-5.66695172475817
-7.50455813970235
-8.47799186958656
-8.39984165553161
-7.23095746580391
-5.09148632803996
-2.24673802557066
0.930213342877466
4.0134120876856
6.58767798994282
8.3108405146273
8.96456334049208
8.48564682990153
6.97291848680457
4.66884706081387
1.91916451959891
-0.882647713129409
-3.35675506154102
-5.1941706150332
-6.20055659569414
-6.31983257878517
-5.63431808919189
-4.34215894357955
-2.71661617496376
-1.05477938407841
0.375100474233444
1.37844709613505
1.86373640332865
1.85168167875901
1.46317602031551
0.888763649489169
0.345698537615824
0.0308250020802139
0.0782016714238081
-1.04912155957556
-2.20713086465488
-3.31124169587983
-4.24596878508314
-4.90743373618535
-5.21393129533584
-5.11447222487262
-4.59444902850762
-3.67784824670184
-2.42576761998458
-0.93135546451538
0.688361942034941
2.30299535755114
3.78065089794738
4.99999999999999
5.86140655421803
6.29604609125751
6.27214474612738
5.79774329477951
4.9197268274195
3.71922093034412
2.30380549225254
0.797303321893571
-0.67186712383714
-1.98264999963989
-3.0324704393035
-3.74644819617825
-4.08383124504742
-4.04104838417389
-3.65111212712847
-2.97946076065469
-2.11667635369528
-1.16881969895197
-0.24635392679362
0.547236655518834
1.12600016763423
1.4301965201412
1.43224439932863
1.1393505517277
0.592566263814595
-0.137628952899963
-0.958771381956653
-1.76613863808651
-2.45378303578722
-2.9257676199846
-3.10647719172517
-2.94896544276116
-2.44049073765735
-1.60466843886344
-0.499999999999999
0.785104211782182
2.14034524834156
3.44383435570628
4.57367808386491
5.4197268274195
5.89434265755393
5.94113287704865
5.54078941710202
4.71345221297368
3.51735000036016
2.04383190313242
0.409252646737671
-1.25552085462626
-2.81698317325926
-4.15111212712844
-5.15458248786452
-5.75400373849136
-5.91230579416041
-5.63167326360443
-4.95276334448119
-3.95030217480161
-2.72550432277478
-1.3960659910925
-0.0847146591869863
1.09256626381464
2.0374927743098
2.67855600283943
2.97734745712196
2.93153630102362
2.57423238001538
1.96982515071067
1.20673540015481
0.387819652763824
-0.380603227948808
-0.999999999999995
-1.39001751542763
-1.49698213645454
-1.2996517395022
-0.811641252945907
-0.0802731725804793
0.818040315118075
1.78543203413265
2.7124790266809
3.48938700205903
4.01735000036014
4.21895363034218
4.04658003153378
3.48796524058212
2.56833616355154
1.34888787287148
-0.0782801454286177
-1.59830289557542
-3.08399540373927
-4.40760805268985
-5.45276334448117
-6.12542390201143
-6.36283170757085
-6.13955208630095
-5.47003399599774
-4.4074337361854
-3.03880956812601
-1.47714484007657
0.149037066700867
1.70747109010896
3.07423238001542
4.14494687792044
4.84406278495089
5.13130574797223
5.00471610886204
4.49999999999997
3.68628482700826
2.65871870646138
1.52865865091892
0.412423957968684
-0.580273172580466
-1.35708141209174
-1.85189535066339
-2.03100706852756
-1.89593233475178
-1.48264999963987
-0.857348712093646
-0.10912081138216
0.659654850161046
1.34427095263691
1.84888787287153
2.09684158178115
2.0390244892207
1.65949069146919
0.977711284121005
0.0472366555188604
-1.04912155957558
-2.2071308646549
-3.31124169587986
-4.2459687850831
-4.90743373618533
-5.21393129533582
-5.11447222487262
-4.59444902850764
-3.6778482467019
-2.42576761998458
-0.931355464515311
0.688361942034943
2.30299535755111
3.78065089794733
5
5.86140655421802
6.29604609125751
6.27214474612738
5.7977432947795
4.91972682741953
3.7192209303441
2.30380549225257
0.797303321893606
-0.671867123837171
-1.98264999963986
-3.03247043930352
-3.74644819617827
-4.08383124504743
-4.04104838417391
-3.65111212712844
-2.97946076065469
5.04090951452281
6.43567214161626
6.90267115729222
6.46410161513773
5.27541030698162
3.5919677367672
1.72087490692817
-0.0334349575259347
-1.42028865734223
-2.28185025639923
-2.57377214005202
-2.36438708908732
-1.81326774470375
-1.13364050235444
-0.545962512411603
-0.231462771934273
-0.294356121033199
-0.739786216728985
-1.47163842525607
-2.31070593737547
-3.02994268980577
-3.40036190111731
-3.23910599802431
-2.45068952745203
-1.05350400565402
0.813807923569307
2.90798519736963
4.91676051794577
6.50881687166676
7.38977752798219
7.35465347242282
6.32755430553966
4.38145059131669
1.73403261524233
-1.2803050672658
-4.25828894055084
-6.78794196473864
-8.5114782844813
-9.18071779010148
-8.69596137967522
-7.12193211682461
-4.67813104698739
-1.70514990862723
1.38758006362098
4.1841064874839
6.32425260231304
7.55590055628495
7.7690306549378
7.00640490169939
5.44972319538369
3.38416843347032
1.14779807565529
-0.925362040124242
-2.55880736352852
-3.57472457162976
-3.91626107632621
-3.64773017687759
-2.93349615937242
-2
-1.08826579897324
-0.40577566033642
-0.0865568177362581
-0.166709385455995
-0.579711342657732
-1.17218723118909
-1.73706837457535
-2.05787296484307
-1.95576291023399
-1.33046111278339
-0.187144508008367
1.35611121013074
3.08229808577186
4.70896121464869
5.93574004039377
6.49785044538383
6.21613476623648
5.03467999030926
3.03896165504232
0.450689527452057
-2.40053348193439
-5.12464843819656
-7.33024525130011
-8.6857911728835
-8.97291848680456
-8.12288454840221
-6.23000503422632
-3.5396123408012
-0.412275593396627
2.73006899989538
5.46744957527418
7.44448101698167
8.4222600539305
8.31133394149943
7.18071779010149
5.24192389208692
2.81109160219726
0.255870993056905
-2.06388074631057
-3.85168167875903
-4.91721350790396
-5.19960416411654
-4.76795859154627
-3.79985565701808
-2.54230328656158
-1.26257868737533
-0.197976357039547
0.486520013536642
0.725217697142384
0.558807363528628
0.120687084041198
-0.394579438301007
-0.774529877052962
-0.835534495565341
-0.464101615137748
0.355158778553148
1.53042409853297
2.87449878247481
4.1358843833758
5.04381295779543
5.35933173919747
4.92326045100599
3.6921910540351
1.75561856725197
-0.669538887216551
-3.26689297957991
-5.66695172475807
-7.50455813970233
-8.4779918695865
-8.3998416555316
-7.23095746580389
-5.09148632803992
-2.2467380255706
0.930213342877394
4.01341208768577
6.58767798994278
8.31084051462729
8.96456334049206
8.48564682990154
6.97291848680471
4.66884706081392
1.91916451959887
-0.882647713129394
-3.35675506154112
-5.1941706150332
-6.2005565956941
-6.31983257878519
-5.63431808919194
-4.34215894357965
-2.71661617496378
-1.05477938407842
0.375100474233447
1.37844709613506
1.86373640332864
1.85168167875906
1.46317602031554
0.888763649489207
0.345698537615805
0.0308250020802396
0.0782016714238001
0.529471666955289
1.32262479523603
2.30142195120194
3.24395730077744
3.90529425160917
4.06645742396714
3.58077151473176
2.40884796624478
0.635390152583432
-1.53589838486226
-3.80919626614143
-5.8412646131602
-7.29675883640539
-7.90491503831357
-7.50791457293318
-6.09243875961768
-3.79861201280934
-0.904249089296571
2.21355643066754
5.13364050235426
7.4540374875883
8.85314380118882
9.13887622889424
8.27784752660463
6.39984165553167
3.77691997821554
0.78064581341267
-2.17552202835987
-4.69924399781529
-6.47751370282352
-7.32078501036276
-7.18619207643076
-6.17662137575341
-4.51647183198171
-2.50881687166675
-0.481702552805451
1.2670275568319
2.51696580232131
3.15661071855897
3.19417061503338
2.74651910810563
2.00899206415799
1.21205803526147
0.573128288641844
0.252514559825972
0.321672363658337
0.749547963963028
1.40949486860349
2.10543859459118
2.61241993637863
2.72396848769294
2.29742842694149
1.28861955157614
-0.230969345062167
-2.07820167142378
-3.98350915454371
-5.63346530986312
-6.72368200513243
-7.01298795571528
-6.36939586674695
-4.79956444438736
-2.45612307653518
0.379093998493939
3.33378484533615
5.99999999999979
7.99634077415003
9.02745668959097
8.93107692559734
7.70477069533153
5.50791457293328
2.63840127202935
-0.512228501817677
-3.51801096463416
-5.98258708560545
-7.59774211749215
-8.18714450800843
-7.72849536299231
-6.35093426415562
-4.30867252868485
-1.48264999963986
-0.857348712093706
-0.109120811382224
0.659654850160966
1.34427095263696
1.84888787287152
2.09684158178115
2.03902448922072
1.65949069146913
0.977711284120984
0.0472366555188288
-1.04912155957562
-2.20713086465488
-3.31124169587979
-4.24596878508308
-4.90743373618543
-5.21393129533587
-5.11447222487266
-4.5944490285077
-3.67784824670184
-2.42576761998464
-0.931355464515518
0.688361942035013
2.30299535755114
3.78065089794736
4.99999999999993
5.86140655421809
6.29604609125751
6.27214474612737
5.79774329477954
4.91972682741949
3.71922093034417
2.30380549225266
0.797303321893461
-0.671867123837172
-1.98264999963985
-3.03247043930342
-3.74644819617827
-4.08383124504741
-4.04104838417391
-3.65111212712843
-2.97946076065468
-2.11667635369526
-1.16881969895199
-0.246353926793523
0.547236655518876
1.12600016763424
1.4301965201412
1.43224439932862
1.1393505517277
0.592566263814659
-0.137628952900052
-0.958771381956707
-1.76613863808653
-2.45378303578721
-2.92576761998458
-3.10647719172517
-2.94896544276116
-2.44049073765738
-1.60466843886337
-0.499999999999987
0.785104211782134
2.14034524834169
3.44383435570634
4.57367808386492
5.41972682741951
5.89434265755397
5.94113287704868
5.54078941710206
4.71345221297379
3.51735000036007
2.04383190313239
0.40925264673778
-1.25552085462633
-2.81698317325925
-4.15111212712843
-5.15458248786443
-5.75400373849135
-5.91230579416039
-5.63167326360444
-4.95276334448122
-3.95030217480155
-2.72550432277472
-1.39606599109251
-0.0847146591868713
1.09256626381464
2.03749277430979
2.67855600283939
2.97734745712193
2.93153630102358
2.57423238001539
1.96982515071069
1.20673540015481
0.387819652763825
-0.380603227948738
-1.00000000000004
-1.39001751542763
-1.49698213645454
-1.29965173950221
-0.811641252945875
-0.080273172580438
0.818040315118086
1.78543203413266
2.71247902668089
3.48938700205902
4.01735000036008
4.21895363034216
4.04658003153376
3.48796524058214
2.56833616355157
1.34888787287151
-0.0782801454285911
-1.59830289557526
-3.08399540373913
-4.40760805268985
-5.45276334448117
-6.12542390201142
-6.36283170757085
-6.13955208630094
-5.47003399599776
-4.40743373618542
-3.03880956812601
-1.47714484007657
0.149037066700727
1.70747109010883
3.07423238001545
4.14494687792046
4.84406278495085
5.13130574797224
5.00471610886203
4.50000000000003
3.68628482700833
2.65871870646137
1.52865865091891
0.412423957968728
-0.580273172580425
-1.35708141209176
-1.8518953506634
-2.03100706852755
-1.89593233475177
-1.4826499996398
-0.857348712093633
-0.109120811382145
0.659654850160972
1.34427095263684
1.84888787287143
2.0968415817811
2.03902448922068
1.65949069146917
0.977711284121063
0.0472366555187707
-1.04912155957559
-2.20713086465486
-3.31124169587978
-4.24596878508322
-4.90743373618543
-5.21393129533589
-5.11447222487264
-4.59444902850762
-3.67784824670184
-2.42576761998462
-0.931355464515414
0.688361942034833
2.30299535755097
3.78065089794721
5
5.86140655421802
6.29604609125749
6.27214474612736
5.7977432947795
4.91972682741952
3.71922093034422
2.30380549225245
0.797303321893496
-0.671867123837141
-1.98264999963983
-3.03247043930356
-0.761920914091669
-1.71660540010108
-2.51244077082015
-2.79289321881346
-2.32203403081796
-1.10151653659585
0.597904398716688
2.30585902963106
3.49999999999996
3.77889072147446
2.9970564742271
1.31272147505713
-0.868948974807089
-3.03553390593295
-4.73788717647426
-5.72868960032179
-6.01923203528293
-5.83638578902661
-5.49999999999997
-5.27114540178056
-5.23219203436273
-5.24668254627307
-5.01540172789997
-4.20710678118667
-2.61267756707287
-0.261433438279498
2.54802849764744
5.31800560177003
7.5000000000001
8.66825087409638
8.65538450565747
7.60069057024799
5.89383051644732
4.03553390593267
2.46735579894541
1.43331154376652
0.923175039987749
0.715482114705094
0.499999999999994
0.0292467816293476
-0.761920914091543
-1.71660540010095
-2.51244077082007
-2.79289321881345
-2.32203403081792
-1.10151653659579
0.597904398716766
2.30585902963113
3.49999999999999
3.77889072147445
2.99705647422705
1.31272147505704
-0.868948974807188
-3.03553390593268
-4.73788717647432
-5.72868960032181
-6.01923203528293
-5.83638578902665
-5.50000000000001
-5.27114540178058
-5.23219203436272
-5.24668254627306
-5.01540172789995
-4.20710678118662
-2.61267756707314
-0.261433438279382
2.54802849764757
5.31800560177014
7.50000000000017
8.66825087409641
8.65538450565745
7.60069057024792
5.89383051644723
4.03553390593259
2.46735579894536
1.43331154376662
0.92317503998779
0.715482114705116
0.500000000000036
0.0292467816293196
-0.761920914091583
-1.716605400101
-2.51244077082009
-2.79289321881345
-2.32203403081788
-1.10151653659572
0.59790439871652
2.30585902963119
3.50000000000002
3.77889072147444
2.99705647422699
1.31272147505696
-0.868948974807287
-3.03553390593277
-4.73788717647413
-5.72868960032173
-6.01923203528293
-5.83638578902669
-5.5
-5.27114540178057
-5.23219203436273
-5.24668254627306
-5.01540172789993
-4.20710678118657
-2.61267756707306
-0.261433438279266
2.5480284976477
5.31800560177026
7.49999999999994
8.66825087409643
8.65538450565742
7.60069057024786
5.89383051644749
4.03553390593283
2.46735579894554
1.43331154376673
0.923175039987777
0.715482114705109
0.500000000000022
0.0292467816292921
-0.761920914091623
-1.71660540010104
-2.51244077082012
-2.79289321881345
-2.32203403081784
-1.10151653659565
0.597904398716598
2.30585902963126
3.50000000000006
3.77889072147443
2.99705647422693
1.31272147505687
-0.868948974807386
-3.03553390593285
-4.73788717647419
-5.72868960032176
-6.01923203528293
-5.83638578902668
-5.49999999999999
-5.27114540178057
-5.23219203436273
-5.24668254627306
-5.01540172789991
-4.20710678118652
-2.61267756707297
-0.26143343827915
2.54802849764782
5.31800560177037
7.50000000000001
