"x"
3.2983580051287
2.08030871869015
3.31310006096816
3.20032314533001
1.61417518587131
-0.280938106152065
0.0384857214750396
-1.84728595004849
-1.09706554305986
0.176280267335272
1.3685467015053
-0.158544447924787
0.038837386481168
-2.22955006874575
-4.01864016811661
-3.1404340474903
-4.65979726379046
-5.17453175854929
-1.81750843624325
0.599534758466402
2.05206900803314
4.36110436634061
2.67440868091213
2.48929241939527
1.37949633245903
-0.0136035913441909
2.53376137615881
2.09677466704942
3.42964792673718
4.35792675112075
3.01411880666938
4.19836426291235
1.67356670182128
0.980813201737141
-0.788541899355704
-4.91553365641008
-5.20507018393949
-2.07627090107933
-2.06454372585558
-1.35799212910281
0.464952577322238
0.0379690383091404
-1.72487231436825
-1.58452278529986
-2.03866564296466
-0.491085386758141
0.116736006753688
-0.527688270944156
1.46752829847675
1.85382903480146
4.83192742485019
3.25260930498329
1.62786511865815
3.10710919106782
2.3627896935167
0.745335840862894
-1.78005881792811
0.823422190504897
-0.513560197785117
-0.0618568066045614
1.0298341487264
-0.573519056889864
-0.636836809251162
-1.18582474394998
-4.53876205183597
-4.7210552777972
-3.39568526280324
-2.73572387244671
0.403174448523774
1.51980786600091
2.16278605244472
4.590246348599
0.514001016019267
3.45785701063896
1.68517566886415
1.04942093923321
0.850155821203009
2.08227578622285
3.38634307311613
2.57983091971771
3.21150827641082
4.14939126398311
2.21308506818003
2.5753647489699
-1.13258761412294
-3.64203905761727
-5.99860448298257
-3.4053194850618
-2.80893224695088
0.429150097293473
-0.16853056638115
-2.8411086235319
1.03534406239068
-2.23224698713194
-1.13551141610953
-1.55245093934422
0.000822318083686602
-1.4462265136085
0.580543567511996
2.12366812504838
3.83436633536271
5.10185273495023
3.86906491860069
2.33252282108992
2.13574455287668
1.29915315922849
-2.27919470309201
-0.643397250955596
-1.54915694954432
0.182238201937719
-0.564094979860116
-0.307544299971894
-1.10067914281777
-4.25584605719333
-3.78477057212443
-4.5999961680895
-5.41770616191345
-2.8892049347423
-1.19692560683607
-0.662914980367309
1.97242671442817
1.55385709775988
3.82631194802386
0.594256221140774
1.70845426807259
-0.128237975287172
1.52094887833281
3.43855722758494
2.3802117474595
3.39130124312161
2.86339499835273
4.74651319175357
2.29817799410143
-0.806366363086062
-1.07869184521755
-3.64564540611884
-5.40505468751704
-2.42526683360962
-2.26834085138002
1.43915726765543
-0.974580431075308
0.587804597667964
-1.72354572056261
-0.518039314025243
-0.174038857215878
-0.845926346956077
-2.62585388625658
-1.64195331692448
0.821008385319926
2.44583958426969
2.99440386587457
3.94251433425438
4.03810721040681
2.17443983546325
0.519507287084692
-0.706509465202779
-1.29085790925514
-1.55940384438323
-0.385723229530549
1.15490690162102
0.0894927383713647
1.44682804120205
-1.16050404682213
-1.95033338800289
-3.21330991970185
-5.33058749690377
-5.25782323421262
-3.15943655579277
-1.23719229657325
1.37859370263619
2.6351509688594
4.23564959154391
3.91264423217307
2.3566440579501
1.03740241200531
0.575330988425628
-0.421772888210173
2.80726536645553
2.48776218281184
3.5037549817188
2.59906980177055
1.86911167613688
2.95139145262878
-0.799603748273717
-2.03234686254122
-3.52272811070423
-3.6456033142117
-2.13962420931665
-1.39687069315785
-2.28059624443648
0.247656355980715
-1.93489535568268
-0.566341750117834
-2.50092207699695
-1.08899851730111
-2.408992466894
-0.822048878501769
1.79852441405737
1.91625993917968
1.39554619131276
2.90302609192149
5.12089277215325
3.78555410739836
2.99798498325861
0.247235483551609
-0.382698679083361
0.577154895802691
-2.69730563829524
1.10780115042985
-0.675104539772105
1.83277626411811
1.05361914508523
-1.26903918990066
-2.26061593728492
-3.3844628076616
-3.62697640512317
-3.14204615410263
-3.17520767353312
-1.52852409032029
-0.289086798654269
1.44923248787851
2.4682319368412
3.4900186017766
1.82127840200085
-1.20397950383902
-0.464475859482028
1.81549559031048
1.25770980637764
2.0699690272529
2.78638116495107
2.50588715167369
5.25941433739408
0.548490434568639
0.305704377338303
-2.26231214855967
-2.21666841823369
-1.82795862096236
-1.82524068674713
-2.48045245265182
-3.07390586782104
-0.666948348507197
-0.605292771696793
-1.80636573277868
-0.581636889576977
-1.88313388653373
-1.88805170647829
-1.29613472849259
-0.0460697996198016
0.528752617822382
2.4180213281937
4.15016833454676
4.2270811600478
2.59443452003629
4.25656557171726
1.51027822840582
0.832557156833912
-1.02080836061688
-0.603527349288064
-0.699483843162266
0.271121224251778
1.11456638742127
0.716809681853427
0.0131426206079275
-2.62284331264379
-3.75218851158161
-4.87595632535297
-3.48204751035588
-1.55822447849506
-1.0931976028375
-1.92448437440502
3.31699589924484
2.80174776611472
2.08598492496532
1.65326550417334
0.659265737562152
-0.197514156255351
1.67018979621561
0.67953014646806
3.00366960232068
3.18346077276577
4.30309280768621
1.42866505628778
0.954727026827082
0.91089462524326
-2.09099972171507
-1.31958053594666
-1.45185293181613
-3.41789959582599
-3.2507864927963
-0.871151665443239
-0.892127304879472
1.18318918835906
0.309934000373614
-0.250371068808866
-0.479716094195733
-1.20347037448288
-1.353077535035
0.0349135456249539
0.736964559304562
1.37846465298626
2.01931783106043
3.74645048488117
3.75041740463508
0.802752536793553
-0.0988962820247596
-0.698979751873547
-0.17212492102823
0.869568142050727
0.304304415636624
1.76624413442722
0.873970609311066
1.91688488508265
-0.20012878556504
-0.276562395163818
-5.19253698089288
-3.75199520914028
-4.51976411256598
-2.73032608720598
-0.385059826721764
0.254895680125932
1.15504610150997
2.82416748499284
3.32523614733782
0.995993456000228
0.438240627133342
-0.319339609433658
0.168253826867197
1.42728407995551
0.272231335755096
3.18131040693454
3.05418061705465
4.94057487445053
0.992172534149558
-1.37076200531434
-3.83003777298291
-4.89571886888802
-3.38374421474111
-2.37695361047515
-3.02636213494283
-1.24036682903961
-1.50599807670121
-1.54821771865037
-0.897110440920526
-1.28389977695537
-2.83918916952271
-0.474230688051838
-1.59417346342721
0.513088236472886
1.82243714197498
3.833791210035
4.84953226714585
4.22864313715866
4.33595620077741
2.80326404589904
2.18449431701324
0.423342648226778
0.0825604708123769
-1.20030960920013
-1.03531039378549
0.853534736476262
0.443969139349175
-0.0296746690547565
-0.809608860423696
-2.19670837913395
-2.1133303223389
-3.62463499965873
-4.68581498343666
-1.26494909429452
-1.58165062982521
-1.21087005782575
-0.019109752638971
-0.996601980332759
-0.0635090903932315
0.249394294593651
0.869516163439896
2.29689138120776
1.59018952315943
3.12287071836075
2.39760564690854
2.71300572699681
1.16066251277678
-0.821287305499884
-2.2059946482464
-2.84594518114124
-2.54640707419207
-0.133422195372707
-1.17327984370249
-0.188563796503703
2.05143000691593
0.748229580331044
0.59158639953473
2.25346434023655
3.69496410770988
2.17657800285326
1.70399213784758
2.37703524474435
-3.52253965555923
-2.44983181848104
-3.26760156205163
-0.331291769567979
-1.96056523626309
-1.30161475612557
-1.66283088276163
0.137504181039862
1.15563193637789
2.87556284349417
2.80466282878655
2.9190375111011
2.23267907130268
0.020337485021064
0.0712971816017444
-0.961006162475938
-1.43942066548824
-2.79678620665066
-2.84845114476651
-1.66183053689874
-1.87126485817548
-0.633325263396628
-0.0566265621729921
0.00708369334700831
3.08637937433026
0.659769327959968
3.07702449907956
1.48141901396499
2.46340947479476
-1.20628754769216
-2.20118464288224
-0.231797589145383
-3.9989623350358
-2.9940248817384
-1.16858277582973
-2.78342153926654
-2.08677472095598
0.418822417962143
0.318960112446967
1.30603783714668
3.66692138392352
1.83887872455144
0.89742957923739
0.695615225311857
1.42219565534054
0.375485544228617
-1.98127210450185
-1.79271185665121
-1.77617444988707
-2.64055811753945
-0.428616273076433
0.326888626897339
1.00367191495144
0.244641925109411
1.65805285933889
3.23094871114082
3.63234380033686
2.24905295974949
-0.272098101279628
2.90998386648934
-1.72311743621174
-2.76103130603436
-2.6918579654535
-2.55740643896692
-1.75856312744095
-1.72440149525086
-0.684142041763481
0.37427288029615
1.44145931014783
2.22676455051495
2.75870845646453
3.45904923399638
2.65715995914801
2.37996785064226
-2.5421053711591
-0.0293207029769521
0.89201620705705
-1.38314965589308
-3.78601231613991
-3.37691392338388
-1.54633101669778
-0.608162955991026
0.170454279188205
0.63004793164262
1.69502297959451
1.70536109662428
1.19835523127247
1.98889145032799
2.63045246241652
-0.355179982667515
0.242919664194621
-3.41841162055383
-2.58958823339607
-3.00397826456617
-1.61200615886202
-1.30551898686555
-0.94990517296851
0.810299054140872
2.54788386572788
1.78545314979764
2.42439060357433
2.09132589135856
0.783657493086541
-0.281651817543221
0.494694157716292
0.0177474772469197
-0.490751301868931
-3.32245983009159
-2.40022333905551
-3.09570291367036
-0.396971352786966
-1.52701602952286
-0.926264542793837
-0.057635293381376
1.5350696803191
2.04631449403676
1.95669537929168
1.15472310586647
1.34311790463951
0.355037899496959
0.0849494528090219
-3.98281202690921
-1.99090061161723
-1.71139244990476
-2.45406285709653
-0.518761811826655
0.487424528596324
1.18331783182915
1.65772172081599
0.578068321146995
2.59880500386103
3.2904563817815
0.402219565190837
1.86071457818737
0.0755039449021427
-1.77817260691111
-1.38447435233783
-1.27624082175459
-0.730548915625577
-3.20310861592947
-3.32998784954039
-0.993264515122421
0.952152571365155
2.0356521285351
0.770496666845289
1.72771280269918
4.05304772960102
1.14112527987984
1.2307844667265
1.47993840254091
-1.52966677782358
-4.29602994764731
-3.25872613317974
-2.01430494729398
-3.89830144020147
-1.52733725610472
-0.924630534126675
-0.742331012939028
1.55043744499995
2.60696220478387
2.1651720504157
2.03487084064978
2.85224701236613
-0.890559840197694
0.752087809195129
0.0818624368343845
-2.27375697230496
-2.46139069997345
-2.70835555693624
-1.64425320727154
-3.92513057158966
-1.60165827311455
-0.456173651792057
1.03540431004999
1.03948286876487
1.61539503687802
2.90776938706959
2.10032712592835
-0.057484666772937
0.254851154591146
-0.860595310564898
-1.12401811067852
-2.45649286769039
1.00496557430619
0.316757058730016
1.60741894540641
-1.40845658159195
-1.69025989525183
-4.98312536460512
-6.79732714584285
-5.84806637008189
-4.93223758485169
-1.89109756418716
-0.472226906393089
-0.234166437615434
1.93307317835237
0.960480045310044
-0.100157017114431
-1.35366546424907
-0.77132770968048
-1.99131574368377
-0.258462767733628
0.136243426223293
3.56564306489581
2.0875086415135
4.07626748053649
4.82581108470826
3.10643361271921
0.879059240000102
-1.82199395568822
-2.03506019917863
-1.45664637156234
2.35077876580762
-0.0547257977855742
0.847122194734762
0.152093779638899
0.114007537057831
-0.897026322313692
-2.74778652465433
-5.20312864895128
-3.67202612406576
-4.16223455745505
-1.63329524245548
0.0459096482702684
1.16911972855244
0.985707667311663
1.75967050970044
-0.0895190963628961
-0.617640825526572
-1.88166305000775
-1.17644811997633
0.254807459006046
0.437284976388635
3.25299409585786
3.61299439161704
5.66675229499432
2.89255705882268
2.8460707456477
1.53369153612082
-1.54800266163733
-0.54012075709155
-1.86958866038627
-0.94866106574013
1.04408344106638
2.32822788344958
1.06654364826794
-1.0400378520488
1.4032550358387
-3.92960768345316
-2.87987605173216
-2.51234895098047
-4.30664318106408
-1.89379569791204
-0.147280049441219
-1.05783418162289
2.28122395624292
1.42219288390221
-0.365715522146183
-0.961404410936563
-3.42957011098272
0.226431405395135
0.0275898705694521
1.05242284251491
2.83168796475324
4.05165803150397
6.00688247347484
3.07796335649176
3.1187299142436
-0.872455503210275
1.00421271886718
-2.29968375803562
-0.27607302793129
2.99588933357791
1.22709647011167
2.12936109297473
1.05798990976037
-2.63240455723812
-1.02302079305675
-5.50657895626199
-4.5013408985881
-4.52221472299801
-4.384460084599
-1.99717762773195
-1.05572842955035
1.17503858266453
1.32736745213286
1.11316850496932
-0.507877081122103
-0.746863391078593
-0.975005149869878
-1.30520042293488
0.0562429447377943
1.78799906370013
2.70223136832871
4.72184322999113
4.04483442366469
5.11858277375401
2.26768051923753
2.17031811395772
1.25418798693481
0.954458725479091
-1.34663764656136
-0.525567139560223
2.08181327603786
0.518475388068537
-1.34531252772016
1.0285088668357
-2.84927259804746
-3.9166223932998
-3.72919600841137
-5.75514250861273
-2.96582065366444
-1.96063213358026
0.148916426229211
0.781494597374834
2.9641655434917
0.188547121712988
-0.536073500619572
0.298334901689356
-2.85956493254175
-2.26745792832326
0.675328017754144
0.504629829791943
3.2468680574378
2.7237024392494
4.10846371015017
2.26475461979498
1.34178729243653
0.70725345820757
0.482900161744418
-1.80818146204279
1.3266791120058
-1.59521269811567
1.11629776282677
1.09130654548998
1.14552300015603
0.782809782267959
-2.63645217068529
-1.74783975063957
-4.46161519727228
-3.13825262947681
-3.89793241806697
-1.20146271605799
0.272025791877993
0.557503392199628
-0.0057784284009943
0.0206746928415479
-1.28957225012737
-0.558361917554692
-3.06394829734834
-0.19210661432293
0.689084987277594
-0.0917712760994238
3.38404361911597
3.83220280157816
4.98345397922984
4.17253210468226
2.92002878253097
0.832142498738301
0.0205462608177712
-0.0934555375724618
-0.657914558246494
-1.36162342723903
1.11992633558499
2.60823867648047
-0.0659337372888193
0.448719793326313
-2.72289458430116
-3.32789231614214
-4.98087466991374
-4.27403944041944
-3.25011830978351
-1.6708941424694
0.4760301032381
1.02684030079328
1.18499107849806
-0.645300079725924
-0.382947094618848
-2.93789457174489
-1.46314718120685
-0.210818419603502
0.292615967236158
1.62463768260794
2.02393791636954
4.30846075246878
6.24087137068402
3.43517760170565
4.05527521659337
1.14291706652605
-1.15605856742193
-0.536874558036223
-1.56672802081882
-0.356951339158408
-1.05283545506923
-2.93085180643919
-3.81026025222033
-2.44070951038311
-0.133473167288946
-1.39068594175968
-1.51245974575944
-0.612580983614038
0.175849380312957
0.207560904840389
2.58929135842849
3.34997559743981
2.26342791699682
2.62158649262211
2.41663970219824
1.06849505915137
0.130740227797008
-0.305684182458116
-0.683017270237351
-2.55057632889579
-1.9221822313591
-2.04221227851611
-3.50842402963002
-1.57534708653735
-3.63408827558819
-2.55283897869898
-0.295333856222876
-0.69453853973376
1.42497012159839
0.32467749055441
2.65611781605164
2.36125846379921
3.59404205001622
4.33305814643237
2.05717478551627
1.99577270771353
-0.127795114770854
-1.06775760746795
0.40045274853152
-0.905119175569554
-2.83356814290181
-1.78375963360099
-3.64761536723446
-4.33787540975059
-1.29507419420125
-3.29650387218819
-0.505837277022676
-0.703236340035178
1.90684482458472
0.970824812171297
1.2834404013896
1.48979941255269
3.46110703196885
2.9152061955014
3.24722962807322
-0.311094293438443
-0.350339723839741
1.61678883524684
-1.86966027439273
-2.49866272802537
-2.13151156633256
-3.07491110709828
-4.45320308473654
-4.98557024393378
-3.4676936423672
0.0160476345204841
-0.774053522500552
-1.37760359933185
1.23711298139619
0.704995318468921
3.81333383954476
2.62282949258275
3.8529313360241
3.53583007512332
3.96195819703786
2.52890666885267
-0.420203426508372
1.06650480429432
-0.751092739744834
-1.98961050176996
0.244561385753478
-1.11144397951048
-2.57260013993671
-1.7402557586795
-1.20881991060349
-1.84264517382799
0.210684820376887
-0.776513012417264
-1.17870804679708
1.43360476474805
1.21147083251735
2.8494077044883
2.11680614822608
3.15417012187153
2.09240403862467
2.56463520404064
1.09380774514655
1.09756915091596
-0.273857512807654
1.59252156306353
-3.53354575793522
-3.3629185922847
-2.09841849083965
-1.44523016782879
-2.22307049746901
-3.74942040738272
-1.27358493430555
-1.23100627016976
1.47132103566083
2.05987247750701
4.05899889049311
1.02745425006282
2.65761075668604
3.60728202368889
2.75542186899508
2.60932540077653
1.20810806395643
-0.42843386298113
-1.2006366366411
0.244029894513039
-2.46886901133403
-3.57552015603238
-1.83747054008466
-2.60749113741367
-0.827371580234598
-0.154893506507691
-1.78330932315854
-0.887147492358437
-0.766380790783812
0.337401686574431
2.2705120496241
2.01747500719067
2.71525041372549
1.35157438211458
3.58621665657164
2.55671210020885
0.851656817919533
-0.186308643228818
-0.993477929477559
0.175101047148768
-1.45062938480676
-3.38937740838658
-3.85422938541227
-3.1281783846966
-1.97983959371298
-1.69014771345753
-0.784700529450114
-0.426234217311534
1.63349211553049
1.74685510315092
0.25732532659099
3.09994695766531
3.45172353679511
2.75299562740031
1.83381315808024
1.39464837780945
0.945804138320488
1.24075543437975
0.183446866277923
-3.79030538883251
-0.612757155177947
-3.91308944064669
-3.17905073391147
-0.261284614852526
-0.724791104040028
-1.64697684179258
0.596908949682841
0.996872659839418
-0.060512711781633
2.77786528785754
1.40193056731221
-0.0469773809494183
2.07365109369512
2.65435902886722
2.10678215246437
0.961382828380436
2.42702637622013
-0.12097427937212
1.66176500529295
-1.1071294733969
-2.22243799053696
-2.19154757448976
-2.43432993202564
-1.18579852644935
-1.21949182744529
-2.14699310114765
-0.567240809852945
0.760864963066969
-0.566222894685556
3.52305925160538
0.0708736515408186
1.41286431461261
2.30007748296114
1.03258914071764
2.53994344874088
1.84487986227308
1.54348773824047
-0.77062424500594
-0.319691445655962
-1.12349439937108
-0.487699017877683
-0.701672413968876
-2.79406752197248
-3.78933967406456
-4.26761133281387
-1.63858112629553
-2.42723990446274
0.265577886644177
-0.0528969343246929
1.38383249976833
3.31876489290987
