"x"
3.15730768939049
4.27474466924055
4.84269846737895
2.95455443055796
0.754376215720803
-1.62567613329829
-1.26760727224875
-0.210682067675219
0.529422553626813
0.364707557494107
-0.469321933894458
0.663597614533969
-1.97129195995331
-1.08444491590823
-2.55283488832023
-5.70622855301204
-4.73061174501201
-2.68306655315231
-0.752184776612593
-0.938512566724053
0.791122712859641
0.170712335739236
3.48962920683209
0.365707505921148
0.792287084616052
1.5653589436406
1.34878922158508
1.5228227587001
2.7756782205319
3.42383051646283
3.92173564618075
0.866386804069099
2.36474867856126
-0.950771517304379
-2.56745851690341
-2.89769878868199
-3.44908816063491
-5.04260245567326
-3.06090516448349
-2.38686401461354
-1.87802631787062
-0.379675390388946
-0.554309022714805
-1.20660076136048
0.43790769538547
-0.988247398486513
-1.53241594071642
0.78908271814276
2.07204429932142
3.47657546781431
3.7116572427082
3.89633023662606
3.72071883726549
2.8948400238368
0.397291570720311
1.59699895050291
-0.787828001766804
-1.1193243929894
1.10827529641123
-1.11609484481278
0.407002558502307
1.37749393439237
-1.39722471660791
-1.42056799374822
-2.66690403421857
-4.13959238097006
-3.49036881425146
-2.41858471242725
-2.01684987770326
-0.789442462702094
1.71009809027009
2.38649811512316
1.57325178905081
0.0273441754330936
1.46563521422365
-1.15512446101014
1.05684275684252
-0.385704326102806
3.39265590160979
3.26815365711443
6.31296954318862
2.83920033098422
1.60743108049114
0.88052731614121
-2.709102116043
-3.21009605443536
-3.51481282193919
-3.18940759544695
-1.79439252303116
-2.00248135537217
-0.919695548755324
-0.786960963302581
-0.0493922814919568
-0.511338547225461
-1.47801823450124
-4.07735618652251
0.241307901512295
-0.143833358711397
0.501557605930408
3.7239394094654
3.75204768644278
4.49927276808466
3.54172684238072
2.77749667785783
2.196742502433
1.96864346131584
-0.692746002311201
-1.5170118899487
-0.287239575898311
1.71348121081455
-0.41806222458773
-0.53092316524688
-1.06686855122382
-3.16823935150336
-3.7438858311953
-3.39402264276256
-4.5606304763104
-3.71159001992896
-0.327542118689596
0.284069556583201
1.99311170949309
1.83861079952627
2.83350659198881
1.23086352558972
-0.610272280133549
-0.339043233590232
-0.634163668624268
1.72624165127082
1.85296039172003
3.08554592421585
2.79421231252948
2.64703652506668
3.31298885047041
1.14141864809303
-3.03379292076219
-2.53780057034458
-3.75553249688971
-2.27449845109733
-1.71809075987721
-2.54430683886511
-0.646719342297122
0.52076623242034
-0.307101141674981
0.275448400875937
-1.69440339241248
0.0188795465719167
-0.729073922561027
-1.89844759610659
-0.0698848715980751
2.74613367829384
3.29397558102053
3.58227894559393
3.09194486788937
0.211524289510913
0.643494680012312
-1.5769103910406
-0.26705237073865
-0.506816605502975
-0.263383842892024
0.499599273542544
-0.64029400194643
-0.592450854657306
-2.00196719563543
-3.69902621381731
-4.43060841203735
-5.6972831740592
-4.59082653442548
-5.56140128988912
-1.54094749829894
-0.675301641404668
1.69668630267294
4.0070333929141
2.08676869863398
2.23031892257716
1.99701193955157
-0.206216254037214
1.9384171392851
1.92092039177869
1.30887230638398
2.89082229096376
2.4439458251303
4.19634378679443
0.293648760371555
-0.716075966641839
-0.596941147928968
-4.20069089333223
-4.36877241962718
-1.79166689748784
-2.69618297462062
-2.1070036786148
-1.3064192923798
-1.15051133675716
-1.68680845681135
-1.21102630559566
-3.22939882005823
-1.68414167762316
-1.85437238247024
0.667092649327622
0.541340349985755
4.0621283219768
4.34273628254389
4.54669263055593
3.3141200803234
2.79434601820664
-0.237865669350197
-1.89551236770479
-0.491760562736918
-0.619523608542856
-0.425794603462436
1.31551583175607
0.611327060777312
0.963957091007092
-1.38687079988069
-2.10330274749714
-3.61416084328765
-5.13288995443276
-3.01428988348473
-2.59584533406925
-0.761338755583071
2.05117125974716
-0.423423552551581
3.43279823773325
2.69064136467362
1.7551795010726
1.03716415516476
1.41290945045164
0.213172339126559
3.77173695518679
1.38504339173561
2.42887423735115
2.57557725959059
3.3704847614518
0.928425084309753
2.2979772113338
0.456700986939347
-2.88656271298404
-4.21230036655724
-4.54257921495594
-1.94218249187994
-0.955196193910367
-0.351287412885261
-0.954847804107251
-0.387150356530991
-2.39142984842373
-2.73082854246519
-3.82224424835643
-2.54141685484348
1.26043908761216
1.06976485115671
1.44333387665437
5.36648979937507
3.33370043712858
3.06769929406063
3.22040238925284
0.744068066233768
1.72157455741418
-1.27630045054013
-1.90797279673534
0.161410762089312
-0.00611364243859619
-0.248076099711374
-0.314110620171196
-1.82282805489679
-1.88670604900292
-4.78546031305114
-3.23047130540593
-3.68419490942824
-5.32957507553646
-3.14008939830799
1.06342072508157
0.749728323280116
2.99151474811151
0.657767949236046
1.58780990394288
0.413958660551172
1.11610081434373
0.913604535279321
2.02861771570836
2.29966681410219
4.37829141110588
3.7830867078603
4.33083177595657
1.59058731803546
0.135399730424329
-2.1619583685898
-3.52801156078958
-3.94271166693472
-2.88765695746847
1.09457231415074
3.05247525366434
-0.182291575345911
-2.04717126152006
-2.48310422010028
-2.64873135956544
-1.64377987773548
-1.28621829552628
-2.47978154278095
-0.299934093313735
0.61817743683256
1.2629058729251
1.41426506363686
3.80620427148511
1.78288321300816
0.637570869451444
1.19167150961937
-0.972623890968016
1.18368935239082
-1.27266783618013
0.158897536206089
-2.19285301640667
-2.76578317711532
-2.68726658941619
-0.156588080365153
0.294430965995736
1.9191937948543
3.24659152570354
2.98083945684699
2.34581523120095
1.79111293008051
1.06385511303278
-0.15690928485458
-1.48023874101841
-2.85645646135496
-2.18721864367236
-2.2228692345262
-2.56202001111219
-1.26997912183944
-1.58364722218001
-0.148524488719074
-0.232621185288925
1.63339671625948
2.21272426147314
3.53141146854727
0.900081347232663
3.25202432229752
2.21974225473333
-0.83265272261777
-0.718941682164994
-1.46886660956494
-2.62591496107419
-1.61378711315638
-1.82355364361323
-1.1075836261272
-2.78449425344222
1.34004685274089
1.23412492408152
1.63878747766336
2.42923076787098
2.35779729945212
2.45256558270163
1.60284324461233
-1.34391398443055
-3.29481081158778
-2.11813190710155
-3.46303788112392
-3.19685675068605
-2.90700116281913
-1.21485147941362
0.418165631053545
-0.991484416579066
1.14246397113686
2.61178259012147
3.95523387552212
2.42500156424923
1.57573302447732
-0.0551029415522665
-1.13804526287803
-0.463994598751133
-2.64376513681688
-3.41632415606334
-2.85517917752987
-0.0211615648849743
-1.25105410666333
-1.04747213363012
2.20975952189784
1.784828191626
2.3404544806316
1.10972293314112
2.10220147825536
0.973672944007987
-1.86159284421151
0.613533203087811
-1.50085039689229
-1.52129278150286
-1.12341078996927
0.115491430009752
-0.881010423173082
-1.7032284427992
1.92344502973321
0.704368738536235
1.44871889894236
3.08181483423601
2.48471961530221
2.33581548514832
2.55422763435067
1.26413139367953
-0.504336281052302
-0.911914852549851
-1.70486211378778
-2.19296513585154
-0.47075878067959
-0.798794180242728
0.227058116719295
-1.80769385732225
1.27948482123069
1.77054509738022
1.16326512545555
3.11518931368058
1.11793774058946
2.18673747625964
1.06737778863461
0.428832859912899
-1.84543718237807
-2.3490513242726
-2.6743128694772
-2.12356626731361
-3.05647736827625
-0.0862708992222861
1.33687514243745
0.356704457283219
0.791266486426113
1.50623108948524
1.08592751678272
3.10146313838243
-0.0660579772755852
2.12878912471987
-0.730844771196438
-2.31776480061153
-1.79439372098896
-3.7308777762847
-2.63764417809427
-3.62417473672248
-1.32505075076159
0.0509858133388584
-0.673131096703156
1.96661818295865
3.14662270977651
2.7082701017352
1.18569653426796
2.1271329977883
-1.56716607529604
0.485497434751352
-1.38655374724082
-1.72456334176572
-1.54341792376883
-2.89850732694921
-1.47124290957702
0.874657992423008
-0.247646635391756
1.79118330635843
1.69465883211134
1.31283045790476
2.50253833221757
2.20465510105441
1.7880422664588
0.913688151083246
-1.17718629895518
-1.42654632640788
-2.49773798578481
-0.467565249737424
-3.03060314001085
-1.32064031141905
-0.0698511661507394
-1.11052343499488
0.522409376055555
1.37597928394037
1.12156963901664
2.48420493925205
1.43865855022617
0.589698097522787
-0.330606720328894
0.448601176454503
-1.05810362005727
-2.56609585778513
-2.67912505805432
-1.44180150981688
-1.306329959695
-0.837749628852584
-0.714744907935371
1.32051427965159
1.87502551426705
1.85502910816587
3.35796778639309
2.08147852426105
1.35670302521198
0.243896215240328
-1.0395264295543
-1.98103059819475
-2.04292784444995
-1.80528112611256
-0.112952435426993
-1.27974409649919
-2.36106453371878
0.501512571249562
1.45939426477617
2.22507964529619
1.88527102719923
2.33258039698724
1.86494403338693
2.83435434559639
1.2154320592144
-0.200764516626913
-0.779652668860826
-2.13673025505828
-1.50536819769501
-2.3165890281105
-1.79738069096603
-2.56991967228613
-1.48190290802941
0.628677265682198
2.29089965312534
1.34614988811216
0.123168173650358
0.600431040146452
1.30220867357125
1.80273442361557
-0.745297705982336
-2.01583357805784
-1.25142655637161
-1.27900151960651
-2.41270081469405
-1.78379533152233
-1.29201832936228
-1.12582320702743
0.631299476171116
1.85267512177945
1.77683125116225
1.93664814910364
-0.133751119984917
3.21467674678958
0.118391727965343
0.425763307291333
0.642462214198118
0.387440046139193
-2.83046225781865
-1.10261201489741
-1.72291185839297
0.223244565319629
0.193799310674618
1.02028740409656
1.59360479341696
0.739691115905719
1.78735736367546
2.50822061965869
2.60539462524998
-1.34087717034416
1.86844604159586
-0.338631078503585
-3.83626417881804
-3.50261669641095
-0.801715072846229
1.90153591282088
-0.0762802525331913
-1.40655468440154
-2.92478872765876
-4.48748878903313
-3.1187201608006
-3.76519566779583
-2.28750479278019
-0.332309921204504
1.23172301682772
0.157706789902887
0.701013676154159
-1.20399944026357
-0.708923303546246
-2.11046300658326
-1.04394634890513
-0.409446785503079
0.565247195131612
4.29273456424
3.9267373410002
4.05013025402529
2.53614249481744
2.21431056689779
0.0847498055621635
-0.821645385137175
-2.45311353920455
-1.1821325669573
-0.89905305071222
1.94664167165413
1.40236825076072
3.35165628128732
-1.11118791588835
-0.487284242025473
-4.04031009016271
-6.24166400341106
-6.37011309779114
-3.1873415702693
-1.10523778617784
0.587401056711885
1.64950994101067
-1.33454905530079
1.47366110360997
0.490213350684754
-0.831722326093252
-1.0835769993142
0.163463835495667
-0.215411161916408
2.7032649767505
3.15683908833675
5.00078847552984
4.09534344175742
3.41531506966928
2.41062525043984
1.62337957749716
1.90279751329501
-1.54775541294186
0.23266480652077
0.99226294973487
-0.711941239699432
1.67062408945131
2.35355545136203
0.269898735805765
-2.41658374917905
-2.60887739217152
-3.7685593340163
-3.55579552342228
-3.91341961112076
-1.95293631678033
0.0319854358634046
1.25791048549593
1.44969844322935
-0.557608836535636
-0.442045155639303
0.590153676426808
-2.62168777015243
-2.1536913948385
-0.165322036183407
2.47599365018609
3.57051221996732
2.92329378907943
5.38942975848915
4.33336581339245
2.15718463973104
1.38992754492532
-0.99932690347662
-1.74736091015663
-0.832969060254848
0.142096326715427
3.97660717554082
0.182295140436181
2.25806239994808
1.31582355568988
-2.75996861674489
-1.99071777080157
-2.89195173595587
-4.53107223692205
-4.0321484963827
-2.41368447185969
-0.658907510461846
2.67695293793492
1.39884936781471
0.680621585884994
-0.39447702461517
-0.732199951620639
-2.52041557358866
-1.97289339352664
1.39972396750559
0.490506102978777
2.81959206358207
4.23153509270246
4.90458368951137
5.26207891114955
3.01185529390732
0.548922873303104
0.300931603966418
-1.49484665704371
-1.61420909444998
1.09217591812463
2.96165542919358
2.48048691702051
0.175133065747348
0.0574544702483181
-1.22179481768244
-2.72452625879809
-4.51449976574125
-4.75238846348209
-5.1024872349039
-2.88816171570709
-0.264993672646716
2.13479122285022
0.587993088084495
2.60836892920296
0.347306385911346
-0.250700752928844
-1.05562830621344
-1.17459301922897
-0.226524670931381
1.02332446873237
1.16052829178998
3.73881401057829
4.15337066807031
3.27693178576899
2.9843243172798
0.353792174090585
-0.575736949777274
-0.232174472054792
-0.817879104768536
0.68276019842966
-0.636326799360394
2.4402228352458
1.11404628880632
0.237503690675276
-2.14233731498991
-1.39668846702021
-4.18414801563915
-4.16394031481639
-3.51108531145998
-1.46062262786678
-0.921301315932747
1.12731907875808
0.894755785153924
0.991070025622117
-0.636867857237808
0.31584176302871
-1.17405104846912
-1.39991456905955
-1.27905604272603
1.07501960156438
3.45930126287517
3.07980354869572
3.62736582979729
4.1550377765578
3.00761995623964
-0.116566977350114
-1.15186549766845
-0.15532327371951
-1.46277270737358
0.592697530239729
1.13829430649797
0.429787413342483
1.053075841708
-0.120204092997738
-1.64048785933637
-4.94480477046135
-4.15625733096171
-4.16619434698879
-2.76196576550292
-3.77991246348585
-1.23482634791493
0.968070195462544
1.63472026963052
0.414926869597623
-0.108842688487421
-1.00162173082343
-0.6961742153302
0.302087965650969
-0.105048575338569
1.42038390677754
1.40565852703737
3.18463766835931
4.19259978851835
4.41937478251248
2.05834725888491
0.00779154833808005
-0.441307572961083
-0.0267800312869187
-2.15235155819412
1.78833151358097
0.0577905472820226
2.41511470716857
0.424726701847848
-0.182479143285553
-0.403079688425787
-1.81821720932535
-4.40989944118699
-4.09119499741567
-3.36079831191874
-3.22107828193906
-0.277343321256029
-0.355292182548118
1.78435400559954
0.695575134748674
-1.72141484422677
0.212976487181618
-1.8954625819628
-1.8111790158447
-0.747826226579982
1.85838794529952
3.2299160964004
4.76253681226925
5.48017986708895
2.71868768798559
2.52681853090954
0.826079690799172
1.37847806894348
0.0897772139778297
-2.78895399809498
0.179563210157923
1.49499154868934
-0.00579469363571272
1.77171609871947
-0.0136838428137413
-3.26291715475428
-1.03056836162913
-3.12989709503121
-3.23080002551097
-0.623817811975996
2.54370525156244
3.22136897618111
1.89450487607274
2.08884836625717
3.19282599941164
3.3043444627797
1.81846394158032
0.648459285511217
-0.170348128037992
-0.777408297178103
-0.0236795904114548
-0.933009088910093
-2.07887367377443
-3.5053287666768
-1.22153441450028
-2.65052203349905
-1.77582093962844
-0.654055551677263
-0.410645265512819
1.05417028520674
0.0399662264546938
0.703029008399627
0.914697352235758
2.14090091867908
3.40160002263945
2.79951638097252
2.35301313629032
-0.170076063935747
-1.86355154776114
-0.0981067851043083
-1.56875992842601
-2.52304007576187
-1.85364975316814
-3.27557610987574
-4.59812526412822
-1.35674618527314
-2.84048272073684
0.213492580030782
1.57069236085323
1.77579907570147
1.77363882213178
2.39552616939411
2.31085996092045
1.07403132313671
2.0243497665451
2.26086084767368
1.02534141119139
-0.297194614320199
0.457558717819473
-1.34991804488844
-1.20889839669148
-4.00181210329041
-1.57964930368721
-4.45073020728675
-4.02411938736828
-1.27189993803135
-1.84137085429672
0.226796327955978
0.587019254995142
1.02437601770011
2.28331135938974
2.63048925098974
2.41931553500865
2.66303903847656
2.61412790801845
2.5627208837495
2.74535400416378
1.04890927497126
0.0752705560395323
-0.598416441013168
-1.57855202615096
-1.61089693553418
-1.37057794824516
-2.52640412950808
-2.52534161367781
-2.00045573114714
-2.04637862476474
-1.38558008158772
0.24810262008145
1.13185764422702
2.61082072831935
0.578744666750991
3.217571230664
4.02454088172428
2.42040354198403
2.99056233084291
0.262413794588959
-0.443937172203198
0.546769627451609
-0.0747222879331489
-2.43088340357875
-2.55278199532037
0.723675797139723
-3.06166967120948
-1.43684719106266
-1.00280541897603
-2.34115637815334
-1.77446834052947
-1.34741479610086
-0.95801020085958
0.263128632652566
1.21766455733393
2.71503451258412
1.09685018380544
2.39241021872747
2.6944105773754
1.36070912612851
1.01213416985365
0.751160329965627
-0.599443009944974
-2.09422976648922
-1.19641800111275
-2.03872474019697
-2.92871268640298
-3.13658611973834
-0.530089120933827
-1.11127839381867
-1.2978522572833
-0.811914568849729
1.56017511752602
1.83483854945446
2.69670948140278
0.980448965020821
3.65297051153295
1.64653664552707
2.31371368831928
2.49580162649135
1.91070002158111
1.70624542523447
-1.6900416439073
-0.84865587536617
-2.33862363341166
-1.50591571815857
-3.96505517665349
-1.46720913669187
0.0802052100403459
-1.00776772793127
-1.31275852992094
1.00514493929847
2.19338275177982
2.84791969792861
2.99589622770462
1.61271716152177
3.6567339309964
2.5241263059011
1.58568189777289
1.39191424034082
1.07834306411945
-0.626967749697777
-1.58865864592409
-2.40413481735028
-2.08280476669302
-0.996200550170129
-2.53270174826442
-2.94809272556393
-3.20948156841433
-1.72914497902197
0.933230236160766
0.0541054238374108
1.46736136614638
0.483307887295161
1.83915581892558
4.12218194335561
2.97506486851672
0.9408184409978
3.53335783740539
3.37407095776957
-0.146934296147845
-0.618370789925791
0.555891688721135
0.735811447141206
-0.610378599049091
-1.42422466015623
-1.51516917038499
-1.60768482266274
-2.94767749970739
-1.73699267009806
0.909005219222339
-0.0618997749772484
0.252711204510558
0.933960590316944
2.4715880827278
1.85977546453913
2.51485427433948
3.67343912211678
2.37794102181205
-0.140149528989699
0.934430276832872
0.350772575100743
2.36165981630083
-1.52000472781078
-1.54565427200124
-3.52669410943823
-0.4384716532842
-2.93528715067591
-0.979757773457119
-1.80966595837295
0.329543073289196
0.0668436851489354
1.40556720000265
3.50605352397483
2.20528704699282
