"x"
3.18889767062402
5.48490305764534
2.66701358335107
0.582499224987756
1.44251803144948
-1.50762648100566
-2.38879902832619
0.191014646179332
0.273261143858932
1.26775884525136
1.74428420642875
0.614748387381177
-1.06958977936715
-2.8536726654446
-2.25484409529424
-4.44663260220265
-4.62962505878018
-2.38919737365385
-2.17174547826718
1.92910109314644
0.982375345644984
3.22571549889186
2.84117054771472
1.43963593626352
1.2485159382346
1.36211480577898
1.97985135112128
0.0535804565007787
1.95842197284286
2.68171179997033
3.40123110777138
5.19330036732509
0.0420105670264146
-0.348022074602105
-2.26468515696154
-2.91073111392072
-2.4301265882932
-4.07666295593968
-1.7634569154842
-1.02181378878018
-0.680199211251985
-0.031905160757116
-1.39539019472296
-1.05882392976901
-1.63339047315108
-3.23605695886549
-1.37743641695801
0.446025559765641
4.44530533492392
4.55359464921523
3.72322432409325
4.29676364013218
4.36050200798544
1.8124860660957
2.07862949199722
-1.18727436821479
-0.355493628497447
-1.30742204625622
0.15850165609763
0.807661669371149
1.23903939252686
-0.0873491574631274
0.229181171247734
-2.35544726580354
-2.3281903040081
-4.00268120114243
-4.69029138049061
-2.96349633423365
-2.02499536567404
0.102545354495257
1.90942357181834
2.42881604423947
1.0233048562711
1.76175115059022
-0.0230822442769723
0.693249590088135
-0.135208908154395
1.83757140832888
3.31710824572014
3.62609061171871
3.2900982652176
3.45583140911604
2.27767238318316
-1.34195780549358
-4.58701575680044
-2.3281886320088
-4.81950264028955
-3.80849012085276
-2.75466909873833
-1.72075374845063
-0.594097477826119
2.06326601263655
0.71930578145958
-3.20720203353479
-1.22334897313715
-1.84409050748051
0.971060982167109
0.372244117094055
1.02000751381301
3.2795930542668
5.06575787542907
5.44944390980157
3.67674234759558
1.36322629352838
1.97177818688121
0.945447124722973
0.478058307734974
-0.125637824956576
0.391135363963774
-0.598362713484922
1.01001792561214
1.76693274702186
-1.63534260160672
-2.16117187691782
-4.66886341627417
-3.5862434172972
-3.3200939806468
-3.16976920797447
-1.23380932415184
-1.19188023693883
2.64222112805566
3.39370321905188
3.55702039935675
2.93125897090787
0.797225032855563
-0.87752435063721
1.50687533905056
0.815030990110279
1.79696575223133
2.16039710566691
5.34870233052482
2.15347029952971
1.89642321407664
-0.995527292155271
-2.25457440893093
-3.03417768984282
-3.76493529921247
-2.68185621402496
-2.93635205816323
-1.50964234948789
0.456087932131558
0.205432770467173
-0.991696733961305
-1.13684622756396
-0.507776632734033
-1.97557737879364
-3.58840812820106
0.53820428613682
0.169585203048559
1.77325160201455
4.31743490239902
4.14902869003189
4.14766544517041
1.74466345175308
0.885136770177674
2.36794317285476
-0.706317842766637
0.523392119282676
-0.500151982796675
1.45454420684986
0.721988524142575
-0.301490674397373
-1.65908467994958
-3.1300683577238
-3.93188789261989
-3.38285457350525
-3.57397725061864
-1.65055931311573
-1.31737033299189
0.0569215773030827
1.03560925130742
2.78860265069691
4.0474663225759
1.06153729997753
2.48015468658921
1.10739243341552
0.991589349361119
1.62782184456032
0.799232663557461
3.58552812726591
3.83254205488933
3.71137012168999
3.43661752271686
-0.0093129124598889
-0.849143312866998
-2.60618985645882
-3.16247496423111
-2.47887670334672
-2.24804311909118
-0.774640759398844
1.07944250704603
-1.26389991460654
-0.494648458124635
-1.56983964529834
-1.96600462524751
-2.63600537657878
-0.130598592672064
-0.865280395377778
1.56425980823754
2.31101851835136
4.37280325482961
3.03402440511954
3.85289759819352
1.853212450148
2.08262873792136
-1.26267208240889
-1.30628483908373
-0.615072062064976
-1.1211967206375
1.57315775850449
1.51769060361164
-1.58548530180712
-0.20835623927209
-1.97714439226849
-3.98054987579682
-3.84843625924791
-4.00590740834977
-4.41877392370976
-1.98237933658089
-1.78901261395923
0.965991689764856
1.16746820143724
2.65498650655389
3.00055903191451
-0.474928363511958
1.52968155799178
-0.707658554267319
1.24985114930566
2.62482922094109
3.01616943954072
3.17856823364925
3.40170807061768
1.26944970843947
0.129119846689187
-2.07272664422129
-3.23062978633266
-4.59715416145059
-4.27326659228458
-1.84784473141369
-0.904469157638253
-0.839776745619313
-1.68708134893118
-1.40904309673365
-1.01641707180221
-1.11288639108351
-2.21471746164254
-2.41599460653383
0.205506454978055
0.689090392593156
1.69286031045567
3.88056555988273
5.04925266480312
3.39969859998721
2.13668654293851
-0.535563677478879
-1.87070428773406
-2.01068594052611
-1.85548498758935
0.634630280795036
0.309216658907074
0.609734469931006
0.556217191718709
-1.2036422165372
-1.57374471021081
-2.28012419547938
-6.19747046911713
-4.0123461289269
-2.10785458691414
-3.74240602768462
0.0534042065979713
1.75936110092088
1.8382250168234
0.866618952797484
2.58097434784793
0.37884542416804
1.51418665698941
0.44060544147016
-1.66305158787506
0.083552191118105
-0.439275235686932
-1.16029868762174
-2.18733107368143
0.256423037669154
-0.243028028428862
2.13072265286537
2.14260524205789
0.922472689050116
2.87631742503525
1.49081522745428
3.5216412398254
-0.0918089577531356
-0.183178732801355
-1.3826516434179
-2.21280696524139
-0.680058259749607
-4.7469269704958
-1.10181291785155
-1.5691133671085
0.000527130704036691
0.984669219065482
2.1105521447976
3.11003318132649
2.03349202262166
3.01649642311353
0.585807632520302
1.05615858339242
1.13365010620242
-0.303758560066693
-2.88585890330965
-2.32896753111089
-0.801296622202187
-2.1180968263217
0.652646671744119
0.310880131941879
0.829288479626493
1.85042086407908
2.57458612780916
3.25067546184082
3.58880626327755
0.974201286114504
0.580799139110213
-0.1606256771342
-1.28644355562804
-0.338046057122875
-2.46222074981692
-3.13715384368869
-3.26543507826865
0.0124985004007728
0.814158629876599
1.49479041489154
1.36121538746461
3.98425356245681
0.94442642918505
1.19491004520809
1.10991633229027
1.19119978450297
-0.464545040191537
-0.466322815756603
-1.19484637712303
-1.51859625026907
-1.71604828464065
-2.1884393539996
-0.916415423389824
0.535368002886071
0.0944888965060879
2.1184425678407
3.77536261822475
3.625723177291
2.36316120087932
0.790723903468342
1.26522247024116
-0.622938691611926
-0.901263196401176
-2.48764233238513
-1.52334798072617
-0.524925595012067
-1.03083855231295
-0.098576909213141
-0.023586010166186
0.497770020105092
1.7100899158487
0.569276442497435
0.755801111652443
2.30254513924746
0.893171161945962
1.0780145734386
-0.245556823000708
-1.75908266723293
-3.19057024479407
-2.64018925748257
-2.49477344555489
-2.12638130441907
-0.831871875208519
-1.16234814301384
1.32452397808896
1.14948741052363
3.08122560967827
1.16505960194654
2.77357460508248
0.731516540011462
0.919302015544332
0.031190781380288
-2.16069344925031
-1.79172154058417
-1.33515125233623
-2.32543855737262
-2.85957652853834
-0.00285139250332689
-1.49732222722685
1.19551470204441
2.16452561797562
3.48681236213561
3.29345835799942
1.95278528789063
0.811218035657741
1.54794468589997
-1.50289250078564
-2.34485815444617
-1.64076238836138
-2.68068577877574
-3.09497138041816
-1.86501239777174
0.737215486995698
0.909139557851774
-0.660271826627531
2.11030724728705
0.456409015650008
2.28381143419136
0.526140098283564
0.648240334154457
2.45648121806447
-0.793944010905041
-4.54155780355295
-2.02853633269142
-2.3273827476822
-1.62877431058447
-1.09049279025253
0.427838284312435
-0.0087757989061388
2.86682541776024
0.0620336249651126
2.39733317901281
1.19978679823686
0.468075898095622
2.20533946033381
0.346507602935189
-0.193395556150181
-3.29552680964189
-1.26839095189282
-2.47135389421361
-1.15100898353976
-2.75924459766708
-0.72421899822381
1.5776112353894
0.732900671547496
4.43899077315503
3.24083308313099
1.22782580952786
1.48495196856135
0.263843462028495
1.64706372291645
1.04144438710495
-2.92867167423981
-2.46650877587204
-4.04681227998103
-2.1058280250395
0.557135285746256
-1.98003537760323
-1.87912801411329
0.293641803234285
0.453215763485821
1.43069612321079
2.88113560698131
2.63148497520661
0.127467771882845
0.41171115874023
-1.31685500679911
-1.76718223739303
-2.88061235457416
-1.9144011559189
-2.38264957274479
-1.17533627099191
-4.08810675998535
0.933382090852886
2.67962321408544
1.72423878566386
1.08701845301819
2.20212031562087
2.07765561645184
0.0991477978410309
-0.173733860976786
-1.06468933195374
-0.0501368862716369
-2.8006601912961
-2.44008289230771
-2.46403789470364
-0.455490858422044
-1.36241615489359
-0.0762917635765701
1.78700192371432
-0.556660753245775
1.42888440410173
3.1768046404477
2.02050606476011
0.495638878293755
1.52479450495094
-0.702642291433223
-1.8213904423077
1.44407299776817
1.60702902789989
0.685504853804341
1.15499054074976
0.540635061657299
-0.856725107136616
-2.67936512323425
-5.97178543099998
-3.46777082149163
-3.0008751452012
-2.36499063662716
-1.24648536374892
1.04546266154264
-0.00858145023035517
-0.424583781790605
0.395875061070317
-0.930508997237363
-1.31467328598036
-1.67793632322072
0.144399765424432
3.05668007441905
4.7337586310412
5.37199101242638
4.94048411042551
3.83328475647454
3.41051043721108
-0.403615348568563
-2.244330356827
0.361726192979622
-0.794410358554639
-0.397269424725299
-0.806596499441867
2.58905863268773
-0.0293037471114481
0.535503186796659
-0.00180151200108059
-2.36543547068456
-4.51159002701405
-4.1199470309006
-4.25232159083406
-2.56822391271409
-1.6659332858341
1.79240192915011
1.58230036949292
0.825485739428147
-1.71818953682205
-0.61495510543425
-1.1224985681546
-0.376655318982006
-0.442761729250495
0.308075098062763
2.91636953390715
3.17542408362134
4.76079786405605
3.244934974501
2.62459376694628
-0.560992518270036
-2.12030172222364
-1.99889333061966
-0.457971793613748
-1.19920469903536
1.51184207209467
-0.11937081348659
1.30967600762296
1.90509107064784
-1.49005660309395
-1.862733728445
-4.37133092429812
-3.98731360023696
-4.62657101925071
-1.27567601422864
-0.503858447494823
1.14711219035456
0.142488247261757
0.171586730862158
0.140755652944975
-1.45959456810984
-1.28758220972876
0.812185474711562
-0.672948193971135
2.38384717761576
2.95558396065074
3.94051763750431
5.94233064975751
3.17427519639056
-0.245385114098375
1.76543948108791
-0.0285825484922922
-0.407181140206522
-2.05773306007471
-0.666450545185756
2.04196975739599
0.460901696966658
0.278244344762389
-0.131434743435832
-2.24894071592598
-4.57428257221585
-3.56478858948046
-4.81730322797835
-4.39831683213155
-1.98418247392836
-2.67076860003361
0.448786127074953
2.3601507086056
0.884776580913815
-0.761987976888748
0.184250892540145
-0.556822399922712
1.46863682846206
1.99226705908286
0.927880650186966
2.60622938882875
3.68252250446161
4.13240680380125
2.41751416964612
3.54680676958697
-0.61714677219176
-1.13446258124693
-0.601021171735447
0.160009885688382
-0.946595841575977
-0.175513228460329
1.17638373584652
1.12142680920114
-0.667136839405562
0.366310393223054
-3.46277615578741
-4.92009668276504
-5.223042470972
-3.32674699529858
-3.36254380659968
-3.62890653953199
0.932799827902496
1.66987377332679
-0.426530847056783
0.0123513408271106
0.0517277607850148
-0.447161693955562
-0.637534452543842
1.39580704354711
2.02494531339963
2.70723056084753
3.40721789053591
6.15721325582823
3.95954252495601
2.40503436513466
1.2962005607913
-1.91308388741279
-2.56816729417352
-0.996509575381935
0.682360748693187
1.04339383696892
1.77616140265158
-0.00552315857654317
-0.065775577665719
-2.74298583962643
-3.60151487181375
-3.2612604251059
-4.37643118357753
-5.60182952333105
-3.58568577275227
-0.337296625898724
-0.799885217430774
1.43210584788004
0.131016580734996
0.0114985008340002
-0.96609630833225
-2.29488178248535
-1.39274970422146
-0.829378645930238
1.2388049670747
2.66820705757893
4.81081500348174
4.95225405449555
4.76521258430817
2.90188589715412
0.196255564588272
-1.11425285163039
-1.72420465376696
-1.34375010591375
-1.0647734189079
1.88476004018306
1.69012444248985
1.82152582960301
-0.387109008962024
0.729767697082771
-3.35678395048874
-3.93701654743041
-5.83022107888355
-2.70035183889292
-1.54103381094578
-2.04493051227343
1.46075249084825
1.02966237519017
0.752426065924391
-0.928548013003163
0.773608492157528
-1.86990548532743
-1.57132512275746
-1.58793102398023
1.28019225052115
4.63156794337656
5.79570679734602
3.73642349972404
3.47029797043957
2.4609570645747
2.01318971255492
-1.01041915456127
-0.959659719585229
-0.715992544318317
-0.813278552776361
1.21699363810467
1.01246321556979
1.4210810250823
-0.0234782891306509
-2.55051700765394
-2.84589272831008
-2.42143789808426
-0.656430510492012
-0.105528868163579
-1.73543926949184
-1.77588085094693
-2.0336186729579
-2.5316431363136
-2.93715501912077
-1.67840828592928
-1.6381165980854
0.453802688198976
-0.0266961523240597
1.19590435991106
2.93606653345449
0.621371129432777
1.78996065463935
3.51247781622304
2.51008182785105
2.92459114336079
1.60709739663819
2.34110427534633
0.372380420886249
-1.94358500153358
-0.375333819381821
-1.54392306594241
-3.07510340580046
-2.1117122703561
-2.39869150985467
-1.42316538428332
-1.62034441474842
1.22636929415254
-0.314310743891604
0.636424218407528
1.33099012468832
1.77691894185509
1.91873572534849
1.82787028831329
3.16625584415604
2.74737986555735
0.566111789731306
-1.25078498915271
0.893036521643873
-0.500682274782106
-2.78617596256061
-1.12921184160195
-1.99172431210043
-2.3811241595275
-2.56370746385766
-2.81016579061541
-0.558111259299437
-0.683301609671507
0.936945091547019
-0.954346354296375
2.22432443423226
2.64347331550429
2.25395675132142
3.63497871635677
3.80396937434517
1.35939090953187
-0.0544884311038063
2.27453833327648
-0.357018512193979
-1.64942941304467
-1.04487469501135
-4.64709116759179
-3.1323716993489
-0.515777227864759
-4.13687542957731
-1.81134578017554
-0.221775243527112
-0.180667875065614
0.368600093546594
0.997829361758783
0.155974920803374
2.64544908051151
2.05844080489834
2.40058240418962
1.58044364458958
0.906969780909031
-0.129591996600518
1.28322862125013
1.54441977512925
-1.0970377437217
-1.17628433400687
-0.952218383448237
-1.86528661109012
-2.13536063928224
-1.38503794243529
-2.08766263079845
-0.677527992554975
-0.737772304286937
0.0513591998604344
0.264740567045636
1.54631714937613
2.83970663719917
1.27562862089106
2.43168736274899
2.61474412468703
2.48597028247749
0.826710221084771
1.73395624104184
-0.395496678468119
0.199686823343123
-1.56021291190047
-0.153038326326793
-3.22192627846005
-3.79658412112117
-1.37961136339809
-1.64772037284299
-1.17423385094282
-1.0872490516433
-0.290563593944377
-0.0267682186528552
1.43788978045587
3.00674584857177
2.78091536514942
3.78063094946799
2.2977519049847
3.65685314486751
1.61224615869644
-0.878075008126515
-1.75653763047343
-1.81089697583543
-3.69425729015873
-1.47904118911969
-4.59190321636793
-3.82141527269881
-1.57947030903405
-2.76519944279687
-1.66827565246437
1.06620339497109
0.968045013680462
2.81478880203087
1.46776439911936
2.46530053409647
3.2780076509406
2.00192189495853
3.2273539519034
1.88620652284128
2.35153850174155
0.22219340559185
1.02257819186324
-0.310886371688252
-1.69909796936032
-3.70992780119966
-3.32187167093268
-2.98807796929468
-1.64792740474156
-2.8008756241204
-1.14048819980641
-0.0958221739861631
1.41588519261752
1.45220113742748
2.78385751751287
1.85761235759268
2.95408035204766
0.93896960299599
3.4267690132743
1.60551655302237
3.32991428969563
1.41227679426735
-1.9840249339328
-1.57529819297131
-2.72683251490969
-2.88736057494711
-3.50189134146259
-0.898281426643395
-1.95212426757569
-1.44723872550691
-0.777190885950753
-2.03993021152231
-1.18571524046724
0.267125195088708
2.48800927074117
1.2638713829223
3.75816913107385
3.19024501400347
-0.145650980997514
0.305879824949977
1.78864924540227
0.175285098433109
-0.809156051296343
-1.12225448659935
-1.29861307757865
-1.17806555991575
-2.09727734020905
-3.2196004234956
-2.0261534622582
-1.96806037085196
-0.928154704508212
-0.0441858098154784
-1.18448075486595
0.619913479582407
0.477855191625308
2.37615040991204
0.875642046740004
3.9021972285424
2.48220980598675
2.11505788362356
2.104885903904
1.29192816278796
-0.351977618917875
-2.19416187509778
-2.63934377784707
-2.57687498903117
-1.47412780287967
-2.83812138840236
-2.09727918749291
-1.46678609894142
-2.45457537700479
0.331459418951276
-1.99907546245742
-0.198582846553024
0.768060369516899
1.58756535724361
2.02344251606014
1.80402360923818
2.71514617421817
3.23614873442646
0.519670464578889
-0.464478965768486
0.271304886710074
-2.33987373605939
-0.705044643127422
-3.34855980774188
-2.09668199080385
-2.77341433367826
-3.62216507331561
-0.945794702723423
-1.06386407097965
-0.0526964719590201
-0.166196310657156
-1.14060977342186
1.73516810554949
2.0721762885002
2.14247631774179
2.46994414563157
1.52468026587715
1.39754016425808
0.783558226754852
2.14372811907795
-0.11579654792801
-1.85095132561428
-0.63576064941854
-1.79229410476117
-2.05042774685125
-2.16599436948432
-0.904279219426427
-2.8439954714194
-1.4585812891134
0.699230483221647
-0.75181883188512
1.42310634938876
1.76897595809882
2.34259970421464
3.75648971036942
3.53705739145383
0.797658894895895
3.74868053111768
2.8235815272912
1.87967676195388
-0.188251783546917
-0.517383514286905
-2.09309552209479
-1.83476266167217
-2.00964426600247
-3.33895402873837
-3.27411692806928
-2.43882668622524
-2.77613628966451
0.103599943408192
-1.60945080158353
-0.326944186955378
0.948600870507141
2.3317232594132
3.38914696418556
2.46188473442143
0.116399537478414
2.36683336652124
3.75810515221815
-1.50105136067657
0.551126513208782
0.192782889516715
-0.769081554102091
-1.2676989537692
-2.58635010134755
-2.31570863264749
-3.21902777704689
-3.50104091277626
0.76333871688606
-0.560354300751233
-0.680195663059018
-0.386034219423872
1.49919344397866
2.78159386760401
