"x"
2.35188797834289
4.02470941554573
4.03910742255053
1.7061451911127
1.70236849257794
0.0380225857356779
-2.57625014376143
-2.37341306145233
0.0165434599571727
0.4058442279312
1.39299747545948
-0.177239757909912
-2.36957333764288
-2.90198173493287
-5.06112282089183
-3.20195825024579
-4.00102350216299
-3.48070458557185
-0.0583593438646632
-0.16658892358319
2.31210932411883
1.60377406864871
3.24271425174029
1.12883087072806
0.25070060786027
-0.766685166996653
3.43833550037028
3.25039806170062
2.21735675649071
3.59165127112422
1.41446241343447
3.90971611929098
0.424866205539475
-0.0929003974943809
-0.263242918352419
-3.23631630897327
-3.32171716351353
-2.43978706143385
-3.42735620663105
-0.618042289316159
-1.50060733209991
-0.53278806010053
-1.2025926196323
-1.17479041726524
-1.5408710200111
-2.90625568973601
-1.33106456558791
1.12990524179961
0.195370267828939
2.65012617950343
4.33441221533132
3.76449307488197
2.76306161423177
3.24439566290514
-0.467907070255546
-0.302715561764904
-1.26902729411419
0.112649425575346
2.69466861182915
0.610735355866773
0.490247578700161
-0.934157983873579
-2.43799732768212
-2.55057955397783
-3.8605137430931
-4.57003269679941
-6.17523904544127
-3.30931479394995
-3.27982462133984
1.56536429434915
1.04703217656739
3.13147347203055
2.55422464217316
1.09207712517099
-2.47457930128964
0.492280412352232
1.70121947925237
2.2451166094893
2.31840998263052
3.49081240185415
3.88309084787442
3.19350955665977
3.10884103758665
0.285327547981855
-1.9792137552269
-3.44605944782243
-3.32451744134513
-3.80567395599453
-3.7140636588697
-1.84676167798151
0.514638883459757
1.17340134502246
-0.74538212990942
-2.87744139976294
-2.71809041122024
-2.07912684980666
-1.12164594097742
-0.00563734551109843
0.672853198757102
2.47847716925621
3.92972494279831
4.79934189502835
5.12287597825425
2.31048191944749
-0.203424788144713
0.115432431129062
-0.984316429667967
0.552172969254866
0.451369451485885
0.717435935526109
2.00262070044221
-0.753116995241355
-1.1588850936865
-2.46016268538192
-6.30047597762043
-4.23084935995813
-5.60121310180111
-3.17202990100606
-3.03179315848416
-0.363975870549004
2.96461507476882
2.22596992826419
0.209681417580849
0.806584493087618
0.764708902759391
1.8518860137187
0.686725550076416
-0.170035899291442
2.62690446941834
3.05703167267928
2.74271607186255
1.83055047772808
3.4523937955181
-0.481548161966493
-2.02205052925535
-2.82257702945146
-2.03060063622704
-2.85476998005042
-2.93387195982468
-0.497113234262351
0.546958049383193
-1.75514710129698
-0.228616022817658
-1.27315339528619
-1.6887610634256
-1.34749235002834
-1.0018668238417
-1.16725386305462
2.59806375545875
2.7862194114709
4.42482368592955
3.29509567404988
2.06457703053777
1.9167314212439
0.324036134561019
1.01938805732393
0.0110479497030112
-1.56912575651266
-0.805932793746287
1.24895122597339
-0.272276186370658
-0.970224428776429
-0.802772898359183
-3.91622312374163
-2.57319510289121
-5.27043303666394
-3.15259509443821
-2.47718060438248
0.31754854927105
-0.768873367668889
0.168731723113015
2.99063529489901
-0.275601535649186
3.0866448000797
0.520369867018669
0.152780781036515
0.79249550544908
3.92080553730784
2.80651433967525
3.60808398811385
3.50320862169136
3.2714601209791
0.231638834827945
-0.554462120085444
-2.43698172990631
-2.29100613629447
-2.97179287778785
-3.0109389712714
-2.04753846610347
-2.54981819550023
-2.25056564069828
-0.917466958103391
-0.468477928676202
-0.327798158575643
-1.14000576647452
-3.43431414879063
-1.32136367738319
-0.213210676857305
0.946827717406153
2.81647942647722
4.50702751508792
4.65695841431914
3.73716735680814
1.95103073095077
-1.61763424852369
-0.928890544266337
-0.146944216937779
-1.10559690869801
0.069361602348053
0.87864045032152
3.75009656129978
0.809308875956577
1.82541774988518
2.73056274463507
1.2075148542925
0.536796349829485
-0.835800526500703
-2.73535792374348
-1.45398994567046
-2.36677711099989
-1.82094801098867
-1.16058210879356
-0.64833073357315
-1.03098393893548
0.717459319994635
0.494032519928992
1.61591950271075
2.24072218867516
1.86559357332489
0.931225689469404
0.28815553184199
-0.104376631937371
-2.47080967689223
-1.70101332240569
-3.17183047597757
-1.04943428461349
-0.805363764160937
-2.54152368978125
0.638753747691823
0.788794975841111
0.570330892934149
1.50094305176364
1.18499978598199
2.20008118661171
2.23788544182085
0.834624078978839
0.418831584609873
-0.991682933836917
-0.760044345252082
-2.86087852961287
-1.95316988254097
0.405956789777598
-0.845788776917892
0.251072690745322
1.06701267757609
1.52423703768686
1.07439894631656
3.94009739316471
2.57761751360402
2.03692753752152
0.502405262071137
-0.0906807425984916
-2.46168779301296
-2.89086557172867
-2.49302440986192
-3.70785629993637
-2.80202148700222
0.891254050320889
0.324754336309506
-1.16309639212347
1.78845290835643
1.92651433714095
1.58049936346441
3.38950271803562
1.78915948618658
-1.97237445751164
-3.4102152437003
-2.55332555517945
-2.10368504496515
-3.21129496753176
-1.68108566001685
-2.26333081857415
-2.82711256832349
-0.157976525276733
0.735760771094469
2.53982292792292
0.845244849221247
1.89774818155916
0.327399140542723
-0.606634144891892
0.780460098058133
-1.71674475507598
-2.70945950050508
-2.58343129798098
-1.83786484200242
-0.181679711144124
-0.151008234580327
-1.09213583148818
0.742243612948077
1.16325660750815
0.793939306844849
3.32638565816412
1.78644074632757
1.54685777349788
1.75743076872756
1.5156769738786
-1.49481476052416
-0.47719214244636
-1.87479595155111
-1.45020627768747
-0.991620812138887
-0.587369897439221
0.0529234962017482
0.8993354929889
-0.144283033750954
2.48543022472095
1.35172025198952
3.24866551470966
3.51113113130896
0.879612030117564
0.531263724004605
0.125570273321303
-1.61150769485761
-2.50551835417228
-2.10934071061675
-2.68373085611292
-2.58293948135134
-1.25487338808798
1.11233484492538
2.55347947924564
2.46142591694901
3.55772553862115
2.52477486373769
2.43945534411512
1.47259577181628
0.465446710790401
-2.3440786315331
-3.51281702375494
-0.966120163698053
-3.61840404810423
-1.93381250995183
-1.7936159775999
-1.15963482584011
0.851531235414388
1.30342084912116
-0.770237064948202
1.52665718364643
3.02304388207454
2.07070660625606
1.17334411824805
0.62869120018809
-1.33170546145076
-3.11891158467844
0.0965748492814629
-0.833475079840294
-2.10780665375572
-1.29193197513925
-1.18609287026959
0.472752167699221
-1.16352327130135
1.84039683215154
4.09181405330009
2.16580775050015
1.70380783146346
1.16719567031913
1.66002272689301
-0.867247982393061
-1.2244746404417
-1.29252603932025
-1.56576783550955
-2.84280870592058
-2.13812962820488
0.928030684861283
1.28664442849642
2.19500235333248
1.09188774952425
2.64803722156182
2.60989496495779
0.661866799141881
3.51947153306179
2.10627838267039
-1.17474659838602
-0.779470725676912
-4.0654782769271
-1.87079653961128
-0.479247488671465
-2.42088765434867
-0.963294174240622
1.23829048961057
1.08633613236641
1.96883032744664
1.57808032711761
2.42421836885852
2.27453181053684
2.132941459151
0.801973911859136
-0.104562237352665
0.297675034228052
-3.24551710080658
-3.27945150288522
-1.3844307291654
-1.57801256048194
-1.46792472931084
-0.34735824333418
0.576618853902361
3.73590003337536
2.83126612296349
1.53717208070712
1.51151854104603
2.61110025810951
0.120115365184481
0.546719435434798
-0.145253600322793
-1.07037202057876
-2.87418834580781
-2.98609839662531
-1.76088583663889
-1.48684483420083
-0.00447347404008003
1.40342585092671
0.62127055012365
2.27956559321386
1.4768609945237
2.4025832601079
0.355019667321344
1.19331531387568
-0.209114362669649
-1.32305598931296
-2.0167716774929
-1.10742058164639
-2.07254342330645
0.0456090255004735
-0.0591900008255759
0.295426129998779
0.494998628169079
1.38803286359312
2.51984509152483
5.22292112361857
2.82754164330971
2.11927375234985
0.368303957998179
-1.33241439874005
-3.3590371000403
-1.98804044683039
-1.71961003330068
-3.43660213648618
-2.46485151316392
0.0240662537693708
0.623789375821369
2.3437123221791
0.836126756936336
3.58010374102651
2.53483993299063
4.02053157692167
2.57057507011053
0.725819875064054
-0.723267892288494
-2.43841867192116
-2.59278249126005
-3.82781880198681
-0.50816005873685
-0.553051095597719
0.105008785092013
0.366114072331089
2.23120941442916
1.76725632121307
2.97426655274895
2.01713437995181
1.82940191392047
1.0550896330982
-0.792851088292522
-0.0895517790355302
-2.6046194515517
-0.759647676748964
-1.85805541567629
-3.48023448226525
-2.99879543889146
-0.650408905863258
0.55112709740251
1.88442190271957
3.64238572775668
3.22827504768877
4.18565740395575
2.89167940176866
-0.179433044888857
-0.265585914234526
-1.54676599129625
-2.09142178547845
0.0409380110272896
0.359292392389713
0.0726504274711703
1.90746163892723
-0.176089383304992
0.133494170995933
-4.71515055256365
-1.57544370867746
-4.70166765768712
-3.75128690903415
-1.13756710461711
-0.037962108955266
0.657870071918817
1.8551637438159
1.33526131137292
-1.16591185662352
-1.0989106667259
-1.44526001493433
-1.47994351737732
-0.560562909411306
3.04022440474774
4.37799151199897
4.59755496609524
5.4084134592645
3.25430085210609
2.36322888330951
-0.822155280410175
0.14920243833498
-1.81447292170553
0.311587061129456
0.739776782798778
0.204363294900813
1.5763003429943
1.18404930962022
0.301726660525527
-1.24782587334825
-2.9057798777338
-3.19338266438761
-5.42472895617563
-3.2434321678352
-0.987105261712853
-1.61639097303382
-1.04564677163742
1.0985584076609
2.5558195851051
-0.423752879616179
-1.64288602415455
-0.744835756006456
0.216089159467435
-2.13266427432897
-0.550897959656858
3.2400299605176
4.90142033479061
4.43987780484865
3.54325041739296
1.47814868289902
1.28536646065771
-2.71697346079563
-1.25940952710073
-2.60334233098593
0.294469243911065
-0.355389751029798
0.0136572834905162
0.840015257669032
-0.0958060767472644
0.459655504501808
-1.86903923054548
-5.04417474374258
-3.43282997465346
-2.43141672465769
-0.891689391924637
-0.589534406830937
0.631397827562043
1.36690445507313
0.300378595012447
0.0722383290887493
-0.321565137859821
-2.40903341486945
0.905644292948841
-1.82156618882633
2.80954692358303
4.41008446739963
1.85317948803439
5.2909238344545
2.54528002562482
2.76391322462541
0.26308063174477
-0.133828762007546
-1.17678067974362
-0.953486970704942
-0.684066825040081
0.571035779200562
2.23076596262693
2.9068443974426
0.934790162504196
-2.25899592442477
-4.33450470738236
-3.39978337021643
-3.35828173520063
-3.58110962549951
-2.73196000152699
-1.51347511731605
1.65908228598949
1.23934210197048
1.98695638789389
0.226194049282378
0.308335520080249
-1.82867723340681
-1.35264611862972
1.45423150959274
1.88042179769125
2.76415179109617
5.55969028261045
3.71823743162318
4.26109967177332
2.24918129751633
2.99953252879645
-1.57489886267713
-0.590683536774086
-1.41687673412654
0.102199875305412
1.4395425495865
2.88830119206829
-0.286519840269671
0.81804512436422
-0.448087913747325
-4.12629986533563
-4.64742054167861
-5.24567885438129
-4.30979634361318
-1.93525604868224
-1.15479522306622
0.492659923969178
1.08432593670849
1.33253825076047
1.43837412672894
-0.381194416036366
-1.20479956525948
-0.737506836764788
-1.01941083830788
0.791561978961869
2.8132741852579
2.92832329967449
4.507544582751
3.39675087346573
2.43088068736781
1.16302628264215
-1.49343127876967
-1.83843531110382
-0.281278708705929
-0.230321207262675
1.78605732042999
1.28646683815453
2.33542363696861
-1.30897597239421
-0.230672574054715
-2.36058508338395
-4.28396550780258
-2.82118613707903
-2.20304489995079
-2.88384609511061
-1.89481730764505
-0.782463176273637
0.769392056354006
1.28295058748157
0.852037160319566
-0.656611571103135
-1.26844880238482
-2.26994989251912
-0.683170510214393
1.75371360980265
3.67754658258351
4.05669997994819
5.14811651200334
3.66204970153501
1.70775675469054
1.88574797698848
-1.41604266960204
-1.82369664235794
0.0504876003700044
-2.30663877594605
1.83228714960835
1.02793892739068
2.53727714560372
0.079171113522116
-1.2128905990854
-2.43109151978831
-3.00063519021042
-5.51998441617341
-3.59674348113288
-3.12771696802164
0.0222082503734863
0.567819785229911
1.37022217525046
-0.144703044975563
-1.14463891892715
-0.058927354825854
-3.30184676939097
-2.66445919794943
-0.751087305202597
1.31167448665402
2.89106232286505
5.80549050569155
4.00111986729653
1.87036465012827
2.1234350139001
1.97995387147
0.655989800714873
-2.47467396163939
0.124975931656511
-2.18142489124296
-0.218188028277601
2.23319247184502
1.54952059898905
-0.65589770899256
-1.74620864029747
-2.90954200133607
-6.02217528675421
-4.72259192160396
-4.08919070527105
-1.67115376144386
-1.38260325611759
0.33797921733574
1.76095594576163
1.01957651985794
-0.75847103700892
-0.552425230124014
0.81675538625393
-2.69212656476633
-0.416943177033698
1.14434298270344
3.13130755122373
3.16108289761931
4.75422626325256
1.68619503318417
3.65049577173276
-0.321652365251993
0.347620562109308
-0.0948174414688927
0.758516266681535
-0.00996794413365986
-0.975496897662288
-1.99542050265571
2.7142614715778
0.200279926698924
-0.649663628675532
-3.12270161905511
-5.52837434047291
-4.66060679560235
-3.93737004731732
-1.41119653545498
-1.80267381531502
0.297826860127642
0.223472230339759
0.540759633049327
0.439442769108004
-1.32685063650331
-1.29403690888302
-1.79236905857333
-0.731932625112186
1.42597955612015
4.19166113639754
3.61680389410457
5.66872213707166
3.86682485571344
2.95865659492762
0.201407013324277
-0.714611383813773
-2.1156073183569
0.784558677105617
0.922748986194162
2.09965503968103
0.5705776667782
-0.48376777098966
1.08668960350835
-2.74272396415044
-4.7527451694042
-3.94107676182493
-4.84862966274408
-4.73849796502358
-2.99980170343325
-1.01948198950821
1.46050468848421
1.75635428462814
1.41382276664081
-1.5038213257515
-1.15722862252392
-0.656877677267037
-2.21655879288713
-1.4166524942899
2.14073617844027
3.14672545542174
4.93757176209569
2.40317162789461
0.416389576713242
0.984273981069116
2.32184699963781
1.72724810964252
-0.713512224977302
-0.998436223987246
-2.11180919796222
-1.82025315985405
-2.36070048471382
-2.47512623002078
-2.00036642553928
-2.88219683164081
-0.103154801116772
-1.39566782717995
0.42902732161506
0.0506736686322038
1.20862337663056
0.518286386193112
2.72302641635775
1.35254323867226
3.96884894421014
3.06749173967611
3.71193099691215
1.86876079694891
-2.07760774506428
-0.0909467594266238
-0.846180493015775
-1.67785373334047
-2.38016985535723
-1.6563731821105
0.19580840143239
-2.75136761779804
-1.75035802642758
0.108226695985609
-0.0464634083739171
-1.38636183991817
0.583576598434566
1.44545642113801
4.72162879031345
3.40100636070549
0.633328666497432
0.922896120950919
2.16053696269174
1.03070518623314
-0.482387432145109
-0.616287490534244
-0.76964751447318
-3.06077506514856
-2.84504128523391
-4.01354167465404
-2.32402519526597
-2.4015589999128
-0.0897936002362709
0.315030985856985
2.76603149925228
0.493891812626788
0.698303289395454
1.83695990496136
3.15649074307565
2.11906841834501
3.3688713114752
3.29063598029096
0.463224971166408
0.813858307672603
-1.06487405139013
-1.86032686914585
-1.87456978124136
-1.31022478128178
-2.47369354702485
-3.96897616297539
-3.98967177010001
-1.93239557400468
-0.625921670016547
0.672896620519224
0.217524837385333
0.551066642166687
0.469842469829126
0.845501878820166
1.79252372462172
1.77320900779576
-0.0740569874815327
2.77989164767004
1.41909234475648
0.466415614356517
0.703955888527269
-1.51101986772334
-2.48769550864181
-1.47402618702546
-2.4228634916487
-2.90019091005624
-2.86987307111046
-0.631781156887423
-2.09935649889478
1.6000473498796
-0.634862517225594
-0.266949462123625
1.68740152705533
2.33290681134626
3.95926837134918
0.568472372076216
1.58274042413034
1.75542054026839
1.50906733269036
1.17921692904959
-1.67606706889935
-1.14887003697039
-1.86613491414587
-0.841238896649716
-3.07490196656733
-2.17686082114606
-2.86642736142629
-2.52223626331818
-3.06626224478571
-2.40808651598137
-1.08137456667754
0.597477887298423
1.31390806307886
2.04761164243897
2.04853726177766
4.05523925701174
2.47725403632653
1.97516771274657
1.28612482576973
1.04334855755161
-0.571464977815645
-1.37762114757032
-0.717756681582952
-2.87110000336302
-2.49807521266391
-3.36248924938843
-3.07643641829394
-0.190521697372837
-0.483955212755124
-0.847891542670481
-0.0711028073173151
1.39607958265422
1.30898472256957
-0.317263849438945
1.69321142249365
1.70853870718768
1.64066459984137
-0.441433047937634
1.87744903702353
0.033624477603259
-0.976392720988878
1.71430509429565
-2.20154270048527
-1.44701356768013
0.122699475228328
-2.56353225247056
-3.94341497765055
-1.65787715667694
-1.6026631316424
-0.119035169451901
1.49633845963067
1.99244124949227
0.104747357652631
1.56731225038182
2.52213934322814
3.49175795675415
2.72634416219168
1.58990527220387
1.10638238119279
2.35516267256812
0.992858138816693
-0.691608476185818
-1.76560202459862
-1.70558243905302
-1.73520108828236
-3.00255372388911
-3.67895509427658
-1.89044682093265
-1.084806470725
-2.99974971766992
-1.95161065422756
1.23454179649183
1.24013189973797
1.36198614476505
2.6625528442388
2.23298971807397
2.04201944268707
2.69380362204846
1.70815745938671
1.02945849472418
0.114749487165932
-0.389120618881064
-2.90335505702802
-2.02191900239317
-3.31293300491536
-3.2870070058193
-2.72697642996387
-2.50877659347213
-3.96777115415586
-1.72731920639325
-1.13802882085192
-0.0767526101903769
1.7520221516441
0.559921283935903
1.29019615903147
1.96835997824966
0.46058219357052
3.20316878503459
2.28466985276191
1.20701484945156
0.561140477930369
-0.573749254593542
-1.79273850339557
-2.26362635100117
-3.73510163027322
-2.21863691849202
-3.64689297385042
-2.40476184097829
-1.46046506223914
-2.05988989764454
-0.0111197983418238
-0.225479386763353
2.09102533354796
1.99883212900015
