"x"
4.09866535247476
2.27884396249622
3.62759881114592
1.66403837455953
2.41171158355173
-0.51027047169958
-1.94350786928499
-1.07843190188845
1.15614966617098
0.196979857946197
0.339637040781256
0.643684541373212
-1.54999034928695
-2.176224461426
-4.21339485273133
-2.99942121509571
-3.72365221007383
-3.91284435896436
-1.35379479632652
-0.540899034684967
2.85108999274166
2.62032568507367
0.580490346377388
0.24069803788263
1.32424981458681
1.88847276574117
1.01648491493071
0.18474301479415
0.946504154657583
1.70003608661962
4.51200899255199
3.27875482566489
0.988417135063106
0.182414035900832
0.332391996475326
-1.66860145501274
-2.57374539012589
-2.21388897189833
-2.37479779601585
-1.81538867864407
0.0545137420294787
-1.15425060308471
-0.111951769171206
-2.05929677586952
-2.3285084361989
-0.824358645136366
1.07525625135386
-1.80432657712578
1.42915989405173
3.68441799030757
3.68987598433438
5.17890682160337
2.78698481434887
2.33081185917549
0.877253257833272
-0.09335015973656
0.144959316421937
-0.660972529867681
-0.439057069315223
-2.30598686484514
-0.447856707082296
-1.08664227353949
-0.614252013053529
-2.84454175713191
-3.23007783769315
-5.19542594486165
-4.86105331507039
-2.65590303265065
0.223455982773606
2.03464398481765
1.31192791402699
2.12444683952704
0.220253290010045
2.38081250759955
2.16818956312774
-0.363411978613597
-0.901911968444285
1.2235272264767
2.03390533050813
2.57289941925859
4.49794660112157
2.97156080794206
2.61219736726276
-0.901720169247265
-1.5392657156322
-4.04610341076132
-1.27713477617453
-1.82169646604111
-3.12876306546141
-1.42346084291375
0.295582527623522
-0.64348069747389
1.04723991152968
-0.740788071286646
-3.20146291922482
-2.74726996697767
-0.633690263660007
-0.0521758953288769
0.900431207458571
2.50212953857451
4.8494990082682
5.60119350730043
3.39870327698705
3.35302505260788
0.944016388747779
0.940397552180903
-0.808317021251318
0.0776167654444937
0.632143293073133
-0.288782843161263
0.386747135739338
-1.33034224369988
-1.27126954996798
-3.4612420253839
-3.03407252132082
-5.45319264697662
-4.00608343234519
-4.39003640400764
-3.3788385867674
-1.03539623683716
0.904928738258584
2.935832886378
1.85832841397043
1.19136097202385
0.138393941046792
0.879082669381348
1.89444767764505
1.25800900765129
4.86159777397654
3.12046830016614
4.89745230389937
2.67779317518258
0.607846204844846
-0.203915045314762
-0.575835961923376
-2.58411043593477
-3.87459418814644
-2.84967575878991
-2.92126665873103
-1.60387877932571
0.528526379030258
0.147021657212463
-1.81889031105973
0.0961951854784249
-1.5593747518506
-1.41482904249968
-0.820124779894336
-0.246425213254962
1.21786647861726
1.66046620069451
3.08497786788356
4.2496794759747
4.06940369859929
2.40251641420848
0.159303230158057
-1.31264454630953
0.152927822945921
0.733640351398134
1.06008965114663
-0.113849264335819
1.34195509875291
-0.541770102928646
-0.893493952472379
-1.25976397531304
-2.77172871117556
-3.6517806043407
-4.47676426585441
-1.59983028757038
-0.990420386934682
-0.800587891111499
2.5073750108088
1.19577306986588
1.04064968727047
1.72430150030745
2.00537151712134
1.27859874729863
0.170096693618938
1.9051651627586
2.94010995649933
3.80892379549683
4.2729098820678
2.56044416137819
1.08929066253131
-1.19808445701651
-1.74297755955411
-2.61439908884634
-3.95498331292967
-3.48783093222268
-1.90016908289312
-4.92541965392874
-0.464913341615217
1.21383902406176
-1.22054058716769
-1.25184584120078
-2.50196403241071
-1.43610031798322
-1.19823183725381
-0.127727498550026
3.21597566344238
2.55927602040777
6.09891179777551
4.02921106999652
2.82510607415988
1.44510009208932
1.05728330768574
-1.19835994858026
-0.352089945501219
-1.12705556986307
0.0289517785974693
-1.1335115735678
0.286388442897113
0.0134224024427388
-0.335822454704943
-1.18488898825911
-4.64630674267326
-4.11454020879162
-5.14197116781914
-2.81813044257221
-1.43324354864066
2.94271914565888
2.8462158988177
0.315062021696312
3.13197630759514
2.11430724852305
-0.458080234997495
1.23686825119953
0.00969386931503247
1.57561301686873
2.55455097485669
1.65700312843268
1.69254596502644
2.5053826299642
2.83664340153987
0.662470789392883
-1.27999245037724
-1.98006062892065
-2.5134244444034
-1.53050994359359
-3.22347245763063
-1.98057607523732
-0.429390138593445
0.605775337531347
0.363625363280392
0.737624920621879
-1.64638420404606
-2.43915036213799
-0.919327581151893
-0.129407531457376
-2.51364259077053
-1.17415986935818
-1.80976181082358
-1.8670177366521
-0.0851888414301253
0.99419512596034
0.496904414313791
1.5863820966486
2.68537774644054
2.91141393045789
-0.750678153136551
0.436796224183737
0.716691973700714
-2.05031294125041
0.289702989804225
-2.46504803348235
-0.716730811578254
-2.72722055493027
-0.783542859926696
0.253457133481672
-1.50924301211689
-0.667476419175208
2.17677940869449
2.47790172940186
1.06648030289057
1.42677423444281
1.45568467114558
1.84077173776807
-1.00228609764216
-0.616553145311913
0.462644205160781
-1.78428073271221
-2.83498247964964
-2.88934298958699
-0.327915684335481
1.2558003804912
0.792344065099115
2.96830210226219
0.0393590697789845
2.76529100811645
1.59956959529523
3.53518165003208
1.20526902655078
-1.42803585198386
-1.89337800994188
-2.35084821866612
-2.93810151365067
-2.61525626253274
-0.318223290834728
0.588786237188073
1.67919251487065
1.65674715290225
1.02824392836849
0.633063891523689
1.68567716726787
1.79726665887494
2.27763023793133
0.996307647980989
-0.704385578721838
-0.24497078926762
-3.10903275897835
-1.65853122215577
-2.34793387869555
-0.179446676251853
-2.56156483794492
0.805890565415204
0.659716807691827
1.40702316029095
2.32794397285859
0.0460910171276683
2.46307663846176
1.38215143556489
0.71282123972347
0.260726704098569
0.686523541394296
-2.65750574932299
-1.87104607854949
-1.09964436632966
-2.4654168774998
-2.58346679175668
0.877478521155261
0.638936475365346
0.964752332052227
3.50610503796461
2.86213913294897
0.727751341325881
0.963650370439307
1.64553297631893
-0.624444524430077
-1.13232353135816
-2.73072000179077
-2.50913306162481
-2.1800450007704
-0.793534281398774
-0.478669446949633
-1.06897199736897
1.19027967587535
0.673091323105496
2.40474414244875
3.72527926953031
0.70005622903829
1.98991034319048
1.17764992113062
-0.961355367791419
-1.82446688488839
-2.50429116935491
-2.72294620273961
-1.06689180154293
-0.571646596750052
-0.206663916477003
-0.0582322955683361
0.833209418199908
0.839277022292346
2.27838021276908
2.20137712477029
0.997060233287954
-0.330420586452401
0.910024011829989
-1.13146001120564
-0.159960606810681
-0.317304602774166
-0.808618795618472
-2.1298060620479
-2.5830182577051
-0.77243208704354
0.206358263703519
1.2289080938416
3.68798502661959
0.845978081117072
2.15016063795866
2.86547075984813
0.783721812047933
2.41572270170297
1.14760834421665
-1.88896221244816
-4.05299748617879
-2.3345130735419
-2.79899925447709
-3.74784281332886
-1.17532697812718
-2.94049969096011
0.00174778759177041
2.63458284907512
1.61803815539938
3.49221691284906
1.66804324846321
1.28881387917663
-0.793740563276322
-1.76956141955509
-0.356832952636823
-1.72290509522477
-3.7483693295241
-0.78664436501287
-2.70061115496553
-0.417036287706378
-1.68731042854769
-0.191019077054779
1.94392509934124
3.10505720733591
1.2555481640062
-0.512346217691908
0.575697986287183
-2.27152408722257
-0.040098308865596
-1.73856203045474
-2.64499549847325
-3.07533297378084
-2.14118932509545
-0.741785351917693
0.0313594763178278
1.02451347254481
1.66753540225588
2.25054097507628
0.359445200916685
2.21980818686598
1.84161026872825
2.20759776506829
1.79186538486085
0.0659701106505014
-1.7261887776954
-1.13763340887567
-1.34547384401993
-2.01889292428405
-1.55986576642274
0.089339850301738
-0.305339503688346
-0.365129600357277
2.36833935352753
1.68105903635139
2.14685561496928
2.67715753626288
0.0832561668595815
-0.703457427211416
-0.826063207446214
-3.42235320087927
-1.81620160299114
-3.15076387519895
-2.86053614280467
-1.76613598531652
1.22425680552342
-1.80020912625526
-0.255987182198647
2.94415734164175
3.09065840943664
1.69358380308472
1.97012180073157
2.63648359647542
-0.0828740161857267
-0.113927880150828
-0.550157859773562
-2.6085070088571
-1.81800722437248
-1.67445491920299
-0.96070868694664
-0.373419441869564
0.647626977343746
1.57381547095245
1.53185261673803
1.52445914264942
2.86169325415656
3.15544356466913
1.60370307296878
-0.0874980484424484
-1.24666365919718
-0.35382680040584
-1.7602408578866
-3.44824673499687
-0.843132426866479
-2.59237587606338
-2.02282196076062
0.973903271392391
1.97644749826737
3.16181536642439
1.71885317731043
2.70217101751757
4.07207871392614
2.24440888776492
0.872435953158744
-1.7026347767989
-1.15797648099852
-3.69529722589854
-1.33968714483471
-2.44411065777299
-1.51870287144178
-0.457848294140847
1.4767611373432
1.50465703176837
1.63329929152213
3.4873692532925
2.67816727136401
1.77959839092138
1.63077401943543
1.38423662139238
-1.54168955236221
-0.964892160481956
-0.408950461226839
-2.63396625770415
-1.60771744925339
-0.51435483909843
-1.90591755639768
0.715612389967974
-0.170043564885599
1.74408483589769
2.35742454433275
1.32020043097898
2.93058490279637
0.317245625394382
-0.218816913445574
0.569350619077149
-1.53969199843605
-2.52238038925684
-1.60871365213993
-3.8317566695455
-0.899084636250392
-1.03115851787279
-0.0543817568533224
-1.4316481303791
1.76360228524746
1.11718019168478
2.28696217385256
1.6324111385613
0.683102326025444
2.3125683564762
-2.21791691654629
-1.87954991364231
-3.02609306492875
-1.13211575697735
-3.25365869641869
0.418534331831915
-0.672913795410117
-0.494575559915947
2.11075284738994
1.54558437733001
1.85313739711408
3.95319041920996
2.61259142201705
0.282763588515286
0.472414688832977
-1.16443922643286
-1.3531229755039
-0.789604044886834
-2.87246301415317
-3.08176633012559
-1.37397188203559
-2.79556072989779
0.155499443082806
1.36706188753977
1.81371136544848
1.98632837719666
2.00478289119646
2.8651868047634
1.07190815336544
-0.0529139127086686
-0.094073956289209
0.0584991388772637
-0.676151639759681
-0.0851202020888645
0.327819876345382
-0.0421142528896845
-0.8328784983814
1.3588259273649
1.57693388811269
6.02588947193605
6.03376869731458
6.02656034901684
3.96803300251064
1.78450312847612
0.951607465475503
-1.83276656394668
0.110505872066176
-0.527442883767756
0.0167362457384815
0.482285479512812
2.49008269341495
-0.26875784781178
-1.78240140627428
-3.59633488339161
-3.22795722309053
-6.04731013293549
-2.95157708622725
-0.870736222369025
-2.06208481152713
0.152695704554881
2.43490802998717
0.513084095026661
-0.463836892691292
-1.92236090301931
-0.301782467916561
-1.27711580271174
0.0494671916923483
2.14811182659463
2.99991119585057
2.6873419815875
2.8938644454099
3.67050448482727
3.22286855901319
0.412986790207408
-2.13465680690513
-2.35424142391697
0.0392637615149197
-1.00590119635845
0.846700005904157
1.36737512920161
0.642957105051554
-0.53882968165256
-0.151283461660338
-4.18256947643252
-3.17042858036864
-5.25788542306141
-5.57368541042639
-2.62199226371525
-2.91742220463278
-0.0573151503670017
1.05529229959708
2.0933522410402
-0.90412310417005
-1.18015230686049
-0.105811697973732
-0.953499550375365
0.586988342256813
2.09641614569831
0.997768920496454
4.55877271379072
4.74781744184495
3.4217470408129
2.02531321625135
0.164069067778323
-2.65717355481319
-0.358807356716201
-0.810515243079123
-0.782399216462786
0.146149296984855
3.12761742828743
-0.375584513792537
0.313744214460993
0.114593961318558
-3.23477906627221
-4.78835015591545
-6.37723987489357
-1.4127032178178
-3.46130732094668
0.0927251282702227
1.69658646772453
-0.0794848545665545
0.429212185263739
3.21927303371625
-0.583776462646098
-2.44797626499285
-0.69170857922194
1.51507414697002
-0.297291841504269
2.85089116398166
5.4853474201606
4.14857955979588
2.59433571902772
0.831568790795882
0.857700659521256
2.4883998353717
-2.15878723648938
-1.41003957287763
-0.00836475908353524
1.44892464834624
1.29724505922266
1.42090220921534
0.297407975872217
-0.652233090251942
-4.02984089182462
-2.80180527952915
-4.98726939027433
-4.81986507958786
-0.396815908429008
-1.60790714032055
0.970058985507837
0.980642600422625
-0.851647220992715
-0.50745407858531
0.702874254277003
-0.188135021655898
-1.06470167650437
-1.57394611455727
1.05256794540719
1.87967994153382
5.03491281598486
3.74600606453929
2.85819932167113
2.81894783934254
1.74194167119008
0.210126502162168
-0.939562898805375
-0.436110214589269
0.258799865052882
-0.643545838733819
2.49075429460882
1.83824954786348
-1.02024928975064
-0.763762794941076
-2.17273169876036
-4.24790236579359
-4.36484272312308
-1.49561282871785
-2.16214530052213
0.40716757269703
1.10214974386827
-0.0273419919447961
1.26585033649967
-0.562603320904181
-0.284840651670376
-1.50323776549471
0.0891229097867341
0.458089558113033
1.1979256328328
1.75504444380445
4.52307833326951
4.17410112391589
3.45339174555758
1.90604786969537
1.9211184599227
-1.4283722356987
-2.68953383967847
-0.167707952824664
-0.191714050322404
1.72023737371553
0.359708879969278
2.146715665022
-0.0182500489698343
-0.575873707587748
-3.9183655717915
-4.55289892565252
-6.44212532035553
-4.23037774896332
-2.87431696661079
-0.499803031586201
1.52456965350106
1.793864204579
0.514025829740616
0.116905042355355
-1.22896218667579
-3.61492579215381
-1.5367628137394
-0.376135944712198
-0.282929766124058
2.46775895491108
3.65209890490526
3.2029964247375
5.6981816538146
2.3982227720164
3.01584904998286
0.997189174805061
-0.746867581483354
-2.08979928876537
-0.788658169645259
1.50389945707845
0.158455774043988
0.408253288483697
-0.298630274934276
-0.964493200993065
-2.68911284580344
-5.26676478183096
-4.12042575031799
-2.6996088558097
-2.41845295493148
-3.16506361538263
-0.347063432369523
0.813516431589377
0.441085193190449
0.60357829304027
-2.17586805643447
-0.758763399843148
-0.776901228683406
-0.0162308305673192
0.499544289043366
2.0569185657927
1.93564013498081
4.89700968294519
3.31707387489005
2.87897442795364
-0.407291328215228
0.25694360654155
-1.62129901372688
-1.58356472534556
-1.60818993940443
0.375301221973192
1.07404121037996
2.2838549015964
-1.1924582276312
-2.93278683241775
-0.408582403064356
0.242705203825007
0.084348872596575
0.701359297916516
-0.625465260123074
3.57785601789894
2.67114065571462
2.4907115481413
2.84549665980457
1.10841202084216
3.40505546822633
0.673481161935392
0.140332775176463
0.265966960002182
-0.348581858784869
-2.40383090859709
-2.93927497042567
-1.85230844837806
-2.81224133867729
-1.83075895227287
-2.5915693587142
-2.6303250646675
0.230112374013417
0.45014983095314
1.48577452285856
1.50481371225276
2.92002929949033
0.986790090942833
1.19990111387818
2.45533567221511
3.05694054990094
-0.598328577497863
-2.30003041091884
-0.591601953047583
-1.53806870069921
-1.28496638184521
-2.94552010228287
-2.39714425849157
-1.71412407872889
-0.598030509231864
-2.12802031169076
-0.116890182311897
-1.94215840294614
1.6847442482206
2.36079176743477
1.40045558222714
1.93331013843213
2.12903269725288
2.11001206360256
2.62327930426043
1.4825163305603
1.90545120607703
-0.0182069005357318
-1.492752377752
-1.59191352192338
-2.99677291273484
-0.694213968187128
-2.52767450041992
-2.91388377090649
-2.6290131682535
-0.51486146004062
-1.10886318450815
-0.381241062260031
0.65745980573709
1.24507868554973
0.074308797703087
2.31275523548031
3.07510735414926
1.76976187648214
1.14295132194664
1.47287984871487
0.864091605285226
-0.191594403234925
-2.10885705272853
-1.6065310909008
0.571467309928883
-1.9503431270057
-2.08684023988065
-2.46283826563491
-1.65997351092862
-1.75889840149702
-0.696020776157264
0.634519394124923
2.33337982190159
3.60263473783195
0.546041578863403
0.941232273093662
2.18264455906601
4.04565193956831
1.53691474981479
0.560728041698422
2.29198319243187
0.279520765569411
-1.86792710267114
-1.81335833067519
-1.07701961455141
-1.4782400250876
-2.13337536879313
-2.20827928678421
-2.2701303054906
-1.43276402443519
0.835669467053543
0.180825796902281
0.607248923697594
2.01513280926867
1.70216491126167
2.15208999293843
1.018950606883
3.62120265082976
3.39250070467913
0.532184192618351
0.628104247005123
-0.326107350010599
-0.968605306850625
-2.12257760361104
-3.07567545794008
-2.08002537669603
-1.0728953767661
-1.54681293306784
-2.78897812133584
-2.43509414432312
-0.87007856538447
-1.42724415326032
2.39326719197407
1.62431254460769
2.27085628721737
1.67008836050605
2.92218754786338
1.69160394796327
3.67755949950077
1.35460920857192
2.95058778468592
0.385747070214294
-2.05242447269129
-1.1710317052077
-2.08936677210197
-2.5355793240276
-2.20201070879863
-2.66318353548956
0.749349510953212
-3.74964351441272
-0.765855898438026
1.05230498708332
-1.22791889273587
0.566991560996768
2.14230448480879
1.02192021588687
1.88609879039033
2.38937827375925
1.19809450567877
2.0204703485213
-1.51149894779229
-1.38712985776443
-1.31005578329487
-0.60141062376027
-1.29126294659446
-0.825872318832296
-2.1746079147641
-2.44749441608105
-1.84671541285087
-1.20889800761843
1.34274960957123
0.397466161426523
2.73300324776541
3.55105010599095
1.36476018323863
2.82244270980123
1.70911402035893
0.671585182879282
0.656537567431129
1.74586903696067
1.9600331222091
-1.27649679529257
-0.908449303151113
-2.84361460376415
-1.25522944393529
-3.81026838328117
-2.91654353365763
-2.91209911982901
-0.633297614240033
-0.535436701539091
-1.13105210307955
-1.74562849158985
-0.447729141798774
1.42570312924651
1.34515366745375
1.68281789040466
1.97084746538645
2.2717800391972
2.56782719834555
0.429497132631001
2.53489394792935
1.68241298300297
-0.685733543823392
-0.719817528248722
-1.58141533497303
-1.42769195873864
-1.82072206302169
-1.5431566883096
-2.10632334609624
-2.11151282232303
-2.03969961640709
1.44621505552465
0.194790149621125
1.2977059273615
0.823486693365206
