"x"
4.72395840602964
5.35917600110487
3.20080916078525
-0.53780333667134
0.350403628105559
1.25992831777239
0.266600475362205
-1.33517031860711
-1.24154243632672
1.8775788866608
1.42518541420173
0.62077741914594
-2.52012269150251
-2.47665204945272
-3.95193401805002
-5.09204668306609
-3.77688457579771
-2.57251447030975
-1.69632269430921
-0.301795570157513
1.31909222873504
1.01461680813003
2.08639165812117
1.26459742856971
1.24907739436344
1.29529054496885
0.229510789693252
0.405561811883119
2.4765636344109
2.66884441803979
0.944658661860829
3.31781657094465
0.936560187966444
1.90131430169442
-1.69748929665554
-1.78292985693127
-4.41008355480054
-2.5385957290862
-2.66277862312614
-2.84648038159488
-1.35981125176814
0.701321438832567
-0.544780504085662
-1.13663372468582
-0.831261453572496
-0.0215581323287621
-1.44881112950012
1.14354786511073
3.08686165122683
3.66797065850325
3.56155812443261
4.03301582254699
4.35095017099061
3.9831440500997
-0.207162921237023
2.33998745542466
-0.291180214050741
-0.720769961823856
-1.81082760917881
0.297060941436616
0.869519766948901
-2.60517958254091
-1.74719255306781
-1.85717327194426
-3.32246353018118
-4.45527883271503
-4.67584023872764
-3.73236575743591
0.0593121194637105
1.27520376439677
1.06278667718399
3.08984440953284
1.73931094900872
3.04144323660011
-0.562103930418481
2.68023009031609
0.866112846459134
0.706410612585489
2.57477231797531
4.04674841425526
3.5350301519118
1.65526084828136
0.95337707095503
-0.409631425090527
-2.09698648451602
-2.21273026063468
-3.40389936959483
-2.31220489473084
-3.01521013682671
-1.25057756163262
-1.73001860000723
-0.162422176605144
-1.64267303173146
-3.06064326959606
-1.96321345064369
-1.25157570614156
-0.682228590439549
0.385533089355688
-0.468555045687821
2.88292666389414
2.17526700554417
2.4934106677852
4.29940208309453
3.43839590678796
-0.372546011289785
0.104834200841549
-0.17245513880371
-0.315580100280821
-0.982391285718259
-1.5352938172125
-0.12176121447033
1.16465043135359
-1.62381119617108
-1.95197143859675
-3.71476029007293
-4.81237221469955
-3.6963161549568
-1.01975193778691
-2.29866476811083
0.936698835562508
1.43952139150377
2.7556038930632
3.14644178389293
2.48524619767436
-0.274427869781759
1.08866191442737
0.343869032142735
0.616796801158292
1.06148366007093
4.29621162938885
3.16943437029488
2.1045571646337
1.60770023505324
-0.0291733811415664
0.342196890774918
-2.80301904743066
-3.20316918951506
-4.43542755372768
-1.27704654533931
-2.3667266647185
-0.135293408011499
-0.15017285206045
-1.2771632516332
0.644683337913307
0.830953539852412
-1.67925850342237
-3.55788269755779
-1.37749003703806
0.488786452926903
1.54927092107911
4.47081724799692
3.76587840543827
3.44188780108708
1.50350260323513
0.204830232538128
-1.18348652961281
-1.02866108954293
0.36663730167
-1.28403352995093
2.27131850553893
1.42265001032049
1.14399301761544
-0.117260302064312
-1.27012140601261
-2.29724200757661
-4.07455492506699
-3.20907963388029
-1.54763805731602
-1.31883794534083
0.960359655075177
1.70619360007285
3.07732622178366
2.69280274117128
1.2537822059532
1.17674777532637
0.17422381689251
1.97677585588961
1.5590643598944
3.31679230902027
2.91126658469386
2.97415670348429
1.66967612898947
1.24335490902062
-0.880935884384281
-1.43885744396209
-4.82058822610754
-3.34120799723189
-3.81228638064583
-3.47909972266733
-0.398432978348487
1.12685879720554
0.0401175717428019
-2.17536969578595
0.42308274450935
-3.03534254557857
-2.52976527471477
-2.04758652072917
-0.816423094925742
1.17082822505552
4.00458039281307
4.6685142390595
4.28110679882844
1.66581100536504
2.87327209611084
0.686371764270119
1.32832955061353
-1.66676949305016
-0.235720573033587
-0.00758395953320395
-1.02437418836505
-2.51502959144631
-0.758917023538119
0.269712002674036
-2.58710880301966
-2.75615007320174
-5.62360195550849
-1.12258011139988
-3.76845806591042
-2.56768361945556
-0.768588314276236
1.27120635442877
2.66474831945443
0.713299909052037
2.79398641661814
0.656040333745329
-0.33857071401994
1.99028089985284
0.50970632362478
1.26960085501604
2.9947238624346
2.81287954231582
3.38726055039624
2.75808409005452
0.786855690255521
-1.75615223025053
-4.29958105115343
-3.07062542869857
-2.69963337607569
-2.10341205665357
-1.15117708280339
-1.42492277176015
-0.696223334298543
-1.550172154466
0.596138510667399
-0.905414497477127
-1.200728982807
-1.34376964301689
-0.364255288071713
3.10356431520307
4.47630441229048
4.80814490434535
3.07649234526507
4.67248576965171
3.78131373998917
0.275926413699504
0.749213729933646
-2.7448012992721
-1.01552156682573
-2.48540943937419
-0.354899246471745
-0.621453456947193
-2.05034518682514
-2.92253677933246
-3.22750386124611
-2.67961876309629
-5.19840278984795
-4.34761825632742
-2.2787756405603
-2.14674785806884
0.493508144131097
1.21449976476028
2.55438415020868
2.06717687851752
2.47446625669206
-0.591691660074181
-0.362568270347754
1.41282200801211
-0.144356603512972
2.77367814287411
3.04700377514312
4.69265640030129
3.18701816121644
1.28161665600008
-0.961060094443378
-2.87889974595305
-3.07873970866824
-3.99387561696822
-2.37691453518117
-4.27332057695794
-0.92877909650749
-0.454193175049712
-0.564735143082479
-1.68972067256803
-0.795617223091304
-2.52728867566695
-1.82923688931205
-1.80912839195778
0.173025841884772
2.27214193629686
2.82825321217969
4.94623257394821
3.18942339111429
3.53753741133893
1.60039797697346
2.87304381285662
-1.06102390359003
-0.142422526720513
-0.103921362465371
-1.10203680318693
0.693911755860216
0.984182926263418
-0.951836550836051
-2.09928901998426
-2.35654285102141
-3.52366455019244
-3.96179838533181
-4.2135953126191
-1.92199993256147
0.665485146615106
1.36485335633744
2.31136797292536
1.53170399384239
1.11098283304426
2.22561954491418
-0.53506683573641
0.213877186428932
2.25417116169746
1.02666177596724
2.31146624366055
3.93319866085023
3.24760845119193
3.04938649550175
2.06766022350422
0.196294869017307
1.3756409977458
1.05451141265363
-0.00549237077726961
-1.07884743929819
-2.28465237972356
-2.61126972083856
-3.01660059824543
-3.18365032236648
-1.76171317252521
1.97237858908918
1.93808072320987
-0.0632305363700933
2.4965386171599
1.54538042079691
1.84564530038323
2.13823430683327
0.196253676298406
-0.316574161093925
-0.0927412112931421
-2.65922987624985
-2.41701516446242
-2.31593231794623
-0.954924471147282
-0.0564902864813509
-1.16498138626368
1.0233069819315
3.33916996325144
0.808295633619356
3.46241212984191
2.51725203788526
1.76123035124604
1.16215702362989
-1.32444936364673
-2.22697648690281
-1.45064114450253
-1.53442949561728
-0.87775893196668
-3.10428153628741
-1.27559144621151
-1.36348530869674
2.17329404700725
3.81941196728421
3.05578854670304
1.90305775390629
4.27374244467342
2.45482471466566
1.26294159819685
-0.959202152623253
-1.52873580927033
-3.4586706426004
-3.0712673157537
-3.49394052738245
-2.40643274931783
-1.00904039180616
-1.12070841358257
0.776815410497148
1.50210446471852
1.2848776886209
1.36147890782229
1.77695653358989
3.24246286563125
0.627087846566375
-0.864455559018723
-3.22179746117708
-1.26473971930973
-1.06005049851922
-3.94349442099959
-0.457641840776512
-0.964969761240183
-1.53400631142399
1.53553673074774
3.61619553096584
1.49046674031363
2.05844065110581
1.7030652198658
2.06782708552217
0.741988037403864
-0.643080376391947
-2.33339654116772
-3.74589579344865
-3.26331575479566
-2.53792118163784
-1.00888505824214
-1.19400059024077
0.63062935693148
-1.34944522267878
1.22600016390095
4.34529970751429
2.34920401618736
4.62507168965974
1.3166497431323
-0.377529725164126
-1.94273760201191
-0.459637396474283
-1.87856967253077
-1.59844951536916
-1.915239937842
-2.47972539412664
0.430546193506615
-0.111431100226456
0.326893927538863
1.71171972598687
1.22285041838225
4.63517840037038
2.42904963463963
1.36307643725788
-0.157424015735624
-1.47393215554696
-2.59843194078108
-2.09126030150078
-1.96782790564834
-1.55604684237302
-0.811713729861669
-1.05619934264848
0.589265808810366
0.507728177749881
0.195241785750842
3.35214853854333
0.817298813022477
1.55405916993452
2.94684783858265
-1.22783927857963
-0.359687661792929
1.11743846576877
-2.07135050164855
-1.18795383070965
-0.997631929615746
0.108276200385574
-0.666560765321949
-0.933339892221338
0.636458427584198
1.46024055938045
2.13409397786527
0.551577677816784
2.52130235884763
-0.352556697462504
0.473796423908843
-0.0176824229954345
-3.05022732812541
-1.99864094751718
-0.561954453189801
-1.34934911730963
-0.607228720565911
-0.688082531733617
-0.458704273436284
2.08616888408029
3.08944830498117
2.92185089672636
2.47074934113297
3.36295300402259
1.80499652661596
1.32417962123385
-0.679184497816738
-0.151687195836359
-2.32959612560496
-2.57528409987654
-1.03952625923692
-2.81118640704286
1.57950059676044
-0.593366468638744
0.337605026687035
1.3463226823292
1.36054364875214
1.72724142661114
1.64966049212015
1.12908520304787
0.160394921908018
-0.446975489558885
-2.16954551756543
-1.66406379141169
-1.19372513727159
-0.676060905896942
-2.58975734450257
-2.32645202250317
0.502846240879735
1.33791632312379
1.79459223975769
2.11934013848614
3.44881062890663
1.51728686982408
1.92081202939613
0.929740293920496
-1.71664331404077
-1.67036729144091
-1.4667395254524
-2.60625236539518
-2.27131385581017
-1.61675919148221
1.51179139716838
0.101574000053197
1.33104115608311
1.9409343447882
1.44994271634299
1.04704180694628
2.44658118598891
1.66204455111057
2.26643762106107
-0.117339555338191
0.440965546447458
-1.59352827678285
-2.4473064049653
-1.61257800899328
-0.819631348107794
-0.525918866660289
-1.40854621273055
1.73028689613875
3.6891108847142
1.95672587330415
2.90213841295891
2.82452644363133
1.9665188624397
1.83016627166242
0.0503920770812722
-1.63484744954695
-2.44430501033798
-1.1748894436301
-3.0711417337952
-0.407876366144873
-0.59707678708496
0.0192025087213581
1.04307056076846
3.15633875948713
2.01123676834167
1.53001868794987
1.67581854910587
2.22150164574984
0.7965447321492
0.634013378301617
-1.53201093939576
-0.965714858638324
-2.3778836610184
-1.29831205583983
-1.77959023308209
-0.0152601412883119
0.829413490557508
5.35973129812155
4.01314187945187
5.19139650959038
3.59327281642768
2.60984342068766
1.35339780853891
0.126703676654482
0.0341665175162991
-1.54594600343175
0.630249316125889
0.973430289646355
2.62935456819773
1.74189441475882
0.222652238679371
-0.318490564844319
-2.09269323678015
-4.27184363936685
-1.94648563451585
-2.88088760146844
-1.66191118141764
-0.64743520847134
-0.31116894787628
2.44494564008436
0.325515273121165
0.449815801683615
-1.37157108514771
-1.77156423400273
-1.57345790067402
-0.49049892776697
0.878529700831984
2.26688259665874
4.66547365823848
4.71483596574962
2.84838589328777
4.03972639618727
1.92163831285631
-0.7391200156754
-1.28199653608306
0.491116954695636
0.746048437203846
1.61962080901884
-0.15420604133817
-0.119666644558549
1.00893428675034
-0.541471109150179
-3.53329285150002
-4.04538299530828
-5.85982649570885
-4.1727113729678
-3.51652297401522
-2.03215603240977
0.123588555610361
-0.0191136680233741
-0.0163665245036142
0.36107615711965
-0.579120529593361
-0.95034956607741
-0.345630564031441
-0.354839396219857
3.88281826770558
3.04383088093403
2.98233890328875
2.88929435218417
3.78601973513432
1.74035799539122
1.86105640420286
0.104494616841745
-1.94170588513135
-1.47603786062599
-1.82821714839057
1.47418199540641
0.708508601701687
0.870342185881271
0.839585331650084
-2.10237573769528
-3.53733691733097
-4.31118946483442
-3.64205279925358
-4.00092952594971
-2.35009224939434
-1.81985863687385
1.5527991799676
0.0748906646975794
1.4246486672135
-0.517041047628629
-2.35902966597385
-2.85863267324736
-0.700992594600867
0.0602075188921009
1.44516127710261
0.799696458755986
4.56617990405324
4.55154998160382
3.16146124277206
2.7618794922061
1.77903645022736
0.391152537785937
-0.0111342572134581
-2.38893960053595
-0.307482698140858
1.6679074136649
0.523202052925697
0.879397971302675
0.163856989172554
-1.69010198774619
-3.18478677822731
-4.29195973373161
-3.73714708505868
-4.87207645837826
-1.96538957402421
-1.20115824197926
2.55894326253761
0.677916518663771
2.29451977550013
-0.8503391453782
-0.718928495105429
-1.37651734041034
-1.58932528083154
0.513531274051915
2.54563336691923
4.07590034962281
3.25379894849309
4.23528792789323
3.10154866624653
1.55673089672493
-0.0181870536267386
-0.107061850680264
-0.426388050516171
0.0841807057647799
1.81065302962819
1.14810642799947
1.08677602579367
1.29674654204496
1.5542946358411
-1.75272611458578
-3.94433926213896
-3.92697151316714
-5.10192943359587
-3.97273340722926
-1.19240053267238
0.723375757280784
0.393524461167137
1.51923210268429
-0.600963835921666
-0.36492475913066
-0.944825228225446
-1.45167775966686
-1.48752900344926
0.433449795005165
2.58073313420306
1.41577789318076
5.04496310281957
4.32432691909315
3.60181371253077
3.46476527920829
3.29338047244797
0.0592925245930642
-2.68989463243832
-2.12080686476456
1.26334560892781
0.579081460919147
0.567917158776584
1.55646736617919
0.839167349681696
-1.71228532726076
-3.19184523386497
-3.99024858165283
-5.93174418887297
-4.09234189588674
-2.89327286045439
-1.26010219079126
0.286361392128586
2.73346967798146
-0.324173060358793
-1.08868671249949
0.200932032065188
-0.830495554637924
-0.961813530478361
1.7097198463454
0.785164201784534
2.40233882239392
2.14111552495345
4.88759937602816
2.13501983069949
2.99191826875897
0.563191175468005
0.0694586242403449
-2.15447981699977
0.840535115602761
0.213561664974887
-0.875255175993444
2.45585571211559
2.25296822767559
1.64965582095629
0.373336025044423
-2.53550690118993
-2.69511961020521
-4.78584431261848
-3.31164560397046
-1.49864901832524
-1.76696608108274
0.803246083918908
0.242714315365304
2.81742005355215
1.48007968181381
-0.604190959902327
-2.41019328926933
-0.632357353926498
0.25171595237571
3.00938957600672
3.02344789777557
4.5958046496858
4.32906934610827
3.764443607625
4.17749364027778
1.65932833821989
0.934398751399195
0.091380350684355
0.918137265048199
-0.535107419571023
-3.39559223762159
-3.41888972980111
-1.14093851380111
-2.2588287559063
-2.89403987202229
-0.0714959351064224
0.444506664159334
-1.65484264064631
1.51064858411613
2.49724480095203
2.97677951626728
1.78645397700302
3.79317817477478
4.01138466866501
2.29993901194232
2.17365896687546
2.3653555905964
0.98766280986312
-0.353247316747316
-2.29656776915611
-3.38316939278185
-3.23331513078181
-4.01957882501782
-3.50788950642991
-2.8972942452493
-0.932142709778605
-0.492871842620035
-0.983821259623553
0.805278818639091
0.0418595416937992
1.02783862116645
2.43253373147782
3.07616214797949
3.28516409192534
1.14586406492469
0.0465035601042467
1.38054254948905
0.782506500595577
-3.5279566072164
-2.91581165821612
-1.86671283261223
-1.47624345975738
-2.39963566183373
-2.48031986860343
-1.87157030027695
-1.94934589488549
-2.08617979987041
-0.372865074703537
1.3414554229689
2.67101859625997
1.26585038134838
2.20921229614756
3.33315411718696
4.0771387971518
2.90638772070334
-0.499309874487019
1.95076056874885
-0.301559227178144
-3.65728860500813
-2.77955412320369
-2.54800416168935
-3.79622675031659
-2.30617659586471
-2.48519259865811
-1.91251860851136
-1.5321210843201
-1.15300623117027
-0.142267605469839
-0.150470340846022
0.350833138333268
0.605434899009101
1.50126317865798
3.5834323988563
2.02941121767284
2.26906252150286
1.63730927887705
0.924541026767603
-0.322121659492321
-1.85127832226978
-0.408083491373153
-2.71101041267476
-1.35437766260247
-3.06199839763811
-1.92768773021597
-0.309878229430394
-3.02187005196178
-0.0350459344593744
0.928368091425655
1.60009319848172
0.887347530057712
1.12032224085684
1.90341018123246
2.15654927241186
2.67054070294967
0.806925954029536
-0.174847078315362
0.436981266422969
-1.6078332943959
-1.19247472538448
-1.66784513036385
-2.2787277882885
-3.60299838852675
-1.55528773588914
-3.87827512819217
-0.491867474846087
-0.518980246637377
-0.651626049659522
-0.152137331137327
-0.397753802815618
0.39045454594141
3.09770779645428
1.17321810150997
2.46823035029197
2.46405923882818
2.34066817704111
2.15414213378846
1.66583174369749
-0.153429857091448
-0.402082287502496
-2.20709415789651
-0.668202050501352
-3.44602284558262
-2.94303163211154
-4.0464710333334
-1.48684473655005
-0.81142482544421
-0.0917358461067975
0.419331054286342
0.703422767375786
-0.234279090587043
1.45575820708515
3.03674219280761
0.491914368904095
3.76432723522572
1.37705079020202
1.36429164653743
1.96499243183407
0.960450885223121
-0.732926620995503
-2.28792329195728
-3.4152265655996
-2.97431388422266
-3.05464852659285
-1.84699462798561
-1.94491854578466
-0.230691966245899
-1.56870100266911
0.618511738809685
-1.80420367269707
1.87745437089981
3.62551277583207
2.31751803853421
4.05497189235699
3.21921028258545
3.69301790273812
1.83820603058345
0.584946040881062
2.50563297350035
-1.07689830368595
-0.719261987377739
-1.97577947172891
-2.11520586509925
-1.18291456088462
-3.58589154184486
-1.46219301385648
-1.86586156340536
0.0844645080824399
-0.910771498985309
-0.970622367585262
0.822300920335274
1.15017896978635
0.282864335438971
3.44356708399119
4.01946054941408
1.83159476733197
1.41861102207152
0.00594685146937912
-0.214190127728592
-0.142131356706071
-2.27844611458459
-2.64089931769831
-2.9411165057726
-2.30718302283578
-3.32730063253524
-2.72730602045103
-0.775405972675524
-3.32090244820195
-2.92449595119874
0.757659326727013
1.72221210954065
1.61306145073341
2.20416926074601
1.57547170799956
2.42069605655639
0.912565804635255
3.95485939072143
0.567324287992145
-0.976702535926488
-1.11305751162488
-2.24966756546734
-0.865819688870681
-2.07015528206651
-2.55158239292984
-3.19959070375739
-2.38205125905165
-2.47449629893703
-0.221417653379242
-0.227223788220867
1.53796388165699
-0.0271049988826357
2.41345070969617
