"x"
2.79727399422047
4.19320130633851
2.87560587427467
2.08975590953469
0.277340579435552
-0.0383308822205866
-4.4715893141996
-1.6816808548299
-2.12840152139253
-1.60302633263639
0.120671374824714
-1.83255740102223
-0.790536841163526
-1.54271979128428
-3.06475007749412
-5.02213691817301
-3.96872171933572
-0.616508374464412
-1.86795611562803
-0.755825737356799
2.12540511787388
2.76038681138809
2.95681720011585
1.52641954848724
1.15857650676798
-0.723506391688623
-0.129278885463636
1.00735610451193
1.22589541877127
1.30742623029982
1.02671804679089
1.5730849297535
1.58161875087996
-0.261815506660586
-2.62410660297777
-2.38534878603948
-2.42828874893945
-4.1423070692882
-2.10928413301496
-3.11728042059115
-1.12402683603905
-0.369196728419193
2.02889072411508
-0.0476349415345583
0.225925175332629
-0.213577797165015
-0.84454817716663
0.588019696495328
1.04800478499437
2.08313380955383
1.64028043586118
3.77795357877688
3.89483993001289
3.19636372905966
0.25801721935087
-0.766660261140734
-1.69862837932469
-0.862614696264985
-1.26811373651492
-1.68926948599619
-1.49733804015199
-0.146513373703613
-1.10552480714049
-2.80451166509808
-1.13671063126343
-2.46672799505201
-5.09801898314566
-2.77357083423957
-2.39756660765463
0.919877501706275
0.94540520780521
1.08415823817062
1.99746945844449
1.31782759700235
1.24411131539356
-0.427335768868262
-0.210438643744967
2.01323077337193
1.60513702668084
2.39288484082457
2.15405339212465
2.78308074063501
0.903644771633908
0.402836811057869
-4.61348935369717
-3.39297097089762
-5.34467500941653
-3.10372429476002
-1.74098486297109
0.00687921320737683
-0.568768418888472
-0.18058652226844
0.0110771672625094
-2.12924416096845
0.168096490231496
-0.467570201726642
-0.740679481689141
0.951618146920554
2.43209972683131
3.1953899787045
2.82303033649151
3.81285424032938
2.18562878522328
0.835970042393287
1.03112373887474
-0.735211539074419
-0.546203067411493
-0.0840867611359983
-1.69428795096774
0.32237274727153
-1.60463109114571
-2.62745748436095
-2.62137479043877
-2.4611414498605
-2.5309263375983
-0.57699839171155
-2.0672717666673
1.86466492637289
0.123513581759029
-0.799124242975304
0.776934538454963
1.29802658538476
1.62431103189593
2.9963799142831
0.982368610466033
0.825389319288968
1.95816030628577
1.78683062055718
-1.11027802502355
-0.740530196629692
-2.29522270824208
-3.51489909118551
-2.61891490983861
-4.3816894743741
-1.95360963955601
-0.110729386502743
-0.539480439682668
-1.11047190810935
-0.105195822691113
0.589802683245902
3.87846065668897
0.803113434283168
3.86588579961436
1.56924214180575
2.98365875164631
2.13373618752905
1.48399851974326
1.63702010125588
-0.219595732322799
-1.11029340115986
-2.73898190856466
-2.20132740874663
-3.46560352469947
-2.29816284324635
-1.70694379199842
-1.71518935667357
-2.06598669149876
0.170175766344447
1.98691419213373
0.383146565598713
-0.11473169087185
1.7315540439547
0.815308569840854
2.50174228845403
3.07356681054947
1.37433057260961
1.89141665138669
0.45731040977795
1.27254308429841
-0.185943710414064
-0.560092266330445
-2.73593350692338
-1.17434824654533
-0.197773828263642
-1.77633815970221
-1.17514301324762
-1.50477307490954
-0.0860244151417932
0.644169135629574
0.333201095949238
4.26850502470805
2.91793284616995
2.02185435999966
2.83805839990171
2.35502434843436
2.20067476759149
1.91683395715226
1.88521967677027
1.34025861550796
-2.76759021308425
-2.2653810553135
-2.33972609291949
-1.651832869479
-3.73358935134488
-2.75346207777486
-3.0924240609177
-2.1438787916796
0.838564955708771
-0.831948200664643
1.11167059230202
2.7115808366157
1.22103184711243
3.29140137635754
2.10848614940015
3.01997321291239
2.18140884114707
0.681842923706814
1.55855794284421
0.350891482906986
-1.35476073492784
-1.92634435075461
-1.13018718581011
-1.42834515828992
-3.371487636656
-1.90110299439359
-2.67062580747317
-1.2004651017766
0.481963501976315
0.62154846537471
0.995040837111511
0.625482903384269
1.48555832931085
0.840153316197788
2.43495836864941
2.21128405559391
0.224932006865588
0.36765204827053
0.466072219626342
0.184603510684091
-0.602683377363723
-1.6067124209439
-3.10436005239054
-2.85198285058717
-1.24470497015756
-2.12627843118387
-2.19134731110458
-1.21763954956079
-1.25694108863329
0.976558354756694
1.73564143596878
2.38563898734136
1.51037048347993
2.70115760484668
1.955347379615
1.92488443880394
3.11283444405932
1.31382094995806
-1.30998229951672
0.954728195525205
0.542229326908217
-0.149141839483586
-4.65021347151905
-2.28492040073106
-0.989099651082108
0.149849236361762
-3.13528985767523
0.102786070179799
0.252507036739993
1.27899307420877
-0.913466797342612
0.58885564520799
0.530549582097803
-0.0361553486503143
2.06306651965244
2.96727690408065
2.63531581035264
-1.35823960435817
-1.32759470084691
1.15199322660434
-0.673460638729472
-0.360450833473443
-2.60920884363706
-2.86905326458911
-2.33297906018275
-3.17340276480547
-4.85275813766147
-2.26887295801936
-0.849194149454256
0.359501479749932
0.98881838283014
1.01568695356263
2.32392976145771
3.36320082187593
0.878329124827983
2.43565613606514
3.56956280905646
1.27922164325083
0.716867007430847
-1.68374587351823
0.363951956805661
-0.730206162395223
-2.24551560198988
-1.57585636826827
-2.5784651774865
-2.38952112757461
-0.560075077448479
-1.37873134508161
-0.313194943756709
1.40974567036094
0.992669379866475
0.510565546961105
-0.538938053565039
1.16369978217985
1.85939697520797
1.72795613847842
-0.00302313864965686
0.785155603319354
1.28225208313536
0.127166967643398
-2.09924236418105
-2.96636239561577
-2.36476765523672
-1.29193247389524
-2.32692730188447
-2.91123479006706
-1.51922373885791
-0.382889367776106
-1.64822877399005
2.05232504116176
0.764317174419517
2.20021059477408
2.13685360183898
3.037414885502
0.998970895918598
3.54724645215106
2.10795606688347
1.98618792874691
-0.78834098307407
0.135969012751578
0.559804452717015
0.0519234841673237
1.24092653545411
-1.89074125187397
-0.884519647552767
-1.28402069967634
-2.40344289029616
-0.888778287976041
-1.23812490669091
2.091754377897
1.9760186117441
0.788251193056989
0.85353814633419
2.19194476232177
1.88185135651038
1.25590192429397
1.49335251751377
-0.150154504952575
0.142070047706734
-0.119425950431313
-1.22645727980023
-0.499000208923641
-3.2462367176167
-2.1257306058993
-4.07571446889183
-1.58304171774644
0.126472401604556
-0.281000482896284
1.14297228936865
0.19534700708883
1.40333927595429
1.7858217109326
2.12557484226272
0.872273875330238
1.51597609970607
1.89588224762009
1.78116243504704
2.11962725124692
-1.87071103055101
-0.276912756924185
1.57034167572323
-2.86798344656927
-0.900370257640354
-2.88390460831748
-2.75077918440613
-1.80949239190053
-2.27405721022909
-2.10530286911054
-1.95975881206855
-0.821857707757211
0.157095007698562
-0.0871709589858336
1.03031434023272
4.20337331758328
2.81562277883591
2.29003249082463
0.81789711866086
0.0405034967229471
0.522294223677836
-0.663196402809858
-1.49834968030629
-3.32791286969626
-2.9738263346121
-3.58106657010789
-1.39155271086968
-2.60552993697667
-1.93502347638278
-1.45165877930033
-0.727137608839072
-0.322215894451887
-1.08159917222913
2.20878762286277
2.41338330247319
0.617335692022086
3.16033011459807
2.17510276386444
3.62204432563559
-0.240000126274865
-1.07382294410166
-1.14774797458054
-0.913478533249116
-0.223635226618885
-3.20552052840262
-2.63007188501301
-1.60481445949187
-1.37358868941654
-3.71078902463034
-2.37133105694888
-1.00217152469022
-0.52146522618382
0.274930991152955
2.85417987960893
3.78192159134884
0.839541752956127
1.28370175487516
3.11079820196191
1.25654591961558
-0.594894203648872
0.595780676791307
-0.57281831296949
-1.99076505095144
-3.76477676070042
-1.86824394264607
-1.68415562085772
-2.37657675651635
-2.44049195412415
-1.64838849292659
-1.00745353233831
-0.754038066853026
-0.294572576728345
1.92765540474785
2.0846442704801
2.52944901588099
2.71352774909952
1.18639209217884
1.70079163531478
0.956968829354772
-0.136171692959078
0.989717156323159
1.65979229705015
-0.385943221201344
-2.22995797223665
-1.25397214448756
-1.89905717024732
-2.554367468385
-1.86911297285591
-1.05681106516139
-1.6478632370557
-1.13881235683222
0.422994114553582
2.36787618514586
1.4310980069829
1.98120550071984
3.24386039800078
0.306484536950806
1.29421766869783
0.221165507051451
1.68157195394087
2.1666955994929
-0.645306817113211
-1.02576943722589
-1.69984502407424
-2.43901597059494
-3.36692727969059
-2.8542319783959
-2.63331107553878
-4.4276753162267
-1.07185612720175
-0.650607632291683
0.0820962954924091
2.63717363799691
1.6750135999603
2.94155828246079
3.59224902710275
3.77815020770724
1.49765692512894
2.11118563220366
1.21735049536773
0.366414951266651
-0.925636923031705
-0.583474327845215
-2.97110650394908
-3.02348893264218
-1.79430382410736
-1.64360521522917
-2.39328125676803
-0.98309476128602
-3.31957597656343
-1.96769337985704
1.39523756070918
1.01312201189856
-0.645302663900424
1.92761285269067
1.65004716567433
2.89078936886333
1.92803533712252
1.06396218796021
0.0638183206173033
-1.41981315562864
-0.373088989153317
-1.41657493644846
-1.7622721227871
-1.23651300601507
-1.40294626566834
0.963055581077404
-1.45785928507469
-1.68563988088013
-1.93070750758972
-0.276375434835762
0.234262273007643
3.3041143243919
1.71085029002887
1.73047938126065
0.547390325037202
3.82034154549562
1.36112269669299
1.53231947247948
0.302707277650895
0.637469325354866
-0.986061877873289
-0.788901956229441
-2.84770871117497
-1.22001274694496
-2.17964109147246
-0.991951274613875
-2.48849011593156
-2.93719610409344
-0.762312958458252
-0.363308548171664
0.717813799615694
0.737879227516631
-1.29439546703032
1.55169763825272
2.97470037849445
3.02324146708831
2.50499913141183
2.06603031073487
-0.908203664617596
0.147555836510862
-0.277520566357831
-1.44182196614424
-2.26252095325991
-1.19590536303252
-3.94126170413861
-2.50969114065697
-1.27713404285916
-0.86307114367487
-1.49668296429134
-0.0597684258022228
-1.25368509961988
0.608719724793939
1.42933824718102
3.99341476717493
3.56308586108508
3.28176995190323
3.05308400577309
1.9946230549159
0.51396210218738
0.770856505610225
-0.403254578074007
0.119387691278689
-3.21346339127216
-2.60581506042079
-2.09930407643776
-0.593706265898185
-0.550541607494023
-2.46954165195549
0.360577921857929
-0.000793946407343593
0.489932498741406
0.194147444900492
-0.324515864567519
3.19248473281963
2.43216958618511
0.915625366125203
2.46631750519663
2.93169360392954
1.03907906147179
-0.6122295386607
0.14546291458679
0.639533554034163
-1.04477709987934
-2.00375229481021
-3.23250619445953
-4.21265505766356
-2.68157293837579
-2.55177823592644
-3.46563584262718
0.371879071844841
0.660144819632123
1.28774235241021
1.84140636290058
4.19803934791838
3.15673744504935
2.35333164006982
2.17610182043112
1.50135283235807
1.47492015700876
0.940539300734248
-0.164989672743709
-1.25935023005597
-2.57944171175107
-0.265265917936337
-0.328156526367378
0.133298634747412
-0.633486445295893
-0.386652040877214
0.399593417233236
0.262463117681516
0.738805113097529
-0.813775332256345
-1.53233183998247
-3.22669521804154
-2.93914413555178
-3.62208063699708
-4.07119068849948
-3.67130472011122
-2.91711788826023
-0.279179367613037
2.21911686204684
1.55062046335462
1.60844104617409
3.29606882377228
2.10637573701985
4.94120957851036
0.653226126188007
2.66476172352191
0.585084449303989
1.12937086906496
-1.41798051690322
-1.8304879786485
-1.89707031237685
-1.2551344754123
-0.854028555271347
1.93058208454605
0.848500974185739
0.327699844374975
0.489658193726267
1.64496942251112
0.00527834493410145
0.515504758622845
-1.80782712750457
-2.95665839457478
-2.83053492823434
-2.5819891317653
-2.28078499186941
-2.76659178650092
-1.72245567262272
-0.544398191192776
2.13544530323644
2.39147206420546
2.71387918944307
3.67640611470796
4.25280506612312
2.11453822590756
3.40358530085706
2.10488839086956
1.747815036008
0.570923830243452
-0.0236136832256539
-1.37555229350403
-1.32404889199157
-0.140669154353559
0.439043920057253
1.2898413242921
0.158127250466386
1.0498961222483
0.607560751790485
0.621346709536454
-1.10158192338766
0.741090361003052
-2.05447359022192
-3.03348686366253
-3.27001877163167
-2.82994323295024
-2.27619023775045
-3.12058359332576
-1.40429677875775
-0.506771199026644
-0.636796610062084
2.10624011707496
-0.90305421159063
3.89889295559491
1.5564212896178
3.28211444058643
-0.801561580787298
3.38669317401172
0.0905115509970564
0.771871041336955
-1.93709155171511
-4.00385218654004
-1.097369916134
-1.19514152353411
-0.244008241700298
0.0748709803556653
-1.02910171134797
1.325769671549
1.12581427195755
0.856683719740678
1.81195597100025
-0.816559954816073
-1.37569928350868
-1.15674341337205
-1.90318893615783
-2.78127199381936
-4.12180225186334
-0.176041504829966
-2.32592916753271
-1.8420670827753
0.341600593182
1.88187898008448
3.43237347135666
4.47629321930745
3.22030057245135
3.62912827104923
2.18489003528698
0.450847616352984
0.139344622464108
1.25273550685402
0.427549580083494
-2.28313639012202
-2.26719553156313
-3.42849835025804
-2.14355839770857
-0.0453557674222066
0.177452361897268
1.59486628481159
0.688237139653516
0.656084569738212
1.89143527323342
-0.0120858199168856
0.451655902288856
-1.49330481684267
-4.38138054169502
-2.2153288530214
-3.56685441564879
-2.4934496156304
-2.56159140745222
-2.12582362439346
-1.35120561123387
2.04337733673494
3.72064184974033
4.59224699144888
2.82697993593116
4.52798811586023
1.86187792129396
2.81857147551782
0.53007034010795
0.065259420962475
-1.58801138882039
-0.0648442525499151
-2.33967501587849
-1.31068950809294
-2.21166852865372
0.159293759802582
2.02029933947856
1.16559680882118
1.28838888292324
0.87105862228167
-0.437637939970235
0.10157492543255
-1.02592371911298
-1.74927447983659
-2.91379232155411
-2.64063192554465
-2.08571204162733
-3.47851587118993
-1.20234956062763
-0.2860864956177
1.02179008261094
0.508915580130276
1.33296667340713
3.65066777256411
4.44876488686465
3.22888466182431
0.848948565304974
-0.0243253942824047
0.818649310053223
-0.419645427368392
1.08136764121362
-0.845269349311737
0.9992600077437
-0.724457727057758
-0.0334508636240722
-1.03646735858445
0.765431751651176
1.45251373680356
0.878972515590508
0.301065720747089
0.798923821162981
-1.1129562859772
-0.25487871926785
-2.52078171609738
-2.67429328530389
-3.93837033092938
-3.3290133778663
-3.25190698576199
-4.13427805872984
-0.62075116744447
0.723954333142637
-0.252380109400574
4.15979743694432
-0.0918821622257919
4.24774764456652
4.3691125606928
2.73599667359584
0.832630878285292
2.9502997426538
-0.526114676149082
-0.332312890575405
-2.02215694369786
-1.79605506398709
-0.245468920473045
-0.789564141558824
-0.376601797905662
0.646965932571982
0.943324109121471
0.726092369120804
0.711876950986588
0.119366063063447
-1.26921173254395
-2.51769659057001
-3.33158956591881
-2.80361613450183
-2.76618967856701
-4.26128204758939
-2.85781732031476
-2.74984739770884
0.497550728635155
1.09932549877477
2.29389057787278
2.73738175694038
2.68000969928837
3.27430914160398
4.33761198280977
2.9361951315975
1.75730920687434
-0.107827962145964
-1.16024038172638
-2.06994348483392
-0.205823677510029
-1.83442631758669
-1.63675658510578
-0.287133505339389
-0.127573271337834
0.0756186253238328
-0.175647731531957
0.996802253678179
0.193371236315966
-1.59558941232593
-0.551066942654809
2.44378003650816
1.22276157009317
1.1784952101346
1.58617339137916
0.79768324449651
-1.418752972932
2.02305043972145
-2.67957632595777
-1.92858530337935
-3.43084025583963
-1.33247303154312
-2.64396441140215
-1.17040554472376
-0.972931791758701
-0.692458304267104
-0.854699632027461
0.241762207710505
1.5665599298094
3.22900778692653
3.02636691640199
1.9568655051928
2.39767508701867
1.48938034102343
2.2218067864966
-0.0180363216756958
-1.29850136749626
-1.57628747891018
-0.946841756301364
-2.32950280833975
-0.827290549024738
-2.21607064209442
-1.06148965472003
-1.48931890330936
-2.36087765187557
-0.205032424368478
0.621009023606222
0.369410603177685
2.74266003809871
1.94589538011026
2.77890240312503
3.10692404698479
2.11476029851676
1.03721697107658
0.684590243550092
1.50690173263803
-0.292259660574116
-0.554493461997078
0.812795928421798
-2.40831226473178
-4.04056466708432
-1.0449890018627
-0.199032144678638
-1.94772149465493
-0.535247987860009
-0.566882914727454
-2.11897427556021
0.585018196782116
0.484476332065058
1.63502118315795
1.12827837259406
1.0821904253433
3.2381251644
3.62283574125714
0.420265288937617
0.904292067547331
0.370114518413756
1.18433376750073
-2.99790969552212
-1.42598483062094
-4.36860571296086
-2.86403823265508
-1.97405086342367
-1.52153070511415
-2.60639925044171
0.902186700515204
0.589266169692067
0.297696207222819
-0.844732159672645
0.812123228534774
0.293469451666209
1.95697732729881
0.0708291989246816
-0.0160326497395609
2.18721633832611
0.712880505146504
-1.23428389582903
0.293501430655347
-1.02163709443175
-0.89375121322927
-0.6757121740394
-1.19817611632418
-1.76414023870122
-4.03367330162524
-1.50686894172886
-0.630417698693827
0.250082156426184
1.13800410452304
1.0346815067246
1.37624786395071
3.52948560640092
1.94762373193869
0.809406523807781
2.24548474500923
1.35210133969524
0.162699216459056
-0.920418837354909
-0.222571591937606
-0.758457522320256
-2.0503252523018
-1.37696256497386
-1.53557397651528
-0.560487106701807
-2.42881084123254
-0.461297854558025
-0.387244374050699
0.0957043157067589
-0.588411351235919
1.86404315794096
0.394222130438822
4.11831980441461
1.24601896000094
2.87765992063545
2.68724200144004
1.09492034266812
-0.855508152631481
0.0108571003860115
-0.456748679943453
-0.493597012249108
-2.40044178157946
-0.206551577997582
-3.1649110740213
-2.38316658362642
0.591520680408545
-0.198698281047546
-1.02971251832925
1.08606357520227
1.90373946185501
-0.256497041351132
1.18558539226736
0.581546558519828
1.32264723707549
0.972512223999801
1.57076670976609
0.892800551179347
1.1941783770102
0.0959921681536849
-1.21471790306451
-1.43450356993374
-3.29185824090046
-1.22885322450069
-1.92922761543623
-1.83899062368951
-2.30732093198673
-2.35703100198141
0.318548746777407
-0.451903505928729
1.45922685765306
2.54622355243487
1.05621735612883
-1.04158648838873
1.63035164878448
1.73648871774161
0.382377902851248
0.864709339294829
0.961918088714505
0.401662395487526
-0.302106825124416
-2.00566896675955
-1.38207304442479
-1.81833699676079
-1.10107985452476
-3.23035342242957
-1.78682760790504
-1.21227444372962
-0.414270171848758
0.324216358694789
0.663133977468379
1.03275281753583
2.95818723579476
1.08283285176718
0.742613876651812
2.31199454754103
1.22959638955302
1.87891655057641
1.21515553938188
0.391452353994953
0.280708482751856
-0.512657227993556
-2.34508206356069
-3.26345347542944
-1.86111388174982
-0.156157252614738
-2.94733725068982
-0.902723827959389
-0.521752771652975
-0.57184916827544
1.81766243624648
0.716631553229244
2.08292570507732
2.16272492182534
2.08732172126543
0.130646819405514
1.01271772006834
0.166559343137201
0.135590037882835
0.875058710256152
-0.0200421627210411
-2.03637965146583
-2.60039857335541
-4.52378927617066
-1.13202537007974
-1.05565861753891
-2.65886667377873
0.0684489461511408
-1.68909787363926
1.41746644761881
0.120589257992817
0.790289617920405
1.41768499787326
0.703356491792709
0.926775551788529
1.27298136174993
1.92134648641584
3.07601019370783
-2.52361053043073
-1.23463163529512
0.534747506928122
-1.47847219411499
-2.87785997557793
-1.44831884740109
-1.0346827829825
-2.23934312475598
-0.0262279927314533
-0.965832628511855
1.36741184902538
-1.8619968831507
-0.338802231581084
3.15294444801361
2.16372118415228
3.21311725755141
2.55570664288604
4.0432446753179
2.00052062647016
-0.698930863328218
2.15010449422476
-1.74809849278834
-0.921213106395167
-2.66410692576043
-1.52676994651387
-0.936980070067459
-2.92770836165621
-2.13792011680197
0.120899425062812
-0.669706717647549
-1.48542640574472
1.26275865681294
-0.824355927663304
2.42428991871956
2.53163575269895
0.368487292558778
1.0703042874242
2.33249288268302
2.58648090973692
0.563126184011947
0.271306556184374
0.0645474710780473
-0.46754121712537
-2.97776860819568
-2.87928376506978
-1.31005256880821
-0.974444666461663
-3.10336694228639
-2.22969251413852
0.636601135858872
-0.739656048670863
-0.574395684804335
1.44684332657523
1.89864308902161
0.791270842234689
1.53382889091331
2.41930808546259
1.54733003137151
2.72882399233041
0.670223136691607
0.205965106936359
-0.262163589060324
-0.278938131339271
-0.444791463429419
-2.02031873793659
-2.16563650806646
-0.451476983809382
-0.834986045785298
-1.29918781855355
1.61313982093829
-0.668286048403919
-2.12309894722964
-1.20794966081066
0.680460405685036
1.86717015825784
0.186323985935355
3.16917773962415
3.11460477810698
1.51023660230423
2.08787153872346
0.789548918592202
-1.24616825698876
-1.1167540555968
-2.03299538582285
-1.94225391929022
-2.28687080699604
-2.22940875441746
-1.3487616274244
-2.10304484495283
-0.754950293072528
-0.609283384941879
1.01929462895762
1.26281268825768
0.403824885733866
0.190768472522139
2.38143911902577
2.02653001355698
0.944539580734159
1.50270538994759
2.23265326600532
1.11645083898291
0.687529534167208
-1.51209953265817
0.669028590949506
-1.76997198411075
-1.8992663929375
-3.98743405521038
-2.73984056101282
-1.20502690277645
-2.80451785780239
-0.79339696279821
-0.833656876548284
0.314837193662676
1.06916888397662
1.05225883828751
2.54398943184623
