"x"
3.75220613865335
3.72909196595626
2.91777858787495
1.56647843677276
0.0935622468974719
-1.06610046954089
-1.61922077262478
-1.51671283696492
-0.962252242173248
-0.324141362603658
0.0152041773794934
-0.185961017029126
-0.929328239343327
-1.97095436405508
-2.91192661489613
-3.35079947369893
-3.03957387818083
-1.98347403460358
-0.446093209219273
1.14250573060232
2.34018450002064
2.85126547069616
2.62930430310465
1.8854822627386
0.999999999999998
0.370816393026031
0.257888428320907
0.682643027739384
1.42115666864524
2.09356224689747
2.31528927608642
1.85198276501057
0.718422723170642
-0.816930474045729
-2.32414136260366
-3.36618556824782
-3.65716455466448
-3.16446379947889
-2.11627613218261
-0.911926614896133
0.0305902719283803
0.431629659454522
0.251661525531989
-0.300771441091746
-0.857494269397687
-1.04120524560667
-0.619938066939198
0.394168742969086
1.74016049461107
3
3.75220613865335
3.72909196595626
2.91777858787495
1.56647843677277
0.0935622468974662
-1.06610046954089
-1.61922077262478
-1.51671283696492
-0.962252242173241
-0.32414136260366
0.015204177379495
-0.185961017029124
-0.929328239343327
-1.97095436405508
-2.91192661489613
-3.35079947369893
-3.03957387818083
-1.98347403460356
-0.446093209219266
1.14250573060231
2.34018450002065
2.85126547069616
2.62930430310465
1.88548226273859
0.999999999999997
0.370816393026034
0.257888428320908
0.682643027739383
1.42115666864524
2.09356224689747
2.31528927608642
1.85198276501058
0.718422723170631
-0.816930474045733
-2.32414136260366
-3.36618556824782
-3.65716455466448
-3.16446379947889
-2.1162761321826
-0.911926614896125
0.0305902719283812
0.431629659454524
0.251661525531995
-0.300771441091754
-0.857494269397686
-1.04120524560667
-0.619938066939199
0.394168742969081
1.74016049461109
3.00000000000001
3.75220613865335
3.72909196595626
2.91777858787496
1.56647843677274
0.0935622468974657
-1.0661004695409
-1.61922077262478
-1.51671283696492
-0.962252242173239
-0.324141362603656
0.0152041773794971
-0.185961017029124
-0.929328239343325
-1.97095436405506
-2.91192661489614
-3.35079947369893
-3.03957387818083
-1.98347403460357
-0.44609320921929
1.14250573060231
2.34018450002065
1.9845874989599
2.20581924104237
2.21113002696526
2
1.59309603821536
1.03024873645741
0.366553510210002
-0.333022527545259
-1
-1.56909050504505
-1.9845874989599
-2.20581924104237
-2.21113002696525
-2
-1.59309603821535
-1.03024873645742
-0.366553510209995
0.333022527545267
0.999999999999997
1.56909050504505
1.9845874989599
2.20581924104237
2.21113002696526
2
1.59309603821536
1.03024873645741
0.366553510209987
-0.333022527545259
-1
-1.56909050504504
-1.98458749895989
-2.20581924104237
-2.21113002696525
-2
-1.59309603821536
-1.03024873645742
-0.366553510209995
0.333022527545266
0.999999999999996
1.56909050504505
1.9845874989599
2.20581924104237
2.21113002696526
2.00000000000001
1.59309603821535
1.03024873645742
0.366553510209988
-0.333022527545258
-1
-1.56909050504505
-1.98458749895989
-2.20581924104237
-2.21113002696526
-2
-1.59309603821536
-1.03024873645741
-0.366553510209996
0.333022527545266
1.00000000000001
1.56909050504505
1.9845874989599
2.20581924104237
2.21113002696526
2
1.59309603821537
1.03024873645742
0.366553510209988
-0.333022527545273
-1
-1.56909050504505
-1.98458749895989
-2.20581924104237
-2.21113002696525
-2
-1.59309603821536
-1.03024873645744
-0.366553510209981
0.333022527545265
1.00000000000001
1.56909050504505
1.98458749895989
2.20581924104237
2.21113002696525
2.00000000000001
1.59309603821537
1.03024873645743
0.366553510209973
-0.333022527545257
-1
-1.56909050504505
-1.9845874989599
-2.20581924104237
-2.21113002696526
-2
-1.59309603821536
-1.03024873645742
-0.366553510209997
0.333022527545265
1.00000000000001
1.56909050504506
1.9845874989599
2.20581924104237
2.21113002696526
2
1.59309603821536
1.03024873645742
0.366553510210021
-0.333022527545241
-1.00000000000002
-1.56909050504506
-1.98458749895989
-2.20581924104237
-2.21113002696525
-2
-1.59309603821535
-1.03024873645744
-0.366553510210013
0.333022527545248
0.999999999999994
1.56909050504505
1.98458749895989
2.20581924104237
2.21113002696525
1.99999999999999
1.59309603821535
1.03024873645743
0.366553510210005
-0.333022527545256
-1
-1.56909050504505
-1.9845874989599
-2.20581924104237
-2.21113002696525
-1.99999999999999
-1.59309603821536
-1.03024873645742
-0.366553510209998
0.333022527545263
1.00000000000001
1.56909050504503
1.9845874989599
2.20581924104237
2.21113002696525
2
1.59309603821536
1.03024873645742
0.36655351020999
-0.333022527545271
-0.999999999999986
-1.56909050504504
-1.9845874989599
-2.20581924104237
-2.21113002696525
-2
-1.59309603821535
-1.03024873645741
-0.366553510209983
0.333022527545247
0.999999999999993
1.56909050504505
1.98458749895989
2.20581924104237
2.21113002696525
1.99999999999999
1.59309603821535
1.0302487364574
0.366553510210007
-0.333022527545255
-1
-1.56909050504505
-1.9845874989599
-2.20581924104236
-2.21113002696525
-1.99999999999999
-1.59309603821534
-1.03024873645743
-0.366553510209999
0.333022527545262
1.00000000000001
1.56909050504506
1.98458749895989
2.20581924104237
2.21113002696526
1.99999999999999
1.59309603821536
1.03024873645742
0.366553510209992
-0.33302252754527
-1.00000000000001
-1.56909050504504
-1.98458749895989
-2.20581924104237
-2.21113002696525
-2
-1.59309603821535
-1.03024873645741
-0.366553510209984
0.333022527545278
0.999999999999992
1.56909050504504
1.98458749895989
2.20581924104237
2.21113002696525
2.00000000000001
1.59309603821537
1.03024873645741
0.366553510210008
-0.333022527545254
-0.999999999999971
-1.56909050504505
-1.98458749895991
-2.20581924104237
-2.21113002696525
-2.00000000000001
-1.59309603821534
-1.03024873645743
-0.36655351021
0.33302252754523
1.00000000000001
1.56909050504503
1.9845874989599
2.20581924104237
2.21113002696526
1.99999999999999
1.59309603821536
1.03024873645742
0.366553510210024
-0.333022527545269
-0.999999999999984
-1.56909050504506
-1.98458749895989
-2.20581924104237
-2.21113002696525
-2
-1.59309603821536
-1.03024873645744
-0.366553510209985
0.333022527545245
1.00000000000002
1.56909050504504
1.98458749895989
2.20581924104237
2.21113002696525
2
1.59309603821537
1.03024873645741
0.366553510210009
-0.333022527545284
-0.999999999999998
-1.56909050504505
-1.98458749895988
-2.20581924104237
-2.21113002696525
-2.00000000000001
-1.59309603821534
-1.03024873645743
-0.36655351020997
0.33302252754526
1
1.56909050504503
1.9845874989599
2.20581924104237
2.21113002696526
1.99999999999999
1.59309603821536
1.03024873645739
0.366553510209994
-0.333022527545268
-0.999999999999983
-1.56909050504506
-1.98458749895989
-2.20581924104237
-2.21113002696526
-2
-1.59309603821533
-1.03024873645741
-0.366553510209986
0.333022527545244
1.00000000000002
1.56909050504504
1.98458749895989
2.20581924104236
2.21113002696525
2.00000000000001
1.59309603821535
1.03024873645741
0.366553510209979
-0.333022527545252
-0.999999999999969
-1.56909050504505
-1.98458749895988
-2.20581924104237
-2.21113002696526
-1.99999999999999
-1.59309603821532
-1.0302487364574
-0.366553510210002
0.333022527545228
1
1.56909050504503
1.9845874989599
2.20581924104237
2.21113002696525
2
1.59309603821534
1.03024873645742
0.366553510210026
-0.333022527545267
-0.999999999999982
-1.56909050504506
-1.98458749895989
-2.20581924104237
-2.21113002696526
-1.99999999999999
-1.59309603821536
-1.03024873645744
-0.366553510209987
0.333022527545243
1.00000000000002
1.56909050504504
1.98458749895991
2.20581924104237
2.21113002696525
2
1.59309603821537
1.03024873645746
0.366553510210011
-0.333022527545282
-0.999999999999996
-1.56909050504507
-1.9845874989599
-2.20581924104237
-2.21113002696525
-2.00000000000001
-1.59309603821539
-1.03024873645743
-0.366553510210035
0.333022527545258
1.00000000000003
1.56909050504505
1.98458749895991
2.20581924104237
2.21113002696526
2.00000000000002
1.59309603821536
1.03024873645745
0.366553510209996
-0.333022527545234
-1.00000000000001
-1.56909050504508
-1.9845874989599
-2.20581924104237
-2.21113002696526
-2
-1.59309603821538
-1.03024873645742
-0.366553510210019
0.333022527545273
0.999999999999988
1.56909050504506
1.98458749895989
2.20581924104236
2.21113002696525
2.00000000000001
1.59309603821535
1.03024873645744
0.366553510209981
-0.333022527545249
-1.00000000000002
-1.56909050504509
-1.98458749895991
-2.20581924104237
-2.21113002696526
-1.99999999999999
-1.59309603821537
-1.0302487364574
-0.366553510210004
0.333022527545288
1
1.56909050504508
1.9845874989599
2.20581924104237
2.21113002696525
2
1.59309603821534
1.03024873645742
0.366553510209966
-0.333022527545265
-1.00000000000004
-1.56909050504506
-1.98458749895989
-2.20581924104237
-2.21113002696526
-1.99999999999999
-1.59309603821536
-1.03024873645739
-0.366553510209989
0.333022527545304
1.00000000000002
1.56909050504504
1.98458749895988
2.20581924104237
2.21113002696525
2
1.59309603821533
1.03024873645741
0.36655351020995
-0.33302252754528
-0.999999999999994
-1.56909050504502
-1.98458749895989
-2.20581924104236
-2.21113002696525
-1.99999999999998
-1.59309603821535
-1.03024873645737
-0.366553510209974
0.333022527545256
0.999999999999973
1.56909050504505
1.98458749895988
2.20581924104237
2.21113002696525
1.99999999999999
1.59309603821532
1.0302487364574
0.366553510209998
-0.333022527545232
-1.00000000000001
-1.56909050504503
-1.9845874989599
-2.20581924104237
-2.21113002696525
-1.99999999999997
-1.59309603821534
1.08854256387865
0.92494365133909
0.435232786073361
-0.316987298107743
-1.21453976142017
-2.1063712937845
-2.83348959378789
-3.25666377621513
-3.28108891324554
-2.87372418904087
-2.0702654194666
-0.97049128038833
0.277278435631186
1.50000000000001
2.5279600803877
3.22229795074863
3.49731640259144
3.33379786886443
2.7810889132456
1.94764678184022
0.981722855587966
0.0455476290492689
-0.712511221704633
-1.1830127018922
-1.31342031896754
-1.11592665696414
-0.663826808803558
-0.0771340926492908
0.499999999999979
0.926077407200649
1.08854256387865
0.924943651339079
0.435232786073384
-0.316987298107771
-1.21453976142014
-2.10637129378452
-2.83348959378787
-3.25666377621515
-3.28108891324554
-2.87372418904089
-2.07026541946663
-0.970491280388372
0.277278435631228
1.49999999999997
2.52796008038773
3.22229795074861
3.49731640259144
3.33379786886444
2.78108891324553
1.94764678184026
0.981722855588001
0.0455476290492993
-0.712511221704612
-1.18301270189221
-1.31342031896754
-1.11592665696411
-0.663826808803577
-0.0771340926493121
0.499999999999961
0.926077407200638
1.08854256387865
0.924943651339091
0.435232786073406
-0.316987298107741
-1.21453976142017
-2.10637129378449
-2.83348959378789
-3.25666377621515
-3.28108891324554
-2.87372418904087
-2.0702654194666
-0.970491280388332
0.277278435631269
1.50000000000001
2.52796008038776
3.22229795074866
3.49731640259143
3.3337978688644
2.78108891324561
1.94764678184016
0.981722855588035
0.0455476290493296
-0.712511221704589
-1.1830127018922
-1.31342031896754
-1.11592665696414
-0.663826808803559
-0.0771340926492923
0.499999999999978
0.926077407200648
1.08854256387865
0.92494365133908
0.435232786073385
-0.316987298107769
-1.2145397614202
-2.10637129378441
-2.83348959378791
-3.25666377621515
-3.28108891324553
-2.87372418904093
-2.07026541946657
-0.970491280388293
0.277278435631139
1.49999999999989
2.52796008038779
3.22229795074861
3.49731640259143
3.33379786886439
2.78108891324558
1.94764678184026
0.981722855588003
0.0455476290493011
-0.71251122170461
-1.18301270189221
-1.31342031896754
-1.11592665696413
-0.663826808803542
-0.0771340926492725
0.499999999999995
0.926077407200658
1.08854256387865
0.924943651339114
0.435232786073364
-0.316987298107796
-1.2145397614201
-2.10637129378444
-2.83348959378793
-3.25666377621513
-3.28108891324555
-2.87372418904083
-2.07026541946667
-0.970491280388417
0.27727843563118
1.50000000000009
2.52796008038769
3.22229795074862
3.49731640259144
3.33379786886443
2.78108891324556
1.94764678184023
0.981722855587971
0.0455476290492729
-0.712511221704631
-1.18301270189218
-1.31342031896754
-1.11592665696412
-0.663826808803598
-0.0771340926493349
0.500000000000012
0.926077407200626
1.08854256387865
0.924943651339058
0.435232786073343
-0.316987298107709
-1.21453976142013
-2.10637129378458
-2.83348959378787
-3.25666377621514
-3.28108891324552
-2.87372418904089
-2.07026541946664
-0.970491280388377
0.277278435631222
1.49999999999997
2.52796008038772
3.22229795074857
3.49731640259144
3.33379786886442
2.78108891324563
1.9476467818402
0.981722855587939
0.0455476290492443
-0.712511221704566
-1.18301270189223
-1.31342031896754
-1.11592665696416
-0.66382680880358
-0.0771340926492327
0.499999999999958
0.926077407200637
1.08854256387865
0.924943651339092
0.435232786073409
-0.316987298107737
-1.21453976142016
-2.10637129378449
-2.83348959378789
-3.25666377621511
-3.28108891324554
-2.87372418904087
-2.07026541946661
-0.970491280388338
0.277278435631263
1.50000000000001
2.52796008038763
3.22229795074866
3.49731640259144
3.33379786886445
2.78108891324561
1.94764678184017
0.981722855588039
0.0455476290493336
-0.712511221704672
-1.1830127018922
-1.31342031896754
-1.11592665696415
-0.663826808803488
-0.077134092649295
0.499999999999975
0.926077407200647
1.08854256387865
0.924943651339081
0.435232786073388
-0.316987298107765
-1.21453976142019
-2.10637129378452
-2.83348959378783
-3.25666377621515
-3.28108891324553
-2.87372418904094
-2.07026541946671
-0.970491280388299
0.277278435631133
1.49999999999989
2.52796008038778
3.22229795074867
3.49731640259143
3.33379786886444
2.78108891324549
1.94764678184026
0.981722855588007
0.0455476290493054
-0.712511221704607
-1.18301270189221
-1.31342031896754
-1.11592665696413
-0.663826808803544
-0.0771340926492753
0.499999999999922
0.926077407200657
1.08854256387865
0.924943651339115
0.435232786073454
-0.316987298107793
-1.21453976142022
-2.10637129378443
-2.83348959378793
-3.25666377621516
-3.28108891324555
-2.87372418904092
-2.07026541946654
-0.970491280388422
0.277278435631174
1.49999999999992
2.52796008038769
3.22229795074862
3.49731640259144
3.33379786886443
2.78108891324556
1.94764678184023
0.981722855588108
0.0455476290492767
-0.712511221704628
-1.18301270189222
-1.31342031896754
-1.11592665696412
-0.663826808803526
-0.0771340926493377
0.50000000000001
0.926077407200667
1.08854256387865
0.924943651339104
0.435232786073346
-0.316987298107705
-1.21453976142013
-2.10637129378457
-2.83348959378786
-3.25666377621513
-3.28108891324555
-2.87372418904081
-2.07026541946664
-0.970491280388383
0.277278435631216
1.49999999999996
2.52796008038772
3.22229795074864
3.49731640259144
3.33379786886442
2.78108891324554
1.94764678184033
0.981722855587943
0.0455476290492485
-0.712511221704563
-1.18301270189219
-1.31342031896754
-1.11592665696416
-0.663826808803582
-0.0771340926492355
0.500000000000027
0.926077407200635
1.08854256387865
0.924943651339048
0.435232786073412
-0.316987298107733
-1.21453976142016
-2.10637129378449
-2.83348959378788
-3.25666377621514
-3.28108891324554
-2.87372418904088
-2.07026541946661
-0.970491280388507
0.277278435631257
1.5
2.52796008038763
3.22229795074859
3.49731640259144
3.33379786886441
2.78108891324561
1.94764678184017
0.981722855587911
0.0455476290493376
-0.712511221704584
-1.18301270189224
-1.31342031896754
-1.11592665696415
-0.663826808803564
-0.0771340926492978
0.499999999999973
0.926077407200645
1.08854256387865
0.924943651339083
0.435232786073391
-0.316987298107646
-1.21453976142019
-2.10637129378451
-2.8334895937879
-3.25666377621512
-3.28108891324553
-2.87372418904086
-2.07026541946671
-0.970491280388304
0.277278435631299
1.49999999999988
2.52796008038766
3.22229795074867
3.49731640259143
3.33379786886444
2.78108891324559
1.94764678184027
0.981722855588012
0.0455476290493096
-0.712511221704689
-1.1830127018922
-1.31342031896754
-1.11592665696414
-0.663826808803547
-0.0771340926492781
0.49999999999999
0.926077407200613
1.08854256387865
0.924943651339072
0.435232786073457
-0.316987298107788
-1.21453976142022
1.91192661489613
1.58007900177243
1.0935622468974
0.499999999999948
-0.142505730602346
-0.771062007397475
-1.32414136260364
-1.74760453540281
-1.99999999999998
-2.05662152977778
-1.91192661489613
-1.58007900177244
-1.09356224689752
-0.49999999999997
0.142505730602324
0.771062007397454
1.32414136260362
1.74760453540286
2
2.05662152977778
1.9119266148961
1.58007900177238
1.09356224689744
0.499999999999991
-0.142505730602302
-0.771062007397433
-1.32414136260361
-1.74760453540278
-2
-2.05662152977778
-1.91192661489615
-1.5800790017724
-1.09356224689746
-0.500000000000013
0.142505730602279
0.771062007397521
1.32414136260368
1.74760453540283
1.99999999999999
2.05662152977778
1.91192661489612
1.58007900177241
1.09356224689748
0.500000000000034
-0.142505730602257
-0.771062007397392
-1.32414136260366
-1.74760453540282
-1.99999999999999
-2.05662152977778
-1.91192661489612
-1.58007900177242
-1.0935622468975
-0.499999999999942
0.142505730602352
0.77106200739748
1.32414136260364
1.74760453540287
2.00000000000001
2.05662152977778
1.91192661489609
1.58007900177236
1.09356224689742
0.499999999999964
-0.14250573060233
-0.77106200739746
-1.32414136260363
-1.7476045354028
-2.00000000000001
-2.05662152977778
-1.91192661489614
-1.58007900177238
-1.09356224689744
-0.499999999999985
0.142505730602308
0.771062007397548
1.3241413626037
1.74760453540285
2
2.05662152977777
1.91192661489611
1.58007900177239
1.09356224689746
0.500000000000007
-0.142505730602285
-0.771062007397418
-1.32414136260368
-1.74760453540284
-2
-2.05662152977778
-1.91192661489611
-1.58007900177241
-1.09356224689747
-0.499999999999915
0.14250573060238
0.771062007397506
1.32414136260367
1.74760453540289
2.00000000000002
2.05662152977778
1.91192661489612
1.58007900177242
1.09356224689749
0.50000000000005
-0.142505730602358
-0.771062007397486
-1.32414136260365
-1.74760453540281
-2.00000000000001
-2.05662152977778
-1.91192661489613
-1.58007900177243
-1.09356224689741
-0.499999999999958
0.142505730602336
0.771062007397574
1.32414136260372
1.74760453540286
2.00000000000001
2.05662152977778
1.91192661489614
1.58007900177245
1.09356224689753
0.499999999999979
-0.142505730602314
-0.771062007397445
-1.32414136260371
-1.74760453540285
-2
-2.05662152977778
-1.9119266148961
-1.58007900177239
-1.09356224689745
-0.500000000000001
0.142505730602408
0.771062007397533
1.32414136260369
1.74760453540284
2
2.05662152977778
1.91192661489616
1.5800790017724
1.09356224689747
0.500000000000023
-0.142505730602269
-0.771062007397512
-1.32414136260367
-1.74760453540283
-2.00000000000002
-2.05662152977778
-1.91192661489612
-1.58007900177242
-1.09356224689739
-0.49999999999993
0.142505730602364
0.771062007397491
1.32414136260365
1.74760453540282
1.99999999999999
2.05662152977778
1.91192661489613
1.58007900177243
1.09356224689751
0.499999999999952
-0.142505730602342
-0.771062007397471
-1.32414136260373
-1.74760453540287
-2.00000000000001
-2.05662152977778
-1.91192661489609
-1.58007900177237
-1.09356224689743
-0.499999999999974
0.14250573060232
0.77106200739745
1.32414136260362
1.74760453540286
2
2.05662152977778
1.91192661489614
1.58007900177238
1.09356224689745
0.499999999999995
-0.142505730602297
-0.771062007397538
-1.32414136260369
-1.74760453540284
-2.00000000000003
-2.05662152977777
-1.91192661489611
-1.5800790017724
-1.09356224689746
-0.500000000000017
0.142505730602275
0.771062007397409
1.32414136260368
1.74760453540283
1.99999999999999
2.05662152977778
1.91192661489612
1.58007900177241
1.09356224689748
0.499999999999925
-0.14250573060237
-0.771062007397497
-1.32414136260366
-1.74760453540288
-2.00000000000002
-2.05662152977778
-1.91192661489613
-1.58007900177243
-1.0935622468975
-0.50000000000006
0.142505730602348
0.771062007397477
1.32414136260364
1.74760453540281
2.00000000000001
2.05662152977778
1.91192661489613
1.58007900177237
1.09356224689742
0.499999999999968
-0.142505730602326
-0.771062007397565
-1.32414136260371
-1.74760453540286
-2.00000000000001
-2.05662152977778
-1.91192661489614
-1.58007900177246
-1.09356224689744
-0.499999999999989
0.142505730602304
0.771062007397435
1.3241413626037
1.74760453540285
2
2.05662152977778
1.91192661489611
1.58007900177239
1.09356224689746
0.499999999999897
-0.142505730602398
-0.771062007397523
-1.32414136260368
-1.74760453540284
-1.99999999999999
-2.05662152977778
-1.91192661489616
-1.58007900177241
-1.09356224689748
-0.500000000000032
0.142505730602376
0.771062007397503
1.32414136260366
1.74760453540282
2.00000000000002
2.05662152977778
1.91192661489612
1.58007900177242
1.0935622468974
0.49999999999994
-0.142505730602354
-0.771062007397482
-1.32414136260365
-1.74760453540281
-1.99999999999998
-2.05662152977778
-1.91192661489613
-1.58007900177244
-1.09356224689752
-0.499999999999962
0.142505730602332
0.771062007397462
1.32414136260372
1.74760453540286
2.00000000000001
