"x"
3.75220613865335
3.72909196595626
2.91777858787495
1.56647843677276
0.0935622468974719
-1.06610046954089
-1.61922077262478
-1.51671283696492
-0.962252242173248
-0.324141362603658
0.0152041773794934
-0.185961017029126
-0.929328239343327
-1.97095436405508
-2.91192661489613
-3.35079947369893
-3.03957387818083
-1.98347403460358
-0.446093209219273
1.14250573060232
2.34018450002064
2.85126547069616
2.62930430310465
1.8854822627386
0.999999999999998
0.370816393026031
0.257888428320907
0.682643027739384
1.42115666864524
2.09356224689747
2.31528927608642
1.85198276501057
0.718422723170642
-0.816930474045729
-2.32414136260366
-3.36618556824782
-3.65716455466448
-3.16446379947889
-2.11627613218261
-0.911926614896133
0.0305902719283803
0.431629659454522
0.251661525531989
-0.300771441091746
-0.857494269397687
-1.04120524560667
-0.619938066939198
0.394168742969086
1.74016049461107
3
3.75220613865335
3.72909196595626
2.91777858787495
1.56647843677277
0.0935622468974662
-1.06610046954089
-1.61922077262478
-1.51671283696492
-0.962252242173241
-0.32414136260366
0.015204177379495
-0.185961017029124
-0.929328239343327
-1.97095436405508
-2.91192661489613
-3.35079947369893
-3.03957387818083
-1.98347403460356
-0.446093209219266
1.14250573060231
2.34018450002065
2.85126547069616
2.62930430310465
1.88548226273859
0.999999999999997
0.370816393026034
0.257888428320908
0.682643027739383
1.42115666864524
2.09356224689747
2.31528927608642
1.85198276501058
0.718422723170631
-0.816930474045733
-2.32414136260366
-3.36618556824782
-3.65716455466448
-3.16446379947889
-2.1162761321826
-0.911926614896125
0.0305902719283812
0.431629659454524
0.251661525531995
-0.300771441091754
-0.857494269397686
-1.04120524560667
-0.619938066939199
0.394168742969081
1.74016049461109
3.00000000000001
3.75220613865335
3.72909196595626
2.91777858787496
1.56647843677274
0.0935622468974657
-1.0661004695409
-1.61922077262478
-1.51671283696492
-0.962252242173239
-0.324141362603656
0.0152041773794971
-0.185961017029124
-0.929328239343325
-1.97095436405506
-2.91192661489614
-3.35079947369893
-3.03957387818083
-1.98347403460357
-0.44609320921929
1.14250573060231
2.34018450002065
2.85126547069615
2.62930430310464
2.21113002696526
2
1.59309603821536
1.03024873645741
0.366553510210002
-0.333022527545259
-1
-1.56909050504505
-1.9845874989599
-2.20581924104237
-2.21113002696525
-2
-1.59309603821535
-1.03024873645742
-0.366553510209995
0.333022527545267
0.999999999999997
1.56909050504505
1.9845874989599
2.20581924104237
2.21113002696526
2
1.59309603821536
1.03024873645741
0.366553510209987
-0.333022527545259
-1
-1.56909050504504
-1.98458749895989
-2.20581924104237
-2.21113002696525
-2
-1.59309603821536
-1.03024873645742
-0.366553510209995
0.333022527545266
0.999999999999996
1.56909050504505
1.9845874989599
2.20581924104237
2.21113002696526
2.00000000000001
1.59309603821535
1.03024873645742
0.366553510209988
-0.333022527545258
-1
-1.56909050504505
-1.98458749895989
-2.20581924104237
-2.21113002696526
-2
-1.59309603821536
-1.03024873645741
-0.366553510209996
0.333022527545266
1.00000000000001
1.56909050504505
1.9845874989599
2.20581924104237
2.21113002696526
2
1.59309603821537
1.03024873645742
0.366553510209988
-0.333022527545273
-1
-1.56909050504505
-1.98458749895989
-2.20581924104237
-2.21113002696525
-2
-1.59309603821536
-1.03024873645744
-0.366553510209981
0.333022527545265
1.00000000000001
1.56909050504505
1.98458749895989
2.20581924104237
2.21113002696525
2.00000000000001
1.59309603821537
1.03024873645743
0.366553510209973
-0.333022527545257
-1
-1.56909050504505
-1.9845874989599
-2.20581924104237
-2.21113002696526
-2
-1.59309603821536
-1.03024873645742
-0.366553510209997
0.333022527545265
1.00000000000001
1.56909050504506
1.9845874989599
2.20581924104237
2.21113002696526
2
1.59309603821536
1.03024873645742
0.366553510210021
-0.333022527545241
-1.00000000000002
-1.56909050504506
-1.98458749895989
-2.20581924104237
-2.21113002696525
-3.28108891324554
-2.87372418904088
-2.07026541946662
-0.970491280388355
0.277278435631245
1.49999999999995
2.52796008038774
3.22229795074865
3.49731640259144
3.33379786886442
2.78108891324555
1.94764678184021
0.981722855587954
0.0455476290492872
-0.71251122170462
-1.18301270189221
-1.31342031896754
-1.11592665696413
-0.663826808803533
-0.0771340926492625
0.499999999999986
0.926077407200653
1.08854256387865
0.924943651339075
0.435232786073397
-0.316987298107753
-1.21453976142018
-2.10637129378453
-2.8334895937879
-3.25666377621515
-3.28108891324554
-2.87372418904086
-2.07026541946662
-0.970491280388356
0.277278435631244
1.49999999999999
2.52796008038771
3.22229795074865
3.49731640259144
3.33379786886441
2.78108891324555
1.94764678184021
0.981722855587955
0.045547629049288
-0.71251122170462
-1.18301270189221
-1.31342031896754
-1.11592665696414
-0.663826808803533
-0.0771340926492632
0.500000000000003
0.926077407200653
1.08854256387865
0.924943651339075
0.435232786073376
-0.316987298107752
-1.21453976142018
-2.1063712937845
-2.8334895937879
-3.25666377621515
-3.28108891324554
-2.87372418904086
-2.07026541946659
-0.970491280388358
0.277278435631242
1.49999999999999
2.52796008038771
3.22229795074863
3.49731640259144
3.33379786886442
2.78108891324555
1.94764678184018
0.981722855587989
0.045547629049289
-0.712511221704619
-1.18301270189221
-1.31342031896754
-1.11592665696413
-0.663826808803534
-0.0771340926492639
0.500000000000002
0.926077407200663
1.08854256387865
0.924943651339064
0.435232786073399
-0.316987298107751
-1.21453976142018
-2.1063712937845
-2.8334895937879
-3.25666377621515
-3.28108891324554
-2.8737241890409
-2.07026541946659
-0.9704912803884
0.277278435631284
1.49999999999995
2.52796008038771
3.22229795074866
3.49731640259144
3.33379786886442
2.78108891324555
1.94764678184022
0.981722855587957
0.0455476290492606
-0.712511221704597
-1.18301270189222
-1.31342031896754
-1.11592665696414
-0.663826808803516
-0.0771340926492852
0.50000000000002
0.926077407200652
1.08854256387865
0.924943651339076
0.435232786073378
-0.316987298107721
-1.21453976142021
-2.10637129378447
-2.83348959378788
-3.25666377621516
-3.28108891324554
-2.87372418904084
-2.07026541946663
-0.97049128038836
0.27727843563124
1.49999999999998
2.52796008038768
3.22229795074865
3.49731640259144
3.33379786886441
2.78108891324552
1.94764678184025
0.981722855587925
0.045547629049291
-0.712511221704617
-1.18301270189221
-1.31342031896754
-1.11592665696415
-0.663826808803535
-0.0771340926492654
0.500000000000001
0.926077407200662
1.08854256387865
0.924943651339065
0.4352327860734
-0.316987298107749
-1.21453976142018
-2.1063712937845
-2.8334895937879
-3.25666377621515
-3.28108891324554
-2.87372418904086
-2.07026541946659
-0.970491280388403
0.277278435631281
1.49999999999994
2.52796008038776
3.22229795074863
3.49731640259144
3.33379786886442
2.78108891324555
1.94764678184022
0.981722855587959
0.0455476290492626
-0.712511221704595
-1.18301270189222
-1.31342031896754
-1.11592665696412
-0.663826808803554
-0.0771340926492865
0.499999999999983
0.926077407200651
1.08854256387865
0.924943651339076
0.435232786073379
-0.316987298107777
-1.21453976142021
-2.10637129378447
-2.83348959378791
-3.25666377621514
-3.28108891324554
-2.87372418904084
-2.07026541946663
-0.970491280388282
0.277278435631237
1.49999999999998
2.52796008038773
3.22229795074865
3.49731640259143
3.33379786886441
2.78108891324558
1.94764678184025
0.981722855587927
0.0455476290492929
-0.712511221704659
-1.18301270189221
-1.31342031896754
-1.11592665696413
-0.663826808803536
-0.0771340926493078
0.5
0.92607740720064
1.08854256387865
0.924943651339066
0.435232786073401
-0.316987298107805
-1.21453976142017
-2.1063712937845
-2.83348959378789
-3.25666377621515
-3.28108891324555
-2.87372418904087
-2.07026541946666
-0.970491280388324
0.277278435631278
1.49999999999994
2.52796008038776
3.22229795074863
3.49731640259144
3.33379786886442
2.78108891324555
1.94764678184022
0.981722855587962
0.0455476290493237
-0.712511221704637
-1.18301270189222
-1.31342031896754
-1.11592665696412
-0.663826808803555
-0.0771340926492469
0.499999999999982
0.92607740720065
1.08854256387865
0.924943651339077
0.435232786073424
-0.316987298107775
-1.2145397614202
-2.10637129378447
-2.83348959378791
-3.25666377621514
-3.28108891324553
-2.87372418904089
-2.07026541946663
-0.970491280388366
0.277278435631233
1.4999999999999
2.52796008038773
3.22229795074864
3.49731640259144
3.33379786886441
2.78108891324558
1.94764678184019
0.981722855587996
0.0455476290492951
-0.712511221704615
-1.18301270189221
-1.31342031896754
-1.11592665696413
-0.663826808803538
-0.0771340926492682
0.499999999999999
0.926077407200639
1.08854256387865
0.924943651339089
0.435232786073403
-0.316987298107745
-1.21453976142017
-2.10637129378455
-2.83348959378789
-3.25666377621515
-3.28108891324554
-2.87372418904087
-2.07026541946666
-0.970491280388327
0.277278435631189
1.49999999999994
2.5279600803877
3.22229795074863
3.49731640259144
3.33379786886443
2.78108891324555
1.94764678184022
0.981722855587964
0.0455476290493257
-0.712511221704635
-1.1830127018922
-1.31342031896754
-1.11592665696414
-0.663826808803557
-0.0771340926492483
0.49999999999998
0.92607740720065
1.08854256387865
0.924943651339078
0.435232786073425
-0.316987298107773
-1.21453976142014
-1.91192661489613
-1.58007900177244
-1.09356224689746
-0.49999999999996
0.142505730602334
0.771062007397518
1.32414136260368
1.74760453540283
1.99999999999999
2.05662152977778
1.91192661489614
1.58007900177241
1.09356224689743
0.499999999999981
-0.14250573060237
-0.771062007397497
-1.32414136260366
-1.74760453540282
-2
-2.05662152977778
-1.91192661489613
-1.58007900177243
-1.09356224689745
-0.499999999999946
0.142505730602348
0.771062007397477
1.32414136260364
1.74760453540284
2
2.05662152977778
1.91192661489613
1.5800790017724
1.09356224689747
0.499999999999968
-0.142505730602326
-0.771062007397456
-1.32414136260367
-1.74760453540283
-2.00000000000001
-2.05662152977778
-1.91192661489612
-1.58007900177242
-1.09356224689744
-0.499999999999989
0.142505730602304
0.77106200739749
1.32414136260365
1.74760453540285
2
2.05662152977778
1.91192661489613
1.58007900177239
1.09356224689746
0.500000000000011
-0.142505730602281
-0.771062007397469
-1.32414136260368
-1.74760453540284
-2.00000000000001
-2.05662152977778
-1.91192661489612
-1.58007900177241
-1.09356224689748
-0.500000000000032
0.142505730602318
0.771062007397448
1.32414136260366
1.74760453540285
2
2.05662152977778
1.91192661489612
1.58007900177242
1.0935622468975
0.499999999999997
-0.142505730602295
-0.771062007397482
-1.32414136260365
-1.74760453540284
-2.00000000000001
-2.05662152977778
-1.91192661489613
-1.58007900177244
-1.09356224689747
-0.500000000000019
0.142505730602332
0.771062007397462
1.32414136260367
1.74760453540286
2.00000000000001
2.05662152977778
1.91192661489614
1.58007900177241
1.09356224689749
0.499999999999983
-0.14250573060231
-0.771062007397495
-1.32414136260366
-1.74760453540285
-2
-2.05662152977778
-1.91192661489613
-1.58007900177243
-1.09356224689745
-0.500000000000005
0.142505730602346
0.771062007397475
1.32414136260369
1.74760453540284
2
2.05662152977778
1.91192661489613
1.5800790017724
1.09356224689747
0.49999999999997
-0.142505730602324
-0.771062007397508
-1.32414136260367
-1.74760453540283
-1.99999999999999
-2.05662152977778
-1.91192661489614
-1.58007900177238
-1.09356224689744
-0.499999999999991
0.142505730602302
0.771062007397488
1.32414136260365
1.74760453540281
1.99999999999999
2.05662152977778
1.91192661489613
1.58007900177243
1.09356224689741
0.499999999999956
-0.142505730602338
-0.771062007397467
-1.32414136260368
-1.74760453540283
-1.99999999999999
-2.05662152977778
-1.91192661489612
-1.58007900177241
-1.09356224689748
-0.499999999999977
0.142505730602316
0.771062007397447
1.32414136260362
1.74760453540285
2
2.05662152977778
1.91192661489615
1.58007900177239
1.09356224689745
0.499999999999999
-0.142505730602352
-0.77106200739748
-1.32414136260364
-1.74760453540281
-2.00000000000001
-2.05662152977778
-1.91192661489613
-1.58007900177244
-1.09356224689747
-0.500000000000021
0.142505730602271
0.771062007397514
1.32414136260367
1.74760453540283
1.99999999999999
2.05662152977778
1.91192661489612
1.58007900177241
1.09356224689749
0.499999999999985
-0.142505730602308
-0.771062007397439
-1.3241413626037
-1.74760453540285
-2
-2.05662152977778
-1.91192661489613
-1.58007900177243
-1.09356224689751
-0.49999999999995
0.142505730602344
0.771062007397473
1.32414136260364
1.74760453540287
2.00000000000001
2.05662152977778
1.91192661489614
1.58007900177241
1.09356224689747
0.500000000000028
-0.14250573060238
-0.771062007397506
-1.32414136260367
-1.74760453540283
-2
-2.05662152977778
-1.91192661489614
-1.58007900177246
-1.09356224689744
-0.499999999999993
0.1425057306023
0.77106200739754
1.32414136260369
1.74760453540285
2
2.05662152977778
1.91192661489613
1.58007900177243
1.09356224689751
0.499999999999958
-0.142505730602336
-0.771062007397465
-1.32414136260368
-1.74760453540283
-1.99999999999999
-2.05662152977778
-1.91192661489612
-1.58007900177241
-1.09356224689748
-0.500000000000036
0.142505730602372
0.771062007397499
1.32414136260366
1.74760453540285
2
2.05662152977778
1.91192661489615
1.58007900177239
1.09356224689745
0.500000000000001
-0.142505730602291
-0.771062007397478
-1.32414136260364
-1.74760453540281
-2.00000000000001
-2.05662152977778
-1.91192661489613
-1.58007900177244
-1.09356224689742
-0.499999999999966
0.142505730602328
0.771062007397458
1.32414136260367
1.74760453540283
1.99999999999999
2.05662152977778
1.91192661489612
1.58007900177242
1.09356224689749
0.499999999999987
-0.142505730602306
-0.771062007397437
-1.32414136260361
-1.74760453540285
-2
-2.05662152977778
-1.91192661489611
-1.58007900177239
-1.09356224689746
-0.500000000000009
0.142505730602342
0.771062007397471
1.32414136260364
1.74760453540281
2.00000000000001
2.05662152977778
1.91192661489614
1.58007900177241
1.09356224689748
0.50000000000003
-0.142505730602261
-0.771062007397505
-1.32414136260367
-1.74760453540282
-1.99999999999999
-2.05662152977778
-1.91192661489612
-1.58007900177242
-1.09356224689745
-0.499999999999938
0.142505730602356
0.771062007397484
1.32414136260365
1.74760453540281
1.99999999999998
2.05662152977779
1.91192661489613
1.58007900177244
1.09356224689751
0.49999999999996
-0.142505730602334
-0.771062007397463
-1.32414136260363
-1.74760453540286
-2.00000000000001
-2.05662152977778
-1.9119266148961
-1.58007900177237
-1.09356224689743
-0.499999999999981
0.142505730602312
0.771062007397443
1.32414136260361
1.74760453540279
2
2.05662152977778
1.91192661489615
1.58007900177239
1.09356224689745
0.500000000000003
-0.142505730602289
-0.771062007397531
-1.32414136260369
-1.74760453540284
-2
-2.05662152977778
-1.91192661489611
-1.5800790017724
-1.09356224689747
-0.500000000000025
0.142505730602267
0.771062007397401
1.32414136260367
1.74760453540283
1.99999999999999
2.05662152977779
1.91192661489612
1.58007900177242
1.09356224689749
0.499999999999932
-0.142505730602362
-0.77106200739749
-1.32414136260365
-1.74760453540288
-2.00000000000001
-2.05662152977778
-1.91192661489613
-1.58007900177243
-1.09356224689751
-0.500000000000068
0.14250573060234
0.771062007397469
1.32414136260364
1.7476045354028
2.00000000000001
2.05662152977778
1.91192661489614
1.58007900177245
1.09356224689743
0.499999999999975
-0.142505730602318
-0.771062007397557
-1.32414136260371
-1.74760453540285
-2
-2.05662152977778
-1.91192661489615
-1.58007900177246
-1.09356224689755
-0.499999999999997
0.142505730602296
0.771062007397428
1.32414136260369
1.74760453540284
2
2.05662152977778
1.91192661489611
1.5800790017724
1.09356224689747
0.500000000000019
-0.14250573060239
-0.771062007397516
-1.32414136260367
-1.74760453540283
-1.99999999999999
-2.05662152977778
-1.91192661489616
-1.58007900177241
-1.09356224689749
-0.50000000000004
0.142505730602251
0.771062007397495
1.32414136260366
1.74760453540282
2.00000000000002
2.05662152977778
1.91192661489613
1.58007900177243
1.0935622468974
0.499999999999948
-0.142505730602346
-0.771062007397475
-1.32414136260364
-1.74760453540281
-1.99999999999998
-2.05662152977778
-1.91192661489613
-1.58007900177244
-1.09356224689752
-0.49999999999997
0.142505730602324
0.771062007397454
1.32414136260362
1.74760453540286
2
2.05662152977778
1.9119266148961
1.58007900177238
1.09356224689744
0.499999999999991
-0.142505730602302
-0.771062007397433
-1.32414136260361
-1.74760453540278
-2
-2.05662152977778
-1.91192661489615
-1.5800790017724
-1.09356224689746
-0.500000000000013
0.142505730602279
0.771062007397521
1.32414136260368
1.74760453540283
1.99999999999999
2.05662152977778
1.91192661489612
1.58007900177241
1.09356224689748
0.500000000000034
-0.142505730602257
-0.771062007397392
-1.32414136260366
-1.74760453540282
-1.99999999999999
-2.05662152977778
-1.91192661489612
-1.58007900177242
-1.0935622468975
-0.499999999999942
0.142505730602352
0.77106200739748
1.32414136260364
1.74760453540287
2.00000000000001
2.05662152977778
1.91192661489609
1.58007900177236
1.09356224689742
0.499999999999964
-0.14250573060233
-0.77106200739746
-1.32414136260363
-1.7476045354028
-2.00000000000001
-2.05662152977778
-1.91192661489614
-1.58007900177238
-1.09356224689744
-0.499999999999985
0.142505730602308
0.771062007397548
1.3241413626037
1.74760453540285
2
2.05662152977777
1.91192661489611
1.58007900177239
1.09356224689746
0.500000000000007
-0.142505730602285
-0.771062007397418
-1.32414136260368
-1.74760453540284
-2
-2.05662152977778
-1.91192661489611
-1.58007900177241
-1.09356224689747
-0.499999999999915
0.14250573060238
0.771062007397506
1.32414136260367
1.74760453540289
2.00000000000002
2.05662152977778
1.91192661489612
1.58007900177242
1.09356224689749
0.50000000000005
-0.142505730602358
-0.771062007397486
-1.32414136260365
-1.74760453540281
-2.00000000000001
-2.05662152977778
-1.91192661489613
-1.58007900177243
-1.09356224689741
-0.499999999999958
0.142505730602336
0.771062007397574
1.32414136260372
1.74760453540286
2.00000000000001
2.05662152977778
1.91192661489614
1.58007900177245
1.09356224689753
0.499999999999979
-0.142505730602314
-0.771062007397445
-1.32414136260371
-1.74760453540285
-2
-2.05662152977778
-1.9119266148961
-1.58007900177239
-1.09356224689745
-0.500000000000001
0.142505730602408
0.771062007397533
1.32414136260369
1.74760453540284
2
2.05662152977778
1.91192661489616
1.5800790017724
1.09356224689747
0.500000000000023
-0.142505730602269
-0.771062007397512
-1.32414136260367
-1.74760453540283
-2.00000000000002
-2.05662152977778
-1.91192661489612
-1.58007900177242
-1.09356224689739
-0.49999999999993
0.142505730602364
0.771062007397491
1.32414136260365
1.74760453540282
1.99999999999999
2.05662152977778
1.91192661489613
1.58007900177243
1.09356224689751
0.499999999999952
-0.142505730602342
-0.771062007397471
-1.32414136260373
-1.74760453540287
-2.00000000000001
-2.05662152977778
-1.91192661489609
-1.58007900177237
-1.09356224689743
-0.499999999999974
0.14250573060232
0.77106200739745
1.32414136260362
1.74760453540286
2
2.05662152977778
1.91192661489614
1.58007900177238
1.09356224689745
0.499999999999995
-0.142505730602297
-0.771062007397538
-1.32414136260369
-1.74760453540284
-2.00000000000003
-2.05662152977777
-1.91192661489611
-1.5800790017724
-1.09356224689746
-0.500000000000017
0.142505730602275
0.771062007397409
1.32414136260368
1.74760453540283
1.99999999999999
2.05662152977778
1.91192661489612
1.58007900177241
1.09356224689748
0.499999999999925
-0.14250573060237
-0.771062007397497
-1.32414136260366
-1.74760453540288
-2.00000000000002
-2.05662152977778
-1.91192661489613
-1.58007900177243
-1.0935622468975
-0.50000000000006
0.142505730602348
0.771062007397477
1.32414136260364
1.74760453540281
2.00000000000001
2.05662152977778
1.91192661489613
1.58007900177237
1.09356224689742
0.499999999999968
-0.142505730602326
-0.771062007397565
-1.32414136260371
-1.74760453540286
-2.00000000000001
-2.05662152977778
-1.91192661489614
-1.58007900177246
-1.09356224689744
-0.499999999999989
0.142505730602304
0.771062007397435
1.3241413626037
1.74760453540285
2
2.05662152977778
1.91192661489611
1.58007900177239
1.09356224689746
0.499999999999897
-0.142505730602398
-0.771062007397523
-1.32414136260368
-1.74760453540284
-1.99999999999999
-2.05662152977778
-1.91192661489616
-1.58007900177241
-1.09356224689748
-0.500000000000032
0.142505730602376
0.771062007397503
1.32414136260366
1.74760453540282
2.00000000000002
2.05662152977778
1.91192661489612
1.58007900177242
1.0935622468974
0.49999999999994
-0.142505730602354
-0.771062007397482
-1.32414136260365
-1.74760453540281
-1.99999999999998
-2.05662152977778
-1.91192661489613
-1.58007900177244
-1.09356224689752
-0.499999999999962
0.142505730602332
0.771062007397462
1.32414136260372
1.74760453540286
2.00000000000001
